Table_Name,State_Code,District_Code,Area_Name,Total_Rural_Urban,Age_Group,Total_Disabled_Persons,Total_Disabled_Males,Total_Disabled_Females,Seeing_P,Seeing_M,Seeing_F,Hearing_P,Hearing_M,Hearing_F,Speech_P,Speech_M,Speech_F,Movement_P,Movement_M,Movement_F,Mental_Retardation_P,Mental_Retardation_M,Mental_Retardation_F,Mental_Illness_P,Mental_Illness_M,Mental_Illness_F,Other_Disability_P,Other_Disability_M,Other_Disability_F,Multiple_Disability_P,Multiple_Disability_M,Multiple_Disability_F
C5020SC,32,0,State-KERALA,Total,Total,77033,39421,37612,12030,5371,6659,11334,4958,6376,4729,2601,2128,18102,10843,7259,5137,2702,2435,6201,2849,3352,10501,5475,5026,8999,4622,4377
C5020SC,32,0,State-KERALA,Total,0-4,1485,811,674,133,60,73,305,151,154,57,35,22,227,147,80,74,40,34,6,3,3,509,285,224,174,90,84
C5020SC,32,0,State-KERALA,Total,5-9,2677,1452,1225,290,152,138,391,207,184,366,199,167,346,210,136,316,187,129,12,6,6,460,243,217,496,248,248
C5020SC,32,0,State-KERALA,Total,10-19,7516,4255,3261,853,449,404,1070,567,503,809,474,335,962,583,379,1290,744,546,142,85,57,1122,623,499,1268,730,538
C5020SC,32,0,State-KERALA,Total,20-29,9656,5295,4361,803,453,350,1293,636,657,806,442,364,1976,1187,789,1294,703,591,732,402,330,1465,773,692,1287,699,588
C5020SC,32,0,State-KERALA,Total,30-39,11116,5853,5263,1000,491,509,1450,655,795,796,392,404,2844,1716,1128,992,491,501,1339,702,637,1544,797,747,1151,609,542
C5020SC,32,0,State-KERALA,Total,40-49,11993,6457,5536,1707,836,871,1534,689,845,703,381,322,3123,1997,1126,605,295,310,1592,769,823,1730,910,820,999,580,419
C5020SC,32,0,State-KERALA,Total,50-59,11087,5925,5162,1933,910,1023,1431,594,837,544,330,214,3346,2110,1236,292,131,161,1155,518,637,1526,821,705,860,511,349
C5020SC,32,0,State-KERALA,Total,60-69,10100,4878,5222,2388,954,1434,1522,606,916,366,203,163,2869,1725,1144,168,76,92,724,243,481,1169,611,558,894,460,434
C5020SC,32,0,State-KERALA,Total,70-79,6987,2891,4096,1848,695,1153,1349,494,855,201,100,101,1611,837,774,68,28,40,344,90,254,663,290,373,903,357,546
C5020SC,32,0,State-KERALA,Total,80-89,3522,1311,2211,881,315,566,801,294,507,64,38,26,664,283,381,26,4,22,125,22,103,249,98,151,712,257,455
C5020SC,32,0,State-KERALA,Total,90+,820,255,565,186,53,133,181,61,120,10,2,8,120,37,83,6,2,4,21,5,16,49,17,32,247,78,169
C5020SC,32,0,State-KERALA,Total,Age Not Stated,74,38,36,8,3,5,7,4,3,7,5,2,14,11,3,6,1,5,9,4,5,15,7,8,8,3,5
C5020SC,32,0,State-KERALA,Rural,Total,46320,23769,22551,7394,3293,4101,6920,3009,3911,2781,1525,1256,10837,6576,4261,2969,1575,1394,3718,1690,2028,6352,3333,3019,5349,2768,2581
C5020SC,32,0,State-KERALA,Rural,0-4,899,490,409,96,46,50,180,85,95,32,18,14,146,103,43,48,25,23,3,1,2,293,167,126,101,45,56
C5020SC,32,0,State-KERALA,Rural,5-9,1612,882,730,190,99,91,246,123,123,215,116,99,215,141,74,185,109,76,5,3,2,279,152,127,277,139,138
C5020SC,32,0,State-KERALA,Rural,10-19,4629,2615,2014,507,257,250,656,350,306,525,312,213,625,370,255,768,456,312,83,46,37,695,380,315,770,444,326
C5020SC,32,0,State-KERALA,Rural,20-29,5919,3230,2689,479,259,220,813,391,422,492,274,218,1253,766,487,761,399,362,443,248,195,919,489,430,759,404,355
C5020SC,32,0,State-KERALA,Rural,30-39,6598,3462,3136,611,293,318,824,360,464,446,227,219,1715,1025,690,570,287,283,807,415,392,946,493,453,679,362,317
C5020SC,32,0,State-KERALA,Rural,40-49,7126,3855,3271,1058,526,532,935,420,515,375,190,185,1873,1221,652,345,167,178,942,454,488,1021,542,479,577,335,242
C5020SC,32,0,State-KERALA,Rural,50-59,6480,3480,3000,1153,551,602,857,363,494,306,180,126,1903,1206,697,139,69,70,696,308,388,912,493,419,514,310,204
C5020SC,32,0,State-KERALA,Rural,60-69,6090,2930,3160,1487,593,894,949,382,567,216,122,94,1702,1026,676,95,44,51,431,140,291,699,363,336,511,260,251
C5020SC,32,0,State-KERALA,Rural,70-79,4268,1809,2459,1147,438,709,835,301,534,127,58,69,940,511,429,37,15,22,216,60,156,404,180,224,562,246,316
C5020SC,32,0,State-KERALA,Rural,80-89,2114,825,1289,533,190,343,499,192,307,33,23,10,383,179,204,15,3,12,75,12,63,147,59,88,429,167,262
C5020SC,32,0,State-KERALA,Rural,90+,543,169,374,130,39,91,123,41,82,9,2,7,74,21,53,2,1,1,11,0,11,30,11,19,164,54,110
C5020SC,32,0,State-KERALA,Rural,Age Not Stated,42,22,20,3,2,1,3,1,2,5,3,2,8,7,1,4,0,4,6,3,3,7,4,3,6,2,4
C5020SC,32,0,State-KERALA,Urban,Total,30713,15652,15061,4636,2078,2558,4414,1949,2465,1948,1076,872,7265,4267,2998,2168,1127,1041,2483,1159,1324,4149,2142,2007,3650,1854,1796
C5020SC,32,0,State-KERALA,Urban,0-4,586,321,265,37,14,23,125,66,59,25,17,8,81,44,37,26,15,11,3,2,1,216,118,98,73,45,28
C5020SC,32,0,State-KERALA,Urban,5-9,1065,570,495,100,53,47,145,84,61,151,83,68,131,69,62,131,78,53,7,3,4,181,91,90,219,109,110
C5020SC,32,0,State-KERALA,Urban,10-19,2887,1640,1247,346,192,154,414,217,197,284,162,122,337,213,124,522,288,234,59,39,20,427,243,184,498,286,212
C5020SC,32,0,State-KERALA,Urban,20-29,3737,2065,1672,324,194,130,480,245,235,314,168,146,723,421,302,533,304,229,289,154,135,546,284,262,528,295,233
C5020SC,32,0,State-KERALA,Urban,30-39,4518,2391,2127,389,198,191,626,295,331,350,165,185,1129,691,438,422,204,218,532,287,245,598,304,294,472,247,225
C5020SC,32,0,State-KERALA,Urban,40-49,4867,2602,2265,649,310,339,599,269,330,328,191,137,1250,776,474,260,128,132,650,315,335,709,368,341,422,245,177
C5020SC,32,0,State-KERALA,Urban,50-59,4607,2445,2162,780,359,421,574,231,343,238,150,88,1443,904,539,153,62,91,459,210,249,614,328,286,346,201,145
C5020SC,32,0,State-KERALA,Urban,60-69,4010,1948,2062,901,361,540,573,224,349,150,81,69,1167,699,468,73,32,41,293,103,190,470,248,222,383,200,183
C5020SC,32,0,State-KERALA,Urban,70-79,2719,1082,1637,701,257,444,514,193,321,74,42,32,671,326,345,31,13,18,128,30,98,259,110,149,341,111,230
C5020SC,32,0,State-KERALA,Urban,80-89,1408,486,922,348,125,223,302,102,200,31,15,16,281,104,177,11,1,10,50,10,40,102,39,63,283,90,193
C5020SC,32,0,State-KERALA,Urban,90+,277,86,191,56,14,42,58,20,38,1,0,1,46,16,30,4,1,3,10,5,5,19,6,13,83,24,59
C5020SC,32,0,State-KERALA,Urban,Age Not Stated,32,16,16,5,1,4,4,3,1,2,2,0,6,4,2,2,1,1,3,1,2,8,3,5,2,1,1
C5020SC,32,588,District-Kasaragod,Total,Total,1424,803,621,226,99,127,229,131,98,107,66,41,329,203,126,84,44,40,97,58,39,195,122,73,157,80,77
C5020SC,32,588,District-Kasaragod,Total,0-4,45,29,16,3,2,1,11,5,6,0,0,0,6,5,1,2,2,0,0,0,0,18,12,6,5,3,2
C5020SC,32,588,District-Kasaragod,Total,5-9,76,51,25,6,4,2,12,8,4,12,9,3,13,8,5,4,2,2,1,1,0,17,13,4,11,6,5
C5020SC,32,588,District-Kasaragod,Total,10-19,185,117,68,27,14,13,30,22,8,15,12,3,20,12,8,26,16,10,8,7,1,42,27,15,17,7,10
C5020SC,32,588,District-Kasaragod,Total,20-29,257,142,115,27,16,11,29,17,12,25,13,12,53,35,18,25,9,16,26,18,8,36,17,19,36,17,19
C5020SC,32,588,District-Kasaragod,Total,30-39,214,119,95,19,7,12,32,21,11,22,13,9,57,26,31,14,9,5,26,13,13,24,17,7,20,13,7
C5020SC,32,588,District-Kasaragod,Total,40-49,196,114,82,32,16,16,38,20,18,14,8,6,47,28,19,7,4,3,14,9,5,24,15,9,20,14,6
C5020SC,32,588,District-Kasaragod,Total,50-59,173,93,80,32,12,20,34,16,18,10,6,4,55,37,18,3,1,2,14,6,8,15,11,4,10,4,6
C5020SC,32,588,District-Kasaragod,Total,60-69,128,70,58,34,14,20,17,7,10,6,2,4,42,33,9,2,0,2,5,2,3,10,5,5,12,7,5
C5020SC,32,588,District-Kasaragod,Total,70-79,93,46,47,31,10,21,17,10,7,2,2,0,23,15,8,0,0,0,1,1,0,6,4,2,13,4,9
C5020SC,32,588,District-Kasaragod,Total,80-89,44,16,28,11,3,8,7,4,3,1,1,0,12,3,9,0,0,0,0,0,0,3,1,2,10,4,6
C5020SC,32,588,District-Kasaragod,Total,90+,12,5,7,4,1,3,2,1,1,0,0,0,0,0,0,1,1,0,2,1,1,0,0,0,3,1,2
C5020SC,32,588,District-Kasaragod,Total,Age Not Stated,1,1,0,0,0,0,0,0,0,0,0,0,1,1,0,0,0,0,0,0,0,0,0,0,0,0,0
C5020SC,32,588,District-Kasaragod,Rural,Total,957,556,401,145,68,77,161,96,65,60,36,24,219,148,71,46,23,23,63,35,28,153,94,59,110,56,54
C5020SC,32,588,District-Kasaragod,Rural,0-4,33,19,14,2,1,1,9,3,6,0,0,0,6,5,1,0,0,0,0,0,0,14,9,5,2,1,1
C5020SC,32,588,District-Kasaragod,Rural,5-9,56,36,20,5,3,2,10,7,3,8,6,2,10,6,4,3,2,1,1,1,0,13,9,4,6,2,4
C5020SC,32,588,District-Kasaragod,Rural,10-19,124,78,46,19,10,9,21,15,6,8,5,3,13,9,4,15,9,6,5,4,1,29,20,9,14,6,8
C5020SC,32,588,District-Kasaragod,Rural,20-29,181,105,76,18,13,5,22,12,10,15,8,7,38,27,11,12,3,9,20,14,6,28,12,16,28,16,12
C5020SC,32,588,District-Kasaragod,Rural,30-39,141,78,63,14,4,10,18,12,6,16,10,6,36,19,17,10,5,5,13,5,8,21,15,6,13,8,5
C5020SC,32,588,District-Kasaragod,Rural,40-49,132,80,52,22,11,11,29,19,10,6,4,2,29,20,9,3,2,1,9,4,5,20,11,9,14,9,5
C5020SC,32,588,District-Kasaragod,Rural,50-59,120,63,57,20,8,12,24,11,13,5,2,3,38,25,13,1,1,0,10,4,6,13,9,4,9,3,6
C5020SC,32,588,District-Kasaragod,Rural,60-69,75,50,25,18,9,9,8,3,5,1,0,1,30,28,2,1,0,1,3,2,1,6,4,2,8,4,4
C5020SC,32,588,District-Kasaragod,Rural,70-79,63,31,32,19,6,13,15,9,6,1,1,0,13,7,6,0,0,0,1,1,0,6,4,2,8,3,5
C5020SC,32,588,District-Kasaragod,Rural,80-89,25,12,13,6,2,4,4,4,0,0,0,0,6,2,4,0,0,0,0,0,0,3,1,2,6,3,3
C5020SC,32,588,District-Kasaragod,Rural,90+,7,4,3,2,1,1,1,1,0,0,0,0,0,0,0,1,1,0,1,0,1,0,0,0,2,1,1
C5020SC,32,588,District-Kasaragod,Rural,Age Not Stated,0,0,0,0,0,0,0,0,0,0,0,0,0,0,0,0,0,0,0,0,0,0,0,0,0,0,0
C5020SC,32,588,District-Kasaragod,Urban,Total,467,247,220,81,31,50,68,35,33,47,30,17,110,55,55,38,21,17,34,23,11,42,28,14,47,24,23
C5020SC,32,588,District-Kasaragod,Urban,0-4,12,10,2,1,1,0,2,2,0,0,0,0,0,0,0,2,2,0,0,0,0,4,3,1,3,2,1
C5020SC,32,588,District-Kasaragod,Urban,5-9,20,15,5,1,1,0,2,1,1,4,3,1,3,2,1,1,0,1,0,0,0,4,4,0,5,4,1
C5020SC,32,588,District-Kasaragod,Urban,10-19,61,39,22,8,4,4,9,7,2,7,7,0,7,3,4,11,7,4,3,3,0,13,7,6,3,1,2
C5020SC,32,588,District-Kasaragod,Urban,20-29,76,37,39,9,3,6,7,5,2,10,5,5,15,8,7,13,6,7,6,4,2,8,5,3,8,1,7
C5020SC,32,588,District-Kasaragod,Urban,30-39,73,41,32,5,3,2,14,9,5,6,3,3,21,7,14,4,4,0,13,8,5,3,2,1,7,5,2
C5020SC,32,588,District-Kasaragod,Urban,40-49,64,34,30,10,5,5,9,1,8,8,4,4,18,8,10,4,2,2,5,5,0,4,4,0,6,5,1
C5020SC,32,588,District-Kasaragod,Urban,50-59,53,30,23,12,4,8,10,5,5,5,4,1,17,12,5,2,0,2,4,2,2,2,2,0,1,1,0
C5020SC,32,588,District-Kasaragod,Urban,60-69,53,20,33,16,5,11,9,4,5,5,2,3,12,5,7,1,0,1,2,0,2,4,1,3,4,3,1
C5020SC,32,588,District-Kasaragod,Urban,70-79,30,15,15,12,4,8,2,1,1,1,1,0,10,8,2,0,0,0,0,0,0,0,0,0,5,1,4
C5020SC,32,588,District-Kasaragod,Urban,80-89,19,4,15,5,1,4,3,0,3,1,1,0,6,1,5,0,0,0,0,0,0,0,0,0,4,1,3
C5020SC,32,588,District-Kasaragod,Urban,90+,5,1,4,2,0,2,1,0,1,0,0,0,0,0,0,0,0,0,1,1,0,0,0,0,1,0,1
C5020SC,32,588,District-Kasaragod,Urban,Age Not Stated,1,1,0,0,0,0,0,0,0,0,0,0,1,1,0,0,0,0,0,0,0,0,0,0,0,0,0
C5020SC,32,589,District-Kannur,Total,Total,1998,980,1018,336,156,180,324,148,176,134,65,69,453,260,193,136,72,64,125,51,74,270,131,139,220,97,123
C5020SC,32,589,District-Kannur,Total,0-4,62,35,27,7,1,6,10,7,3,1,0,1,10,8,2,2,2,0,0,0,0,21,13,8,11,4,7
C5020SC,32,589,District-Kannur,Total,5-9,81,37,44,7,5,2,8,5,3,13,4,9,15,5,10,5,3,2,0,0,0,24,11,13,9,4,5
C5020SC,32,589,District-Kannur,Total,10-19,200,106,94,26,17,9,30,16,14,20,8,12,25,14,11,39,18,21,2,1,1,33,18,15,25,14,11
C5020SC,32,589,District-Kannur,Total,20-29,249,132,117,18,14,4,47,23,24,26,18,8,49,24,25,27,15,12,12,4,8,38,17,21,32,17,15
C5020SC,32,589,District-Kannur,Total,30-39,283,139,144,27,10,17,36,18,18,21,5,16,68,42,26,29,16,13,29,12,17,45,25,20,28,11,17
C5020SC,32,589,District-Kannur,Total,40-49,287,148,139,48,21,27,44,18,26,20,13,7,64,39,25,20,12,8,34,19,15,29,12,17,28,14,14
C5020SC,32,589,District-Kannur,Total,50-59,288,153,135,58,31,27,40,19,21,16,10,6,96,59,37,6,3,3,21,10,11,30,13,17,21,8,13
C5020SC,32,589,District-Kannur,Total,60-69,243,133,110,61,31,30,41,26,15,8,4,4,66,43,23,6,1,5,14,2,12,25,16,9,22,10,12
C5020SC,32,589,District-Kannur,Total,70-79,179,60,119,49,14,35,41,11,30,7,3,4,39,18,21,1,1,0,7,1,6,16,6,10,19,6,13
C5020SC,32,589,District-Kannur,Total,80-89,104,31,73,32,11,21,22,5,17,1,0,1,21,8,13,0,0,0,4,1,3,4,0,4,20,6,14
C5020SC,32,589,District-Kannur,Total,90+,19,6,13,3,1,2,5,0,5,1,0,1,0,0,0,1,1,0,2,1,1,2,0,2,5,3,2
C5020SC,32,589,District-Kannur,Total,Age Not Stated,3,0,3,0,0,0,0,0,0,0,0,0,0,0,0,0,0,0,0,0,0,3,0,3,0,0,0
C5020SC,32,589,District-Kannur,Rural,Total,609,302,307,85,32,53,102,47,55,47,22,25,153,96,57,44,22,22,37,11,26,82,48,34,59,24,35
C5020SC,32,589,District-Kannur,Rural,0-4,22,9,13,5,1,4,4,2,2,1,0,1,4,3,1,0,0,0,0,0,0,3,3,0,5,0,5
C5020SC,32,589,District-Kannur,Rural,5-9,27,14,13,3,2,1,3,3,0,5,2,3,9,3,6,2,1,1,0,0,0,4,3,1,1,0,1
C5020SC,32,589,District-Kannur,Rural,10-19,79,38,41,9,3,6,7,3,4,14,6,8,13,8,5,14,6,8,0,0,0,16,9,7,6,3,3
C5020SC,32,589,District-Kannur,Rural,20-29,72,37,35,3,1,2,13,4,9,3,2,1,17,11,6,7,4,3,6,2,4,15,9,6,8,4,4
C5020SC,32,589,District-Kannur,Rural,30-39,98,39,59,11,2,9,10,3,7,12,3,9,24,14,10,11,7,4,8,2,6,14,6,8,8,2,6
C5020SC,32,589,District-Kannur,Rural,40-49,89,51,38,15,9,6,20,10,10,6,5,1,21,13,8,6,3,3,7,3,4,8,3,5,6,5,1
C5020SC,32,589,District-Kannur,Rural,50-59,65,45,20,6,4,2,12,8,4,2,2,0,24,17,7,1,1,0,8,4,4,7,6,1,5,3,2
C5020SC,32,589,District-Kannur,Rural,60-69,71,36,35,12,4,8,13,9,4,2,1,1,21,14,7,3,0,3,6,0,6,9,7,2,5,1,4
C5020SC,32,589,District-Kannur,Rural,70-79,45,19,26,8,0,8,11,2,9,2,1,1,14,10,4,0,0,0,1,0,1,3,2,1,6,4,2
C5020SC,32,589,District-Kannur,Rural,80-89,34,11,23,11,5,6,8,3,5,0,0,0,6,3,3,0,0,0,1,0,1,2,0,2,6,0,6
C5020SC,32,589,District-Kannur,Rural,90+,6,3,3,2,1,1,1,0,1,0,0,0,0,0,0,0,0,0,0,0,0,0,0,0,3,2,1
C5020SC,32,589,District-Kannur,Rural,Age Not Stated,1,0,1,0,0,0,0,0,0,0,0,0,0,0,0,0,0,0,0,0,0,1,0,1,0,0,0
C5020SC,32,589,District-Kannur,Urban,Total,1389,678,711,251,124,127,222,101,121,87,43,44,300,164,136,92,50,42,88,40,48,188,83,105,161,73,88
C5020SC,32,589,District-Kannur,Urban,0-4,40,26,14,2,0,2,6,5,1,0,0,0,6,5,1,2,2,0,0,0,0,18,10,8,6,4,2
C5020SC,32,589,District-Kannur,Urban,5-9,54,23,31,4,3,1,5,2,3,8,2,6,6,2,4,3,2,1,0,0,0,20,8,12,8,4,4
C5020SC,32,589,District-Kannur,Urban,10-19,121,68,53,17,14,3,23,13,10,6,2,4,12,6,6,25,12,13,2,1,1,17,9,8,19,11,8
C5020SC,32,589,District-Kannur,Urban,20-29,177,95,82,15,13,2,34,19,15,23,16,7,32,13,19,20,11,9,6,2,4,23,8,15,24,13,11
C5020SC,32,589,District-Kannur,Urban,30-39,185,100,85,16,8,8,26,15,11,9,2,7,44,28,16,18,9,9,21,10,11,31,19,12,20,9,11
C5020SC,32,589,District-Kannur,Urban,40-49,198,97,101,33,12,21,24,8,16,14,8,6,43,26,17,14,9,5,27,16,11,21,9,12,22,9,13
C5020SC,32,589,District-Kannur,Urban,50-59,223,108,115,52,27,25,28,11,17,14,8,6,72,42,30,5,2,3,13,6,7,23,7,16,16,5,11
C5020SC,32,589,District-Kannur,Urban,60-69,172,97,75,49,27,22,28,17,11,6,3,3,45,29,16,3,1,2,8,2,6,16,9,7,17,9,8
C5020SC,32,589,District-Kannur,Urban,70-79,134,41,93,41,14,27,30,9,21,5,2,3,25,8,17,1,1,0,6,1,5,13,4,9,13,2,11
C5020SC,32,589,District-Kannur,Urban,80-89,70,20,50,21,6,15,14,2,12,1,0,1,15,5,10,0,0,0,3,1,2,2,0,2,14,6,8
C5020SC,32,589,District-Kannur,Urban,90+,13,3,10,1,0,1,4,0,4,1,0,1,0,0,0,1,1,0,2,1,1,2,0,2,2,1,1
C5020SC,32,589,District-Kannur,Urban,Age Not Stated,2,0,2,0,0,0,0,0,0,0,0,0,0,0,0,0,0,0,0,0,0,2,0,2,0,0,0
C5020SC,32,590,District-Wayanad,Total,Total,959,532,427,213,113,100,174,74,100,53,33,20,192,121,71,67,42,25,51,25,26,119,71,48,90,53,37
C5020SC,32,590,District-Wayanad,Total,0-4,20,11,9,2,2,0,2,0,2,0,0,0,1,0,1,4,2,2,0,0,0,9,5,4,2,2,0
C5020SC,32,590,District-Wayanad,Total,5-9,29,18,11,6,5,1,5,3,2,3,2,1,1,0,1,2,2,0,0,0,0,5,2,3,7,4,3
C5020SC,32,590,District-Wayanad,Total,10-19,123,72,51,18,9,9,26,12,14,12,9,3,10,4,6,21,16,5,2,1,1,23,13,10,11,8,3
C5020SC,32,590,District-Wayanad,Total,20-29,112,65,47,16,9,7,22,12,10,11,7,4,15,9,6,18,12,6,1,1,0,17,8,9,12,7,5
C5020SC,32,590,District-Wayanad,Total,30-39,133,73,60,19,10,9,20,10,10,8,4,4,36,24,12,14,7,7,11,5,6,15,8,7,10,5,5
C5020SC,32,590,District-Wayanad,Total,40-49,153,92,61,41,24,17,22,11,11,7,4,3,40,27,13,5,3,2,18,9,9,16,11,5,4,3,1
C5020SC,32,590,District-Wayanad,Total,50-59,137,82,55,34,20,14,29,12,17,3,3,0,33,24,9,1,0,1,8,5,3,19,13,6,10,5,5
C5020SC,32,590,District-Wayanad,Total,60-69,136,72,64,42,17,25,23,10,13,7,3,4,34,23,11,0,0,0,8,4,4,11,9,2,11,6,5
C5020SC,32,590,District-Wayanad,Total,70-79,78,33,45,25,13,12,14,1,13,1,0,1,19,9,10,1,0,1,2,0,2,4,2,2,12,8,4
C5020SC,32,590,District-Wayanad,Total,80-89,33,12,21,10,4,6,8,2,6,1,1,0,3,1,2,1,0,1,1,0,1,0,0,0,9,4,5
C5020SC,32,590,District-Wayanad,Total,90+,4,1,3,0,0,0,2,0,2,0,0,0,0,0,0,0,0,0,0,0,0,0,0,0,2,1,1
C5020SC,32,590,District-Wayanad,Total,Age Not Stated,1,1,0,0,0,0,1,1,0,0,0,0,0,0,0,0,0,0,0,0,0,0,0,0,0,0,0
C5020SC,32,590,District-Wayanad,Rural,Total,893,493,400,195,103,92,166,69,97,48,29,19,172,108,64,66,42,24,48,23,25,113,67,46,85,52,33
C5020SC,32,590,District-Wayanad,Rural,0-4,20,11,9,2,2,0,2,0,2,0,0,0,1,0,1,4,2,2,0,0,0,9,5,4,2,2,0
C5020SC,32,590,District-Wayanad,Rural,5-9,29,18,11,6,5,1,5,3,2,3,2,1,1,0,1,2,2,0,0,0,0,5,2,3,7,4,3
C5020SC,32,590,District-Wayanad,Rural,10-19,112,66,46,14,7,7,23,10,13,10,7,3,9,4,5,20,16,4,2,1,1,23,13,10,11,8,3
C5020SC,32,590,District-Wayanad,Rural,20-29,104,61,43,14,7,7,21,11,10,10,6,4,15,9,6,18,12,6,1,1,0,15,8,7,10,7,3
C5020SC,32,590,District-Wayanad,Rural,30-39,121,68,53,18,9,9,18,10,8,8,4,4,29,20,9,14,7,7,10,5,5,15,8,7,9,5,4
C5020SC,32,590,District-Wayanad,Rural,40-49,146,87,59,39,23,16,21,10,11,6,4,2,40,27,13,5,3,2,16,7,9,15,10,5,4,3,1
C5020SC,32,590,District-Wayanad,Rural,50-59,127,74,53,31,17,14,29,12,17,3,3,0,29,22,7,1,0,1,8,5,3,16,10,6,10,5,5
C5020SC,32,590,District-Wayanad,Rural,60-69,125,64,61,38,16,22,23,10,13,6,2,4,29,18,11,0,0,0,8,4,4,11,9,2,10,5,5
C5020SC,32,590,District-Wayanad,Rural,70-79,75,31,44,25,13,12,14,1,13,1,0,1,16,7,9,1,0,1,2,0,2,4,2,2,12,8,4
C5020SC,32,590,District-Wayanad,Rural,80-89,31,12,19,8,4,4,8,2,6,1,1,0,3,1,2,1,0,1,1,0,1,0,0,0,9,4,5
C5020SC,32,590,District-Wayanad,Rural,90+,3,1,2,0,0,0,2,0,2,0,0,0,0,0,0,0,0,0,0,0,0,0,0,0,1,1,0
C5020SC,32,590,District-Wayanad,Rural,Age Not Stated,0,0,0,0,0,0,0,0,0,0,0,0,0,0,0,0,0,0,0,0,0,0,0,0,0,0,0
C5020SC,32,590,District-Wayanad,Urban,Total,66,39,27,18,10,8,8,5,3,5,4,1,20,13,7,1,0,1,3,2,1,6,4,2,5,1,4
C5020SC,32,590,District-Wayanad,Urban,0-4,0,0,0,0,0,0,0,0,0,0,0,0,0,0,0,0,0,0,0,0,0,0,0,0,0,0,0
C5020SC,32,590,District-Wayanad,Urban,5-9,0,0,0,0,0,0,0,0,0,0,0,0,0,0,0,0,0,0,0,0,0,0,0,0,0,0,0
C5020SC,32,590,District-Wayanad,Urban,10-19,11,6,5,4,2,2,3,2,1,2,2,0,1,0,1,1,0,1,0,0,0,0,0,0,0,0,0
C5020SC,32,590,District-Wayanad,Urban,20-29,8,4,4,2,2,0,1,1,0,1,1,0,0,0,0,0,0,0,0,0,0,2,0,2,2,0,2
C5020SC,32,590,District-Wayanad,Urban,30-39,12,5,7,1,1,0,2,0,2,0,0,0,7,4,3,0,0,0,1,0,1,0,0,0,1,0,1
C5020SC,32,590,District-Wayanad,Urban,40-49,7,5,2,2,1,1,1,1,0,1,0,1,0,0,0,0,0,0,2,2,0,1,1,0,0,0,0
C5020SC,32,590,District-Wayanad,Urban,50-59,10,8,2,3,3,0,0,0,0,0,0,0,4,2,2,0,0,0,0,0,0,3,3,0,0,0,0
C5020SC,32,590,District-Wayanad,Urban,60-69,11,8,3,4,1,3,0,0,0,1,1,0,5,5,0,0,0,0,0,0,0,0,0,0,1,1,0
C5020SC,32,590,District-Wayanad,Urban,70-79,3,2,1,0,0,0,0,0,0,0,0,0,3,2,1,0,0,0,0,0,0,0,0,0,0,0,0
C5020SC,32,590,District-Wayanad,Urban,80-89,2,0,2,2,0,2,0,0,0,0,0,0,0,0,0,0,0,0,0,0,0,0,0,0,0,0,0
C5020SC,32,590,District-Wayanad,Urban,90+,1,0,1,0,0,0,0,0,0,0,0,0,0,0,0,0,0,0,0,0,0,0,0,0,1,0,1
C5020SC,32,590,District-Wayanad,Urban,Age Not Stated,1,1,0,0,0,0,1,1,0,0,0,0,0,0,0,0,0,0,0,0,0,0,0,0,0,0,0
C5020SC,32,591,District-Kozhikode,Total,Total,6035,3107,2928,1170,507,663,871,400,471,390,226,164,1369,836,533,356,168,188,438,196,242,683,349,334,758,425,333
C5020SC,32,591,District-Kozhikode,Total,0-4,110,64,46,9,4,5,22,9,13,5,3,2,17,10,7,2,2,0,1,1,0,37,23,14,17,12,5
C5020SC,32,591,District-Kozhikode,Total,5-9,221,122,99,26,16,10,35,18,17,36,21,15,31,19,12,23,16,7,2,2,0,35,11,24,33,19,14
C5020SC,32,591,District-Kozhikode,Total,10-19,528,285,243,79,43,36,96,49,47,56,39,17,43,21,22,83,37,46,6,2,4,79,46,33,86,48,38
C5020SC,32,591,District-Kozhikode,Total,20-29,589,337,252,68,39,29,89,46,43,54,31,23,103,66,37,65,28,37,49,27,22,72,45,27,89,55,34
C5020SC,32,591,District-Kozhikode,Total,30-39,839,433,406,98,53,45,111,47,64,67,31,36,194,114,80,90,45,45,86,43,43,92,42,50,101,58,43
C5020SC,32,591,District-Kozhikode,Total,40-49,928,483,445,159,64,95,112,57,55,73,42,31,239,157,82,47,21,26,99,39,60,112,50,62,87,53,34
C5020SC,32,591,District-Kozhikode,Total,50-59,898,486,412,204,82,122,108,47,61,40,24,16,265,182,83,23,10,13,90,46,44,94,51,43,74,44,30
C5020SC,32,591,District-Kozhikode,Total,60-69,880,443,437,238,95,143,101,39,62,36,20,16,256,161,95,17,7,10,64,26,38,86,48,38,82,47,35
C5020SC,32,591,District-Kozhikode,Total,70-79,616,274,342,172,62,110,108,48,60,14,10,4,159,82,77,5,2,3,31,6,25,45,20,25,82,44,38
C5020SC,32,591,District-Kozhikode,Total,80-89,335,135,200,95,39,56,67,27,40,8,4,4,50,19,31,1,0,1,10,4,6,25,11,14,79,31,48
C5020SC,32,591,District-Kozhikode,Total,90+,82,40,42,20,9,11,21,12,9,0,0,0,11,4,7,0,0,0,0,0,0,3,2,1,27,13,14
C5020SC,32,591,District-Kozhikode,Total,Age Not Stated,9,5,4,2,1,1,1,1,0,1,1,0,1,1,0,0,0,0,0,0,0,3,0,3,1,1,0
C5020SC,32,591,District-Kozhikode,Rural,Total,2504,1286,1218,524,214,310,351,154,197,153,86,67,553,343,210,137,68,69,176,81,95,279,141,138,331,199,132
C5020SC,32,591,District-Kozhikode,Rural,0-4,33,18,15,2,1,1,6,0,6,2,2,0,4,3,1,1,1,0,1,1,0,11,6,5,6,4,2
C5020SC,32,591,District-Kozhikode,Rural,5-9,84,45,39,12,6,6,15,5,10,14,7,7,15,11,4,4,4,0,1,1,0,13,4,9,10,7,3
C5020SC,32,591,District-Kozhikode,Rural,10-19,208,110,98,26,10,16,34,21,13,24,16,8,18,7,11,36,15,21,4,1,3,30,18,12,36,22,14
C5020SC,32,591,District-Kozhikode,Rural,20-29,243,144,99,32,16,16,33,17,16,18,8,10,54,41,13,25,11,14,18,9,9,26,18,8,37,24,13
C5020SC,32,591,District-Kozhikode,Rural,30-39,360,174,186,51,22,29,46,15,31,22,9,13,83,49,34,39,19,20,34,16,18,37,17,20,48,27,21
C5020SC,32,591,District-Kozhikode,Rural,40-49,383,199,184,74,30,44,42,17,25,30,17,13,93,63,30,21,9,12,35,17,18,50,22,28,38,24,14
C5020SC,32,591,District-Kozhikode,Rural,50-59,368,196,172,89,34,55,44,20,24,18,11,7,99,63,36,5,4,1,40,20,20,41,22,19,32,22,10
C5020SC,32,591,District-Kozhikode,Rural,60-69,352,177,175,103,41,62,46,19,27,13,9,4,91,55,36,5,4,1,26,10,16,35,20,15,33,19,14
C5020SC,32,591,District-Kozhikode,Rural,70-79,275,130,145,76,29,47,44,21,23,9,6,3,70,38,32,1,1,0,13,4,9,19,6,13,43,25,18
C5020SC,32,591,District-Kozhikode,Rural,80-89,149,68,81,44,19,25,30,12,18,3,1,2,20,10,10,0,0,0,4,2,2,15,7,8,33,17,16
C5020SC,32,591,District-Kozhikode,Rural,90+,45,23,22,13,5,8,11,7,4,0,0,0,6,3,3,0,0,0,0,0,0,1,1,0,14,7,7
C5020SC,32,591,District-Kozhikode,Rural,Age Not Stated,4,2,2,2,1,1,0,0,0,0,0,0,0,0,0,0,0,0,0,0,0,1,0,1,1,1,0
C5020SC,32,591,District-Kozhikode,Urban,Total,3531,1821,1710,646,293,353,520,246,274,237,140,97,816,493,323,219,100,119,262,115,147,404,208,196,427,226,201
C5020SC,32,591,District-Kozhikode,Urban,0-4,77,46,31,7,3,4,16,9,7,3,1,2,13,7,6,1,1,0,0,0,0,26,17,9,11,8,3
C5020SC,32,591,District-Kozhikode,Urban,5-9,137,77,60,14,10,4,20,13,7,22,14,8,16,8,8,19,12,7,1,1,0,22,7,15,23,12,11
C5020SC,32,591,District-Kozhikode,Urban,10-19,320,175,145,53,33,20,62,28,34,32,23,9,25,14,11,47,22,25,2,1,1,49,28,21,50,26,24
C5020SC,32,591,District-Kozhikode,Urban,20-29,346,193,153,36,23,13,56,29,27,36,23,13,49,25,24,40,17,23,31,18,13,46,27,19,52,31,21
C5020SC,32,591,District-Kozhikode,Urban,30-39,479,259,220,47,31,16,65,32,33,45,22,23,111,65,46,51,26,25,52,27,25,55,25,30,53,31,22
C5020SC,32,591,District-Kozhikode,Urban,40-49,545,284,261,85,34,51,70,40,30,43,25,18,146,94,52,26,12,14,64,22,42,62,28,34,49,29,20
C5020SC,32,591,District-Kozhikode,Urban,50-59,530,290,240,115,48,67,64,27,37,22,13,9,166,119,47,18,6,12,50,26,24,53,29,24,42,22,20
C5020SC,32,591,District-Kozhikode,Urban,60-69,528,266,262,135,54,81,55,20,35,23,11,12,165,106,59,12,3,9,38,16,22,51,28,23,49,28,21
C5020SC,32,591,District-Kozhikode,Urban,70-79,341,144,197,96,33,63,64,27,37,5,4,1,89,44,45,4,1,3,18,2,16,26,14,12,39,19,20
C5020SC,32,591,District-Kozhikode,Urban,80-89,186,67,119,51,20,31,37,15,22,5,3,2,30,9,21,1,0,1,6,2,4,10,4,6,46,14,32
C5020SC,32,591,District-Kozhikode,Urban,90+,37,17,20,7,4,3,10,5,5,0,0,0,5,1,4,0,0,0,0,0,0,2,1,1,13,6,7
C5020SC,32,591,District-Kozhikode,Urban,Age Not Stated,5,3,2,0,0,0,1,1,0,1,1,0,1,1,0,0,0,0,0,0,0,2,0,2,0,0,0
C5020SC,32,592,District-Malappuram,Total,Total,6543,3339,3204,1147,502,645,847,379,468,330,196,134,1507,915,592,457,249,208,533,242,291,870,434,436,852,422,430
C5020SC,32,592,District-Malappuram,Total,0-4,128,61,67,9,3,6,24,11,13,1,1,0,18,11,7,4,4,0,0,0,0,50,19,31,22,12,10
C5020SC,32,592,District-Malappuram,Total,5-9,251,131,120,35,20,15,24,14,10,26,11,15,32,18,14,20,11,9,1,0,1,53,25,28,60,32,28
C5020SC,32,592,District-Malappuram,Total,10-19,751,413,338,100,44,56,87,49,38,77,47,30,103,59,44,111,62,49,22,15,7,97,53,44,154,84,70
C5020SC,32,592,District-Malappuram,Total,20-29,965,537,428,98,57,41,107,57,50,72,37,35,214,130,84,146,86,60,63,36,27,124,62,62,141,72,69
C5020SC,32,592,District-Malappuram,Total,30-39,909,499,410,86,37,49,105,52,53,44,26,18,250,161,89,90,48,42,119,56,63,125,69,56,90,50,40
C5020SC,32,592,District-Malappuram,Total,40-49,993,527,466,187,92,95,114,48,66,39,24,15,259,167,92,35,16,19,139,67,72,134,71,63,86,42,44
C5020SC,32,592,District-Malappuram,Total,50-59,860,451,409,185,84,101,102,42,60,34,25,9,225,149,76,25,12,13,89,36,53,123,58,65,77,45,32
C5020SC,32,592,District-Malappuram,Total,60-69,818,381,437,214,86,128,112,41,71,22,14,8,227,133,94,19,9,10,68,26,42,86,43,43,70,29,41
C5020SC,32,592,District-Malappuram,Total,70-79,570,234,336,163,61,102,114,42,72,12,8,4,117,62,55,5,1,4,18,3,15,61,29,32,80,28,52
C5020SC,32,592,District-Malappuram,Total,80-89,251,88,163,62,16,46,50,19,31,3,3,0,54,22,32,0,0,0,12,2,10,14,4,10,56,22,34
C5020SC,32,592,District-Malappuram,Total,90+,39,14,25,7,2,5,8,4,4,0,0,0,8,3,5,0,0,0,0,0,0,1,0,1,15,5,10
C5020SC,32,592,District-Malappuram,Total,Age Not Stated,8,3,5,1,0,1,0,0,0,0,0,0,0,0,0,2,0,2,2,1,1,2,1,1,1,1,0
C5020SC,32,592,District-Malappuram,Rural,Total,4000,2038,1962,745,342,403,519,230,289,208,125,83,881,528,353,266,142,124,337,151,186,542,274,268,502,246,256
C5020SC,32,592,District-Malappuram,Rural,0-4,79,40,39,7,3,4,13,5,8,1,1,0,12,9,3,3,3,0,0,0,0,32,13,19,11,6,5
C5020SC,32,592,District-Malappuram,Rural,5-9,163,85,78,24,13,11,16,9,7,17,8,9,21,12,9,14,8,6,1,0,1,36,19,17,34,16,18
C5020SC,32,592,District-Malappuram,Rural,10-19,464,257,207,59,25,34,51,32,19,52,35,17,59,35,24,71,36,35,14,10,4,58,30,28,100,54,46
C5020SC,32,592,District-Malappuram,Rural,20-29,599,332,267,64,36,28,74,38,36,47,27,20,136,82,54,86,49,37,39,22,17,79,43,36,74,35,39
C5020SC,32,592,District-Malappuram,Rural,30-39,546,295,251,61,28,33,47,22,25,25,14,11,148,92,56,47,27,20,79,37,42,81,43,38,58,32,26
C5020SC,32,592,District-Malappuram,Rural,40-49,615,324,291,116,55,61,72,28,44,23,12,11,155,102,53,19,9,10,90,42,48,85,49,36,55,27,28
C5020SC,32,592,District-Malappuram,Rural,50-59,508,257,251,128,62,66,66,27,39,20,14,6,110,70,40,10,4,6,56,21,35,73,34,39,45,25,20
C5020SC,32,592,District-Malappuram,Rural,60-69,506,242,264,141,65,76,69,27,42,13,7,6,137,80,57,12,6,6,41,15,26,53,25,28,40,17,23
C5020SC,32,592,District-Malappuram,Rural,70-79,344,144,200,105,43,62,75,28,47,8,5,3,63,32,31,2,0,2,11,3,8,34,15,19,46,18,28
C5020SC,32,592,District-Malappuram,Rural,80-89,145,51,94,37,11,26,30,11,19,2,2,0,35,13,22,0,0,0,4,0,4,9,2,7,28,12,16
C5020SC,32,592,District-Malappuram,Rural,90+,25,8,17,3,1,2,6,3,3,0,0,0,5,1,4,0,0,0,0,0,0,1,0,1,10,3,7
C5020SC,32,592,District-Malappuram,Rural,Age Not Stated,6,3,3,0,0,0,0,0,0,0,0,0,0,0,0,2,0,2,2,1,1,1,1,0,1,1,0
C5020SC,32,592,District-Malappuram,Urban,Total,2543,1301,1242,402,160,242,328,149,179,122,71,51,626,387,239,191,107,84,196,91,105,328,160,168,350,176,174
C5020SC,32,592,District-Malappuram,Urban,0-4,49,21,28,2,0,2,11,6,5,0,0,0,6,2,4,1,1,0,0,0,0,18,6,12,11,6,5
C5020SC,32,592,District-Malappuram,Urban,5-9,88,46,42,11,7,4,8,5,3,9,3,6,11,6,5,6,3,3,0,0,0,17,6,11,26,16,10
C5020SC,32,592,District-Malappuram,Urban,10-19,287,156,131,41,19,22,36,17,19,25,12,13,44,24,20,40,26,14,8,5,3,39,23,16,54,30,24
C5020SC,32,592,District-Malappuram,Urban,20-29,366,205,161,34,21,13,33,19,14,25,10,15,78,48,30,60,37,23,24,14,10,45,19,26,67,37,30
C5020SC,32,592,District-Malappuram,Urban,30-39,363,204,159,25,9,16,58,30,28,19,12,7,102,69,33,43,21,22,40,19,21,44,26,18,32,18,14
C5020SC,32,592,District-Malappuram,Urban,40-49,378,203,175,71,37,34,42,20,22,16,12,4,104,65,39,16,7,9,49,25,24,49,22,27,31,15,16
C5020SC,32,592,District-Malappuram,Urban,50-59,352,194,158,57,22,35,36,15,21,14,11,3,115,79,36,15,8,7,33,15,18,50,24,26,32,20,12
C5020SC,32,592,District-Malappuram,Urban,60-69,312,139,173,73,21,52,43,14,29,9,7,2,90,53,37,7,3,4,27,11,16,33,18,15,30,12,18
C5020SC,32,592,District-Malappuram,Urban,70-79,226,90,136,58,18,40,39,14,25,4,3,1,54,30,24,3,1,2,7,0,7,27,14,13,34,10,24
C5020SC,32,592,District-Malappuram,Urban,80-89,106,37,69,25,5,20,20,8,12,1,1,0,19,9,10,0,0,0,8,2,6,5,2,3,28,10,18
C5020SC,32,592,District-Malappuram,Urban,90+,14,6,8,4,1,3,2,1,1,0,0,0,3,2,1,0,0,0,0,0,0,0,0,0,5,2,3
C5020SC,32,592,District-Malappuram,Urban,Age Not Stated,2,0,2,1,0,1,0,0,0,0,0,0,0,0,0,0,0,0,0,0,0,1,0,1,0,0,0
C5020SC,32,593,District-Palakkad,Total,Total,9186,4552,4634,1549,676,873,1471,632,839,555,295,260,2111,1240,871,525,267,258,654,278,376,1227,609,618,1094,555,539
C5020SC,32,593,District-Palakkad,Total,0-4,159,92,67,15,9,6,37,17,20,7,6,1,26,16,10,5,4,1,1,0,1,61,36,25,7,4,3
C5020SC,32,593,District-Palakkad,Total,5-9,320,170,150,35,15,20,43,21,22,51,29,22,35,26,9,38,21,17,1,0,1,52,30,22,65,28,37
C5020SC,32,593,District-Palakkad,Total,10-19,1019,594,425,109,61,48,136,76,60,112,70,42,152,89,63,136,76,60,13,10,3,159,82,77,202,130,72
C5020SC,32,593,District-Palakkad,Total,20-29,1225,672,553,106,60,46,159,86,73,111,59,52,283,182,101,146,75,71,106,55,51,167,75,92,147,80,67
C5020SC,32,593,District-Palakkad,Total,30-39,1165,593,572,139,60,79,145,75,70,96,48,48,286,170,116,83,39,44,142,77,65,173,75,98,101,49,52
C5020SC,32,593,District-Palakkad,Total,40-49,1240,637,603,191,100,91,174,85,89,61,22,39,340,202,138,53,23,30,157,65,92,178,92,86,86,48,38
C5020SC,32,593,District-Palakkad,Total,50-59,1132,583,549,197,85,112,169,69,100,54,27,27,332,208,124,22,11,11,112,46,66,155,82,73,91,55,36
C5020SC,32,593,District-Palakkad,Total,60-69,1384,635,749,359,144,215,249,82,167,38,23,15,335,194,141,24,11,13,79,19,60,171,90,81,129,72,57
C5020SC,32,593,District-Palakkad,Total,70-79,990,370,620,269,95,174,219,70,149,19,8,11,210,103,107,14,7,7,36,6,30,80,34,46,143,47,96
C5020SC,32,593,District-Palakkad,Total,80-89,444,174,270,112,39,73,115,46,69,5,3,2,88,43,45,2,0,2,6,0,6,23,10,13,93,33,60
C5020SC,32,593,District-Palakkad,Total,90+,101,28,73,17,8,9,24,5,19,1,0,1,21,4,17,1,0,1,1,0,1,8,3,5,28,8,20
C5020SC,32,593,District-Palakkad,Total,Age Not Stated,7,4,3,0,0,0,1,0,1,0,0,0,3,3,0,1,0,1,0,0,0,0,0,0,2,1,1
C5020SC,32,593,District-Palakkad,Rural,Total,7410,3683,3727,1272,556,716,1205,528,677,474,246,228,1696,1007,689,423,221,202,511,214,297,993,492,501,836,419,417
C5020SC,32,593,District-Palakkad,Rural,0-4,134,81,53,14,8,6,31,15,16,6,5,1,20,14,6,5,4,1,1,0,1,50,31,19,7,4,3
C5020SC,32,593,District-Palakkad,Rural,5-9,264,146,118,31,15,16,35,18,17,44,24,20,34,25,9,31,17,14,1,0,1,44,27,17,44,20,24
C5020SC,32,593,District-Palakkad,Rural,10-19,824,478,346,90,49,41,114,65,49,99,62,37,123,71,52,109,64,45,11,8,3,134,69,65,144,90,54
C5020SC,32,593,District-Palakkad,Rural,20-29,998,546,452,85,49,36,124,68,56,92,49,43,235,150,85,116,58,58,84,46,38,144,65,79,118,61,57
C5020SC,32,593,District-Palakkad,Rural,30-39,949,466,483,117,51,66,126,66,60,79,37,42,232,132,100,68,31,37,107,49,58,141,60,81,79,40,39
C5020SC,32,593,District-Palakkad,Rural,40-49,976,507,469,150,78,72,143,73,70,53,19,34,268,160,108,39,18,21,117,52,65,137,69,68,69,38,31
C5020SC,32,593,District-Palakkad,Rural,50-59,896,470,426,160,73,87,137,57,80,42,20,22,269,171,98,19,11,8,88,37,51,113,61,52,68,40,28
C5020SC,32,593,District-Palakkad,Rural,60-69,1135,521,614,299,117,182,197,69,128,35,20,15,270,160,110,21,11,10,67,16,51,142,71,71,104,57,47
C5020SC,32,593,District-Palakkad,Rural,70-79,802,306,496,222,80,142,186,57,129,19,8,11,159,83,76,13,7,6,29,6,23,62,27,35,112,38,74
C5020SC,32,593,District-Palakkad,Rural,80-89,344,133,211,89,29,60,90,36,54,4,2,2,69,34,35,1,0,1,6,0,6,19,9,10,66,23,43
C5020SC,32,593,District-Palakkad,Rural,90+,84,26,58,15,7,8,21,4,17,1,0,1,14,4,10,1,0,1,0,0,0,7,3,4,25,8,17
C5020SC,32,593,District-Palakkad,Rural,Age Not Stated,4,3,1,0,0,0,1,0,1,0,0,0,3,3,0,0,0,0,0,0,0,0,0,0,0,0,0
C5020SC,32,593,District-Palakkad,Urban,Total,1776,869,907,277,120,157,266,104,162,81,49,32,415,233,182,102,46,56,143,64,79,234,117,117,258,136,122
C5020SC,32,593,District-Palakkad,Urban,0-4,25,11,14,1,1,0,6,2,4,1,1,0,6,2,4,0,0,0,0,0,0,11,5,6,0,0,0
C5020SC,32,593,District-Palakkad,Urban,5-9,56,24,32,4,0,4,8,3,5,7,5,2,1,1,0,7,4,3,0,0,0,8,3,5,21,8,13
C5020SC,32,593,District-Palakkad,Urban,10-19,195,116,79,19,12,7,22,11,11,13,8,5,29,18,11,27,12,15,2,2,0,25,13,12,58,40,18
C5020SC,32,593,District-Palakkad,Urban,20-29,227,126,101,21,11,10,35,18,17,19,10,9,48,32,16,30,17,13,22,9,13,23,10,13,29,19,10
C5020SC,32,593,District-Palakkad,Urban,30-39,216,127,89,22,9,13,19,9,10,17,11,6,54,38,16,15,8,7,35,28,7,32,15,17,22,9,13
C5020SC,32,593,District-Palakkad,Urban,40-49,264,130,134,41,22,19,31,12,19,8,3,5,72,42,30,14,5,9,40,13,27,41,23,18,17,10,7
C5020SC,32,593,District-Palakkad,Urban,50-59,236,113,123,37,12,25,32,12,20,12,7,5,63,37,26,3,0,3,24,9,15,42,21,21,23,15,8
C5020SC,32,593,District-Palakkad,Urban,60-69,249,114,135,60,27,33,52,13,39,3,3,0,65,34,31,3,0,3,12,3,9,29,19,10,25,15,10
C5020SC,32,593,District-Palakkad,Urban,70-79,188,64,124,47,15,32,33,13,20,0,0,0,51,20,31,1,0,1,7,0,7,18,7,11,31,9,22
C5020SC,32,593,District-Palakkad,Urban,80-89,100,41,59,23,10,13,25,10,15,1,1,0,19,9,10,1,0,1,0,0,0,4,1,3,27,10,17
C5020SC,32,593,District-Palakkad,Urban,90+,17,2,15,2,1,1,3,1,2,0,0,0,7,0,7,0,0,0,1,0,1,1,0,1,3,0,3
C5020SC,32,593,District-Palakkad,Urban,Age Not Stated,3,1,2,0,0,0,0,0,0,0,0,0,0,0,0,1,0,1,0,0,0,0,0,0,2,1,1
C5020SC,32,594,District-Thrissur,Total,Total,7735,3874,3861,1116,487,629,1125,448,677,374,214,160,1910,1119,791,538,269,269,810,387,423,891,461,430,971,489,482
C5020SC,32,594,District-Thrissur,Total,0-4,117,74,43,8,3,5,21,13,8,2,2,0,20,10,10,14,9,5,3,2,1,35,26,9,14,9,5
C5020SC,32,594,District-Thrissur,Total,5-9,243,133,110,23,9,14,25,14,11,26,18,8,40,24,16,37,22,15,4,2,2,32,21,11,56,23,33
C5020SC,32,594,District-Thrissur,Total,10-19,621,376,245,56,30,26,79,47,32,60,36,24,94,66,28,117,66,51,9,6,3,84,48,36,122,77,45
C5020SC,32,594,District-Thrissur,Total,20-29,832,468,364,87,51,36,106,56,50,45,24,21,167,90,77,124,68,56,84,53,31,94,55,39,125,71,54
C5020SC,32,594,District-Thrissur,Total,30-39,1129,582,547,94,46,48,128,50,78,71,34,37,303,185,118,111,50,61,162,86,76,130,62,68,130,69,61
C5020SC,32,594,District-Thrissur,Total,40-49,1227,655,572,138,58,80,133,54,79,67,43,24,303,196,107,76,33,43,228,120,108,163,83,80,119,68,51
C5020SC,32,594,District-Thrissur,Total,50-59,1170,619,551,180,89,91,150,52,98,43,27,16,373,227,146,34,11,23,147,69,78,141,77,64,102,67,35
C5020SC,32,594,District-Thrissur,Total,60-69,1055,472,583,236,92,144,162,56,106,34,17,17,307,176,131,15,5,10,87,29,58,116,57,59,98,40,58
C5020SC,32,594,District-Thrissur,Total,70-79,837,327,510,192,72,120,178,56,122,17,7,10,204,108,96,6,5,1,61,17,44,69,20,49,110,42,68
C5020SC,32,594,District-Thrissur,Total,80-89,418,145,273,79,33,46,124,43,81,8,5,3,87,32,55,2,0,2,22,2,20,23,9,14,73,21,52
C5020SC,32,594,District-Thrissur,Total,90+,81,19,62,23,4,19,18,7,11,0,0,0,11,4,7,2,0,2,2,0,2,3,2,1,22,2,20
C5020SC,32,594,District-Thrissur,Total,Age Not Stated,5,4,1,0,0,0,1,0,1,1,1,0,1,1,0,0,0,0,1,1,0,1,1,0,0,0,0
C5020SC,32,594,District-Thrissur,Rural,Total,2963,1513,1450,452,205,247,465,177,288,144,90,54,755,444,311,199,108,91,309,147,162,309,165,144,330,177,153
C5020SC,32,594,District-Thrissur,Rural,0-4,43,30,13,2,2,0,6,4,2,0,0,0,10,6,4,7,5,2,1,0,1,13,12,1,4,1,3
C5020SC,32,594,District-Thrissur,Rural,5-9,78,51,27,8,4,4,8,5,3,8,6,2,17,13,4,9,8,1,1,1,0,12,7,5,15,7,8
C5020SC,32,594,District-Thrissur,Rural,10-19,258,158,100,23,13,10,35,19,16,31,20,11,48,30,18,50,33,17,2,1,1,33,16,17,36,26,10
C5020SC,32,594,District-Thrissur,Rural,20-29,330,191,139,35,21,14,44,22,22,26,17,9,73,36,37,45,24,21,36,26,10,31,21,10,40,24,16
C5020SC,32,594,District-Thrissur,Rural,30-39,410,226,184,30,20,10,53,18,35,21,14,7,113,70,43,42,22,20,68,37,31,42,24,18,41,21,20
C5020SC,32,594,District-Thrissur,Rural,40-49,481,252,229,58,24,34,60,24,36,23,13,10,114,70,44,32,12,20,86,46,40,63,37,26,45,26,19
C5020SC,32,594,District-Thrissur,Rural,50-59,420,212,208,65,32,33,60,20,40,15,7,8,139,85,54,11,3,8,50,18,32,42,19,23,38,28,10
C5020SC,32,594,District-Thrissur,Rural,60-69,388,179,209,95,38,57,64,24,40,13,7,6,114,65,49,2,1,1,26,10,16,39,19,20,35,15,20
C5020SC,32,594,District-Thrissur,Rural,70-79,350,137,213,94,36,58,75,18,57,3,2,1,87,49,38,0,0,0,25,6,19,27,7,20,39,19,20
C5020SC,32,594,District-Thrissur,Rural,80-89,166,69,97,30,14,16,51,20,31,4,4,0,36,19,17,1,0,1,11,1,10,6,2,4,27,9,18
C5020SC,32,594,District-Thrissur,Rural,90+,37,7,30,12,1,11,8,3,5,0,0,0,4,1,3,0,0,0,2,0,2,1,1,0,10,1,9
C5020SC,32,594,District-Thrissur,Rural,Age Not Stated,2,1,1,0,0,0,1,0,1,0,0,0,0,0,0,0,0,0,1,1,0,0,0,0,0,0,0
C5020SC,32,594,District-Thrissur,Urban,Total,4772,2361,2411,664,282,382,660,271,389,230,124,106,1155,675,480,339,161,178,501,240,261,582,296,286,641,312,329
C5020SC,32,594,District-Thrissur,Urban,0-4,74,44,30,6,1,5,15,9,6,2,2,0,10,4,6,7,4,3,2,2,0,22,14,8,10,8,2
C5020SC,32,594,District-Thrissur,Urban,5-9,165,82,83,15,5,10,17,9,8,18,12,6,23,11,12,28,14,14,3,1,2,20,14,6,41,16,25
C5020SC,32,594,District-Thrissur,Urban,10-19,363,218,145,33,17,16,44,28,16,29,16,13,46,36,10,67,33,34,7,5,2,51,32,19,86,51,35
C5020SC,32,594,District-Thrissur,Urban,20-29,502,277,225,52,30,22,62,34,28,19,7,12,94,54,40,79,44,35,48,27,21,63,34,29,85,47,38
C5020SC,32,594,District-Thrissur,Urban,30-39,719,356,363,64,26,38,75,32,43,50,20,30,190,115,75,69,28,41,94,49,45,88,38,50,89,48,41
C5020SC,32,594,District-Thrissur,Urban,40-49,746,403,343,80,34,46,73,30,43,44,30,14,189,126,63,44,21,23,142,74,68,100,46,54,74,42,32
C5020SC,32,594,District-Thrissur,Urban,50-59,750,407,343,115,57,58,90,32,58,28,20,8,234,142,92,23,8,15,97,51,46,99,58,41,64,39,25
C5020SC,32,594,District-Thrissur,Urban,60-69,667,293,374,141,54,87,98,32,66,21,10,11,193,111,82,13,4,9,61,19,42,77,38,39,63,25,38
C5020SC,32,594,District-Thrissur,Urban,70-79,487,190,297,98,36,62,103,38,65,14,5,9,117,59,58,6,5,1,36,11,25,42,13,29,71,23,48
C5020SC,32,594,District-Thrissur,Urban,80-89,252,76,176,49,19,30,73,23,50,4,1,3,51,13,38,1,0,1,11,1,10,17,7,10,46,12,34
C5020SC,32,594,District-Thrissur,Urban,90+,44,12,32,11,3,8,10,4,6,0,0,0,7,3,4,2,0,2,0,0,0,2,1,1,12,1,11
C5020SC,32,594,District-Thrissur,Urban,Age Not Stated,3,3,0,0,0,0,0,0,0,1,1,0,1,1,0,0,0,0,0,0,0,1,1,0,0,0,0
C5020SC,32,595,District-Ernakulam,Total,Total,6657,3428,3229,960,442,518,1011,433,578,305,164,141,1512,890,622,474,262,212,710,347,363,878,474,404,807,416,391
C5020SC,32,595,District-Ernakulam,Total,0-4,104,52,52,8,4,4,28,14,14,4,4,0,18,10,8,6,2,4,0,0,0,29,14,15,11,4,7
C5020SC,32,595,District-Ernakulam,Total,5-9,220,113,107,20,10,10,27,12,15,19,9,10,36,16,20,33,21,12,2,1,1,38,22,16,45,22,23
C5020SC,32,595,District-Ernakulam,Total,10-19,580,340,240,69,38,31,79,32,47,44,29,15,77,51,26,113,73,40,12,5,7,82,46,36,104,66,38
C5020SC,32,595,District-Ernakulam,Total,20-29,743,419,324,62,40,22,108,56,52,50,28,22,126,82,44,113,56,57,57,27,30,117,65,52,110,65,45
C5020SC,32,595,District-Ernakulam,Total,30-39,949,499,450,71,33,38,136,63,73,58,25,33,198,121,77,87,47,40,150,81,69,134,71,63,115,58,57
C5020SC,32,595,District-Ernakulam,Total,40-49,1194,645,549,150,73,77,143,67,76,45,21,24,281,171,110,60,32,28,235,123,112,168,91,77,112,67,45
C5020SC,32,595,District-Ernakulam,Total,50-59,1035,559,476,164,82,82,130,56,74,47,31,16,311,182,129,40,19,21,133,66,67,137,83,54,73,40,33
C5020SC,32,595,District-Ernakulam,Total,60-69,792,390,402,162,64,98,141,62,79,22,9,13,230,142,88,13,8,5,63,23,40,89,45,44,72,37,35
C5020SC,32,595,District-Ernakulam,Total,70-79,587,241,346,140,58,82,124,39,85,10,5,5,152,79,73,6,4,2,39,14,25,48,22,26,68,20,48
C5020SC,32,595,District-Ernakulam,Total,80-89,364,132,232,91,34,57,78,25,53,6,3,3,66,27,39,2,0,2,16,5,11,32,12,20,73,26,47
C5020SC,32,595,District-Ernakulam,Total,90+,80,32,48,22,5,17,16,6,10,0,0,0,14,7,7,1,0,1,1,1,0,3,2,1,23,11,12
C5020SC,32,595,District-Ernakulam,Total,Age Not Stated,9,6,3,1,1,0,1,1,0,0,0,0,3,2,1,0,0,0,2,1,1,1,1,0,1,0,1
C5020SC,32,595,District-Ernakulam,Rural,Total,2613,1357,1256,362,163,199,350,145,205,113,61,52,607,372,235,176,97,79,370,181,189,317,165,152,318,173,145
C5020SC,32,595,District-Ernakulam,Rural,0-4,37,19,18,5,3,2,8,3,5,2,2,0,3,2,1,4,1,3,0,0,0,10,5,5,5,3,2
C5020SC,32,595,District-Ernakulam,Rural,5-9,80,45,35,9,6,3,6,2,4,7,3,4,12,5,7,10,9,1,0,0,0,16,9,7,20,11,9
C5020SC,32,595,District-Ernakulam,Rural,10-19,224,133,91,27,17,10,21,9,12,19,12,7,37,26,11,52,33,19,8,3,5,23,13,10,37,20,17
C5020SC,32,595,District-Ernakulam,Rural,20-29,268,145,123,18,12,6,40,21,19,24,15,9,46,30,16,44,18,26,24,9,15,34,16,18,38,24,14
C5020SC,32,595,District-Ernakulam,Rural,30-39,358,188,170,25,12,13,38,16,22,12,5,7,85,54,31,25,13,12,76,40,36,56,27,29,41,21,20
C5020SC,32,595,District-Ernakulam,Rural,40-49,476,259,217,55,24,31,47,21,26,12,3,9,103,68,35,23,12,11,131,69,62,56,32,24,49,30,19
C5020SC,32,595,District-Ernakulam,Rural,50-59,398,225,173,60,29,31,47,19,28,21,13,8,122,76,46,9,5,4,63,36,27,54,32,22,22,15,7
C5020SC,32,595,District-Ernakulam,Rural,60-69,312,149,163,58,18,40,53,23,30,11,6,5,90,56,34,7,4,3,34,12,22,36,17,19,23,13,10
C5020SC,32,595,District-Ernakulam,Rural,70-79,255,116,139,53,23,30,46,16,30,5,2,3,73,41,32,2,2,0,24,8,16,19,10,9,33,14,19
C5020SC,32,595,District-Ernakulam,Rural,80-89,163,59,104,41,15,26,34,10,24,0,0,0,29,11,18,0,0,0,9,3,6,11,3,8,39,17,22
C5020SC,32,595,District-Ernakulam,Rural,90+,38,16,22,10,3,7,10,5,5,0,0,0,6,2,4,0,0,0,0,0,0,2,1,1,10,5,5
C5020SC,32,595,District-Ernakulam,Rural,Age Not Stated,4,3,1,1,1,0,0,0,0,0,0,0,1,1,0,0,0,0,1,1,0,0,0,0,1,0,1
C5020SC,32,595,District-Ernakulam,Urban,Total,4044,2071,1973,598,279,319,661,288,373,192,103,89,905,518,387,298,165,133,340,166,174,561,309,252,489,243,246
C5020SC,32,595,District-Ernakulam,Urban,0-4,67,33,34,3,1,2,20,11,9,2,2,0,15,8,7,2,1,1,0,0,0,19,9,10,6,1,5
C5020SC,32,595,District-Ernakulam,Urban,5-9,140,68,72,11,4,7,21,10,11,12,6,6,24,11,13,23,12,11,2,1,1,22,13,9,25,11,14
C5020SC,32,595,District-Ernakulam,Urban,10-19,356,207,149,42,21,21,58,23,35,25,17,8,40,25,15,61,40,21,4,2,2,59,33,26,67,46,21
C5020SC,32,595,District-Ernakulam,Urban,20-29,475,274,201,44,28,16,68,35,33,26,13,13,80,52,28,69,38,31,33,18,15,83,49,34,72,41,31
C5020SC,32,595,District-Ernakulam,Urban,30-39,591,311,280,46,21,25,98,47,51,46,20,26,113,67,46,62,34,28,74,41,33,78,44,34,74,37,37
C5020SC,32,595,District-Ernakulam,Urban,40-49,718,386,332,95,49,46,96,46,50,33,18,15,178,103,75,37,20,17,104,54,50,112,59,53,63,37,26
C5020SC,32,595,District-Ernakulam,Urban,50-59,637,334,303,104,53,51,83,37,46,26,18,8,189,106,83,31,14,17,70,30,40,83,51,32,51,25,26
C5020SC,32,595,District-Ernakulam,Urban,60-69,480,241,239,104,46,58,88,39,49,11,3,8,140,86,54,6,4,2,29,11,18,53,28,25,49,24,25
C5020SC,32,595,District-Ernakulam,Urban,70-79,332,125,207,87,35,52,78,23,55,5,3,2,79,38,41,4,2,2,15,6,9,29,12,17,35,6,29
C5020SC,32,595,District-Ernakulam,Urban,80-89,201,73,128,50,19,31,44,15,29,6,3,3,37,16,21,2,0,2,7,2,5,21,9,12,34,9,25
C5020SC,32,595,District-Ernakulam,Urban,90+,42,16,26,12,2,10,6,1,5,0,0,0,8,5,3,1,0,1,1,1,0,1,1,0,13,6,7
C5020SC,32,595,District-Ernakulam,Urban,Age Not Stated,5,3,2,0,0,0,1,1,0,0,0,0,2,1,1,0,0,0,1,0,1,1,1,0,0,0,0
C5020SC,32,596,District-Idukki ,Total,Total,2875,1608,1267,408,214,194,363,166,197,176,100,76,770,478,292,223,122,101,176,88,88,455,260,195,304,180,124
C5020SC,32,596,District-Idukki ,Total,0-4,59,32,27,7,3,4,5,3,2,0,0,0,12,9,3,4,4,0,0,0,0,26,11,15,5,2,3
C5020SC,32,596,District-Idukki ,Total,5-9,117,65,52,6,5,1,15,8,7,14,8,6,10,7,3,20,13,7,0,0,0,30,16,14,22,8,14
C5020SC,32,596,District-Idukki ,Total,10-19,352,191,161,44,24,20,37,19,18,43,23,20,53,25,28,58,30,28,7,3,4,58,34,24,52,33,19
C5020SC,32,596,District-Idukki ,Total,20-29,438,250,188,38,22,16,36,16,20,27,18,9,116,65,51,68,39,29,26,16,10,74,44,30,53,30,23
C5020SC,32,596,District-Idukki ,Total,30-39,453,250,203,47,33,14,60,20,40,26,10,16,150,90,60,38,20,18,33,20,13,63,35,28,36,22,14
C5020SC,32,596,District-Idukki ,Total,40-49,418,249,169,55,35,20,47,27,20,20,11,9,127,81,46,25,14,11,38,19,19,72,40,32,34,22,12
C5020SC,32,596,District-Idukki ,Total,50-59,436,263,173,75,39,36,53,25,28,16,9,7,145,104,41,6,2,4,37,14,23,68,44,24,36,26,10
C5020SC,32,596,District-Idukki ,Total,60-69,321,176,145,69,29,40,50,22,28,13,10,3,98,63,35,1,0,1,22,10,12,42,25,17,26,17,9
C5020SC,32,596,District-Idukki ,Total,70-79,179,86,93,44,15,29,36,17,19,13,8,5,42,24,18,2,0,2,9,4,5,13,8,5,20,10,10
C5020SC,32,596,District-Idukki ,Total,80-89,79,36,43,21,8,13,21,8,13,1,1,0,13,8,5,1,0,1,4,2,2,6,2,4,12,7,5
C5020SC,32,596,District-Idukki ,Total,90+,20,9,11,2,1,1,3,1,2,1,1,0,4,2,2,0,0,0,0,0,0,3,1,2,7,3,4
C5020SC,32,596,District-Idukki ,Total,Age Not Stated,3,1,2,0,0,0,0,0,0,2,1,1,0,0,0,0,0,0,0,0,0,0,0,0,1,0,1
C5020SC,32,596,District-Idukki ,Rural,Total,2822,1578,1244,398,208,190,354,162,192,174,98,76,754,468,286,218,121,97,173,86,87,450,256,194,301,179,122
C5020SC,32,596,District-Idukki ,Rural,0-4,59,32,27,7,3,4,5,3,2,0,0,0,12,9,3,4,4,0,0,0,0,26,11,15,5,2,3
C5020SC,32,596,District-Idukki ,Rural,5-9,114,62,52,6,5,1,14,7,7,12,6,6,10,7,3,20,13,7,0,0,0,30,16,14,22,8,14
C5020SC,32,596,District-Idukki ,Rural,10-19,346,187,159,43,23,20,37,19,18,43,23,20,51,23,28,55,29,26,7,3,4,58,34,24,52,33,19
C5020SC,32,596,District-Idukki ,Rural,20-29,425,242,183,35,20,15,35,15,20,27,18,9,114,64,50,67,39,28,24,15,9,72,42,30,51,29,22
C5020SC,32,596,District-Idukki ,Rural,30-39,446,248,198,46,33,13,58,19,39,26,10,16,148,89,59,37,20,17,33,20,13,63,35,28,35,22,13
C5020SC,32,596,District-Idukki ,Rural,40-49,410,243,167,52,33,19,46,26,20,20,11,9,125,79,46,25,14,11,38,19,19,70,39,31,34,22,12
C5020SC,32,596,District-Idukki ,Rural,50-59,433,261,172,75,39,36,52,25,27,16,9,7,144,103,41,6,2,4,36,13,23,68,44,24,36,26,10
C5020SC,32,596,District-Idukki ,Rural,60-69,313,172,141,67,28,39,49,22,27,13,10,3,94,61,33,1,0,1,22,10,12,41,24,17,26,17,9
C5020SC,32,596,District-Idukki ,Rural,70-79,177,86,91,44,15,29,36,17,19,13,8,5,40,24,16,2,0,2,9,4,5,13,8,5,20,10,10
C5020SC,32,596,District-Idukki ,Rural,80-89,77,36,41,21,8,13,19,8,11,1,1,0,13,8,5,1,0,1,4,2,2,6,2,4,12,7,5
C5020SC,32,596,District-Idukki ,Rural,90+,19,8,11,2,1,1,3,1,2,1,1,0,3,1,2,0,0,0,0,0,0,3,1,2,7,3,4
C5020SC,32,596,District-Idukki ,Rural,Age Not Stated,3,1,2,0,0,0,0,0,0,2,1,1,0,0,0,0,0,0,0,0,0,0,0,0,1,0,1
C5020SC,32,596,District-Idukki ,Urban,Total,53,30,23,10,6,4,9,4,5,2,2,0,16,10,6,5,1,4,3,2,1,5,4,1,3,1,2
C5020SC,32,596,District-Idukki ,Urban,0-4,0,0,0,0,0,0,0,0,0,0,0,0,0,0,0,0,0,0,0,0,0,0,0,0,0,0,0
C5020SC,32,596,District-Idukki ,Urban,5-9,3,3,0,0,0,0,1,1,0,2,2,0,0,0,0,0,0,0,0,0,0,0,0,0,0,0,0
C5020SC,32,596,District-Idukki ,Urban,10-19,6,4,2,1,1,0,0,0,0,0,0,0,2,2,0,3,1,2,0,0,0,0,0,0,0,0,0
C5020SC,32,596,District-Idukki ,Urban,20-29,13,8,5,3,2,1,1,1,0,0,0,0,2,1,1,1,0,1,2,1,1,2,2,0,2,1,1
C5020SC,32,596,District-Idukki ,Urban,30-39,7,2,5,1,0,1,2,1,1,0,0,0,2,1,1,1,0,1,0,0,0,0,0,0,1,0,1
C5020SC,32,596,District-Idukki ,Urban,40-49,8,6,2,3,2,1,1,1,0,0,0,0,2,2,0,0,0,0,0,0,0,2,1,1,0,0,0
C5020SC,32,596,District-Idukki ,Urban,50-59,3,2,1,0,0,0,1,0,1,0,0,0,1,1,0,0,0,0,1,1,0,0,0,0,0,0,0
C5020SC,32,596,District-Idukki ,Urban,60-69,8,4,4,2,1,1,1,0,1,0,0,0,4,2,2,0,0,0,0,0,0,1,1,0,0,0,0
C5020SC,32,596,District-Idukki ,Urban,70-79,2,0,2,0,0,0,0,0,0,0,0,0,2,0,2,0,0,0,0,0,0,0,0,0,0,0,0
C5020SC,32,596,District-Idukki ,Urban,80-89,2,0,2,0,0,0,2,0,2,0,0,0,0,0,0,0,0,0,0,0,0,0,0,0,0,0,0
C5020SC,32,596,District-Idukki ,Urban,90+,1,1,0,0,0,0,0,0,0,0,0,0,1,1,0,0,0,0,0,0,0,0,0,0,0,0,0
C5020SC,32,596,District-Idukki ,Urban,Age Not Stated,0,0,0,0,0,0,0,0,0,0,0,0,0,0,0,0,0,0,0,0,0,0,0,0,0,0,0
C5020SC,32,597,District-Kottayam,Total,Total,4084,2099,1985,626,279,347,643,304,339,169,98,71,970,570,400,294,149,145,355,158,197,535,290,245,492,251,241
C5020SC,32,597,District-Kottayam,Total,0-4,78,39,39,6,2,4,20,10,10,0,0,0,14,9,5,5,3,2,0,0,0,24,12,12,9,3,6
C5020SC,32,597,District-Kottayam,Total,5-9,130,61,69,18,8,10,26,14,12,12,3,9,18,10,8,14,6,8,0,0,0,17,6,11,25,14,11
C5020SC,32,597,District-Kottayam,Total,10-19,378,212,166,46,22,24,51,32,19,30,17,13,47,28,19,76,47,29,5,2,3,47,27,20,76,37,39
C5020SC,32,597,District-Kottayam,Total,20-29,420,199,221,24,10,14,72,34,38,20,12,8,63,32,31,73,32,41,41,22,19,61,28,33,66,29,37
C5020SC,32,597,District-Kottayam,Total,30-39,601,315,286,48,23,25,77,38,39,36,22,14,164,87,77,45,24,21,79,43,36,88,50,38,64,28,36
C5020SC,32,597,District-Kottayam,Total,40-49,671,382,289,105,51,54,93,48,45,26,19,7,166,112,54,40,19,21,85,39,46,95,55,40,61,39,22
C5020SC,32,597,District-Kottayam,Total,50-59,621,350,271,114,58,56,80,33,47,21,15,6,180,112,68,24,13,11,68,31,37,84,50,34,50,38,12
C5020SC,32,597,District-Kottayam,Total,60-69,556,277,279,119,50,69,83,33,50,10,5,5,180,112,68,11,4,7,43,14,29,69,37,32,41,22,19
C5020SC,32,597,District-Kottayam,Total,70-79,393,178,215,95,40,55,83,37,46,10,3,7,89,48,41,4,1,3,25,6,19,35,18,17,52,25,27
C5020SC,32,597,District-Kottayam,Total,80-89,184,70,114,41,14,27,46,19,27,4,2,2,41,16,25,2,0,2,7,1,6,11,6,5,32,12,20
C5020SC,32,597,District-Kottayam,Total,90+,51,16,35,10,1,9,12,6,6,0,0,0,8,4,4,0,0,0,2,0,2,4,1,3,15,4,11
C5020SC,32,597,District-Kottayam,Total,Age Not Stated,1,0,1,0,0,0,0,0,0,0,0,0,0,0,0,0,0,0,0,0,0,0,0,0,1,0,1
C5020SC,32,597,District-Kottayam,Rural,Total,3198,1640,1558,501,232,269,521,247,274,135,76,59,748,431,317,225,115,110,279,131,148,402,213,189,387,195,192
C5020SC,32,597,District-Kottayam,Rural,0-4,58,29,29,5,2,3,16,8,8,0,0,0,13,8,5,3,2,1,0,0,0,15,7,8,6,2,4
C5020SC,32,597,District-Kottayam,Rural,5-9,104,44,60,17,7,10,19,8,11,9,2,7,14,6,8,14,6,8,0,0,0,12,5,7,19,10,9
C5020SC,32,597,District-Kottayam,Rural,10-19,306,169,137,36,16,20,46,29,17,27,14,13,38,23,15,52,32,20,4,2,2,38,22,16,65,31,34
C5020SC,32,597,District-Kottayam,Rural,20-29,326,155,171,18,6,12,63,30,33,15,10,5,49,25,24,57,26,31,30,18,12,44,19,25,50,21,29
C5020SC,32,597,District-Kottayam,Rural,30-39,465,235,230,36,17,19,65,28,37,31,19,12,122,62,60,37,19,18,57,32,25,68,36,32,49,22,27
C5020SC,32,597,District-Kottayam,Rural,40-49,535,302,233,91,43,48,77,41,36,20,13,7,126,83,43,31,14,17,66,33,33,78,46,32,46,29,17
C5020SC,32,597,District-Kottayam,Rural,50-59,479,277,202,94,52,42,56,26,30,13,11,2,139,86,53,20,12,8,57,26,31,66,39,27,34,25,9
C5020SC,32,597,District-Kottayam,Rural,60-69,416,208,208,91,43,48,63,22,41,8,4,4,135,82,53,9,3,6,34,13,21,44,22,22,32,19,13
C5020SC,32,597,District-Kottayam,Rural,70-79,317,148,169,77,34,43,65,31,34,8,1,7,71,40,31,2,1,1,23,6,17,27,13,14,44,22,22
C5020SC,32,597,District-Kottayam,Rural,80-89,149,59,90,28,11,17,40,18,22,4,2,2,35,13,22,0,0,0,6,1,5,8,3,5,28,11,17
C5020SC,32,597,District-Kottayam,Rural,90+,42,14,28,8,1,7,11,6,5,0,0,0,6,3,3,0,0,0,2,0,2,2,1,1,13,3,10
C5020SC,32,597,District-Kottayam,Rural,Age Not Stated,1,0,1,0,0,0,0,0,0,0,0,0,0,0,0,0,0,0,0,0,0,0,0,0,1,0,1
C5020SC,32,597,District-Kottayam,Urban,Total,886,459,427,125,47,78,122,57,65,34,22,12,222,139,83,69,34,35,76,27,49,133,77,56,105,56,49
C5020SC,32,597,District-Kottayam,Urban,0-4,20,10,10,1,0,1,4,2,2,0,0,0,1,1,0,2,1,1,0,0,0,9,5,4,3,1,2
C5020SC,32,597,District-Kottayam,Urban,5-9,26,17,9,1,1,0,7,6,1,3,1,2,4,4,0,0,0,0,0,0,0,5,1,4,6,4,2
C5020SC,32,597,District-Kottayam,Urban,10-19,72,43,29,10,6,4,5,3,2,3,3,0,9,5,4,24,15,9,1,0,1,9,5,4,11,6,5
C5020SC,32,597,District-Kottayam,Urban,20-29,94,44,50,6,4,2,9,4,5,5,2,3,14,7,7,16,6,10,11,4,7,17,9,8,16,8,8
C5020SC,32,597,District-Kottayam,Urban,30-39,136,80,56,12,6,6,12,10,2,5,3,2,42,25,17,8,5,3,22,11,11,20,14,6,15,6,9
C5020SC,32,597,District-Kottayam,Urban,40-49,136,80,56,14,8,6,16,7,9,6,6,0,40,29,11,9,5,4,19,6,13,17,9,8,15,10,5
C5020SC,32,597,District-Kottayam,Urban,50-59,142,73,69,20,6,14,24,7,17,8,4,4,41,26,15,4,1,3,11,5,6,18,11,7,16,13,3
C5020SC,32,597,District-Kottayam,Urban,60-69,140,69,71,28,7,21,20,11,9,2,1,1,45,30,15,2,1,1,9,1,8,25,15,10,9,3,6
C5020SC,32,597,District-Kottayam,Urban,70-79,76,30,46,18,6,12,18,6,12,2,2,0,18,8,10,2,0,2,2,0,2,8,5,3,8,3,5
C5020SC,32,597,District-Kottayam,Urban,80-89,35,11,24,13,3,10,6,1,5,0,0,0,6,3,3,2,0,2,1,0,1,3,3,0,4,1,3
C5020SC,32,597,District-Kottayam,Urban,90+,9,2,7,2,0,2,1,0,1,0,0,0,2,1,1,0,0,0,0,0,0,2,0,2,2,1,1
C5020SC,32,597,District-Kottayam,Urban,Age Not Stated,0,0,0,0,0,0,0,0,0,0,0,0,0,0,0,0,0,0,0,0,0,0,0,0,0,0,0
C5020SC,32,598,District-Alappuzha,Total,Total,6093,3139,2954,914,381,533,933,407,526,427,220,207,1445,880,565,391,214,177,391,185,206,875,472,403,717,380,337
C5020SC,32,598,District-Alappuzha,Total,0-4,130,66,64,10,4,6,26,11,15,8,5,3,23,14,9,7,1,6,1,0,1,44,25,19,11,6,5
C5020SC,32,598,District-Alappuzha,Total,5-9,211,118,93,19,8,11,40,21,19,40,21,19,23,15,8,24,14,10,0,0,0,28,18,10,37,21,16
C5020SC,32,598,District-Alappuzha,Total,10-19,546,304,242,46,23,23,85,35,50,55,27,28,77,49,28,106,65,41,7,4,3,86,54,32,84,47,37
C5020SC,32,598,District-Alappuzha,Total,20-29,687,379,308,44,23,21,110,52,58,67,30,37,119,75,44,100,60,40,42,25,17,115,71,44,90,43,47
C5020SC,32,598,District-Alappuzha,Total,30-39,830,440,390,56,30,26,131,61,70,86,43,43,214,130,84,67,31,36,79,43,36,104,56,48,93,46,47
C5020SC,32,598,District-Alappuzha,Total,40-49,947,517,430,147,74,73,141,57,84,54,32,22,242,163,79,42,22,20,83,42,41,151,77,74,87,50,37
C5020SC,32,598,District-Alappuzha,Total,50-59,955,509,446,161,71,90,120,57,63,49,26,23,283,174,109,21,12,9,82,39,43,145,77,68,94,53,41
C5020SC,32,598,District-Alappuzha,Total,60-69,838,423,415,176,61,115,114,50,64,41,25,16,263,157,106,9,5,4,57,23,34,103,53,50,75,49,26
C5020SC,32,598,District-Alappuzha,Total,70-79,563,247,316,149,58,91,97,39,58,19,9,10,129,70,59,8,3,5,22,5,17,60,26,34,79,37,42
C5020SC,32,598,District-Alappuzha,Total,80-89,307,112,195,90,27,63,50,18,32,7,2,5,60,28,32,6,1,5,14,3,11,32,11,21,48,22,26
C5020SC,32,598,District-Alappuzha,Total,90+,73,22,51,16,2,14,17,5,12,1,0,1,11,5,6,0,0,0,3,1,2,6,3,3,19,6,13
C5020SC,32,598,District-Alappuzha,Total,Age Not Stated,6,2,4,0,0,0,2,1,1,0,0,0,1,0,1,1,0,1,1,0,1,1,1,0,0,0,0
C5020SC,32,598,District-Alappuzha,Rural,Total,3342,1719,1623,512,200,312,511,218,293,173,97,76,823,502,321,217,117,100,215,99,116,468,251,217,423,235,188
C5020SC,32,598,District-Alappuzha,Rural,0-4,73,33,40,8,3,5,18,7,11,2,1,1,13,7,6,4,0,4,0,0,0,21,12,9,7,3,4
C5020SC,32,598,District-Alappuzha,Rural,5-9,113,59,54,12,4,8,17,6,11,17,10,7,13,7,6,16,9,7,0,0,0,17,10,7,21,13,8
C5020SC,32,598,District-Alappuzha,Rural,10-19,297,173,124,20,10,10,52,19,33,16,12,4,50,31,19,55,38,17,4,2,2,48,26,22,52,35,17
C5020SC,32,598,District-Alappuzha,Rural,20-29,370,211,159,23,8,15,64,30,34,30,15,15,59,43,16,58,30,28,23,15,8,64,43,21,49,27,22
C5020SC,32,598,District-Alappuzha,Rural,30-39,466,252,214,30,13,17,64,32,32,38,23,15,139,83,56,33,14,19,45,25,20,60,33,27,57,29,28
C5020SC,32,598,District-Alappuzha,Rural,40-49,519,280,239,84,40,44,76,28,48,15,9,6,150,100,50,25,13,12,48,22,26,70,37,33,51,31,20
C5020SC,32,598,District-Alappuzha,Rural,50-59,534,281,253,90,39,51,67,31,36,27,15,12,147,87,60,11,8,3,42,20,22,89,48,41,61,33,28
C5020SC,32,598,District-Alappuzha,Rural,60-69,458,215,243,98,32,66,64,31,33,18,9,9,154,89,65,5,2,3,27,10,17,52,20,32,40,22,18
C5020SC,32,598,District-Alappuzha,Rural,70-79,287,133,154,77,31,46,49,21,28,6,2,4,60,36,24,3,2,1,14,3,11,30,14,16,48,24,24
C5020SC,32,598,District-Alappuzha,Rural,80-89,178,69,109,58,19,39,29,9,20,3,1,2,30,16,14,6,1,5,10,2,8,14,6,8,28,15,13
C5020SC,32,598,District-Alappuzha,Rural,90+,44,11,33,12,1,11,10,3,7,1,0,1,8,3,5,0,0,0,2,0,2,2,1,1,9,3,6
C5020SC,32,598,District-Alappuzha,Rural,Age Not Stated,3,2,1,0,0,0,1,1,0,0,0,0,0,0,0,1,0,1,0,0,0,1,1,0,0,0,0
C5020SC,32,598,District-Alappuzha,Urban,Total,2751,1420,1331,402,181,221,422,189,233,254,123,131,622,378,244,174,97,77,176,86,90,407,221,186,294,145,149
C5020SC,32,598,District-Alappuzha,Urban,0-4,57,33,24,2,1,1,8,4,4,6,4,2,10,7,3,3,1,2,1,0,1,23,13,10,4,3,1
C5020SC,32,598,District-Alappuzha,Urban,5-9,98,59,39,7,4,3,23,15,8,23,11,12,10,8,2,8,5,3,0,0,0,11,8,3,16,8,8
C5020SC,32,598,District-Alappuzha,Urban,10-19,249,131,118,26,13,13,33,16,17,39,15,24,27,18,9,51,27,24,3,2,1,38,28,10,32,12,20
C5020SC,32,598,District-Alappuzha,Urban,20-29,317,168,149,21,15,6,46,22,24,37,15,22,60,32,28,42,30,12,19,10,9,51,28,23,41,16,25
C5020SC,32,598,District-Alappuzha,Urban,30-39,364,188,176,26,17,9,67,29,38,48,20,28,75,47,28,34,17,17,34,18,16,44,23,21,36,17,19
C5020SC,32,598,District-Alappuzha,Urban,40-49,428,237,191,63,34,29,65,29,36,39,23,16,92,63,29,17,9,8,35,20,15,81,40,41,36,19,17
C5020SC,32,598,District-Alappuzha,Urban,50-59,421,228,193,71,32,39,53,26,27,22,11,11,136,87,49,10,4,6,40,19,21,56,29,27,33,20,13
C5020SC,32,598,District-Alappuzha,Urban,60-69,380,208,172,78,29,49,50,19,31,23,16,7,109,68,41,4,3,1,30,13,17,51,33,18,35,27,8
C5020SC,32,598,District-Alappuzha,Urban,70-79,276,114,162,72,27,45,48,18,30,13,7,6,69,34,35,5,1,4,8,2,6,30,12,18,31,13,18
C5020SC,32,598,District-Alappuzha,Urban,80-89,129,43,86,32,8,24,21,9,12,4,1,3,30,12,18,0,0,0,4,1,3,18,5,13,20,7,13
C5020SC,32,598,District-Alappuzha,Urban,90+,29,11,18,4,1,3,7,2,5,0,0,0,3,2,1,0,0,0,1,1,0,4,2,2,10,3,7
C5020SC,32,598,District-Alappuzha,Urban,Age Not Stated,3,0,3,0,0,0,1,0,1,0,0,0,1,0,1,0,0,0,1,0,1,0,0,0,0,0,0
C5020SC,32,599,District-Pathanamthitta,Total,Total,4495,2355,2140,519,247,272,647,260,387,324,183,141,1067,687,380,271,142,129,366,185,181,789,408,381,512,243,269
C5020SC,32,599,District-Pathanamthitta,Total,0-4,75,41,34,3,2,1,14,7,7,2,2,0,12,9,3,2,0,2,0,0,0,32,18,14,10,3,7
C5020SC,32,599,District-Pathanamthitta,Total,5-9,137,73,64,16,7,9,16,5,11,24,12,12,16,12,4,16,10,6,0,0,0,29,15,14,20,12,8
C5020SC,32,599,District-Pathanamthitta,Total,10-19,409,235,174,46,23,23,47,21,26,57,35,22,46,33,13,77,44,33,6,4,2,65,33,32,65,42,23
C5020SC,32,599,District-Pathanamthitta,Total,20-29,567,305,262,23,17,6,72,33,39,54,28,26,98,56,42,66,41,25,43,26,17,122,65,57,89,39,50
C5020SC,32,599,District-Pathanamthitta,Total,30-39,669,366,303,45,27,18,73,24,49,43,21,22,164,111,53,61,31,30,88,43,45,130,76,54,65,33,32
C5020SC,32,599,District-Pathanamthitta,Total,40-49,726,410,316,75,41,34,88,44,44,55,32,23,219,152,67,26,7,19,85,47,38,128,63,65,50,24,26
C5020SC,32,599,District-Pathanamthitta,Total,50-59,670,373,297,71,41,30,83,29,54,43,29,14,203,137,66,12,4,8,81,46,35,122,60,62,55,27,28
C5020SC,32,599,District-Pathanamthitta,Total,60-69,553,284,269,98,40,58,92,40,52,23,14,9,163,105,58,9,5,4,33,12,21,86,48,38,49,20,29
C5020SC,32,599,District-Pathanamthitta,Total,70-79,400,154,246,79,28,51,86,28,58,17,6,11,103,50,53,1,0,1,20,7,13,57,22,35,37,13,24
C5020SC,32,599,District-Pathanamthitta,Total,80-89,210,89,121,44,14,30,59,26,33,3,3,0,35,20,15,1,0,1,8,0,8,17,8,9,43,18,25
C5020SC,32,599,District-Pathanamthitta,Total,90+,76,24,52,18,6,12,17,3,14,3,1,2,7,2,5,0,0,0,2,0,2,1,0,1,28,12,16
C5020SC,32,599,District-Pathanamthitta,Total,Age Not Stated,3,1,2,1,1,0,0,0,0,0,0,0,1,0,1,0,0,0,0,0,0,0,0,0,1,0,1
C5020SC,32,599,District-Pathanamthitta,Rural,Total,4200,2182,2018,483,226,257,620,248,372,311,176,135,995,637,358,243,125,118,328,166,162,735,375,360,485,229,256
C5020SC,32,599,District-Pathanamthitta,Rural,0-4,70,39,31,2,1,1,13,7,6,2,2,0,12,9,3,2,0,2,0,0,0,29,17,12,10,3,7
C5020SC,32,599,District-Pathanamthitta,Rural,5-9,132,71,61,16,7,9,16,5,11,24,12,12,15,11,4,15,10,5,0,0,0,26,14,12,20,12,8
C5020SC,32,599,District-Pathanamthitta,Rural,10-19,378,217,161,44,22,22,44,19,25,54,33,21,43,31,12,69,39,30,5,3,2,57,29,28,62,41,21
C5020SC,32,599,District-Pathanamthitta,Rural,20-29,531,281,250,22,16,6,70,33,37,52,27,25,92,53,39,57,34,23,38,23,15,115,60,55,85,35,50
C5020SC,32,599,District-Pathanamthitta,Rural,30-39,621,335,286,39,24,15,68,22,46,43,21,22,152,100,52,58,28,30,79,37,42,120,70,50,62,33,29
C5020SC,32,599,District-Pathanamthitta,Rural,40-49,674,380,294,69,37,32,84,42,42,52,31,21,198,138,60,23,6,17,79,46,33,123,59,64,46,21,25
C5020SC,32,599,District-Pathanamthitta,Rural,50-59,627,347,280,68,39,29,81,28,53,39,26,13,190,128,62,10,4,6,72,40,32,114,56,58,53,26,27
C5020SC,32,599,District-Pathanamthitta,Rural,60-69,517,263,254,91,36,55,87,37,50,23,14,9,155,101,54,8,4,4,28,10,18,79,43,36,46,18,28
C5020SC,32,599,District-Pathanamthitta,Rural,70-79,381,143,238,73,25,48,85,28,57,16,6,10,97,45,52,1,0,1,19,7,12,55,20,35,35,12,23
C5020SC,32,599,District-Pathanamthitta,Rural,80-89,194,83,111,41,13,28,56,24,32,3,3,0,33,19,14,0,0,0,6,0,6,16,7,9,39,17,22
C5020SC,32,599,District-Pathanamthitta,Rural,90+,73,23,50,18,6,12,16,3,13,3,1,2,7,2,5,0,0,0,2,0,2,1,0,1,26,11,15
C5020SC,32,599,District-Pathanamthitta,Rural,Age Not Stated,2,0,2,0,0,0,0,0,0,0,0,0,1,0,1,0,0,0,0,0,0,0,0,0,1,0,1
C5020SC,32,599,District-Pathanamthitta,Urban,Total,295,173,122,36,21,15,27,12,15,13,7,6,72,50,22,28,17,11,38,19,19,54,33,21,27,14,13
C5020SC,32,599,District-Pathanamthitta,Urban,0-4,5,2,3,1,1,0,1,0,1,0,0,0,0,0,0,0,0,0,0,0,0,3,1,2,0,0,0
C5020SC,32,599,District-Pathanamthitta,Urban,5-9,5,2,3,0,0,0,0,0,0,0,0,0,1,1,0,1,0,1,0,0,0,3,1,2,0,0,0
C5020SC,32,599,District-Pathanamthitta,Urban,10-19,31,18,13,2,1,1,3,2,1,3,2,1,3,2,1,8,5,3,1,1,0,8,4,4,3,1,2
C5020SC,32,599,District-Pathanamthitta,Urban,20-29,36,24,12,1,1,0,2,0,2,2,1,1,6,3,3,9,7,2,5,3,2,7,5,2,4,4,0
C5020SC,32,599,District-Pathanamthitta,Urban,30-39,48,31,17,6,3,3,5,2,3,0,0,0,12,11,1,3,3,0,9,6,3,10,6,4,3,0,3
C5020SC,32,599,District-Pathanamthitta,Urban,40-49,52,30,22,6,4,2,4,2,2,3,1,2,21,14,7,3,1,2,6,1,5,5,4,1,4,3,1
C5020SC,32,599,District-Pathanamthitta,Urban,50-59,43,26,17,3,2,1,2,1,1,4,3,1,13,9,4,2,0,2,9,6,3,8,4,4,2,1,1
C5020SC,32,599,District-Pathanamthitta,Urban,60-69,36,21,15,7,4,3,5,3,2,0,0,0,8,4,4,1,1,0,5,2,3,7,5,2,3,2,1
C5020SC,32,599,District-Pathanamthitta,Urban,70-79,19,11,8,6,3,3,1,0,1,1,0,1,6,5,1,0,0,0,1,0,1,2,2,0,2,1,1
C5020SC,32,599,District-Pathanamthitta,Urban,80-89,16,6,10,3,1,2,3,2,1,0,0,0,2,1,1,1,0,1,2,0,2,1,1,0,4,1,3
C5020SC,32,599,District-Pathanamthitta,Urban,90+,3,1,2,0,0,0,1,0,1,0,0,0,0,0,0,0,0,0,0,0,0,0,0,0,2,1,1
C5020SC,32,599,District-Pathanamthitta,Urban,Age Not Stated,1,1,0,1,1,0,0,0,0,0,0,0,0,0,0,0,0,0,0,0,0,0,0,0,0,0,0
C5020SC,32,600,District-Kollam,Total,Total,8631,4382,4249,1312,573,739,1232,533,699,647,333,314,2073,1259,814,650,352,298,643,263,380,1126,583,543,948,486,462
C5020SC,32,600,District-Kollam,Total,0-4,169,90,79,20,6,14,30,16,14,14,4,10,25,20,5,9,2,7,0,0,0,52,32,20,19,10,9
C5020SC,32,600,District-Kollam,Total,5-9,276,166,110,32,19,13,51,30,21,45,25,20,34,30,4,34,21,13,0,0,0,37,19,18,43,22,21
C5020SC,32,600,District-Kollam,Total,10-19,815,446,369,70,36,34,129,76,53,120,57,63,106,61,45,157,102,55,13,7,6,95,44,51,125,63,62
C5020SC,32,600,District-Kollam,Total,20-29,1150,617,533,87,44,43,137,57,80,108,56,52,259,156,103,156,85,71,77,34,43,180,96,84,146,89,57
C5020SC,32,600,District-Kollam,Total,30-39,1376,732,644,104,52,52,181,82,99,103,49,54,372,235,137,138,69,69,138,71,67,187,89,98,153,85,68
C5020SC,32,600,District-Kollam,Total,40-49,1391,730,661,178,89,89,178,64,114,100,55,45,362,225,137,83,39,44,169,79,90,210,115,95,111,64,47
C5020SC,32,600,District-Kollam,Total,50-59,1190,617,573,196,91,105,148,65,83,62,35,27,385,238,147,41,20,21,127,43,84,159,85,74,72,40,32
C5020SC,32,600,District-Kollam,Total,60-69,1067,509,558,268,106,162,163,60,103,54,31,23,297,178,119,19,9,10,71,18,53,104,54,50,91,53,38
C5020SC,32,600,District-Kollam,Total,70-79,722,321,401,225,84,141,119,53,66,28,14,14,159,90,69,7,2,5,35,10,25,70,35,35,79,33,46
C5020SC,32,600,District-Kollam,Total,80-89,386,131,255,111,39,72,77,26,51,9,5,4,62,24,38,5,2,3,10,1,9,24,10,14,88,24,64
C5020SC,32,600,District-Kollam,Total,90+,83,18,65,21,7,14,19,4,15,2,0,2,11,1,10,0,0,0,2,0,2,7,3,4,21,3,18
C5020SC,32,600,District-Kollam,Total,Age Not Stated,6,5,1,0,0,0,0,0,0,2,2,0,1,1,0,1,1,0,1,0,1,1,1,0,0,0,0
C5020SC,32,600,District-Kollam,Rural,Total,5729,2879,2850,954,414,540,817,342,475,404,205,199,1339,823,516,394,212,182,422,169,253,759,394,365,640,320,320
C5020SC,32,600,District-Kollam,Rural,0-4,107,54,53,17,5,12,15,9,6,7,1,6,22,18,4,6,0,6,0,0,0,27,15,12,13,6,7
C5020SC,32,600,District-Kollam,Rural,5-9,182,105,77,23,12,11,39,20,19,29,17,12,21,19,2,19,10,9,0,0,0,24,13,11,27,14,13
C5020SC,32,600,District-Kollam,Rural,10-19,539,297,242,47,24,23,95,53,42,78,38,40,72,41,31,99,68,31,5,1,4,63,29,34,80,43,37
C5020SC,32,600,District-Kollam,Rural,20-29,735,385,350,56,30,26,83,33,50,70,37,33,162,97,65,91,48,43,49,20,29,126,66,60,98,54,44
C5020SC,32,600,District-Kollam,Rural,30-39,867,459,408,76,36,40,110,46,64,64,31,33,228,141,87,84,42,42,87,49,38,121,65,56,97,49,48
C5020SC,32,600,District-Kollam,Rural,40-49,914,480,434,126,63,63,120,41,79,58,29,29,241,163,78,51,25,26,112,53,59,139,69,70,67,37,30
C5020SC,32,600,District-Kollam,Rural,50-59,776,399,377,131,64,67,87,40,47,36,19,17,246,148,98,25,12,13,90,30,60,106,56,50,55,30,25
C5020SC,32,600,District-Kollam,Rural,60-69,764,357,407,216,83,133,117,44,73,33,19,14,201,120,81,8,3,5,47,10,37,75,40,35,67,38,29
C5020SC,32,600,District-Kollam,Rural,70-79,502,230,272,168,65,103,77,33,44,19,8,11,104,61,43,7,2,5,23,6,17,51,28,23,53,27,26
C5020SC,32,600,District-Kollam,Rural,80-89,277,95,182,77,25,52,58,20,38,6,4,2,35,14,21,4,2,2,6,0,6,21,10,11,70,20,50
C5020SC,32,600,District-Kollam,Rural,90+,61,14,47,17,7,10,16,3,13,2,0,2,6,0,6,0,0,0,2,0,2,5,2,3,13,2,11
C5020SC,32,600,District-Kollam,Rural,Age Not Stated,5,4,1,0,0,0,0,0,0,2,2,0,1,1,0,0,0,0,1,0,1,1,1,0,0,0,0
C5020SC,32,600,District-Kollam,Urban,Total,2902,1503,1399,358,159,199,415,191,224,243,128,115,734,436,298,256,140,116,221,94,127,367,189,178,308,166,142
C5020SC,32,600,District-Kollam,Urban,0-4,62,36,26,3,1,2,15,7,8,7,3,4,3,2,1,3,2,1,0,0,0,25,17,8,6,4,2
C5020SC,32,600,District-Kollam,Urban,5-9,94,61,33,9,7,2,12,10,2,16,8,8,13,11,2,15,11,4,0,0,0,13,6,7,16,8,8
C5020SC,32,600,District-Kollam,Urban,10-19,276,149,127,23,12,11,34,23,11,42,19,23,34,20,14,58,34,24,8,6,2,32,15,17,45,20,25
C5020SC,32,600,District-Kollam,Urban,20-29,415,232,183,31,14,17,54,24,30,38,19,19,97,59,38,65,37,28,28,14,14,54,30,24,48,35,13
C5020SC,32,600,District-Kollam,Urban,30-39,509,273,236,28,16,12,71,36,35,39,18,21,144,94,50,54,27,27,51,22,29,66,24,42,56,36,20
C5020SC,32,600,District-Kollam,Urban,40-49,477,250,227,52,26,26,58,23,35,42,26,16,121,62,59,32,14,18,57,26,31,71,46,25,44,27,17
C5020SC,32,600,District-Kollam,Urban,50-59,414,218,196,65,27,38,61,25,36,26,16,10,139,90,49,16,8,8,37,13,24,53,29,24,17,10,7
C5020SC,32,600,District-Kollam,Urban,60-69,303,152,151,52,23,29,46,16,30,21,12,9,96,58,38,11,6,5,24,8,16,29,14,15,24,15,9
C5020SC,32,600,District-Kollam,Urban,70-79,220,91,129,57,19,38,42,20,22,9,6,3,55,29,26,0,0,0,12,4,8,19,7,12,26,6,20
C5020SC,32,600,District-Kollam,Urban,80-89,109,36,73,34,14,20,19,6,13,3,1,2,27,10,17,1,0,1,4,1,3,3,0,3,18,4,14
C5020SC,32,600,District-Kollam,Urban,90+,22,4,18,4,0,4,3,1,2,0,0,0,5,1,4,0,0,0,0,0,0,2,1,1,8,1,7
C5020SC,32,600,District-Kollam,Urban,Age Not Stated,1,1,0,0,0,0,0,0,0,0,0,0,0,0,0,1,1,0,0,0,0,0,0,0,0,0,0
C5020SC,32,601,District-Thiruvananthapuram,Total,Total,10318,5223,5095,1534,695,839,1464,643,821,738,408,330,2394,1385,1009,671,350,321,852,386,466,1588,811,777,1077,545,532
C5020SC,32,601,District-Thiruvananthapuram,Total,0-4,229,125,104,26,15,11,55,28,27,13,8,5,25,16,9,8,3,5,0,0,0,71,39,32,31,16,15
C5020SC,32,601,District-Thiruvananthapuram,Total,5-9,365,194,171,41,21,20,64,34,30,45,27,18,42,20,22,46,25,21,1,0,1,63,34,29,63,33,30
C5020SC,32,601,District-Thiruvananthapuram,Total,10-19,1009,564,445,117,65,52,158,81,77,108,65,43,109,71,38,170,92,78,30,18,12,172,98,74,145,74,71
C5020SC,32,601,District-Thiruvananthapuram,Total,20-29,1422,773,649,105,51,54,199,91,108,136,81,55,311,185,126,167,97,70,105,58,47,248,125,123,151,85,66
C5020SC,32,601,District-Thiruvananthapuram,Total,30-39,1566,813,753,147,70,77,215,94,121,115,61,54,388,220,168,125,55,70,197,109,88,234,122,112,145,82,63
C5020SC,32,601,District-Thiruvananthapuram,Total,40-49,1622,868,754,201,98,103,207,89,118,122,55,67,434,277,157,86,50,36,208,92,116,250,135,115,114,72,42
C5020SC,32,601,District-Thiruvananthapuram,Total,50-59,1522,787,735,262,125,137,185,72,113,106,63,43,460,277,183,34,13,21,146,61,85,234,117,117,95,59,36
C5020SC,32,601,District-Thiruvananthapuram,Total,60-69,1329,613,716,312,125,187,174,78,96,52,26,26,371,205,166,23,12,11,110,35,75,171,81,90,116,51,65
C5020SC,32,601,District-Thiruvananthapuram,Total,70-79,780,320,460,215,85,130,113,43,70,32,17,15,166,79,87,8,2,6,38,10,28,99,44,55,109,40,69
C5020SC,32,601,District-Thiruvananthapuram,Total,80-89,363,140,223,82,34,48,77,26,51,7,5,2,72,32,40,3,1,2,11,1,10,35,14,21,76,27,49
C5020SC,32,601,District-Thiruvananthapuram,Total,90+,99,21,78,23,6,17,17,7,10,1,0,1,14,1,13,0,0,0,4,1,3,8,0,8,32,6,26
C5020SC,32,601,District-Thiruvananthapuram,Total,Age Not Stated,12,5,7,3,0,3,0,0,0,1,0,1,2,2,0,1,0,1,2,1,1,3,2,1,0,0,0
C5020SC,32,601,District-Thiruvananthapuram,Rural,Total,5080,2543,2537,766,330,436,778,346,432,337,178,159,1142,669,473,315,162,153,450,196,254,750,398,352,542,264,278
C5020SC,32,601,District-Thiruvananthapuram,Rural,0-4,131,76,55,18,11,7,34,19,15,9,4,5,14,10,4,5,3,2,0,0,0,33,21,12,18,8,10
C5020SC,32,601,District-Thiruvananthapuram,Rural,5-9,186,101,85,18,10,8,43,25,18,18,11,7,23,16,7,26,10,16,0,0,0,27,14,13,31,15,16
C5020SC,32,601,District-Thiruvananthapuram,Rural,10-19,470,254,216,50,28,22,76,37,39,50,29,21,51,31,20,71,38,33,12,7,5,85,52,33,75,32,43
C5020SC,32,601,District-Thiruvananthapuram,Rural,20-29,737,395,342,56,24,32,127,57,70,63,35,28,163,98,65,78,43,35,51,28,23,126,67,59,73,43,30
C5020SC,32,601,District-Thiruvananthapuram,Rural,30-39,750,399,351,57,22,35,103,51,52,49,27,22,176,100,76,65,33,32,111,61,50,107,54,53,82,51,31
C5020SC,32,601,District-Thiruvananthapuram,Rural,40-49,776,411,365,107,56,51,98,40,58,51,20,31,210,135,75,42,27,15,108,41,67,107,59,48,53,33,20
C5020SC,32,601,District-Thiruvananthapuram,Rural,50-59,729,373,356,136,59,77,95,39,56,49,28,21,207,125,82,10,2,8,76,34,42,110,57,53,46,29,17
C5020SC,32,601,District-Thiruvananthapuram,Rural,60-69,658,297,361,160,63,97,96,42,54,27,14,13,181,97,84,13,6,7,62,18,44,77,42,35,42,15,27
C5020SC,32,601,District-Thiruvananthapuram,Rural,70-79,395,155,240,106,38,68,57,19,38,17,8,9,73,38,35,3,0,3,22,6,16,54,24,30,63,22,41
C5020SC,32,601,District-Thiruvananthapuram,Rural,80-89,182,68,114,42,15,27,42,15,27,2,2,0,33,16,17,1,0,1,7,1,6,17,7,10,38,12,26
C5020SC,32,601,District-Thiruvananthapuram,Rural,90+,59,11,48,16,4,12,7,2,5,1,0,1,9,1,8,0,0,0,0,0,0,5,0,5,21,4,17
C5020SC,32,601,District-Thiruvananthapuram,Rural,Age Not Stated,7,3,4,0,0,0,0,0,0,1,0,1,2,2,0,1,0,1,1,0,1,2,1,1,0,0,0
C5020SC,32,601,District-Thiruvananthapuram,Urban,Total,5238,2680,2558,768,365,403,686,297,389,401,230,171,1252,716,536,356,188,168,402,190,212,838,413,425,535,281,254
C5020SC,32,601,District-Thiruvananthapuram,Urban,0-4,98,49,49,8,4,4,21,9,12,4,4,0,11,6,5,3,0,3,0,0,0,38,18,20,13,8,5
C5020SC,32,601,District-Thiruvananthapuram,Urban,5-9,179,93,86,23,11,12,21,9,12,27,16,11,19,4,15,20,15,5,1,0,1,36,20,16,32,18,14
C5020SC,32,601,District-Thiruvananthapuram,Urban,10-19,539,310,229,67,37,30,82,44,38,58,36,22,58,40,18,99,54,45,18,11,7,87,46,41,70,42,28
C5020SC,32,601,District-Thiruvananthapuram,Urban,20-29,685,378,307,49,27,22,72,34,38,73,46,27,148,87,61,89,54,35,54,30,24,122,58,64,78,42,36
C5020SC,32,601,District-Thiruvananthapuram,Urban,30-39,816,414,402,90,48,42,112,43,69,66,34,32,212,120,92,60,22,38,86,48,38,127,68,59,63,31,32
C5020SC,32,601,District-Thiruvananthapuram,Urban,40-49,846,457,389,94,42,52,109,49,60,71,35,36,224,142,82,44,23,21,100,51,49,143,76,67,61,39,22
C5020SC,32,601,District-Thiruvananthapuram,Urban,50-59,793,414,379,126,66,60,90,33,57,57,35,22,253,152,101,24,11,13,70,27,43,124,60,64,49,30,19
C5020SC,32,601,District-Thiruvananthapuram,Urban,60-69,671,316,355,152,62,90,78,36,42,25,12,13,190,108,82,10,6,4,48,17,31,94,39,55,74,36,38
C5020SC,32,601,District-Thiruvananthapuram,Urban,70-79,385,165,220,109,47,62,56,24,32,15,9,6,93,41,52,5,2,3,16,4,12,45,20,25,46,18,28
C5020SC,32,601,District-Thiruvananthapuram,Urban,80-89,181,72,109,40,19,21,35,11,24,5,3,2,39,16,23,2,1,1,4,0,4,18,7,11,38,15,23
C5020SC,32,601,District-Thiruvananthapuram,Urban,90+,40,10,30,7,2,5,10,5,5,0,0,0,5,0,5,0,0,0,4,1,3,3,0,3,11,2,9
C5020SC,32,601,District-Thiruvananthapuram,Urban,Age Not Stated,5,2,3,3,0,3,0,0,0,0,0,0,0,0,0,0,0,0,1,1,0,1,1,0,0,0,0
C5020SC,33,0,State-TAMIL NADU,Total,Total,254486,141301,113185,30320,15931,14389,43752,21842,21910,16431,9145,7286,61126,37849,23277,18942,10216,8726,5795,2950,2845,58615,32344,26271,19505,11024,8481
C5020SC,33,0,State-TAMIL NADU,Total,0-4,9506,5100,4406,944,478,466,1973,982,991,199,134,65,1105,652,453,865,466,399,30,18,12,3580,1932,1648,810,438,372
C5020SC,33,0,State-TAMIL NADU,Total,5-9,16348,9082,7266,1454,792,662,2404,1203,1201,1737,1033,704,2071,1271,800,2317,1382,935,86,51,35,4071,2106,1965,2208,1244,964
C5020SC,33,0,State-TAMIL NADU,Total,10-19,41755,22862,18893,4152,2204,1948,6904,3511,3393,3933,2250,1683,6091,3642,2449,6038,3329,2709,401,216,185,9326,4910,4416,4910,2800,2110
C5020SC,33,0,State-TAMIL NADU,Total,20-29,49816,26716,23100,4351,2308,2043,7412,3605,3807,3827,2046,1781,13632,7789,5843,4443,2329,2114,1062,567,495,11246,5906,5340,3843,2166,1677
C5020SC,33,0,State-TAMIL NADU,Total,30-39,41013,22777,18236,4199,2268,1931,6671,3236,3435,2627,1378,1249,11291,7015,4276,2575,1269,1306,1483,791,692,9668,5457,4211,2499,1363,1136
C5020SC,33,0,State-TAMIL NADU,Total,40-49,34422,20145,14277,4261,2372,1889,6218,3179,3039,1916,1078,838,9162,6039,3123,1511,814,697,1338,687,651,8187,4880,3307,1829,1096,733
C5020SC,33,0,State-TAMIL NADU,Total,50-59,25649,14789,10860,3727,1917,1810,4706,2341,2365,1078,608,470,7695,5066,2629,651,358,293,753,350,403,5763,3373,2390,1276,776,500
C5020SC,33,0,State-TAMIL NADU,Total,60-69,21050,11843,9207,3876,1954,1922,4144,2065,2079,752,430,322,6199,4054,2145,350,164,186,424,180,244,4233,2389,1844,1072,607,465
C5020SC,33,0,State-TAMIL NADU,Total,70-79,10568,5810,4758,2358,1184,1174,2313,1232,1081,262,139,123,2827,1745,1082,127,69,58,165,68,97,1838,1014,824,678,359,319
C5020SC,33,0,State-TAMIL NADU,Total,80-89,3347,1671,1676,788,348,440,798,387,411,72,34,38,846,466,380,35,20,15,39,15,24,484,266,218,285,135,150
C5020SC,33,0,State-TAMIL NADU,Total,90+,712,344,368,180,89,91,156,73,83,12,5,7,159,84,75,11,7,4,8,3,5,105,52,53,81,31,50
C5020SC,33,0,State-TAMIL NADU,Total,Age Not Stated,300,162,138,30,17,13,53,28,25,16,10,6,48,26,22,19,9,10,6,4,2,114,59,55,14,9,5
C5020SC,33,0,State-TAMIL NADU,Rural,Total,168397,93614,74783,21141,11129,10012,28072,13980,14092,11329,6280,5049,41258,25632,15626,12483,6643,5840,3891,1944,1947,36703,20356,16347,13520,7650,5870
C5020SC,33,0,State-TAMIL NADU,Rural,0-4,6246,3370,2876,607,314,293,1227,590,637,141,93,48,795,467,328,610,325,285,16,9,7,2257,1243,1014,593,329,264
C5020SC,33,0,State-TAMIL NADU,Rural,5-9,11275,6269,5006,1005,536,469,1569,765,804,1262,751,511,1502,931,571,1619,955,664,57,33,24,2637,1380,1257,1624,918,706
C5020SC,33,0,State-TAMIL NADU,Rural,10-19,27880,15289,12591,2839,1526,1313,4307,2171,2136,2745,1561,1184,4335,2596,1739,4034,2213,1821,269,143,126,5976,3134,2842,3375,1945,1430
C5020SC,33,0,State-TAMIL NADU,Rural,20-29,32022,17313,14709,2865,1538,1327,4421,2158,2263,2682,1459,1223,9063,5222,3841,2867,1472,1395,742,392,350,6779,3589,3190,2603,1483,1120
C5020SC,33,0,State-TAMIL NADU,Rural,30-39,25713,14242,11471,2758,1491,1267,4092,1965,2127,1738,888,850,7153,4488,2665,1625,779,846,983,519,464,5725,3236,2489,1639,876,763
C5020SC,33,0,State-TAMIL NADU,Rural,40-49,22214,12997,9217,2862,1598,1264,3976,2041,1935,1263,699,564,6010,3974,2036,973,508,465,864,434,430,5067,3020,2047,1199,723,476
C5020SC,33,0,State-TAMIL NADU,Rural,50-59,17171,9787,7384,2675,1358,1317,3162,1551,1611,721,395,326,5149,3361,1788,396,212,184,531,237,294,3659,2142,1517,878,531,347
C5020SC,33,0,State-TAMIL NADU,Rural,60-69,15041,8465,6576,2952,1496,1456,2957,1496,1461,536,307,229,4415,2866,1549,237,115,122,285,116,169,2856,1629,1227,803,440,363
C5020SC,33,0,State-TAMIL NADU,Rural,70-79,7692,4280,3412,1812,920,892,1652,892,760,175,93,82,2061,1285,776,80,41,39,108,44,64,1281,733,548,523,272,251
C5020SC,33,0,State-TAMIL NADU,Rural,80-89,2448,1249,1199,619,277,342,566,283,283,42,22,20,627,354,273,19,12,7,28,12,16,336,189,147,211,100,111
C5020SC,33,0,State-TAMIL NADU,Rural,90+,510,258,252,128,65,63,114,53,61,9,3,6,117,72,45,7,5,2,4,2,2,69,33,36,62,25,37
C5020SC,33,0,State-TAMIL NADU,Rural,Age Not Stated,185,95,90,19,10,9,29,15,14,15,9,6,31,16,15,16,6,10,4,3,1,61,28,33,10,8,2
C5020SC,33,0,State-TAMIL NADU,Urban,Total,86089,47687,38402,9179,4802,4377,15680,7862,7818,5102,2865,2237,19868,12217,7651,6459,3573,2886,1904,1006,898,21912,11988,9924,5985,3374,2611
C5020SC,33,0,State-TAMIL NADU,Urban,0-4,3260,1730,1530,337,164,173,746,392,354,58,41,17,310,185,125,255,141,114,14,9,5,1323,689,634,217,109,108
C5020SC,33,0,State-TAMIL NADU,Urban,5-9,5073,2813,2260,449,256,193,835,438,397,475,282,193,569,340,229,698,427,271,29,18,11,1434,726,708,584,326,258
C5020SC,33,0,State-TAMIL NADU,Urban,10-19,13875,7573,6302,1313,678,635,2597,1340,1257,1188,689,499,1756,1046,710,2004,1116,888,132,73,59,3350,1776,1574,1535,855,680
C5020SC,33,0,State-TAMIL NADU,Urban,20-29,17794,9403,8391,1486,770,716,2991,1447,1544,1145,587,558,4569,2567,2002,1576,857,719,320,175,145,4467,2317,2150,1240,683,557
C5020SC,33,0,State-TAMIL NADU,Urban,30-39,15300,8535,6765,1441,777,664,2579,1271,1308,889,490,399,4138,2527,1611,950,490,460,500,272,228,3943,2221,1722,860,487,373
C5020SC,33,0,State-TAMIL NADU,Urban,40-49,12208,7148,5060,1399,774,625,2242,1138,1104,653,379,274,3152,2065,1087,538,306,232,474,253,221,3120,1860,1260,630,373,257
C5020SC,33,0,State-TAMIL NADU,Urban,50-59,8478,5002,3476,1052,559,493,1544,790,754,357,213,144,2546,1705,841,255,146,109,222,113,109,2104,1231,873,398,245,153
C5020SC,33,0,State-TAMIL NADU,Urban,60-69,6009,3378,2631,924,458,466,1187,569,618,216,123,93,1784,1188,596,113,49,64,139,64,75,1377,760,617,269,167,102
C5020SC,33,0,State-TAMIL NADU,Urban,70-79,2876,1530,1346,546,264,282,661,340,321,87,46,41,766,460,306,47,28,19,57,24,33,557,281,276,155,87,68
C5020SC,33,0,State-TAMIL NADU,Urban,80-89,899,422,477,169,71,98,232,104,128,30,12,18,219,112,107,16,8,8,11,3,8,148,77,71,74,35,39
C5020SC,33,0,State-TAMIL NADU,Urban,90+,202,86,116,52,24,28,42,20,22,3,2,1,42,12,30,4,2,2,4,1,3,36,19,17,19,6,13
C5020SC,33,0,State-TAMIL NADU,Urban,Age Not Stated,115,67,48,11,7,4,24,13,11,1,1,0,17,10,7,3,3,0,2,1,1,53,31,22,4,1,3
C5020SC,33,602,District-Thiruvallur,Total,Total,16509,8870,7639,1908,942,966,3391,1588,1803,811,435,376,3160,1989,1171,902,478,424,284,142,142,4867,2622,2245,1186,674,512
C5020SC,33,602,District-Thiruvallur,Total,0-4,660,339,321,68,34,34,175,80,95,10,6,4,54,30,24,43,25,18,2,1,1,259,132,127,49,31,18
C5020SC,33,602,District-Thiruvallur,Total,5-9,991,527,464,73,36,37,209,105,104,87,52,35,71,43,28,113,69,44,3,2,1,307,149,158,128,71,57
C5020SC,33,602,District-Thiruvallur,Total,10-19,2589,1356,1233,269,137,132,557,256,301,192,111,81,231,146,85,286,152,134,25,16,9,756,383,373,273,155,118
C5020SC,33,602,District-Thiruvallur,Total,20-29,3359,1744,1615,285,151,134,614,271,343,176,87,89,743,432,311,177,85,92,49,28,21,1066,550,516,249,140,109
C5020SC,33,602,District-Thiruvallur,Total,30-39,2983,1624,1359,286,143,143,585,263,322,132,61,71,734,455,279,146,77,69,76,34,42,853,489,364,171,102,69
C5020SC,33,602,District-Thiruvallur,Total,40-49,2299,1295,1004,279,146,133,479,234,245,99,53,46,510,337,173,84,40,44,64,30,34,675,392,283,109,63,46
C5020SC,33,602,District-Thiruvallur,Total,50-59,1721,1010,711,266,135,131,349,173,176,57,33,24,383,280,103,30,17,13,32,14,18,514,307,207,90,51,39
C5020SC,33,602,District-Thiruvallur,Total,60-69,1184,643,541,232,111,121,251,132,119,35,21,14,275,171,104,15,7,8,25,12,13,282,152,130,69,37,32
C5020SC,33,602,District-Thiruvallur,Total,70-79,517,247,270,101,36,65,129,54,75,16,8,8,119,71,48,6,5,1,8,5,3,107,52,55,31,16,15
C5020SC,33,602,District-Thiruvallur,Total,80-89,161,71,90,36,9,27,34,19,15,7,3,4,31,18,13,2,1,1,0,0,0,35,13,22,16,8,8
C5020SC,33,602,District-Thiruvallur,Total,90+,34,12,22,10,3,7,4,1,3,0,0,0,8,5,3,0,0,0,0,0,0,11,3,8,1,0,1
C5020SC,33,602,District-Thiruvallur,Total,Age Not Stated,11,2,9,3,1,2,5,0,5,0,0,0,1,1,0,0,0,0,0,0,0,2,0,2,0,0,0
C5020SC,33,602,District-Thiruvallur,Rural,Total,9578,5051,4527,1167,570,597,2023,888,1135,477,252,225,1858,1158,700,503,252,251,155,71,84,2705,1482,1223,690,378,312
C5020SC,33,602,District-Thiruvallur,Rural,0-4,356,173,183,34,18,16,99,40,59,6,3,3,33,17,16,18,8,10,0,0,0,136,69,67,30,18,12
C5020SC,33,602,District-Thiruvallur,Rural,5-9,592,308,284,47,23,24,130,58,72,55,30,25,45,29,16,75,45,30,1,1,0,166,85,81,73,37,36
C5020SC,33,602,District-Thiruvallur,Rural,10-19,1552,800,752,169,81,88,328,147,181,119,71,48,155,102,53,177,92,85,16,9,7,429,211,218,159,87,72
C5020SC,33,602,District-Thiruvallur,Rural,20-29,1921,980,941,139,82,57,360,147,213,115,56,59,436,242,194,105,43,62,27,16,11,590,312,278,149,82,67
C5020SC,33,602,District-Thiruvallur,Rural,30-39,1630,864,766,169,89,80,333,132,201,66,26,40,404,241,163,67,34,33,41,15,26,462,273,189,88,54,34
C5020SC,33,602,District-Thiruvallur,Rural,40-49,1302,744,558,159,77,82,288,134,154,51,28,23,303,211,92,40,17,23,31,13,18,372,231,141,58,33,25
C5020SC,33,602,District-Thiruvallur,Rural,50-59,1014,567,447,178,91,87,214,94,120,31,18,13,218,155,63,12,8,4,21,8,13,291,169,122,49,24,25
C5020SC,33,602,District-Thiruvallur,Rural,60-69,748,392,356,168,76,92,163,83,80,22,14,8,168,100,68,6,2,4,12,5,7,160,87,73,49,25,24
C5020SC,33,602,District-Thiruvallur,Rural,70-79,332,163,169,73,25,48,83,40,43,8,4,4,71,45,26,2,2,0,6,4,2,67,32,35,22,11,11
C5020SC,33,602,District-Thiruvallur,Rural,80-89,110,53,57,25,7,18,23,13,10,4,2,2,20,12,8,1,1,0,0,0,0,25,11,14,12,7,5
C5020SC,33,602,District-Thiruvallur,Rural,90+,16,6,10,5,1,4,1,0,1,0,0,0,4,3,1,0,0,0,0,0,0,5,2,3,1,0,1
C5020SC,33,602,District-Thiruvallur,Rural,Age Not Stated,5,1,4,1,0,1,1,0,1,0,0,0,1,1,0,0,0,0,0,0,0,2,0,2,0,0,0
C5020SC,33,602,District-Thiruvallur,Urban,Total,6931,3819,3112,741,372,369,1368,700,668,334,183,151,1302,831,471,399,226,173,129,71,58,2162,1140,1022,496,296,200
C5020SC,33,602,District-Thiruvallur,Urban,0-4,304,166,138,34,16,18,76,40,36,4,3,1,21,13,8,25,17,8,2,1,1,123,63,60,19,13,6
C5020SC,33,602,District-Thiruvallur,Urban,5-9,399,219,180,26,13,13,79,47,32,32,22,10,26,14,12,38,24,14,2,1,1,141,64,77,55,34,21
C5020SC,33,602,District-Thiruvallur,Urban,10-19,1037,556,481,100,56,44,229,109,120,73,40,33,76,44,32,109,60,49,9,7,2,327,172,155,114,68,46
C5020SC,33,602,District-Thiruvallur,Urban,20-29,1438,764,674,146,69,77,254,124,130,61,31,30,307,190,117,72,42,30,22,12,10,476,238,238,100,58,42
C5020SC,33,602,District-Thiruvallur,Urban,30-39,1353,760,593,117,54,63,252,131,121,66,35,31,330,214,116,79,43,36,35,19,16,391,216,175,83,48,35
C5020SC,33,602,District-Thiruvallur,Urban,40-49,997,551,446,120,69,51,191,100,91,48,25,23,207,126,81,44,23,21,33,17,16,303,161,142,51,30,21
C5020SC,33,602,District-Thiruvallur,Urban,50-59,707,443,264,88,44,44,135,79,56,26,15,11,165,125,40,18,9,9,11,6,5,223,138,85,41,27,14
C5020SC,33,602,District-Thiruvallur,Urban,60-69,436,251,185,64,35,29,88,49,39,13,7,6,107,71,36,9,5,4,13,7,6,122,65,57,20,12,8
C5020SC,33,602,District-Thiruvallur,Urban,70-79,185,84,101,28,11,17,46,14,32,8,4,4,48,26,22,4,3,1,2,1,1,40,20,20,9,5,4
C5020SC,33,602,District-Thiruvallur,Urban,80-89,51,18,33,11,2,9,11,6,5,3,1,2,11,6,5,1,0,1,0,0,0,10,2,8,4,1,3
C5020SC,33,602,District-Thiruvallur,Urban,90+,18,6,12,5,2,3,3,1,2,0,0,0,4,2,2,0,0,0,0,0,0,6,1,5,0,0,0
C5020SC,33,602,District-Thiruvallur,Urban,Age Not Stated,6,1,5,2,1,1,4,0,4,0,0,0,0,0,0,0,0,0,0,0,0,0,0,0,0,0,0
C5020SC,33,603,District-Chennai,Total,Total,16326,8907,7419,1661,868,793,3588,1775,1813,672,404,268,2985,1795,1190,903,490,413,278,170,108,5313,2899,2414,926,506,420
C5020SC,33,603,District-Chennai,Total,0-4,775,405,370,83,39,44,218,109,109,8,4,4,48,23,25,43,27,16,4,2,2,334,188,146,37,13,24
C5020SC,33,603,District-Chennai,Total,5-9,946,517,429,92,53,39,234,123,111,59,31,28,49,25,24,93,57,36,5,4,1,337,173,164,77,51,26
C5020SC,33,603,District-Chennai,Total,10-19,2418,1277,1141,245,128,117,578,281,297,130,89,41,222,118,104,238,133,105,17,10,7,793,428,365,195,90,105
C5020SC,33,603,District-Chennai,Total,20-29,3531,1833,1698,318,171,147,733,349,384,168,87,81,661,360,301,226,113,113,50,30,20,1177,609,568,198,114,84
C5020SC,33,603,District-Chennai,Total,30-39,3161,1786,1375,265,143,122,647,329,318,121,80,41,765,470,295,145,75,70,71,45,26,984,554,430,163,90,73
C5020SC,33,603,District-Chennai,Total,40-49,2353,1380,973,249,139,110,494,259,235,97,59,38,478,314,164,90,49,41,70,45,25,756,447,309,119,68,51
C5020SC,33,603,District-Chennai,Total,50-59,1548,895,653,163,83,80,343,181,162,53,34,19,380,258,122,44,25,19,35,21,14,474,264,210,56,29,27
C5020SC,33,603,District-Chennai,Total,60-69,940,501,439,137,65,72,197,82,115,22,11,11,248,156,92,19,8,11,16,9,7,259,142,117,42,28,14
C5020SC,33,603,District-Chennai,Total,70-79,441,215,226,76,31,45,107,50,57,10,8,2,87,50,37,3,1,2,9,3,6,123,56,67,26,16,10
C5020SC,33,603,District-Chennai,Total,80-89,134,62,72,22,9,13,28,10,18,3,1,2,35,19,16,1,1,0,1,1,0,34,15,19,10,6,4
C5020SC,33,603,District-Chennai,Total,90+,32,8,24,5,3,2,6,0,6,1,0,1,9,1,8,0,0,0,0,0,0,8,3,5,3,1,2
C5020SC,33,603,District-Chennai,Total,Age Not Stated,47,28,19,6,4,2,3,2,1,0,0,0,3,1,2,1,1,0,0,0,0,34,20,14,0,0,0
C5020SC,33,603,District-Chennai,Rural,Total,0,0,0,0,0,0,0,0,0,0,0,0,0,0,0,0,0,0,0,0,0,0,0,0,0,0,0
C5020SC,33,603,District-Chennai,Rural,0-4,0,0,0,0,0,0,0,0,0,0,0,0,0,0,0,0,0,0,0,0,0,0,0,0,0,0,0
C5020SC,33,603,District-Chennai,Rural,5-9,0,0,0,0,0,0,0,0,0,0,0,0,0,0,0,0,0,0,0,0,0,0,0,0,0,0,0
C5020SC,33,603,District-Chennai,Rural,10-19,0,0,0,0,0,0,0,0,0,0,0,0,0,0,0,0,0,0,0,0,0,0,0,0,0,0,0
C5020SC,33,603,District-Chennai,Rural,20-29,0,0,0,0,0,0,0,0,0,0,0,0,0,0,0,0,0,0,0,0,0,0,0,0,0,0,0
C5020SC,33,603,District-Chennai,Rural,30-39,0,0,0,0,0,0,0,0,0,0,0,0,0,0,0,0,0,0,0,0,0,0,0,0,0,0,0
C5020SC,33,603,District-Chennai,Rural,40-49,0,0,0,0,0,0,0,0,0,0,0,0,0,0,0,0,0,0,0,0,0,0,0,0,0,0,0
C5020SC,33,603,District-Chennai,Rural,50-59,0,0,0,0,0,0,0,0,0,0,0,0,0,0,0,0,0,0,0,0,0,0,0,0,0,0,0
C5020SC,33,603,District-Chennai,Rural,60-69,0,0,0,0,0,0,0,0,0,0,0,0,0,0,0,0,0,0,0,0,0,0,0,0,0,0,0
C5020SC,33,603,District-Chennai,Rural,70-79,0,0,0,0,0,0,0,0,0,0,0,0,0,0,0,0,0,0,0,0,0,0,0,0,0,0,0
C5020SC,33,603,District-Chennai,Rural,80-89,0,0,0,0,0,0,0,0,0,0,0,0,0,0,0,0,0,0,0,0,0,0,0,0,0,0,0
C5020SC,33,603,District-Chennai,Rural,90+,0,0,0,0,0,0,0,0,0,0,0,0,0,0,0,0,0,0,0,0,0,0,0,0,0,0,0
C5020SC,33,603,District-Chennai,Rural,Age Not Stated,0,0,0,0,0,0,0,0,0,0,0,0,0,0,0,0,0,0,0,0,0,0,0,0,0,0,0
C5020SC,33,603,District-Chennai,Urban,Total,16326,8907,7419,1661,868,793,3588,1775,1813,672,404,268,2985,1795,1190,903,490,413,278,170,108,5313,2899,2414,926,506,420
C5020SC,33,603,District-Chennai,Urban,0-4,775,405,370,83,39,44,218,109,109,8,4,4,48,23,25,43,27,16,4,2,2,334,188,146,37,13,24
C5020SC,33,603,District-Chennai,Urban,5-9,946,517,429,92,53,39,234,123,111,59,31,28,49,25,24,93,57,36,5,4,1,337,173,164,77,51,26
C5020SC,33,603,District-Chennai,Urban,10-19,2418,1277,1141,245,128,117,578,281,297,130,89,41,222,118,104,238,133,105,17,10,7,793,428,365,195,90,105
C5020SC,33,603,District-Chennai,Urban,20-29,3531,1833,1698,318,171,147,733,349,384,168,87,81,661,360,301,226,113,113,50,30,20,1177,609,568,198,114,84
C5020SC,33,603,District-Chennai,Urban,30-39,3161,1786,1375,265,143,122,647,329,318,121,80,41,765,470,295,145,75,70,71,45,26,984,554,430,163,90,73
C5020SC,33,603,District-Chennai,Urban,40-49,2353,1380,973,249,139,110,494,259,235,97,59,38,478,314,164,90,49,41,70,45,25,756,447,309,119,68,51
C5020SC,33,603,District-Chennai,Urban,50-59,1548,895,653,163,83,80,343,181,162,53,34,19,380,258,122,44,25,19,35,21,14,474,264,210,56,29,27
C5020SC,33,603,District-Chennai,Urban,60-69,940,501,439,137,65,72,197,82,115,22,11,11,248,156,92,19,8,11,16,9,7,259,142,117,42,28,14
C5020SC,33,603,District-Chennai,Urban,70-79,441,215,226,76,31,45,107,50,57,10,8,2,87,50,37,3,1,2,9,3,6,123,56,67,26,16,10
C5020SC,33,603,District-Chennai,Urban,80-89,134,62,72,22,9,13,28,10,18,3,1,2,35,19,16,1,1,0,1,1,0,34,15,19,10,6,4
C5020SC,33,603,District-Chennai,Urban,90+,32,8,24,5,3,2,6,0,6,1,0,1,9,1,8,0,0,0,0,0,0,8,3,5,3,1,2
C5020SC,33,603,District-Chennai,Urban,Age Not Stated,47,28,19,6,4,2,3,2,1,0,0,0,3,1,2,1,1,0,0,0,0,34,20,14,0,0,0
C5020SC,33,604,District-Kancheepuram,Total,Total,17033,9467,7566,2050,1099,951,2416,1242,1174,967,499,468,3980,2505,1475,1285,670,615,357,170,187,4784,2637,2147,1194,645,549
C5020SC,33,604,District-Kancheepuram,Total,0-4,702,387,315,76,39,37,112,59,53,11,8,3,67,44,23,79,39,40,2,1,1,297,166,131,58,31,27
C5020SC,33,604,District-Kancheepuram,Total,5-9,1060,598,462,106,50,56,125,66,59,110,69,41,121,81,40,141,88,53,7,5,2,342,184,158,108,55,53
C5020SC,33,604,District-Kancheepuram,Total,10-19,2652,1437,1215,289,153,136,345,192,153,207,110,97,354,218,136,395,207,188,32,19,13,731,380,351,299,158,141
C5020SC,33,604,District-Kancheepuram,Total,20-29,3529,1859,1670,306,153,153,427,218,209,232,111,121,929,520,409,313,157,156,63,27,36,1017,552,465,242,121,121
C5020SC,33,604,District-Kancheepuram,Total,30-39,2951,1646,1305,323,184,139,371,197,174,165,71,94,815,517,298,183,87,96,92,45,47,836,455,381,166,90,76
C5020SC,33,604,District-Kancheepuram,Total,40-49,2347,1386,961,301,181,120,345,179,166,114,63,51,632,419,213,87,44,43,85,41,44,679,400,279,104,59,45
C5020SC,33,604,District-Kancheepuram,Total,50-59,1649,954,695,217,112,105,268,126,142,65,36,29,499,333,166,50,24,26,40,18,22,421,249,172,89,56,33
C5020SC,33,604,District-Kancheepuram,Total,60-69,1189,650,539,223,106,117,208,92,116,38,16,22,349,240,109,24,16,8,26,11,15,265,135,130,56,34,22
C5020SC,33,604,District-Kancheepuram,Total,70-79,633,373,260,139,86,53,136,73,63,11,7,4,150,92,58,10,5,5,6,2,4,132,78,54,49,30,19
C5020SC,33,604,District-Kancheepuram,Total,80-89,226,118,108,58,28,30,54,26,28,9,4,5,48,29,19,1,1,0,4,1,3,39,24,15,13,5,8
C5020SC,33,604,District-Kancheepuram,Total,90+,48,29,19,9,6,3,14,7,7,0,0,0,9,6,3,1,1,0,0,0,0,11,7,4,4,2,2
C5020SC,33,604,District-Kancheepuram,Total,Age Not Stated,47,30,17,3,1,2,11,7,4,5,4,1,7,6,1,1,1,0,0,0,0,14,7,7,6,4,2
C5020SC,33,604,District-Kancheepuram,Rural,Total,10110,5652,4458,1366,726,640,1520,778,742,590,294,296,2484,1569,915,768,401,367,220,108,112,2382,1349,1033,780,427,353
C5020SC,33,604,District-Kancheepuram,Rural,0-4,392,214,178,42,23,19,66,35,31,5,2,3,41,22,19,59,29,30,1,0,1,142,83,59,36,20,16
C5020SC,33,604,District-Kancheepuram,Rural,5-9,601,350,251,60,25,35,72,32,40,66,45,21,82,59,23,90,55,35,3,3,0,155,90,65,73,41,32
C5020SC,33,604,District-Kancheepuram,Rural,10-19,1567,833,734,187,96,91,208,117,91,132,65,67,220,135,85,234,120,114,18,11,7,358,181,177,210,108,102
C5020SC,33,604,District-Kancheepuram,Rural,20-29,2033,1114,919,208,103,105,244,136,108,142,72,70,570,325,245,184,94,90,36,17,19,506,290,216,143,77,66
C5020SC,33,604,District-Kancheepuram,Rural,30-39,1649,936,713,192,112,80,210,110,100,103,38,65,497,326,171,102,48,54,56,30,26,385,217,168,104,55,49
C5020SC,33,604,District-Kancheepuram,Rural,40-49,1378,802,576,194,120,74,228,115,113,67,34,33,390,243,147,55,28,27,55,26,29,327,199,128,62,37,25
C5020SC,33,604,District-Kancheepuram,Rural,50-59,1006,587,419,138,67,71,196,94,102,39,23,16,300,206,94,22,13,9,25,11,14,227,136,91,59,37,22
C5020SC,33,604,District-Kancheepuram,Rural,60-69,797,415,382,177,84,93,138,56,82,21,6,15,231,157,74,15,10,5,19,7,12,156,74,82,40,21,19
C5020SC,33,604,District-Kancheepuram,Rural,70-79,457,271,186,111,68,43,103,55,48,7,4,3,106,64,42,7,4,3,4,2,2,83,52,31,36,22,14
C5020SC,33,604,District-Kancheepuram,Rural,80-89,169,91,78,48,23,25,41,22,19,3,1,2,37,23,14,0,0,0,3,1,2,27,18,9,10,3,7
C5020SC,33,604,District-Kancheepuram,Rural,90+,32,20,12,6,4,2,11,4,7,0,0,0,6,6,0,0,0,0,0,0,0,6,4,2,3,2,1
C5020SC,33,604,District-Kancheepuram,Rural,Age Not Stated,29,19,10,3,1,2,3,2,1,5,4,1,4,3,1,0,0,0,0,0,0,10,5,5,4,4,0
C5020SC,33,604,District-Kancheepuram,Urban,Total,6923,3815,3108,684,373,311,896,464,432,377,205,172,1496,936,560,517,269,248,137,62,75,2402,1288,1114,414,218,196
C5020SC,33,604,District-Kancheepuram,Urban,0-4,310,173,137,34,16,18,46,24,22,6,6,0,26,22,4,20,10,10,1,1,0,155,83,72,22,11,11
C5020SC,33,604,District-Kancheepuram,Urban,5-9,459,248,211,46,25,21,53,34,19,44,24,20,39,22,17,51,33,18,4,2,2,187,94,93,35,14,21
C5020SC,33,604,District-Kancheepuram,Urban,10-19,1085,604,481,102,57,45,137,75,62,75,45,30,134,83,51,161,87,74,14,8,6,373,199,174,89,50,39
C5020SC,33,604,District-Kancheepuram,Urban,20-29,1496,745,751,98,50,48,183,82,101,90,39,51,359,195,164,129,63,66,27,10,17,511,262,249,99,44,55
C5020SC,33,604,District-Kancheepuram,Urban,30-39,1302,710,592,131,72,59,161,87,74,62,33,29,318,191,127,81,39,42,36,15,21,451,238,213,62,35,27
C5020SC,33,604,District-Kancheepuram,Urban,40-49,969,584,385,107,61,46,117,64,53,47,29,18,242,176,66,32,16,16,30,15,15,352,201,151,42,22,20
C5020SC,33,604,District-Kancheepuram,Urban,50-59,643,367,276,79,45,34,72,32,40,26,13,13,199,127,72,28,11,17,15,7,8,194,113,81,30,19,11
C5020SC,33,604,District-Kancheepuram,Urban,60-69,392,235,157,46,22,24,70,36,34,17,10,7,118,83,35,9,6,3,7,4,3,109,61,48,16,13,3
C5020SC,33,604,District-Kancheepuram,Urban,70-79,176,102,74,28,18,10,33,18,15,4,3,1,44,28,16,3,1,2,2,0,2,49,26,23,13,8,5
C5020SC,33,604,District-Kancheepuram,Urban,80-89,57,27,30,10,5,5,13,4,9,6,3,3,11,6,5,1,1,0,1,0,1,12,6,6,3,2,1
C5020SC,33,604,District-Kancheepuram,Urban,90+,16,9,7,3,2,1,3,3,0,0,0,0,3,0,3,1,1,0,0,0,0,5,3,2,1,0,1
C5020SC,33,604,District-Kancheepuram,Urban,Age Not Stated,18,11,7,0,0,0,8,5,3,0,0,0,3,3,0,1,1,0,0,0,0,4,2,2,2,0,2
C5020SC,33,605,District-Vellore,Total,Total,14501,7954,6547,1459,761,698,2705,1279,1426,955,532,423,3451,2113,1338,1149,604,545,344,175,169,3243,1818,1425,1195,672,523
C5020SC,33,605,District-Vellore,Total,0-4,574,287,287,47,24,23,146,59,87,15,10,5,67,42,25,54,30,24,1,1,0,183,85,98,61,36,25
C5020SC,33,605,District-Vellore,Total,5-9,947,524,423,64,38,26,171,80,91,96,53,43,105,61,44,132,80,52,9,3,6,229,126,103,141,83,58
C5020SC,33,605,District-Vellore,Total,10-19,2259,1222,1037,195,106,89,383,186,197,214,128,86,314,191,123,353,181,172,22,11,11,503,266,237,275,153,122
C5020SC,33,605,District-Vellore,Total,20-29,2732,1421,1311,179,88,91,465,205,260,227,118,109,680,395,285,291,150,141,60,29,31,598,311,287,232,125,107
C5020SC,33,605,District-Vellore,Total,30-39,2403,1318,1085,218,114,104,428,194,234,147,85,62,661,391,270,149,77,72,91,49,42,552,325,227,157,83,74
C5020SC,33,605,District-Vellore,Total,40-49,2038,1167,871,237,138,99,367,190,177,124,65,59,557,338,219,95,49,46,87,49,38,453,265,188,118,73,45
C5020SC,33,605,District-Vellore,Total,50-59,1498,889,609,189,115,74,279,138,141,62,35,27,466,302,164,46,26,20,38,20,18,325,199,126,93,54,39
C5020SC,33,605,District-Vellore,Total,60-69,1172,673,499,175,80,95,257,128,129,47,27,20,369,252,117,15,4,11,21,7,14,232,143,89,56,32,24
C5020SC,33,605,District-Vellore,Total,70-79,634,346,288,107,44,63,164,82,82,19,8,11,165,106,59,9,5,4,8,3,5,122,74,48,40,24,16
C5020SC,33,605,District-Vellore,Total,80-89,187,84,103,33,10,23,34,14,20,2,1,1,54,29,25,4,1,3,5,1,4,38,21,17,17,7,10
C5020SC,33,605,District-Vellore,Total,90+,42,14,28,12,2,10,9,2,7,0,0,0,13,6,7,0,0,0,1,1,0,2,1,1,5,2,3
C5020SC,33,605,District-Vellore,Total,Age Not Stated,15,9,6,3,2,1,2,1,1,2,2,0,0,0,0,1,1,0,1,1,0,6,2,4,0,0,0
C5020SC,33,605,District-Vellore,Rural,Total,9780,5431,4349,1050,559,491,1816,888,928,677,374,303,2333,1442,891,690,367,323,234,118,116,2152,1232,920,828,451,377
C5020SC,33,605,District-Vellore,Rural,0-4,404,204,200,35,20,15,99,37,62,10,7,3,52,32,20,37,18,19,1,1,0,117,58,59,53,31,22
C5020SC,33,605,District-Vellore,Rural,5-9,629,365,264,43,25,18,116,59,57,67,38,29,75,45,30,80,54,26,7,2,5,146,89,57,95,53,42
C5020SC,33,605,District-Vellore,Rural,10-19,1499,840,659,136,77,59,241,127,114,167,99,68,226,142,84,194,106,88,17,10,7,346,184,162,172,95,77
C5020SC,33,605,District-Vellore,Rural,20-29,1773,935,838,121,59,62,290,131,159,154,82,72,447,260,187,178,94,84,43,22,21,379,203,176,161,84,77
C5020SC,33,605,District-Vellore,Rural,30-39,1571,867,704,149,79,70,276,133,143,102,56,46,418,255,163,90,43,47,58,26,32,363,216,147,115,59,56
C5020SC,33,605,District-Vellore,Rural,40-49,1366,783,583,168,97,71,251,133,118,89,46,43,355,216,139,61,27,34,55,33,22,307,185,122,80,46,34
C5020SC,33,605,District-Vellore,Rural,50-59,1037,611,426,144,90,54,197,96,101,41,23,18,317,204,113,32,19,13,26,14,12,214,129,85,66,36,30
C5020SC,33,605,District-Vellore,Rural,60-69,856,493,363,137,66,71,195,100,95,32,17,15,272,183,89,8,2,6,15,5,10,160,98,62,37,22,15
C5020SC,33,605,District-Vellore,Rural,70-79,460,245,215,80,35,45,119,59,60,12,4,8,121,75,46,6,2,4,7,3,4,83,50,33,32,17,15
C5020SC,33,605,District-Vellore,Rural,80-89,144,69,75,25,8,17,24,11,13,2,1,1,42,24,18,3,1,2,4,1,3,30,17,13,14,6,8
C5020SC,33,605,District-Vellore,Rural,90+,31,14,17,10,2,8,7,2,5,0,0,0,8,6,2,0,0,0,1,1,0,2,1,1,3,2,1
C5020SC,33,605,District-Vellore,Rural,Age Not Stated,10,5,5,2,1,1,1,0,1,1,1,0,0,0,0,1,1,0,0,0,0,5,2,3,0,0,0
C5020SC,33,605,District-Vellore,Urban,Total,4721,2523,2198,409,202,207,889,391,498,278,158,120,1118,671,447,459,237,222,110,57,53,1091,586,505,367,221,146
C5020SC,33,605,District-Vellore,Urban,0-4,170,83,87,12,4,8,47,22,25,5,3,2,15,10,5,17,12,5,0,0,0,66,27,39,8,5,3
C5020SC,33,605,District-Vellore,Urban,5-9,318,159,159,21,13,8,55,21,34,29,15,14,30,16,14,52,26,26,2,1,1,83,37,46,46,30,16
C5020SC,33,605,District-Vellore,Urban,10-19,760,382,378,59,29,30,142,59,83,47,29,18,88,49,39,159,75,84,5,1,4,157,82,75,103,58,45
C5020SC,33,605,District-Vellore,Urban,20-29,959,486,473,58,29,29,175,74,101,73,36,37,233,135,98,113,56,57,17,7,10,219,108,111,71,41,30
C5020SC,33,605,District-Vellore,Urban,30-39,832,451,381,69,35,34,152,61,91,45,29,16,243,136,107,59,34,25,33,23,10,189,109,80,42,24,18
C5020SC,33,605,District-Vellore,Urban,40-49,672,384,288,69,41,28,116,57,59,35,19,16,202,122,80,34,22,12,32,16,16,146,80,66,38,27,11
C5020SC,33,605,District-Vellore,Urban,50-59,461,278,183,45,25,20,82,42,40,21,12,9,149,98,51,14,7,7,12,6,6,111,70,41,27,18,9
C5020SC,33,605,District-Vellore,Urban,60-69,316,180,136,38,14,24,62,28,34,15,10,5,97,69,28,7,2,5,6,2,4,72,45,27,19,10,9
C5020SC,33,605,District-Vellore,Urban,70-79,174,101,73,27,9,18,45,23,22,7,4,3,44,31,13,3,3,0,1,0,1,39,24,15,8,7,1
C5020SC,33,605,District-Vellore,Urban,80-89,43,15,28,8,2,6,10,3,7,0,0,0,12,5,7,1,0,1,1,0,1,8,4,4,3,1,2
C5020SC,33,605,District-Vellore,Urban,90+,11,0,11,2,0,2,2,0,2,0,0,0,5,0,5,0,0,0,0,0,0,0,0,0,2,0,2
C5020SC,33,605,District-Vellore,Urban,Age Not Stated,5,4,1,1,1,0,1,1,0,1,1,0,0,0,0,0,0,0,1,1,0,1,0,1,0,0,0
C5020SC,33,606,District-Tiruvannamalai,Total,Total,8948,5069,3879,1228,705,523,1229,610,619,694,387,307,2137,1354,783,785,427,358,175,86,89,1974,1084,890,726,416,310
C5020SC,33,606,District-Tiruvannamalai,Total,0-4,368,189,179,35,20,15,54,22,32,3,2,1,34,24,10,37,24,13,2,1,1,170,85,85,33,11,22
C5020SC,33,606,District-Tiruvannamalai,Total,5-9,637,363,274,51,32,19,75,35,40,85,51,34,73,43,30,95,64,31,1,0,1,142,77,65,115,61,54
C5020SC,33,606,District-Tiruvannamalai,Total,10-19,1507,830,677,169,90,79,181,85,96,173,102,71,220,139,81,239,132,107,14,6,8,323,167,156,188,109,79
C5020SC,33,606,District-Tiruvannamalai,Total,20-29,1805,993,812,202,128,74,199,95,104,159,89,70,503,276,227,186,90,96,38,21,17,371,208,163,147,86,61
C5020SC,33,606,District-Tiruvannamalai,Total,30-39,1337,720,617,170,98,72,177,81,96,93,36,57,345,218,127,119,51,68,50,24,26,296,167,129,87,45,42
C5020SC,33,606,District-Tiruvannamalai,Total,40-49,1121,679,442,199,123,76,154,78,76,82,52,30,304,200,104,70,44,26,33,21,12,227,127,100,52,34,18
C5020SC,33,606,District-Tiruvannamalai,Total,50-59,876,523,353,139,72,67,137,71,66,47,20,27,289,201,88,22,13,9,20,9,11,189,112,77,33,25,8
C5020SC,33,606,District-Tiruvannamalai,Total,60-69,767,457,310,140,79,61,137,73,64,38,25,13,229,159,70,11,4,7,10,1,9,167,92,75,35,24,11
C5020SC,33,606,District-Tiruvannamalai,Total,70-79,376,230,146,82,42,40,81,51,30,11,9,2,104,73,31,2,1,1,6,2,4,63,36,27,27,16,11
C5020SC,33,606,District-Tiruvannamalai,Total,80-89,119,65,54,32,16,16,28,15,13,2,1,1,30,18,12,2,2,0,1,1,0,18,8,10,6,4,2
C5020SC,33,606,District-Tiruvannamalai,Total,90+,28,15,13,8,4,4,5,3,2,1,0,1,6,3,3,0,0,0,0,0,0,5,4,1,3,1,2
C5020SC,33,606,District-Tiruvannamalai,Total,Age Not Stated,7,5,2,1,1,0,1,1,0,0,0,0,0,0,0,2,2,0,0,0,0,3,1,2,0,0,0
C5020SC,33,606,District-Tiruvannamalai,Rural,Total,7779,4437,3342,1084,623,461,1044,521,523,616,347,269,1859,1179,680,690,378,312,144,72,72,1702,946,756,640,371,269
C5020SC,33,606,District-Tiruvannamalai,Rural,0-4,282,150,132,25,14,11,49,19,30,2,2,0,29,22,7,34,23,11,1,0,1,112,59,53,30,11,19
C5020SC,33,606,District-Tiruvannamalai,Rural,5-9,567,328,239,46,30,16,63,27,36,76,45,31,67,40,27,85,59,26,1,0,1,125,70,55,104,57,47
C5020SC,33,606,District-Tiruvannamalai,Rural,10-19,1317,730,587,144,78,66,152,73,79,147,87,60,199,124,75,217,119,98,12,6,6,279,148,131,167,95,72
C5020SC,33,606,District-Tiruvannamalai,Rural,20-29,1549,848,701,171,106,65,166,82,84,141,78,63,435,232,203,155,76,79,30,16,14,324,184,140,127,74,53
C5020SC,33,606,District-Tiruvannamalai,Rural,30-39,1154,627,527,145,85,60,156,73,83,86,35,51,288,189,99,107,43,64,40,21,19,257,141,116,75,40,35
C5020SC,33,606,District-Tiruvannamalai,Rural,40-49,964,583,381,169,106,63,131,64,67,71,47,24,262,171,91,58,37,21,27,17,10,204,112,92,42,29,13
C5020SC,33,606,District-Tiruvannamalai,Rural,50-59,775,470,305,133,70,63,114,61,53,44,19,25,248,175,73,20,13,7,17,8,9,171,102,69,28,22,6
C5020SC,33,606,District-Tiruvannamalai,Rural,60-69,688,412,276,132,74,58,118,64,54,35,24,11,203,139,64,8,3,5,10,1,9,149,84,65,33,23,10
C5020SC,33,606,District-Tiruvannamalai,Rural,70-79,345,211,134,79,40,39,68,43,25,11,9,2,96,67,29,2,1,1,5,2,3,58,34,24,26,15,11
C5020SC,33,606,District-Tiruvannamalai,Rural,80-89,106,61,45,32,16,16,23,13,10,2,1,1,26,17,9,2,2,0,1,1,0,15,7,8,5,4,1
C5020SC,33,606,District-Tiruvannamalai,Rural,90+,26,13,13,8,4,4,3,1,2,1,0,1,6,3,3,0,0,0,0,0,0,5,4,1,3,1,2
C5020SC,33,606,District-Tiruvannamalai,Rural,Age Not Stated,6,4,2,0,0,0,1,1,0,0,0,0,0,0,0,2,2,0,0,0,0,3,1,2,0,0,0
C5020SC,33,606,District-Tiruvannamalai,Urban,Total,1169,632,537,144,82,62,185,89,96,78,40,38,278,175,103,95,49,46,31,14,17,272,138,134,86,45,41
C5020SC,33,606,District-Tiruvannamalai,Urban,0-4,86,39,47,10,6,4,5,3,2,1,0,1,5,2,3,3,1,2,1,1,0,58,26,32,3,0,3
C5020SC,33,606,District-Tiruvannamalai,Urban,5-9,70,35,35,5,2,3,12,8,4,9,6,3,6,3,3,10,5,5,0,0,0,17,7,10,11,4,7
C5020SC,33,606,District-Tiruvannamalai,Urban,10-19,190,100,90,25,12,13,29,12,17,26,15,11,21,15,6,22,13,9,2,0,2,44,19,25,21,14,7
C5020SC,33,606,District-Tiruvannamalai,Urban,20-29,256,145,111,31,22,9,33,13,20,18,11,7,68,44,24,31,14,17,8,5,3,47,24,23,20,12,8
C5020SC,33,606,District-Tiruvannamalai,Urban,30-39,183,93,90,25,13,12,21,8,13,7,1,6,57,29,28,12,8,4,10,3,7,39,26,13,12,5,7
C5020SC,33,606,District-Tiruvannamalai,Urban,40-49,157,96,61,30,17,13,23,14,9,11,5,6,42,29,13,12,7,5,6,4,2,23,15,8,10,5,5
C5020SC,33,606,District-Tiruvannamalai,Urban,50-59,101,53,48,6,2,4,23,10,13,3,1,2,41,26,15,2,0,2,3,1,2,18,10,8,5,3,2
C5020SC,33,606,District-Tiruvannamalai,Urban,60-69,79,45,34,8,5,3,19,9,10,3,1,2,26,20,6,3,1,2,0,0,0,18,8,10,2,1,1
C5020SC,33,606,District-Tiruvannamalai,Urban,70-79,31,19,12,3,2,1,13,8,5,0,0,0,8,6,2,0,0,0,1,0,1,5,2,3,1,1,0
C5020SC,33,606,District-Tiruvannamalai,Urban,80-89,13,4,9,0,0,0,5,2,3,0,0,0,4,1,3,0,0,0,0,0,0,3,1,2,1,0,1
C5020SC,33,606,District-Tiruvannamalai,Urban,90+,2,2,0,0,0,0,2,2,0,0,0,0,0,0,0,0,0,0,0,0,0,0,0,0,0,0,0
C5020SC,33,606,District-Tiruvannamalai,Urban,Age Not Stated,1,1,0,1,1,0,0,0,0,0,0,0,0,0,0,0,0,0,0,0,0,0,0,0,0,0,0
C5020SC,33,607,District-Viluppuram,Total,Total,17847,10214,7633,2219,1213,1006,2560,1324,1236,1250,711,539,4844,3087,1757,1152,609,543,335,172,163,4116,2291,1825,1371,807,564
C5020SC,33,607,District-Viluppuram,Total,0-4,728,406,322,69,37,32,93,39,54,24,16,8,102,57,45,78,43,35,3,1,2,278,165,113,81,48,33
C5020SC,33,607,District-Viluppuram,Total,5-9,1319,731,588,106,59,47,161,84,77,170,92,78,189,113,76,161,84,77,4,3,1,319,163,156,209,133,76
C5020SC,33,607,District-Viluppuram,Total,10-19,3116,1716,1400,325,169,156,400,220,180,337,196,141,535,315,220,366,192,174,29,15,14,773,404,369,351,205,146
C5020SC,33,607,District-Viluppuram,Total,20-29,3658,2037,1621,335,186,149,452,228,224,330,199,131,1188,717,471,259,138,121,70,31,39,754,392,362,270,146,124
C5020SC,33,607,District-Viluppuram,Total,30-39,2525,1441,1084,316,170,146,356,177,179,154,82,72,732,485,247,125,68,57,93,54,39,607,334,273,142,71,71
C5020SC,33,607,District-Viluppuram,Total,40-49,2274,1372,902,297,174,123,361,193,168,112,56,56,682,450,232,94,50,44,69,38,31,557,345,212,102,66,36
C5020SC,33,607,District-Viluppuram,Total,50-59,1726,993,733,258,132,126,276,127,149,52,25,27,603,400,203,33,16,17,42,18,24,383,223,160,79,52,27
C5020SC,33,607,District-Viluppuram,Total,60-69,1495,912,583,290,174,116,259,130,129,51,33,18,508,342,166,25,12,13,19,11,8,268,161,107,75,49,26
C5020SC,33,607,District-Viluppuram,Total,70-79,740,445,295,159,76,83,146,88,58,16,9,7,234,163,71,7,4,3,6,1,5,132,80,52,40,24,16
C5020SC,33,607,District-Viluppuram,Total,80-89,209,122,87,54,31,23,43,30,13,3,2,1,61,37,24,1,1,0,0,0,0,30,12,18,17,9,8
C5020SC,33,607,District-Viluppuram,Total,90+,35,25,10,6,2,4,10,7,3,0,0,0,4,4,0,0,0,0,0,0,0,11,9,2,4,3,1
C5020SC,33,607,District-Viluppuram,Total,Age Not Stated,22,14,8,4,3,1,3,1,2,1,1,0,6,4,2,3,1,2,0,0,0,4,3,1,1,1,0
C5020SC,33,607,District-Viluppuram,Rural,Total,16322,9371,6951,2068,1117,951,2311,1209,1102,1129,648,481,4400,2822,1578,1035,550,485,311,160,151,3811,2123,1688,1257,742,515
C5020SC,33,607,District-Viluppuram,Rural,0-4,669,373,296,62,31,31,83,37,46,22,15,7,93,51,42,72,40,32,3,1,2,255,152,103,79,46,33
C5020SC,33,607,District-Viluppuram,Rural,5-9,1214,677,537,97,53,44,148,79,69,159,86,73,173,106,67,145,76,69,3,2,1,299,153,146,190,122,68
C5020SC,33,607,District-Viluppuram,Rural,10-19,2856,1582,1274,297,152,145,346,192,154,304,182,122,496,292,204,333,178,155,28,15,13,726,382,344,326,189,137
C5020SC,33,607,District-Viluppuram,Rural,20-29,3348,1866,1482,319,176,143,400,203,197,303,180,123,1087,657,430,231,125,106,67,29,38,694,362,332,247,134,113
C5020SC,33,607,District-Viluppuram,Rural,30-39,2259,1291,968,287,152,135,310,156,154,132,72,60,650,437,213,107,59,48,87,51,36,551,297,254,135,67,68
C5020SC,33,607,District-Viluppuram,Rural,40-49,2048,1237,811,271,157,114,324,171,153,95,49,46,605,406,199,85,44,41,63,34,29,517,318,199,88,58,30
C5020SC,33,607,District-Viluppuram,Rural,50-59,1592,921,671,249,128,121,261,124,137,46,22,24,550,364,186,29,12,17,37,17,20,349,206,143,71,48,23
C5020SC,33,607,District-Viluppuram,Rural,60-69,1397,852,545,274,161,113,245,126,119,48,30,18,470,317,153,23,11,12,17,10,7,253,154,99,67,43,24
C5020SC,33,607,District-Viluppuram,Rural,70-79,698,422,276,153,73,80,141,85,56,16,9,7,213,150,63,7,4,3,6,1,5,123,76,47,39,24,15
C5020SC,33,607,District-Viluppuram,Rural,80-89,187,113,74,49,29,20,40,28,12,3,2,1,54,35,19,0,0,0,0,0,0,30,12,18,11,7,4
C5020SC,33,607,District-Viluppuram,Rural,90+,34,25,9,6,2,4,10,7,3,0,0,0,4,4,0,0,0,0,0,0,0,11,9,2,3,3,0
C5020SC,33,607,District-Viluppuram,Rural,Age Not Stated,20,12,8,4,3,1,3,1,2,1,1,0,5,3,2,3,1,2,0,0,0,3,2,1,1,1,0
C5020SC,33,607,District-Viluppuram,Urban,Total,1525,843,682,151,96,55,249,115,134,121,63,58,444,265,179,117,59,58,24,12,12,305,168,137,114,65,49
C5020SC,33,607,District-Viluppuram,Urban,0-4,59,33,26,7,6,1,10,2,8,2,1,1,9,6,3,6,3,3,0,0,0,23,13,10,2,2,0
C5020SC,33,607,District-Viluppuram,Urban,5-9,105,54,51,9,6,3,13,5,8,11,6,5,16,7,9,16,8,8,1,1,0,20,10,10,19,11,8
C5020SC,33,607,District-Viluppuram,Urban,10-19,260,134,126,28,17,11,54,28,26,33,14,19,39,23,16,33,14,19,1,0,1,47,22,25,25,16,9
C5020SC,33,607,District-Viluppuram,Urban,20-29,310,171,139,16,10,6,52,25,27,27,19,8,101,60,41,28,13,15,3,2,1,60,30,30,23,12,11
C5020SC,33,607,District-Viluppuram,Urban,30-39,266,150,116,29,18,11,46,21,25,22,10,12,82,48,34,18,9,9,6,3,3,56,37,19,7,4,3
C5020SC,33,607,District-Viluppuram,Urban,40-49,226,135,91,26,17,9,37,22,15,17,7,10,77,44,33,9,6,3,6,4,2,40,27,13,14,8,6
C5020SC,33,607,District-Viluppuram,Urban,50-59,134,72,62,9,4,5,15,3,12,6,3,3,53,36,17,4,4,0,5,1,4,34,17,17,8,4,4
C5020SC,33,607,District-Viluppuram,Urban,60-69,98,60,38,16,13,3,14,4,10,3,3,0,38,25,13,2,1,1,2,1,1,15,7,8,8,6,2
C5020SC,33,607,District-Viluppuram,Urban,70-79,42,23,19,6,3,3,5,3,2,0,0,0,21,13,8,0,0,0,0,0,0,9,4,5,1,0,1
C5020SC,33,607,District-Viluppuram,Urban,80-89,22,9,13,5,2,3,3,2,1,0,0,0,7,2,5,1,1,0,0,0,0,0,0,0,6,2,4
C5020SC,33,607,District-Viluppuram,Urban,90+,1,0,1,0,0,0,0,0,0,0,0,0,0,0,0,0,0,0,0,0,0,0,0,0,1,0,1
C5020SC,33,607,District-Viluppuram,Urban,Age Not Stated,2,2,0,0,0,0,0,0,0,0,0,0,1,1,0,0,0,0,0,0,0,1,1,0,0,0,0
C5020SC,33,608,District-Salem,Total,Total,8153,4654,3499,948,491,457,1149,614,535,560,317,243,2451,1524,927,657,380,277,218,119,99,1536,864,672,634,345,289
C5020SC,33,608,District-Salem,Total,0-4,225,133,92,26,13,13,30,16,14,7,7,0,37,24,13,18,10,8,0,0,0,91,56,35,16,7,9
C5020SC,33,608,District-Salem,Total,5-9,489,268,221,45,27,18,57,30,27,64,40,24,71,36,35,71,45,26,7,4,3,92,45,47,82,41,41
C5020SC,33,608,District-Salem,Total,10-19,1269,705,564,122,56,66,174,85,89,139,77,62,233,131,102,212,130,82,19,11,8,216,119,97,154,96,58
C5020SC,33,608,District-Salem,Total,20-29,1567,902,665,122,63,59,177,99,78,125,73,52,546,328,218,162,92,70,36,22,14,282,166,116,117,59,58
C5020SC,33,608,District-Salem,Total,30-39,1392,783,609,129,63,66,173,90,83,88,39,49,471,308,163,91,43,48,55,28,27,278,160,118,107,52,55
C5020SC,33,608,District-Salem,Total,40-49,1147,669,478,145,80,65,182,96,86,71,37,34,366,237,129,61,37,24,52,31,21,212,117,95,58,34,24
C5020SC,33,608,District-Salem,Total,50-59,861,503,358,133,65,68,121,69,52,37,25,12,320,208,112,20,9,11,31,15,16,159,87,72,40,25,15
C5020SC,33,608,District-Salem,Total,60-69,686,396,290,124,66,58,119,71,48,22,14,8,240,145,95,10,6,4,14,6,8,129,70,59,28,18,10
C5020SC,33,608,District-Salem,Total,70-79,364,209,155,74,43,31,71,35,36,5,4,1,125,80,45,9,6,3,3,2,1,59,32,27,18,7,11
C5020SC,33,608,District-Salem,Total,80-89,124,68,56,22,10,12,36,19,17,2,1,1,35,22,13,2,2,0,1,0,1,14,9,5,12,5,7
C5020SC,33,608,District-Salem,Total,90+,28,17,11,6,5,1,9,4,5,0,0,0,6,4,2,1,0,1,0,0,0,4,3,1,2,1,1
C5020SC,33,608,District-Salem,Total,Age Not Stated,1,1,0,0,0,0,0,0,0,0,0,0,1,1,0,0,0,0,0,0,0,0,0,0,0,0,0
C5020SC,33,608,District-Salem,Rural,Total,4670,2702,1968,576,302,274,646,352,294,348,202,146,1407,884,523,356,200,156,127,67,60,819,474,345,391,221,170
C5020SC,33,608,District-Salem,Rural,0-4,120,70,50,16,6,10,12,6,6,4,4,0,20,10,10,8,5,3,0,0,0,50,33,17,10,6,4
C5020SC,33,608,District-Salem,Rural,5-9,296,152,144,26,15,11,28,12,16,46,28,18,47,21,26,45,25,20,4,2,2,43,23,20,57,26,31
C5020SC,33,608,District-Salem,Rural,10-19,716,407,309,74,35,39,91,43,48,81,49,32,136,75,61,116,74,42,9,5,4,117,69,48,92,57,35
C5020SC,33,608,District-Salem,Rural,20-29,859,507,352,71,35,36,95,57,38,80,47,33,301,185,116,92,50,42,25,14,11,126,78,48,69,41,28
C5020SC,33,608,District-Salem,Rural,30-39,772,429,343,81,42,39,97,50,47,51,24,27,247,157,90,45,19,26,32,17,15,161,92,69,58,28,30
C5020SC,33,608,District-Salem,Rural,40-49,628,377,251,75,43,32,95,52,43,45,23,22,209,140,69,22,11,11,30,16,14,113,66,47,39,26,13
C5020SC,33,608,District-Salem,Rural,50-59,488,296,192,80,39,41,65,41,24,20,12,8,183,129,54,11,5,6,19,9,10,83,43,40,27,18,9
C5020SC,33,608,District-Salem,Rural,60-69,465,276,189,87,48,39,83,52,31,18,12,6,160,100,60,10,6,4,7,3,4,84,45,39,16,10,6
C5020SC,33,608,District-Salem,Rural,70-79,235,134,101,47,29,18,49,23,26,3,3,0,85,53,32,5,3,2,1,1,0,33,18,15,12,4,8
C5020SC,33,608,District-Salem,Rural,80-89,72,42,30,15,7,8,24,13,11,0,0,0,15,11,4,2,2,0,0,0,0,7,5,2,9,4,5
C5020SC,33,608,District-Salem,Rural,90+,19,12,7,4,3,1,7,3,4,0,0,0,4,3,1,0,0,0,0,0,0,2,2,0,2,1,1
C5020SC,33,608,District-Salem,Rural,Age Not Stated,0,0,0,0,0,0,0,0,0,0,0,0,0,0,0,0,0,0,0,0,0,0,0,0,0,0,0
C5020SC,33,608,District-Salem,Urban,Total,3483,1952,1531,372,189,183,503,262,241,212,115,97,1044,640,404,301,180,121,91,52,39,717,390,327,243,124,119
C5020SC,33,608,District-Salem,Urban,0-4,105,63,42,10,7,3,18,10,8,3,3,0,17,14,3,10,5,5,0,0,0,41,23,18,6,1,5
C5020SC,33,608,District-Salem,Urban,5-9,193,116,77,19,12,7,29,18,11,18,12,6,24,15,9,26,20,6,3,2,1,49,22,27,25,15,10
C5020SC,33,608,District-Salem,Urban,10-19,553,298,255,48,21,27,83,42,41,58,28,30,97,56,41,96,56,40,10,6,4,99,50,49,62,39,23
C5020SC,33,608,District-Salem,Urban,20-29,708,395,313,51,28,23,82,42,40,45,26,19,245,143,102,70,42,28,11,8,3,156,88,68,48,18,30
C5020SC,33,608,District-Salem,Urban,30-39,620,354,266,48,21,27,76,40,36,37,15,22,224,151,73,46,24,22,23,11,12,117,68,49,49,24,25
C5020SC,33,608,District-Salem,Urban,40-49,519,292,227,70,37,33,87,44,43,26,14,12,157,97,60,39,26,13,22,15,7,99,51,48,19,8,11
C5020SC,33,608,District-Salem,Urban,50-59,373,207,166,53,26,27,56,28,28,17,13,4,137,79,58,9,4,5,12,6,6,76,44,32,13,7,6
C5020SC,33,608,District-Salem,Urban,60-69,221,120,101,37,18,19,36,19,17,4,2,2,80,45,35,0,0,0,7,3,4,45,25,20,12,8,4
C5020SC,33,608,District-Salem,Urban,70-79,129,75,54,27,14,13,22,12,10,2,1,1,40,27,13,4,3,1,2,1,1,26,14,12,6,3,3
C5020SC,33,608,District-Salem,Urban,80-89,52,26,26,7,3,4,12,6,6,2,1,1,20,11,9,0,0,0,1,0,1,7,4,3,3,1,2
C5020SC,33,608,District-Salem,Urban,90+,9,5,4,2,2,0,2,1,1,0,0,0,2,1,1,1,0,1,0,0,0,2,1,1,0,0,0
C5020SC,33,608,District-Salem,Urban,Age Not Stated,1,1,0,0,0,0,0,0,0,0,0,0,1,1,0,0,0,0,0,0,0,0,0,0,0,0,0
C5020SC,33,609,District-Namakkal   ,Total,Total,6121,3384,2737,836,428,408,935,459,476,397,220,177,1805,1090,715,466,266,200,116,62,54,1148,618,530,418,241,177
C5020SC,33,609,District-Namakkal   ,Total,0-4,140,72,68,32,16,16,21,13,8,3,1,2,16,5,11,13,6,7,1,1,0,48,28,20,6,2,4
C5020SC,33,609,District-Namakkal   ,Total,5-9,293,158,135,42,18,24,33,23,10,26,16,10,39,24,15,45,24,21,0,0,0,74,34,40,34,19,15
C5020SC,33,609,District-Namakkal   ,Total,10-19,812,456,356,88,50,38,100,51,49,83,47,36,149,83,66,144,91,53,6,4,2,155,77,78,87,53,34
C5020SC,33,609,District-Namakkal   ,Total,20-29,1014,572,442,106,51,55,109,49,60,89,59,30,312,185,127,114,62,52,17,11,6,177,94,83,90,61,29
C5020SC,33,609,District-Namakkal   ,Total,30-39,1043,550,493,133,68,65,150,67,83,77,39,38,328,192,136,73,41,32,26,16,10,210,107,103,46,20,26
C5020SC,33,609,District-Namakkal   ,Total,40-49,885,528,357,117,74,43,169,87,82,47,22,25,267,183,84,43,24,19,26,15,11,164,94,70,52,29,23
C5020SC,33,609,District-Namakkal   ,Total,50-59,643,370,273,94,49,45,107,46,61,34,20,14,219,148,71,15,6,9,22,10,12,126,75,51,26,16,10
C5020SC,33,609,District-Namakkal   ,Total,60-69,711,375,336,118,51,67,136,67,69,24,10,14,249,150,99,11,5,6,15,5,10,119,64,55,39,23,16
C5020SC,33,609,District-Namakkal   ,Total,70-79,407,224,183,78,34,44,72,40,32,9,5,4,167,98,69,5,4,1,2,0,2,50,30,20,24,13,11
C5020SC,33,609,District-Namakkal   ,Total,80-89,146,70,76,23,14,9,32,14,18,5,1,4,53,20,33,2,2,0,1,0,1,19,14,5,11,5,6
C5020SC,33,609,District-Namakkal   ,Total,90+,24,8,16,5,3,2,6,2,4,0,0,0,5,1,4,1,1,0,0,0,0,4,1,3,3,0,3
C5020SC,33,609,District-Namakkal   ,Total,Age Not Stated,3,1,2,0,0,0,0,0,0,0,0,0,1,1,0,0,0,0,0,0,0,2,0,2,0,0,0
C5020SC,33,609,District-Namakkal   ,Rural,Total,4577,2516,2061,639,329,310,705,347,358,289,159,130,1315,786,529,341,194,147,91,44,47,882,478,404,315,179,136
C5020SC,33,609,District-Namakkal   ,Rural,0-4,109,58,51,27,14,13,14,9,5,3,1,2,14,5,9,11,6,5,1,1,0,35,20,15,4,2,2
C5020SC,33,609,District-Namakkal   ,Rural,5-9,221,118,103,33,16,17,23,15,8,22,13,9,30,18,12,34,17,17,0,0,0,59,27,32,20,12,8
C5020SC,33,609,District-Namakkal   ,Rural,10-19,593,317,276,71,37,34,80,34,46,61,35,26,96,50,46,101,61,40,3,1,2,116,61,55,65,38,27
C5020SC,33,609,District-Namakkal   ,Rural,20-29,720,416,304,74,38,36,81,39,42,59,42,17,206,127,79,84,48,36,16,10,6,138,71,67,62,41,21
C5020SC,33,609,District-Namakkal   ,Rural,30-39,767,405,362,103,51,52,112,52,60,59,30,29,234,140,94,53,30,23,19,11,8,151,76,75,36,15,21
C5020SC,33,609,District-Namakkal   ,Rural,40-49,657,392,265,87,55,32,126,64,62,37,18,19,190,128,62,35,21,14,19,10,9,123,73,50,40,23,17
C5020SC,33,609,District-Namakkal   ,Rural,50-59,483,279,204,71,38,33,79,34,45,22,12,10,163,110,53,8,3,5,17,7,10,101,61,40,22,14,8
C5020SC,33,609,District-Namakkal   ,Rural,60-69,572,295,277,96,42,54,105,53,52,17,5,12,199,115,84,11,5,6,14,4,10,94,50,44,36,21,15
C5020SC,33,609,District-Namakkal   ,Rural,70-79,314,172,142,55,23,32,57,35,22,5,2,3,131,75,56,2,1,1,2,0,2,44,27,17,18,9,9
C5020SC,33,609,District-Namakkal   ,Rural,80-89,118,56,62,19,13,6,24,10,14,4,1,3,46,16,30,1,1,0,0,0,0,15,11,4,9,4,5
C5020SC,33,609,District-Namakkal   ,Rural,90+,20,7,13,3,2,1,4,2,2,0,0,0,5,1,4,1,1,0,0,0,0,4,1,3,3,0,3
C5020SC,33,609,District-Namakkal   ,Rural,Age Not Stated,3,1,2,0,0,0,0,0,0,0,0,0,1,1,0,0,0,0,0,0,0,2,0,2,0,0,0
C5020SC,33,609,District-Namakkal   ,Urban,Total,1544,868,676,197,99,98,230,112,118,108,61,47,490,304,186,125,72,53,25,18,7,266,140,126,103,62,41
C5020SC,33,609,District-Namakkal   ,Urban,0-4,31,14,17,5,2,3,7,4,3,0,0,0,2,0,2,2,0,2,0,0,0,13,8,5,2,0,2
C5020SC,33,609,District-Namakkal   ,Urban,5-9,72,40,32,9,2,7,10,8,2,4,3,1,9,6,3,11,7,4,0,0,0,15,7,8,14,7,7
C5020SC,33,609,District-Namakkal   ,Urban,10-19,219,139,80,17,13,4,20,17,3,22,12,10,53,33,20,43,30,13,3,3,0,39,16,23,22,15,7
C5020SC,33,609,District-Namakkal   ,Urban,20-29,294,156,138,32,13,19,28,10,18,30,17,13,106,58,48,30,14,16,1,1,0,39,23,16,28,20,8
C5020SC,33,609,District-Namakkal   ,Urban,30-39,276,145,131,30,17,13,38,15,23,18,9,9,94,52,42,20,11,9,7,5,2,59,31,28,10,5,5
C5020SC,33,609,District-Namakkal   ,Urban,40-49,228,136,92,30,19,11,43,23,20,10,4,6,77,55,22,8,3,5,7,5,2,41,21,20,12,6,6
C5020SC,33,609,District-Namakkal   ,Urban,50-59,160,91,69,23,11,12,28,12,16,12,8,4,56,38,18,7,3,4,5,3,2,25,14,11,4,2,2
C5020SC,33,609,District-Namakkal   ,Urban,60-69,139,80,59,22,9,13,31,14,17,7,5,2,50,35,15,0,0,0,1,1,0,25,14,11,3,2,1
C5020SC,33,609,District-Namakkal   ,Urban,70-79,93,52,41,23,11,12,15,5,10,4,3,1,36,23,13,3,3,0,0,0,0,6,3,3,6,4,2
C5020SC,33,609,District-Namakkal   ,Urban,80-89,28,14,14,4,1,3,8,4,4,1,0,1,7,4,3,1,1,0,1,0,1,4,3,1,2,1,1
C5020SC,33,609,District-Namakkal   ,Urban,90+,4,1,3,2,1,1,2,0,2,0,0,0,0,0,0,0,0,0,0,0,0,0,0,0,0,0,0
C5020SC,33,609,District-Namakkal   ,Urban,Age Not Stated,0,0,0,0,0,0,0,0,0,0,0,0,0,0,0,0,0,0,0,0,0,0,0,0,0,0,0
C5020SC,33,610,District-Erode,Total,Total,6621,3696,2925,836,417,419,989,480,509,486,271,215,1831,1174,657,471,274,197,257,122,135,1148,626,522,603,332,271
C5020SC,33,610,District-Erode,Total,0-4,174,90,84,18,7,11,22,12,10,2,1,1,33,20,13,24,12,12,0,0,0,59,31,28,16,7,9
C5020SC,33,610,District-Erode,Total,5-9,307,181,126,29,16,13,38,15,23,39,23,16,42,29,13,53,35,18,4,3,1,53,30,23,49,30,19
C5020SC,33,610,District-Erode,Total,10-19,839,490,349,68,34,34,117,69,48,99,50,49,147,97,50,133,87,46,10,6,4,138,77,61,127,70,57
C5020SC,33,610,District-Erode,Total,20-29,1115,584,531,119,57,62,110,52,58,97,57,40,339,186,153,102,59,43,51,22,29,190,93,97,107,58,49
C5020SC,33,610,District-Erode,Total,30-39,1009,576,433,106,59,47,151,57,94,82,45,37,283,189,94,70,42,28,59,37,22,175,100,75,83,47,36
C5020SC,33,610,District-Erode,Total,40-49,908,523,385,106,57,49,137,67,70,68,41,27,271,186,85,46,21,25,50,23,27,167,89,78,63,39,24
C5020SC,33,610,District-Erode,Total,50-59,838,475,363,87,40,47,145,68,77,43,28,15,288,191,97,28,12,16,48,21,27,147,87,60,52,28,24
C5020SC,33,610,District-Erode,Total,60-69,763,420,343,151,75,76,141,70,71,36,15,21,217,149,68,10,5,5,21,4,17,128,70,58,59,32,27
C5020SC,33,610,District-Erode,Total,70-79,463,245,218,107,52,55,83,43,40,17,8,9,142,87,55,4,1,3,12,5,7,68,35,33,30,14,16
C5020SC,33,610,District-Erode,Total,80-89,159,83,76,38,15,23,37,21,16,2,2,0,51,29,22,1,0,1,2,1,1,18,12,6,10,3,7
C5020SC,33,610,District-Erode,Total,90+,42,25,17,6,4,2,7,5,2,1,1,0,18,11,7,0,0,0,0,0,0,3,0,3,7,4,3
C5020SC,33,610,District-Erode,Total,Age Not Stated,4,4,0,1,1,0,1,1,0,0,0,0,0,0,0,0,0,0,0,0,0,2,2,0,0,0,0
C5020SC,33,610,District-Erode,Rural,Total,3981,2185,1796,521,258,263,637,309,328,288,157,131,1022,665,357,273,156,117,150,64,86,711,376,335,379,200,179
C5020SC,33,610,District-Erode,Rural,0-4,87,47,40,7,2,5,16,8,8,1,1,0,18,10,8,13,8,5,0,0,0,27,16,11,5,2,3
C5020SC,33,610,District-Erode,Rural,5-9,187,108,79,11,6,5,25,11,14,27,16,11,21,15,6,27,17,10,3,3,0,38,22,16,35,18,17
C5020SC,33,610,District-Erode,Rural,10-19,490,279,211,49,21,28,81,45,36,48,23,25,70,44,26,86,58,28,6,4,2,79,42,37,71,42,29
C5020SC,33,610,District-Erode,Rural,20-29,667,343,324,84,42,42,75,35,40,60,32,28,180,106,74,57,31,26,33,13,20,112,50,62,66,34,32
C5020SC,33,610,District-Erode,Rural,30-39,575,325,250,63,38,25,92,38,54,47,24,23,147,103,44,35,19,16,35,20,15,109,60,49,47,23,24
C5020SC,33,610,District-Erode,Rural,40-49,519,300,219,61,34,27,83,41,42,39,24,15,137,99,38,27,11,16,23,9,14,106,58,48,43,24,19
C5020SC,33,610,District-Erode,Rural,50-59,509,280,229,43,17,26,94,44,50,30,20,10,164,107,57,19,8,11,31,11,20,92,52,40,36,21,15
C5020SC,33,610,District-Erode,Rural,60-69,468,249,219,88,42,46,86,41,45,24,10,14,132,89,43,5,3,2,11,2,9,84,42,42,38,20,18
C5020SC,33,610,District-Erode,Rural,70-79,325,176,149,76,40,36,54,29,25,12,7,5,105,64,41,3,1,2,7,1,6,46,24,22,22,10,12
C5020SC,33,610,District-Erode,Rural,80-89,118,57,61,33,12,21,25,13,12,0,0,0,35,20,15,1,0,1,1,1,0,14,9,5,9,2,7
C5020SC,33,610,District-Erode,Rural,90+,33,18,15,5,3,2,5,3,2,0,0,0,13,8,5,0,0,0,0,0,0,3,0,3,7,4,3
C5020SC,33,610,District-Erode,Rural,Age Not Stated,3,3,0,1,1,0,1,1,0,0,0,0,0,0,0,0,0,0,0,0,0,1,1,0,0,0,0
C5020SC,33,610,District-Erode,Urban,Total,2640,1511,1129,315,159,156,352,171,181,198,114,84,809,509,300,198,118,80,107,58,49,437,250,187,224,132,92
C5020SC,33,610,District-Erode,Urban,0-4,87,43,44,11,5,6,6,4,2,1,0,1,15,10,5,11,4,7,0,0,0,32,15,17,11,5,6
C5020SC,33,610,District-Erode,Urban,5-9,120,73,47,18,10,8,13,4,9,12,7,5,21,14,7,26,18,8,1,0,1,15,8,7,14,12,2
C5020SC,33,610,District-Erode,Urban,10-19,349,211,138,19,13,6,36,24,12,51,27,24,77,53,24,47,29,18,4,2,2,59,35,24,56,28,28
C5020SC,33,610,District-Erode,Urban,20-29,448,241,207,35,15,20,35,17,18,37,25,12,159,80,79,45,28,17,18,9,9,78,43,35,41,24,17
C5020SC,33,610,District-Erode,Urban,30-39,434,251,183,43,21,22,59,19,40,35,21,14,136,86,50,35,23,12,24,17,7,66,40,26,36,24,12
C5020SC,33,610,District-Erode,Urban,40-49,389,223,166,45,23,22,54,26,28,29,17,12,134,87,47,19,10,9,27,14,13,61,31,30,20,15,5
C5020SC,33,610,District-Erode,Urban,50-59,329,195,134,44,23,21,51,24,27,13,8,5,124,84,40,9,4,5,17,10,7,55,35,20,16,7,9
C5020SC,33,610,District-Erode,Urban,60-69,295,171,124,63,33,30,55,29,26,12,5,7,85,60,25,5,2,3,10,2,8,44,28,16,21,12,9
C5020SC,33,610,District-Erode,Urban,70-79,138,69,69,31,12,19,29,14,15,5,1,4,37,23,14,1,0,1,5,4,1,22,11,11,8,4,4
C5020SC,33,610,District-Erode,Urban,80-89,41,26,15,5,3,2,12,8,4,2,2,0,16,9,7,0,0,0,1,0,1,4,3,1,1,1,0
C5020SC,33,610,District-Erode,Urban,90+,9,7,2,1,1,0,2,2,0,1,1,0,5,3,2,0,0,0,0,0,0,0,0,0,0,0,0
C5020SC,33,610,District-Erode,Urban,Age Not Stated,1,1,0,0,0,0,0,0,0,0,0,0,0,0,0,0,0,0,0,0,0,1,1,0,0,0,0
C5020SC,33,611,District-The Nilgiris,Total,Total,3643,2034,1609,447,241,206,522,262,260,226,119,107,1020,631,389,335,170,165,93,44,49,725,422,303,275,145,130
C5020SC,33,611,District-The Nilgiris,Total,0-4,98,47,51,14,5,9,19,10,9,7,6,1,12,5,7,11,4,7,0,0,0,31,17,14,4,0,4
C5020SC,33,611,District-The Nilgiris,Total,5-9,163,85,78,13,3,10,22,12,10,11,6,5,25,15,10,36,23,13,1,1,0,30,15,15,25,10,15
C5020SC,33,611,District-The Nilgiris,Total,10-19,480,264,216,39,21,18,61,36,25,42,19,23,79,50,29,91,43,48,5,3,2,100,57,43,63,35,28
C5020SC,33,611,District-The Nilgiris,Total,20-29,563,307,256,58,36,22,72,33,39,38,22,16,145,87,58,81,40,41,10,5,5,110,60,50,49,24,25
C5020SC,33,611,District-The Nilgiris,Total,30-39,639,350,289,70,43,27,81,37,44,40,17,23,186,106,80,59,24,35,22,12,10,140,94,46,41,17,24
C5020SC,33,611,District-The Nilgiris,Total,40-49,596,345,251,71,39,32,76,36,40,43,22,21,191,128,63,30,18,12,21,9,12,130,72,58,34,21,13
C5020SC,33,611,District-The Nilgiris,Total,50-59,484,294,190,73,45,28,74,40,34,20,11,9,166,104,62,19,13,6,15,7,8,86,54,32,31,20,11
C5020SC,33,611,District-The Nilgiris,Total,60-69,406,237,169,70,34,36,69,36,33,17,11,6,142,96,46,4,3,1,11,3,8,75,41,34,18,13,5
C5020SC,33,611,District-The Nilgiris,Total,70-79,163,90,73,28,14,14,31,16,15,8,5,3,61,35,26,2,2,0,8,4,4,20,10,10,5,4,1
C5020SC,33,611,District-The Nilgiris,Total,80-89,42,11,31,10,1,9,14,3,11,0,0,0,9,4,5,2,0,2,0,0,0,2,2,0,5,1,4
C5020SC,33,611,District-The Nilgiris,Total,90+,5,3,2,1,0,1,2,2,0,0,0,0,2,1,1,0,0,0,0,0,0,0,0,0,0,0,0
C5020SC,33,611,District-The Nilgiris,Total,Age Not Stated,4,1,3,0,0,0,1,1,0,0,0,0,2,0,2,0,0,0,0,0,0,1,0,1,0,0,0
C5020SC,33,611,District-The Nilgiris,Rural,Total,1384,763,621,197,102,95,173,86,87,74,37,37,387,240,147,127,61,66,31,18,13,307,174,133,88,45,43
C5020SC,33,611,District-The Nilgiris,Rural,0-4,36,14,22,7,2,5,7,3,4,3,2,1,4,1,3,4,2,2,0,0,0,10,4,6,1,0,1
C5020SC,33,611,District-The Nilgiris,Rural,5-9,51,25,26,6,1,5,3,2,1,0,0,0,7,4,3,10,4,6,1,1,0,14,8,6,10,5,5
C5020SC,33,611,District-The Nilgiris,Rural,10-19,193,108,85,18,10,8,21,14,7,10,6,4,33,20,13,41,17,24,3,1,2,44,25,19,23,15,8
C5020SC,33,611,District-The Nilgiris,Rural,20-29,211,110,101,27,17,10,25,11,14,13,7,6,53,26,27,27,13,14,6,4,2,46,27,19,14,5,9
C5020SC,33,611,District-The Nilgiris,Rural,30-39,250,142,108,33,23,10,21,10,11,20,8,12,67,40,27,27,14,13,9,7,2,58,37,21,15,3,12
C5020SC,33,611,District-The Nilgiris,Rural,40-49,228,134,94,29,17,12,22,12,10,14,7,7,83,57,26,11,5,6,3,2,1,57,28,29,9,6,3
C5020SC,33,611,District-The Nilgiris,Rural,50-59,166,98,68,28,16,12,26,14,12,6,2,4,56,36,20,4,4,0,4,1,3,36,21,15,6,4,2
C5020SC,33,611,District-The Nilgiris,Rural,60-69,158,88,70,31,11,20,26,11,15,3,3,0,55,37,18,2,1,1,3,1,2,32,18,14,6,6,0
C5020SC,33,611,District-The Nilgiris,Rural,70-79,67,37,30,13,5,8,14,6,8,5,2,3,24,17,7,1,1,0,2,1,1,7,4,3,1,1,0
C5020SC,33,611,District-The Nilgiris,Rural,80-89,20,5,15,5,0,5,6,1,5,0,0,0,4,2,2,0,0,0,0,0,0,2,2,0,3,0,3
C5020SC,33,611,District-The Nilgiris,Rural,90+,2,2,0,0,0,0,2,2,0,0,0,0,0,0,0,0,0,0,0,0,0,0,0,0,0,0,0
C5020SC,33,611,District-The Nilgiris,Rural,Age Not Stated,2,0,2,0,0,0,0,0,0,0,0,0,1,0,1,0,0,0,0,0,0,1,0,1,0,0,0
C5020SC,33,611,District-The Nilgiris,Urban,Total,2259,1271,988,250,139,111,349,176,173,152,82,70,633,391,242,208,109,99,62,26,36,418,248,170,187,100,87
C5020SC,33,611,District-The Nilgiris,Urban,0-4,62,33,29,7,3,4,12,7,5,4,4,0,8,4,4,7,2,5,0,0,0,21,13,8,3,0,3
C5020SC,33,611,District-The Nilgiris,Urban,5-9,112,60,52,7,2,5,19,10,9,11,6,5,18,11,7,26,19,7,0,0,0,16,7,9,15,5,10
C5020SC,33,611,District-The Nilgiris,Urban,10-19,287,156,131,21,11,10,40,22,18,32,13,19,46,30,16,50,26,24,2,2,0,56,32,24,40,20,20
C5020SC,33,611,District-The Nilgiris,Urban,20-29,352,197,155,31,19,12,47,22,25,25,15,10,92,61,31,54,27,27,4,1,3,64,33,31,35,19,16
C5020SC,33,611,District-The Nilgiris,Urban,30-39,389,208,181,37,20,17,60,27,33,20,9,11,119,66,53,32,10,22,13,5,8,82,57,25,26,14,12
C5020SC,33,611,District-The Nilgiris,Urban,40-49,368,211,157,42,22,20,54,24,30,29,15,14,108,71,37,19,13,6,18,7,11,73,44,29,25,15,10
C5020SC,33,611,District-The Nilgiris,Urban,50-59,318,196,122,45,29,16,48,26,22,14,9,5,110,68,42,15,9,6,11,6,5,50,33,17,25,16,9
C5020SC,33,611,District-The Nilgiris,Urban,60-69,248,149,99,39,23,16,43,25,18,14,8,6,87,59,28,2,2,0,8,2,6,43,23,20,12,7,5
C5020SC,33,611,District-The Nilgiris,Urban,70-79,96,53,43,15,9,6,17,10,7,3,3,0,37,18,19,1,1,0,6,3,3,13,6,7,4,3,1
C5020SC,33,611,District-The Nilgiris,Urban,80-89,22,6,16,5,1,4,8,2,6,0,0,0,5,2,3,2,0,2,0,0,0,0,0,0,2,1,1
C5020SC,33,611,District-The Nilgiris,Urban,90+,3,1,2,1,0,1,0,0,0,0,0,0,2,1,1,0,0,0,0,0,0,0,0,0,0,0,0
C5020SC,33,611,District-The Nilgiris,Urban,Age Not Stated,2,1,1,0,0,0,1,1,0,0,0,0,1,0,1,0,0,0,0,0,0,0,0,0,0,0,0
C5020SC,33,612,District-Dindigul,Total,Total,7391,4157,3234,704,364,340,1612,839,773,572,316,256,1548,962,586,539,306,233,161,85,76,1716,988,728,539,297,242
C5020SC,33,612,District-Dindigul,Total,0-4,352,202,150,25,14,11,92,49,43,8,6,2,41,26,15,26,14,12,1,1,0,141,84,57,18,8,10
C5020SC,33,612,District-Dindigul,Total,5-9,486,265,221,42,25,17,78,31,47,47,28,19,59,36,23,76,40,36,0,0,0,120,69,51,64,36,28
C5020SC,33,612,District-Dindigul,Total,10-19,1199,658,541,91,53,38,247,130,117,115,64,51,183,104,79,184,115,69,13,7,6,246,115,131,120,70,50
C5020SC,33,612,District-Dindigul,Total,20-29,1428,752,676,96,42,54,318,144,174,133,66,67,331,180,151,119,60,59,33,26,7,288,174,114,110,60,50
C5020SC,33,612,District-Dindigul,Total,30-39,1183,672,511,94,50,44,255,141,114,107,63,44,238,148,90,70,36,34,39,17,22,298,173,125,82,44,38
C5020SC,33,612,District-Dindigul,Total,40-49,1028,613,415,116,56,60,227,128,99,80,39,41,243,161,82,36,27,9,37,19,18,239,146,93,50,37,13
C5020SC,33,612,District-Dindigul,Total,50-59,764,448,316,91,47,44,163,86,77,37,22,15,216,152,64,21,11,10,21,7,14,185,106,79,30,17,13
C5020SC,33,612,District-Dindigul,Total,60-69,590,353,237,82,44,38,142,80,62,33,21,12,146,99,47,5,3,2,11,7,4,137,88,49,34,11,23
C5020SC,33,612,District-Dindigul,Total,70-79,251,136,115,46,23,23,60,35,25,7,5,2,64,40,24,1,0,1,4,1,3,50,25,25,19,7,12
C5020SC,33,612,District-Dindigul,Total,80-89,84,48,36,17,9,8,26,13,13,2,1,1,21,13,8,1,0,1,1,0,1,9,7,2,7,5,2
C5020SC,33,612,District-Dindigul,Total,90+,19,6,13,4,1,3,2,0,2,1,0,1,5,3,2,0,0,0,0,0,0,2,0,2,5,2,3
C5020SC,33,612,District-Dindigul,Total,Age Not Stated,7,4,3,0,0,0,2,2,0,2,1,1,1,0,1,0,0,0,1,0,1,1,1,0,0,0,0
C5020SC,33,612,District-Dindigul,Rural,Total,5128,2914,2214,508,268,240,1094,574,520,425,234,191,1033,660,373,365,203,162,122,66,56,1165,679,486,416,230,186
C5020SC,33,612,District-Dindigul,Rural,0-4,268,151,117,21,11,10,67,33,34,6,5,1,27,16,11,20,10,10,1,1,0,112,69,43,14,6,8
C5020SC,33,612,District-Dindigul,Rural,5-9,357,196,161,33,21,12,59,20,39,32,19,13,37,24,13,61,32,29,0,0,0,85,52,33,50,28,22
C5020SC,33,612,District-Dindigul,Rural,10-19,794,436,358,63,36,27,163,84,79,77,42,35,115,66,49,119,72,47,9,5,4,161,78,83,87,53,34
C5020SC,33,612,District-Dindigul,Rural,20-29,997,534,463,73,35,38,211,96,115,106,53,53,217,121,96,81,39,42,27,23,4,197,119,78,85,48,37
C5020SC,33,612,District-Dindigul,Rural,30-39,793,463,330,62,34,28,174,105,69,80,48,32,163,107,56,44,24,20,27,10,17,181,103,78,62,32,30
C5020SC,33,612,District-Dindigul,Rural,40-49,701,419,282,71,37,34,148,83,65,57,27,30,157,109,48,21,15,6,30,16,14,177,102,75,40,30,10
C5020SC,33,612,District-Dindigul,Rural,50-59,537,316,221,72,35,37,112,60,52,32,18,14,149,105,44,16,10,6,15,5,10,117,71,46,24,12,12
C5020SC,33,612,District-Dindigul,Rural,60-69,423,253,170,64,35,29,96,55,41,26,17,9,106,70,36,2,1,1,9,5,4,89,59,30,31,11,20
C5020SC,33,612,District-Dindigul,Rural,70-79,182,101,81,31,15,16,43,25,18,4,3,1,45,29,16,1,0,1,3,1,2,39,22,17,16,6,10
C5020SC,33,612,District-Dindigul,Rural,80-89,57,37,20,15,8,7,17,11,6,2,1,1,13,10,3,0,0,0,0,0,0,6,4,2,4,3,1
C5020SC,33,612,District-Dindigul,Rural,90+,14,5,9,3,1,2,2,0,2,1,0,1,4,3,1,0,0,0,0,0,0,1,0,1,3,1,2
C5020SC,33,612,District-Dindigul,Rural,Age Not Stated,5,3,2,0,0,0,2,2,0,2,1,1,0,0,0,0,0,0,1,0,1,0,0,0,0,0,0
C5020SC,33,612,District-Dindigul,Urban,Total,2263,1243,1020,196,96,100,518,265,253,147,82,65,515,302,213,174,103,71,39,19,20,551,309,242,123,67,56
C5020SC,33,612,District-Dindigul,Urban,0-4,84,51,33,4,3,1,25,16,9,2,1,1,14,10,4,6,4,2,0,0,0,29,15,14,4,2,2
C5020SC,33,612,District-Dindigul,Urban,5-9,129,69,60,9,4,5,19,11,8,15,9,6,22,12,10,15,8,7,0,0,0,35,17,18,14,8,6
C5020SC,33,612,District-Dindigul,Urban,10-19,405,222,183,28,17,11,84,46,38,38,22,16,68,38,30,65,43,22,4,2,2,85,37,48,33,17,16
C5020SC,33,612,District-Dindigul,Urban,20-29,431,218,213,23,7,16,107,48,59,27,13,14,114,59,55,38,21,17,6,3,3,91,55,36,25,12,13
C5020SC,33,612,District-Dindigul,Urban,30-39,390,209,181,32,16,16,81,36,45,27,15,12,75,41,34,26,12,14,12,7,5,117,70,47,20,12,8
C5020SC,33,612,District-Dindigul,Urban,40-49,327,194,133,45,19,26,79,45,34,23,12,11,86,52,34,15,12,3,7,3,4,62,44,18,10,7,3
C5020SC,33,612,District-Dindigul,Urban,50-59,227,132,95,19,12,7,51,26,25,5,4,1,67,47,20,5,1,4,6,2,4,68,35,33,6,5,1
C5020SC,33,612,District-Dindigul,Urban,60-69,167,100,67,18,9,9,46,25,21,7,4,3,40,29,11,3,2,1,2,2,0,48,29,19,3,0,3
C5020SC,33,612,District-Dindigul,Urban,70-79,69,35,34,15,8,7,17,10,7,3,2,1,19,11,8,0,0,0,1,0,1,11,3,8,3,1,2
C5020SC,33,612,District-Dindigul,Urban,80-89,27,11,16,2,1,1,9,2,7,0,0,0,8,3,5,1,0,1,1,0,1,3,3,0,3,2,1
C5020SC,33,612,District-Dindigul,Urban,90+,5,1,4,1,0,1,0,0,0,0,0,0,1,0,1,0,0,0,0,0,0,1,0,1,2,1,1
C5020SC,33,612,District-Dindigul,Urban,Age Not Stated,2,1,1,0,0,0,0,0,0,0,0,0,1,0,1,0,0,0,0,0,0,1,1,0,0,0,0
C5020SC,33,613,District-Karur ,Total,Total,3381,1855,1526,458,229,229,456,226,230,277,156,121,1059,647,412,259,133,126,96,45,51,449,239,210,327,180,147
C5020SC,33,613,District-Karur ,Total,0-4,77,43,34,5,3,2,6,2,4,4,2,2,23,14,9,11,9,2,0,0,0,21,12,9,7,1,6
C5020SC,33,613,District-Karur ,Total,5-9,168,109,59,13,8,5,12,8,4,33,23,10,28,19,9,30,19,11,1,0,1,23,15,8,28,17,11
C5020SC,33,613,District-Karur ,Total,10-19,484,261,223,43,23,20,47,28,19,61,33,28,105,67,38,91,43,48,4,0,4,61,22,39,72,45,27
C5020SC,33,613,District-Karur ,Total,20-29,622,353,269,65,33,32,71,35,36,55,32,23,228,137,91,52,24,28,11,9,2,73,46,27,67,37,30
C5020SC,33,613,District-Karur ,Total,30-39,534,291,243,61,32,29,69,33,36,40,22,18,173,97,76,44,22,22,30,17,13,80,48,32,37,20,17
C5020SC,33,613,District-Karur ,Total,40-49,494,292,202,66,35,31,70,29,41,48,28,20,164,118,46,22,12,10,22,9,13,65,41,24,37,20,17
C5020SC,33,613,District-Karur ,Total,50-59,358,185,173,69,33,36,56,29,27,19,10,9,115,66,49,3,1,2,16,7,9,52,20,32,28,19,9
C5020SC,33,613,District-Karur ,Total,60-69,389,204,185,73,34,39,69,36,33,15,6,9,141,87,54,4,2,2,9,1,8,49,27,22,29,11,18
C5020SC,33,613,District-Karur ,Total,70-79,171,75,96,39,16,23,37,16,21,1,0,1,56,29,27,2,1,1,2,1,1,22,7,15,12,5,7
C5020SC,33,613,District-Karur ,Total,80-89,68,34,34,20,9,11,16,9,7,1,0,1,22,11,11,0,0,0,1,1,0,2,1,1,6,3,3
C5020SC,33,613,District-Karur ,Total,90+,14,7,7,4,3,1,3,1,2,0,0,0,3,1,2,0,0,0,0,0,0,0,0,0,4,2,2
C5020SC,33,613,District-Karur ,Total,Age Not Stated,2,1,1,0,0,0,0,0,0,0,0,0,1,1,0,0,0,0,0,0,0,1,0,1,0,0,0
C5020SC,33,613,District-Karur ,Rural,Total,2431,1317,1114,360,177,183,301,146,155,202,116,86,779,467,312,184,92,92,73,38,35,284,146,138,248,135,113
C5020SC,33,613,District-Karur ,Rural,0-4,57,30,27,3,2,1,4,1,3,4,2,2,19,11,8,6,5,1,0,0,0,14,8,6,7,1,6
C5020SC,33,613,District-Karur ,Rural,5-9,128,85,43,11,7,4,9,7,2,24,16,8,21,14,7,26,17,9,0,0,0,16,11,5,21,13,8
C5020SC,33,613,District-Karur ,Rural,10-19,358,192,166,33,17,16,33,19,14,45,25,20,81,51,30,70,32,38,2,0,2,42,16,26,52,32,20
C5020SC,33,613,District-Karur ,Rural,20-29,426,250,176,50,27,23,40,20,20,41,27,14,161,102,59,36,15,21,8,7,1,44,28,16,46,24,22
C5020SC,33,613,District-Karur ,Rural,30-39,372,205,167,48,24,24,41,20,21,27,14,13,121,69,52,30,14,16,25,15,10,52,32,20,28,17,11
C5020SC,33,613,District-Karur ,Rural,40-49,328,197,131,52,30,22,41,17,24,38,21,17,112,80,32,11,8,3,13,6,7,37,21,16,24,14,10
C5020SC,33,613,District-Karur ,Rural,50-59,261,126,135,49,20,29,41,18,23,15,9,6,91,50,41,2,0,2,14,7,7,27,8,19,22,14,8
C5020SC,33,613,District-Karur ,Rural,60-69,304,149,155,62,27,35,53,27,26,7,2,5,111,63,48,2,1,1,8,1,7,33,17,16,28,11,17
C5020SC,33,613,District-Karur ,Rural,70-79,135,52,83,33,13,20,26,11,15,1,0,1,43,18,25,1,0,1,2,1,1,18,5,13,11,4,7
C5020SC,33,613,District-Karur ,Rural,80-89,52,25,27,17,8,9,11,5,6,0,0,0,17,8,9,0,0,0,1,1,0,1,0,1,5,3,2
C5020SC,33,613,District-Karur ,Rural,90+,10,6,4,2,2,0,2,1,1,0,0,0,2,1,1,0,0,0,0,0,0,0,0,0,4,2,2
C5020SC,33,613,District-Karur ,Rural,Age Not Stated,0,0,0,0,0,0,0,0,0,0,0,0,0,0,0,0,0,0,0,0,0,0,0,0,0,0,0
C5020SC,33,613,District-Karur ,Urban,Total,950,538,412,98,52,46,155,80,75,75,40,35,280,180,100,75,41,34,23,7,16,165,93,72,79,45,34
C5020SC,33,613,District-Karur ,Urban,0-4,20,13,7,2,1,1,2,1,1,0,0,0,4,3,1,5,4,1,0,0,0,7,4,3,0,0,0
C5020SC,33,613,District-Karur ,Urban,5-9,40,24,16,2,1,1,3,1,2,9,7,2,7,5,2,4,2,2,1,0,1,7,4,3,7,4,3
C5020SC,33,613,District-Karur ,Urban,10-19,126,69,57,10,6,4,14,9,5,16,8,8,24,16,8,21,11,10,2,0,2,19,6,13,20,13,7
C5020SC,33,613,District-Karur ,Urban,20-29,196,103,93,15,6,9,31,15,16,14,5,9,67,35,32,16,9,7,3,2,1,29,18,11,21,13,8
C5020SC,33,613,District-Karur ,Urban,30-39,162,86,76,13,8,5,28,13,15,13,8,5,52,28,24,14,8,6,5,2,3,28,16,12,9,3,6
C5020SC,33,613,District-Karur ,Urban,40-49,166,95,71,14,5,9,29,12,17,10,7,3,52,38,14,11,4,7,9,3,6,28,20,8,13,6,7
C5020SC,33,613,District-Karur ,Urban,50-59,97,59,38,20,13,7,15,11,4,4,1,3,24,16,8,1,1,0,2,0,2,25,12,13,6,5,1
C5020SC,33,613,District-Karur ,Urban,60-69,85,55,30,11,7,4,16,9,7,8,4,4,30,24,6,2,1,1,1,0,1,16,10,6,1,0,1
C5020SC,33,613,District-Karur ,Urban,70-79,36,23,13,6,3,3,11,5,6,0,0,0,13,11,2,1,1,0,0,0,0,4,2,2,1,1,0
C5020SC,33,613,District-Karur ,Urban,80-89,16,9,7,3,1,2,5,4,1,1,0,1,5,3,2,0,0,0,0,0,0,1,1,0,1,0,1
C5020SC,33,613,District-Karur ,Urban,90+,4,1,3,2,1,1,1,0,1,0,0,0,1,0,1,0,0,0,0,0,0,0,0,0,0,0,0
C5020SC,33,613,District-Karur ,Urban,Age Not Stated,2,1,1,0,0,0,0,0,0,0,0,0,1,1,0,0,0,0,0,0,0,1,0,1,0,0,0
C5020SC,33,614,District-Tiruchirappalli,Total,Total,7307,4033,3274,923,475,448,988,475,513,520,281,239,1958,1177,781,633,356,277,210,113,97,1441,764,677,634,392,242
C5020SC,33,614,District-Tiruchirappalli,Total,0-4,263,137,126,26,10,16,42,23,19,7,5,2,41,20,21,30,14,16,2,2,0,87,45,42,28,18,10
C5020SC,33,614,District-Tiruchirappalli,Total,5-9,463,254,209,41,25,16,44,18,26,63,38,25,70,37,33,80,42,38,2,1,1,98,53,45,65,40,25
C5020SC,33,614,District-Tiruchirappalli,Total,10-19,1238,709,529,152,74,78,137,74,63,118,64,54,185,108,77,219,139,80,17,14,3,240,134,106,170,102,68
C5020SC,33,614,District-Tiruchirappalli,Total,20-29,1513,810,703,144,69,75,157,72,85,104,55,49,484,271,213,151,85,66,43,25,18,302,150,152,128,83,45
C5020SC,33,614,District-Tiruchirappalli,Total,30-39,1165,650,515,147,85,62,132,59,73,86,44,42,395,257,138,70,35,35,50,25,25,216,105,111,69,40,29
C5020SC,33,614,District-Tiruchirappalli,Total,40-49,952,529,423,126,67,59,142,69,73,65,33,32,263,164,99,49,25,24,44,22,22,195,109,86,68,40,28
C5020SC,33,614,District-Tiruchirappalli,Total,50-59,714,383,331,118,54,64,109,44,65,44,23,21,220,138,82,15,8,7,23,9,14,137,74,63,48,33,15
C5020SC,33,614,District-Tiruchirappalli,Total,60-69,611,351,260,94,56,38,138,68,70,24,14,10,178,113,65,18,8,10,23,13,10,114,63,51,22,16,6
C5020SC,33,614,District-Tiruchirappalli,Total,70-79,292,164,128,54,23,31,68,41,27,6,4,2,94,57,37,1,0,1,4,2,2,41,23,18,24,14,10
C5020SC,33,614,District-Tiruchirappalli,Total,80-89,71,36,35,14,9,5,17,7,10,1,1,0,20,9,11,0,0,0,2,0,2,9,6,3,8,4,4
C5020SC,33,614,District-Tiruchirappalli,Total,90+,19,8,11,6,3,3,2,0,2,0,0,0,6,2,4,0,0,0,0,0,0,1,1,0,4,2,2
C5020SC,33,614,District-Tiruchirappalli,Total,Age Not Stated,6,2,4,1,0,1,0,0,0,2,0,2,2,1,1,0,0,0,0,0,0,1,1,0,0,0,0
C5020SC,33,614,District-Tiruchirappalli,Rural,Total,4617,2530,2087,527,291,236,655,306,349,369,197,172,1170,692,478,385,210,175,133,65,68,975,513,462,403,256,147
C5020SC,33,614,District-Tiruchirappalli,Rural,0-4,174,90,84,12,5,7,33,18,15,3,2,1,26,14,12,22,8,14,0,0,0,62,32,30,16,11,5
C5020SC,33,614,District-Tiruchirappalli,Rural,5-9,300,171,129,26,18,8,29,11,18,47,30,17,42,21,21,47,28,19,1,0,1,63,34,29,45,29,16
C5020SC,33,614,District-Tiruchirappalli,Rural,10-19,797,468,329,78,52,26,95,54,41,86,45,41,130,76,54,127,76,51,4,4,0,170,97,73,107,64,43
C5020SC,33,614,District-Tiruchirappalli,Rural,20-29,917,492,425,68,36,32,90,40,50,69,37,32,285,159,126,98,55,43,29,17,12,203,99,104,75,49,26
C5020SC,33,614,District-Tiruchirappalli,Rural,30-39,688,369,319,73,42,31,81,31,50,58,29,29,216,139,77,43,21,22,29,15,14,139,61,78,49,31,18
C5020SC,33,614,District-Tiruchirappalli,Rural,40-49,589,321,268,66,32,34,91,45,46,50,22,28,151,93,58,28,14,14,32,15,17,131,76,55,40,24,16
C5020SC,33,614,District-Tiruchirappalli,Rural,50-59,461,235,226,78,35,43,77,28,49,29,15,14,126,78,48,11,5,6,16,4,12,87,43,44,37,27,10
C5020SC,33,614,District-Tiruchirappalli,Rural,60-69,413,231,182,66,41,25,97,46,51,19,13,6,113,66,47,8,3,5,17,9,8,81,46,35,12,7,5
C5020SC,33,614,District-Tiruchirappalli,Rural,70-79,213,122,91,43,20,23,49,29,20,6,4,2,62,38,24,1,0,1,3,1,2,32,20,12,17,10,7
C5020SC,33,614,District-Tiruchirappalli,Rural,80-89,47,24,23,11,7,4,11,4,7,0,0,0,14,6,8,0,0,0,2,0,2,6,4,2,3,3,0
C5020SC,33,614,District-Tiruchirappalli,Rural,90+,15,7,8,5,3,2,2,0,2,0,0,0,5,2,3,0,0,0,0,0,0,1,1,0,2,1,1
C5020SC,33,614,District-Tiruchirappalli,Rural,Age Not Stated,3,0,3,1,0,1,0,0,0,2,0,2,0,0,0,0,0,0,0,0,0,0,0,0,0,0,0
C5020SC,33,614,District-Tiruchirappalli,Urban,Total,2690,1503,1187,396,184,212,333,169,164,151,84,67,788,485,303,248,146,102,77,48,29,466,251,215,231,136,95
C5020SC,33,614,District-Tiruchirappalli,Urban,0-4,89,47,42,14,5,9,9,5,4,4,3,1,15,6,9,8,6,2,2,2,0,25,13,12,12,7,5
C5020SC,33,614,District-Tiruchirappalli,Urban,5-9,163,83,80,15,7,8,15,7,8,16,8,8,28,16,12,33,14,19,1,1,0,35,19,16,20,11,9
C5020SC,33,614,District-Tiruchirappalli,Urban,10-19,441,241,200,74,22,52,42,20,22,32,19,13,55,32,23,92,63,29,13,10,3,70,37,33,63,38,25
C5020SC,33,614,District-Tiruchirappalli,Urban,20-29,596,318,278,76,33,43,67,32,35,35,18,17,199,112,87,53,30,23,14,8,6,99,51,48,53,34,19
C5020SC,33,614,District-Tiruchirappalli,Urban,30-39,477,281,196,74,43,31,51,28,23,28,15,13,179,118,61,27,14,13,21,10,11,77,44,33,20,9,11
C5020SC,33,614,District-Tiruchirappalli,Urban,40-49,363,208,155,60,35,25,51,24,27,15,11,4,112,71,41,21,11,10,12,7,5,64,33,31,28,16,12
C5020SC,33,614,District-Tiruchirappalli,Urban,50-59,253,148,105,40,19,21,32,16,16,15,8,7,94,60,34,4,3,1,7,5,2,50,31,19,11,6,5
C5020SC,33,614,District-Tiruchirappalli,Urban,60-69,198,120,78,28,15,13,41,22,19,5,1,4,65,47,18,10,5,5,6,4,2,33,17,16,10,9,1
C5020SC,33,614,District-Tiruchirappalli,Urban,70-79,79,42,37,11,3,8,19,12,7,0,0,0,32,19,13,0,0,0,1,1,0,9,3,6,7,4,3
C5020SC,33,614,District-Tiruchirappalli,Urban,80-89,24,12,12,3,2,1,6,3,3,1,1,0,6,3,3,0,0,0,0,0,0,3,2,1,5,1,4
C5020SC,33,614,District-Tiruchirappalli,Urban,90+,4,1,3,1,0,1,0,0,0,0,0,0,1,0,1,0,0,0,0,0,0,0,0,0,2,1,1
C5020SC,33,614,District-Tiruchirappalli,Urban,Age Not Stated,3,2,1,0,0,0,0,0,0,0,0,0,2,1,1,0,0,0,0,0,0,1,1,0,0,0,0
C5020SC,33,615,District-Perambalur  ,Total,Total,3616,2044,1572,448,236,212,748,408,340,270,157,113,739,459,280,254,130,124,68,40,28,857,480,377,232,134,98
C5020SC,33,615,District-Perambalur  ,Total,0-4,123,64,59,15,9,6,31,21,10,1,1,0,12,5,7,11,7,4,1,1,0,45,15,30,7,5,2
C5020SC,33,615,District-Perambalur  ,Total,5-9,251,146,105,23,14,9,48,26,22,23,19,4,32,20,12,42,26,16,0,0,0,51,23,28,32,18,14
C5020SC,33,615,District-Perambalur  ,Total,10-19,621,335,286,67,31,36,124,61,63,61,31,30,83,49,34,83,46,37,1,0,1,148,82,66,54,35,19
C5020SC,33,615,District-Perambalur  ,Total,20-29,647,353,294,59,31,28,109,64,45,70,33,37,161,94,67,51,21,30,9,6,3,147,83,64,41,21,20
C5020SC,33,615,District-Perambalur  ,Total,30-39,579,339,240,61,33,28,103,61,42,44,29,15,131,83,48,33,18,15,20,12,8,148,83,65,39,20,19
C5020SC,33,615,District-Perambalur  ,Total,40-49,485,284,201,59,28,31,109,58,51,28,17,11,102,63,39,15,6,9,17,9,8,128,84,44,27,19,8
C5020SC,33,615,District-Perambalur  ,Total,50-59,363,207,156,54,33,21,87,47,40,14,9,5,91,57,34,11,3,8,7,4,3,87,46,41,12,8,4
C5020SC,33,615,District-Perambalur  ,Total,60-69,337,191,146,50,24,26,87,39,48,21,14,7,77,56,21,5,1,4,11,8,3,74,43,31,12,6,6
C5020SC,33,615,District-Perambalur  ,Total,70-79,170,105,65,45,26,19,45,29,16,8,4,4,39,27,12,2,1,1,2,0,2,22,16,6,7,2,5
C5020SC,33,615,District-Perambalur  ,Total,80-89,34,17,17,13,6,7,5,2,3,0,0,0,9,5,4,0,0,0,0,0,0,6,4,2,1,0,1
C5020SC,33,615,District-Perambalur  ,Total,90+,3,2,1,2,1,1,0,0,0,0,0,0,0,0,0,1,1,0,0,0,0,0,0,0,0,0,0
C5020SC,33,615,District-Perambalur  ,Total,Age Not Stated,3,1,2,0,0,0,0,0,0,0,0,0,2,0,2,0,0,0,0,0,0,1,1,0,0,0,0
C5020SC,33,615,District-Perambalur  ,Rural,Total,3222,1808,1414,415,219,196,699,377,322,242,142,100,642,398,244,218,106,112,56,33,23,748,416,332,202,117,85
C5020SC,33,615,District-Perambalur  ,Rural,0-4,111,58,53,15,9,6,28,19,9,1,1,0,9,4,5,10,6,4,0,0,0,41,14,27,7,5,2
C5020SC,33,615,District-Perambalur  ,Rural,5-9,236,136,100,22,13,9,47,26,21,23,19,4,26,15,11,39,23,16,0,0,0,47,22,25,32,18,14
C5020SC,33,615,District-Perambalur  ,Rural,10-19,552,294,258,62,28,34,115,56,59,54,27,27,77,45,32,73,41,32,1,0,1,127,69,58,43,28,15
C5020SC,33,615,District-Perambalur  ,Rural,20-29,567,309,258,52,27,25,100,58,42,65,31,34,140,83,57,40,14,26,9,6,3,125,71,54,36,19,17
C5020SC,33,615,District-Perambalur  ,Rural,30-39,509,297,212,58,31,27,97,57,40,35,24,11,112,71,41,28,14,14,16,10,6,130,73,57,33,17,16
C5020SC,33,615,District-Perambalur  ,Rural,40-49,416,239,177,52,24,28,98,52,46,25,15,10,83,52,31,13,4,9,14,7,7,107,69,38,24,16,8
C5020SC,33,615,District-Perambalur  ,Rural,50-59,326,181,145,49,31,18,81,41,40,13,9,4,79,48,31,9,2,7,6,4,2,79,40,39,10,6,4
C5020SC,33,615,District-Perambalur  ,Rural,60-69,309,176,133,46,23,23,86,39,47,20,13,7,71,51,20,4,1,3,8,6,2,63,37,26,11,6,5
C5020SC,33,615,District-Perambalur  ,Rural,70-79,158,98,60,44,26,18,42,27,15,6,3,3,36,24,12,1,0,1,2,0,2,22,16,6,5,2,3
C5020SC,33,615,District-Perambalur  ,Rural,80-89,33,17,16,13,6,7,5,2,3,0,0,0,8,5,3,0,0,0,0,0,0,6,4,2,1,0,1
C5020SC,33,615,District-Perambalur  ,Rural,90+,3,2,1,2,1,1,0,0,0,0,0,0,0,0,0,1,1,0,0,0,0,0,0,0,0,0,0
C5020SC,33,615,District-Perambalur  ,Rural,Age Not Stated,2,1,1,0,0,0,0,0,0,0,0,0,1,0,1,0,0,0,0,0,0,1,1,0,0,0,0
C5020SC,33,615,District-Perambalur  ,Urban,Total,394,236,158,33,17,16,49,31,18,28,15,13,97,61,36,36,24,12,12,7,5,109,64,45,30,17,13
C5020SC,33,615,District-Perambalur  ,Urban,0-4,12,6,6,0,0,0,3,2,1,0,0,0,3,1,2,1,1,0,1,1,0,4,1,3,0,0,0
C5020SC,33,615,District-Perambalur  ,Urban,5-9,15,10,5,1,1,0,1,0,1,0,0,0,6,5,1,3,3,0,0,0,0,4,1,3,0,0,0
C5020SC,33,615,District-Perambalur  ,Urban,10-19,69,41,28,5,3,2,9,5,4,7,4,3,6,4,2,10,5,5,0,0,0,21,13,8,11,7,4
C5020SC,33,615,District-Perambalur  ,Urban,20-29,80,44,36,7,4,3,9,6,3,5,2,3,21,11,10,11,7,4,0,0,0,22,12,10,5,2,3
C5020SC,33,615,District-Perambalur  ,Urban,30-39,70,42,28,3,2,1,6,4,2,9,5,4,19,12,7,5,4,1,4,2,2,18,10,8,6,3,3
C5020SC,33,615,District-Perambalur  ,Urban,40-49,69,45,24,7,4,3,11,6,5,3,2,1,19,11,8,2,2,0,3,2,1,21,15,6,3,3,0
C5020SC,33,615,District-Perambalur  ,Urban,50-59,37,26,11,5,2,3,6,6,0,1,0,1,12,9,3,2,1,1,1,0,1,8,6,2,2,2,0
C5020SC,33,615,District-Perambalur  ,Urban,60-69,28,15,13,4,1,3,1,0,1,1,1,0,6,5,1,1,0,1,3,2,1,11,6,5,1,0,1
C5020SC,33,615,District-Perambalur  ,Urban,70-79,12,7,5,1,0,1,3,2,1,2,1,1,3,3,0,1,1,0,0,0,0,0,0,0,2,0,2
C5020SC,33,615,District-Perambalur  ,Urban,80-89,1,0,1,0,0,0,0,0,0,0,0,0,1,0,1,0,0,0,0,0,0,0,0,0,0,0,0
C5020SC,33,615,District-Perambalur  ,Urban,90+,0,0,0,0,0,0,0,0,0,0,0,0,0,0,0,0,0,0,0,0,0,0,0,0,0,0,0
C5020SC,33,615,District-Perambalur  ,Urban,Age Not Stated,1,0,1,0,0,0,0,0,0,0,0,0,1,0,1,0,0,0,0,0,0,0,0,0,0,0,0
C5020SC,33,616,District-Ariyalur  ,Total,Total,3771,2159,1612,523,263,260,620,343,277,257,144,113,835,516,319,240,136,104,86,39,47,908,540,368,302,178,124
C5020SC,33,616,District-Ariyalur  ,Total,0-4,173,94,79,18,7,11,35,17,18,6,3,3,28,16,12,13,10,3,0,0,0,57,32,25,16,9,7
C5020SC,33,616,District-Ariyalur  ,Total,5-9,291,176,115,37,19,18,48,30,18,26,16,10,31,19,12,46,30,16,0,0,0,66,40,26,37,22,15
C5020SC,33,616,District-Ariyalur  ,Total,10-19,711,389,322,77,39,38,108,64,44,86,52,34,109,57,52,96,50,46,3,1,2,148,79,69,84,47,37
C5020SC,33,616,District-Ariyalur  ,Total,20-29,603,334,269,64,33,31,79,39,40,57,30,27,143,81,62,33,20,13,17,8,9,143,78,65,67,45,22
C5020SC,33,616,District-Ariyalur  ,Total,30-39,510,278,232,47,23,24,76,36,40,43,21,22,133,82,51,24,11,13,22,11,11,136,77,59,29,17,12
C5020SC,33,616,District-Ariyalur  ,Total,40-49,500,315,185,57,35,22,93,49,44,14,10,4,133,86,47,17,8,9,24,14,10,148,104,44,14,9,5
C5020SC,33,616,District-Ariyalur  ,Total,50-59,378,213,165,68,26,42,66,39,27,18,9,9,101,70,31,5,3,2,13,3,10,90,54,36,17,9,8
C5020SC,33,616,District-Ariyalur  ,Total,60-69,386,227,159,95,51,44,75,43,32,4,2,2,105,66,39,4,4,0,4,1,3,83,52,31,16,8,8
C5020SC,33,616,District-Ariyalur  ,Total,70-79,173,100,73,41,17,24,34,21,13,2,0,2,43,31,12,1,0,1,3,1,2,32,22,10,17,8,9
C5020SC,33,616,District-Ariyalur  ,Total,80-89,37,25,12,16,10,6,5,4,1,1,1,0,6,5,1,1,0,1,0,0,0,4,2,2,4,3,1
C5020SC,33,616,District-Ariyalur  ,Total,90+,8,7,1,3,3,0,1,1,0,0,0,0,2,2,0,0,0,0,0,0,0,1,0,1,1,1,0
C5020SC,33,616,District-Ariyalur  ,Total,Age Not Stated,1,1,0,0,0,0,0,0,0,0,0,0,1,1,0,0,0,0,0,0,0,0,0,0,0,0,0
C5020SC,33,616,District-Ariyalur  ,Rural,Total,3516,2002,1514,489,244,245,565,308,257,245,140,105,770,473,297,215,121,94,76,34,42,866,512,354,290,170,120
C5020SC,33,616,District-Ariyalur  ,Rural,0-4,161,86,75,18,7,11,31,14,17,6,3,3,27,15,12,11,8,3,0,0,0,52,30,22,16,9,7
C5020SC,33,616,District-Ariyalur  ,Rural,5-9,280,167,113,35,17,18,45,27,18,25,15,10,31,19,12,43,27,16,0,0,0,64,40,24,37,22,15
C5020SC,33,616,District-Ariyalur  ,Rural,10-19,670,369,301,72,37,35,97,56,41,82,51,31,102,55,47,89,46,43,3,1,2,144,78,66,81,45,36
C5020SC,33,616,District-Ariyalur  ,Rural,20-29,565,309,256,55,26,29,73,37,36,56,30,26,136,75,61,30,20,10,16,7,9,134,70,64,65,44,21
C5020SC,33,616,District-Ariyalur  ,Rural,30-39,466,253,213,44,21,23,68,32,36,39,20,19,118,73,45,19,8,11,20,10,10,132,74,58,26,15,11
C5020SC,33,616,District-Ariyalur  ,Rural,40-49,454,282,172,51,33,18,85,43,42,14,10,4,114,72,42,15,6,9,21,11,10,141,99,42,13,8,5
C5020SC,33,616,District-Ariyalur  ,Rural,50-59,349,196,153,63,24,39,60,34,26,16,8,8,94,65,29,3,2,1,10,3,7,87,52,35,16,8,8
C5020SC,33,616,District-Ariyalur  ,Rural,60-69,361,211,150,94,50,44,68,40,28,4,2,2,97,61,36,4,4,0,3,1,2,76,46,30,15,7,8
C5020SC,33,616,District-Ariyalur  ,Rural,70-79,166,97,69,40,17,23,32,20,12,2,0,2,42,30,12,0,0,0,3,1,2,31,21,10,16,8,8
C5020SC,33,616,District-Ariyalur  ,Rural,80-89,35,24,11,14,9,5,5,4,1,1,1,0,6,5,1,1,0,1,0,0,0,4,2,2,4,3,1
C5020SC,33,616,District-Ariyalur  ,Rural,90+,8,7,1,3,3,0,1,1,0,0,0,0,2,2,0,0,0,0,0,0,0,1,0,1,1,1,0
C5020SC,33,616,District-Ariyalur  ,Rural,Age Not Stated,1,1,0,0,0,0,0,0,0,0,0,0,1,1,0,0,0,0,0,0,0,0,0,0,0,0,0
C5020SC,33,616,District-Ariyalur  ,Urban,Total,255,157,98,34,19,15,55,35,20,12,4,8,65,43,22,25,15,10,10,5,5,42,28,14,12,8,4
C5020SC,33,616,District-Ariyalur  ,Urban,0-4,12,8,4,0,0,0,4,3,1,0,0,0,1,1,0,2,2,0,0,0,0,5,2,3,0,0,0
C5020SC,33,616,District-Ariyalur  ,Urban,5-9,11,9,2,2,2,0,3,3,0,1,1,0,0,0,0,3,3,0,0,0,0,2,0,2,0,0,0
C5020SC,33,616,District-Ariyalur  ,Urban,10-19,41,20,21,5,2,3,11,8,3,4,1,3,7,2,5,7,4,3,0,0,0,4,1,3,3,2,1
C5020SC,33,616,District-Ariyalur  ,Urban,20-29,38,25,13,9,7,2,6,2,4,1,0,1,7,6,1,3,0,3,1,1,0,9,8,1,2,1,1
C5020SC,33,616,District-Ariyalur  ,Urban,30-39,44,25,19,3,2,1,8,4,4,4,1,3,15,9,6,5,3,2,2,1,1,4,3,1,3,2,1
C5020SC,33,616,District-Ariyalur  ,Urban,40-49,46,33,13,6,2,4,8,6,2,0,0,0,19,14,5,2,2,0,3,3,0,7,5,2,1,1,0
C5020SC,33,616,District-Ariyalur  ,Urban,50-59,29,17,12,5,2,3,6,5,1,2,1,1,7,5,2,2,1,1,3,0,3,3,2,1,1,1,0
C5020SC,33,616,District-Ariyalur  ,Urban,60-69,25,16,9,1,1,0,7,3,4,0,0,0,8,5,3,0,0,0,1,0,1,7,6,1,1,1,0
C5020SC,33,616,District-Ariyalur  ,Urban,70-79,7,3,4,1,0,1,2,1,1,0,0,0,1,1,0,1,0,1,0,0,0,1,1,0,1,0,1
C5020SC,33,616,District-Ariyalur  ,Urban,80-89,2,1,1,2,1,1,0,0,0,0,0,0,0,0,0,0,0,0,0,0,0,0,0,0,0,0,0
C5020SC,33,616,District-Ariyalur  ,Urban,90+,0,0,0,0,0,0,0,0,0,0,0,0,0,0,0,0,0,0,0,0,0,0,0,0,0,0,0
C5020SC,33,616,District-Ariyalur  ,Urban,Age Not Stated,0,0,0,0,0,0,0,0,0,0,0,0,0,0,0,0,0,0,0,0,0,0,0,0,0,0,0
C5020SC,33,617,District-Cuddalore,Total,Total,13170,7400,5770,1916,1018,898,2925,1519,1406,795,456,339,2804,1762,1042,996,532,464,208,111,97,2642,1491,1151,884,511,373
C5020SC,33,617,District-Cuddalore,Total,0-4,568,326,242,78,42,36,137,80,57,7,6,1,68,40,28,63,34,29,2,1,1,175,101,74,38,22,16
C5020SC,33,617,District-Cuddalore,Total,5-9,1002,559,443,125,75,50,194,98,96,112,62,50,108,72,36,122,74,48,5,3,2,214,101,113,122,74,48
C5020SC,33,617,District-Cuddalore,Total,10-19,2568,1431,1137,332,174,158,602,328,274,212,130,82,326,199,127,345,182,163,21,15,6,460,251,209,270,152,118
C5020SC,33,617,District-Cuddalore,Total,20-29,2532,1409,1123,280,150,130,556,313,243,186,96,90,588,348,240,205,110,95,48,21,27,506,274,232,163,97,66
C5020SC,33,617,District-Cuddalore,Total,30-39,1917,1024,893,230,115,115,389,170,219,109,63,46,511,317,194,114,48,66,50,29,21,398,218,180,116,64,52
C5020SC,33,617,District-Cuddalore,Total,40-49,1670,986,684,268,151,117,374,185,189,77,45,32,426,283,143,80,47,33,34,21,13,344,213,131,67,41,26
C5020SC,33,617,District-Cuddalore,Total,50-59,1261,718,543,210,108,102,279,133,146,49,27,22,364,230,134,39,23,16,28,11,17,253,163,90,39,23,16
C5020SC,33,617,District-Cuddalore,Total,60-69,1013,579,434,219,106,113,236,127,109,28,17,11,279,188,91,20,8,12,14,7,7,180,104,76,37,22,15
C5020SC,33,617,District-Cuddalore,Total,70-79,452,262,190,130,70,60,106,57,49,9,7,2,102,67,35,4,3,1,5,2,3,80,49,31,16,7,9
C5020SC,33,617,District-Cuddalore,Total,80-89,128,74,54,33,18,15,38,22,16,3,1,2,22,12,10,1,1,0,0,0,0,19,11,8,12,9,3
C5020SC,33,617,District-Cuddalore,Total,90+,40,22,18,10,9,1,11,4,7,1,1,0,8,5,3,2,1,1,0,0,0,4,2,2,4,0,4
C5020SC,33,617,District-Cuddalore,Total,Age Not Stated,19,10,9,1,0,1,3,2,1,2,1,1,2,1,1,1,1,0,1,1,0,9,4,5,0,0,0
C5020SC,33,617,District-Cuddalore,Rural,Total,10511,5855,4656,1493,785,708,2308,1144,1164,673,381,292,2296,1451,845,804,431,373,167,89,78,2009,1135,874,761,439,322
C5020SC,33,617,District-Cuddalore,Rural,0-4,489,278,211,59,30,29,123,71,52,6,5,1,60,34,26,58,31,27,2,1,1,148,88,60,33,18,15
C5020SC,33,617,District-Cuddalore,Rural,5-9,830,453,377,85,50,35,176,89,87,101,54,47,92,59,33,99,57,42,4,2,2,167,76,91,106,66,40
C5020SC,33,617,District-Cuddalore,Rural,10-19,1982,1093,889,248,132,116,413,209,204,183,114,69,268,164,104,276,150,126,15,12,3,349,183,166,230,129,101
C5020SC,33,617,District-Cuddalore,Rural,20-29,1868,1011,857,212,109,103,341,164,177,148,78,70,452,265,187,157,87,70,42,17,25,379,209,170,137,82,55
C5020SC,33,617,District-Cuddalore,Rural,30-39,1522,809,713,167,84,83,330,142,188,92,52,40,421,267,154,92,37,55,38,20,18,284,157,127,98,50,48
C5020SC,33,617,District-Cuddalore,Rural,40-49,1348,801,547,211,123,88,326,164,162,66,38,28,344,231,113,62,38,24,28,19,9,254,153,101,57,35,22
C5020SC,33,617,District-Cuddalore,Rural,50-59,1051,587,464,174,83,91,248,115,133,41,20,21,303,194,109,35,19,16,24,10,14,190,125,65,36,21,15
C5020SC,33,617,District-Cuddalore,Rural,60-69,876,507,369,192,94,98,213,115,98,25,14,11,236,160,76,18,7,11,10,5,5,148,90,58,34,22,12
C5020SC,33,617,District-Cuddalore,Rural,70-79,387,227,160,112,60,52,95,52,43,6,4,2,90,60,30,4,3,1,3,2,1,62,39,23,15,7,8
C5020SC,33,617,District-Cuddalore,Rural,80-89,110,64,46,25,13,12,32,19,13,2,0,2,22,12,10,1,1,0,0,0,0,16,10,6,12,9,3
C5020SC,33,617,District-Cuddalore,Rural,90+,33,17,16,8,7,1,9,2,7,1,1,0,7,5,2,2,1,1,0,0,0,3,1,2,3,0,3
C5020SC,33,617,District-Cuddalore,Rural,Age Not Stated,15,8,7,0,0,0,2,2,0,2,1,1,1,0,1,0,0,0,1,1,0,9,4,5,0,0,0
C5020SC,33,617,District-Cuddalore,Urban,Total,2659,1545,1114,423,233,190,617,375,242,122,75,47,508,311,197,192,101,91,41,22,19,633,356,277,123,72,51
C5020SC,33,617,District-Cuddalore,Urban,0-4,79,48,31,19,12,7,14,9,5,1,1,0,8,6,2,5,3,2,0,0,0,27,13,14,5,4,1
C5020SC,33,617,District-Cuddalore,Urban,5-9,172,106,66,40,25,15,18,9,9,11,8,3,16,13,3,23,17,6,1,1,0,47,25,22,16,8,8
C5020SC,33,617,District-Cuddalore,Urban,10-19,586,338,248,84,42,42,189,119,70,29,16,13,58,35,23,69,32,37,6,3,3,111,68,43,40,23,17
C5020SC,33,617,District-Cuddalore,Urban,20-29,664,398,266,68,41,27,215,149,66,38,18,20,136,83,53,48,23,25,6,4,2,127,65,62,26,15,11
C5020SC,33,617,District-Cuddalore,Urban,30-39,395,215,180,63,31,32,59,28,31,17,11,6,90,50,40,22,11,11,12,9,3,114,61,53,18,14,4
C5020SC,33,617,District-Cuddalore,Urban,40-49,322,185,137,57,28,29,48,21,27,11,7,4,82,52,30,18,9,9,6,2,4,90,60,30,10,6,4
C5020SC,33,617,District-Cuddalore,Urban,50-59,210,131,79,36,25,11,31,18,13,8,7,1,61,36,25,4,4,0,4,1,3,63,38,25,3,2,1
C5020SC,33,617,District-Cuddalore,Urban,60-69,137,72,65,27,12,15,23,12,11,3,3,0,43,28,15,2,1,1,4,2,2,32,14,18,3,0,3
C5020SC,33,617,District-Cuddalore,Urban,70-79,65,35,30,18,10,8,11,5,6,3,3,0,12,7,5,0,0,0,2,0,2,18,10,8,1,0,1
C5020SC,33,617,District-Cuddalore,Urban,80-89,18,10,8,8,5,3,6,3,3,1,1,0,0,0,0,0,0,0,0,0,0,3,1,2,0,0,0
C5020SC,33,617,District-Cuddalore,Urban,90+,7,5,2,2,2,0,2,2,0,0,0,0,1,0,1,0,0,0,0,0,0,1,1,0,1,0,1
C5020SC,33,617,District-Cuddalore,Urban,Age Not Stated,4,2,2,1,0,1,1,0,1,0,0,0,1,1,0,1,1,0,0,0,0,0,0,0,0,0,0
C5020SC,33,618,District-Nagapattinam  ,Total,Total,9206,5165,4041,1206,621,585,1268,643,625,624,319,305,2462,1556,906,782,416,366,257,117,140,1692,954,738,915,539,376
C5020SC,33,618,District-Nagapattinam  ,Total,0-4,321,190,131,42,25,17,46,23,23,8,8,0,54,36,18,31,15,16,2,1,1,96,58,38,42,24,18
C5020SC,33,618,District-Nagapattinam  ,Total,5-9,662,367,295,74,37,37,72,35,37,80,42,38,110,70,40,101,59,42,2,2,0,125,65,60,98,57,41
C5020SC,33,618,District-Nagapattinam  ,Total,10-19,1756,986,770,201,107,94,184,96,88,174,90,84,322,197,125,259,160,99,12,7,5,305,162,143,299,167,132
C5020SC,33,618,District-Nagapattinam  ,Total,20-29,1716,922,794,160,85,75,202,99,103,134,64,70,496,291,205,190,93,97,49,23,26,306,159,147,179,108,71
C5020SC,33,618,District-Nagapattinam  ,Total,30-39,1289,698,591,143,77,66,185,90,95,99,50,49,400,237,163,90,36,54,64,23,41,222,132,90,86,53,33
C5020SC,33,618,District-Nagapattinam  ,Total,40-49,1183,677,506,154,74,80,181,90,91,60,30,30,355,237,118,60,29,31,66,28,38,228,143,85,79,46,33
C5020SC,33,618,District-Nagapattinam  ,Total,50-59,971,567,404,145,68,77,165,86,79,40,20,20,313,212,101,27,16,11,35,20,15,192,112,80,54,33,21
C5020SC,33,618,District-Nagapattinam  ,Total,60-69,768,448,320,144,68,76,123,62,61,18,9,9,262,179,83,13,4,9,16,6,10,146,88,58,46,32,14
C5020SC,33,618,District-Nagapattinam  ,Total,70-79,378,229,149,105,65,40,66,39,27,8,4,4,117,77,40,9,3,6,8,5,3,44,23,21,21,13,8
C5020SC,33,618,District-Nagapattinam  ,Total,80-89,128,66,62,25,11,14,37,19,18,2,2,0,30,18,12,1,1,0,3,2,1,22,9,13,8,4,4
C5020SC,33,618,District-Nagapattinam  ,Total,90+,23,12,11,11,4,7,6,4,2,0,0,0,3,2,1,0,0,0,0,0,0,2,1,1,1,1,0
C5020SC,33,618,District-Nagapattinam  ,Total,Age Not Stated,11,3,8,2,0,2,1,0,1,1,0,1,0,0,0,1,0,1,0,0,0,4,2,2,2,1,1
C5020SC,33,618,District-Nagapattinam  ,Rural,Total,8264,4600,3664,1120,566,554,1182,600,582,568,287,281,2180,1381,799,681,358,323,240,108,132,1510,839,671,783,461,322
C5020SC,33,618,District-Nagapattinam  ,Rural,0-4,301,178,123,39,23,16,43,21,22,8,8,0,48,33,15,31,15,16,2,1,1,90,54,36,40,23,17
C5020SC,33,618,District-Nagapattinam  ,Rural,5-9,599,335,264,68,33,35,68,35,33,75,40,35,100,66,34,92,54,38,2,2,0,110,56,54,84,49,35
C5020SC,33,618,District-Nagapattinam  ,Rural,10-19,1513,836,677,184,95,89,171,87,84,158,80,78,266,163,103,226,138,88,12,7,5,272,143,129,224,123,101
C5020SC,33,618,District-Nagapattinam  ,Rural,20-29,1545,822,723,152,81,71,189,93,96,124,58,66,439,260,179,164,80,84,44,19,25,270,134,136,163,97,66
C5020SC,33,618,District-Nagapattinam  ,Rural,30-39,1161,620,541,127,67,60,168,81,87,87,44,43,361,210,151,72,25,47,62,22,40,202,120,82,82,51,31
C5020SC,33,618,District-Nagapattinam  ,Rural,40-49,1078,608,470,142,65,77,170,83,87,54,28,26,323,216,107,55,26,29,61,25,36,201,123,78,72,42,30
C5020SC,33,618,District-Nagapattinam  ,Rural,50-59,879,518,361,138,64,74,153,85,68,35,16,19,279,189,90,20,12,8,31,20,11,175,103,72,48,29,19
C5020SC,33,618,District-Nagapattinam  ,Rural,60-69,696,405,291,134,63,71,115,57,58,17,8,9,231,158,73,11,4,7,16,6,10,132,81,51,40,28,12
C5020SC,33,618,District-Nagapattinam  ,Rural,70-79,343,206,137,100,61,39,62,36,26,7,3,4,102,67,35,8,3,5,8,5,3,36,18,18,20,13,7
C5020SC,33,618,District-Nagapattinam  ,Rural,80-89,117,58,59,24,10,14,36,18,18,2,2,0,28,17,11,1,1,0,2,1,1,17,5,12,7,4,3
C5020SC,33,618,District-Nagapattinam  ,Rural,90+,21,11,10,10,4,6,6,4,2,0,0,0,3,2,1,0,0,0,0,0,0,1,0,1,1,1,0
C5020SC,33,618,District-Nagapattinam  ,Rural,Age Not Stated,11,3,8,2,0,2,1,0,1,1,0,1,0,0,0,1,0,1,0,0,0,4,2,2,2,1,1
C5020SC,33,618,District-Nagapattinam  ,Urban,Total,942,565,377,86,55,31,86,43,43,56,32,24,282,175,107,101,58,43,17,9,8,182,115,67,132,78,54
C5020SC,33,618,District-Nagapattinam  ,Urban,0-4,20,12,8,3,2,1,3,2,1,0,0,0,6,3,3,0,0,0,0,0,0,6,4,2,2,1,1
C5020SC,33,618,District-Nagapattinam  ,Urban,5-9,63,32,31,6,4,2,4,0,4,5,2,3,10,4,6,9,5,4,0,0,0,15,9,6,14,8,6
C5020SC,33,618,District-Nagapattinam  ,Urban,10-19,243,150,93,17,12,5,13,9,4,16,10,6,56,34,22,33,22,11,0,0,0,33,19,14,75,44,31
C5020SC,33,618,District-Nagapattinam  ,Urban,20-29,171,100,71,8,4,4,13,6,7,10,6,4,57,31,26,26,13,13,5,4,1,36,25,11,16,11,5
C5020SC,33,618,District-Nagapattinam  ,Urban,30-39,128,78,50,16,10,6,17,9,8,12,6,6,39,27,12,18,11,7,2,1,1,20,12,8,4,2,2
C5020SC,33,618,District-Nagapattinam  ,Urban,40-49,105,69,36,12,9,3,11,7,4,6,2,4,32,21,11,5,3,2,5,3,2,27,20,7,7,4,3
C5020SC,33,618,District-Nagapattinam  ,Urban,50-59,92,49,43,7,4,3,12,1,11,5,4,1,34,23,11,7,4,3,4,0,4,17,9,8,6,4,2
C5020SC,33,618,District-Nagapattinam  ,Urban,60-69,72,43,29,10,5,5,8,5,3,1,1,0,31,21,10,2,0,2,0,0,0,14,7,7,6,4,2
C5020SC,33,618,District-Nagapattinam  ,Urban,70-79,35,23,12,5,4,1,4,3,1,1,1,0,15,10,5,1,0,1,0,0,0,8,5,3,1,0,1
C5020SC,33,618,District-Nagapattinam  ,Urban,80-89,11,8,3,1,1,0,1,1,0,0,0,0,2,1,1,0,0,0,1,1,0,5,4,1,1,0,1
C5020SC,33,618,District-Nagapattinam  ,Urban,90+,2,1,1,1,0,1,0,0,0,0,0,0,0,0,0,0,0,0,0,0,0,1,1,0,0,0,0
C5020SC,33,618,District-Nagapattinam  ,Urban,Age Not Stated,0,0,0,0,0,0,0,0,0,0,0,0,0,0,0,0,0,0,0,0,0,0,0,0,0,0,0
C5020SC,33,619,District-Thiruvarur,Total,Total,9843,5517,4326,1276,682,594,2014,1060,954,610,332,278,2209,1414,795,589,314,275,197,86,111,2247,1227,1020,701,402,299
C5020SC,33,619,District-Thiruvarur,Total,0-4,375,192,183,28,13,15,87,41,46,5,1,4,39,20,19,24,11,13,0,0,0,167,90,77,25,16,9
C5020SC,33,619,District-Thiruvarur,Total,5-9,631,332,299,47,29,18,106,46,60,67,37,30,87,51,36,54,28,26,3,1,2,198,102,96,69,38,31
C5020SC,33,619,District-Thiruvarur,Total,10-19,1716,952,764,172,101,71,323,161,162,165,103,62,241,134,107,218,123,95,15,7,8,409,213,196,173,110,63
C5020SC,33,619,District-Thiruvarur,Total,20-29,1720,938,782,126,73,53,307,168,139,154,68,86,501,305,196,144,80,64,30,14,16,338,161,177,120,69,51
C5020SC,33,619,District-Thiruvarur,Total,30-39,1429,831,598,113,60,53,316,170,146,83,50,33,359,241,118,85,40,45,68,35,33,317,187,130,88,48,40
C5020SC,33,619,District-Thiruvarur,Total,40-49,1301,779,522,172,91,81,309,172,137,57,31,26,304,213,91,30,12,18,49,20,29,312,196,116,68,44,24
C5020SC,33,619,District-Thiruvarur,Total,50-59,1109,614,495,193,91,102,253,136,117,43,19,24,298,196,102,20,11,9,22,7,15,229,126,103,51,28,23
C5020SC,33,619,District-Thiruvarur,Total,60-69,944,561,383,224,119,105,199,114,85,29,20,9,250,173,77,10,6,4,9,2,7,171,102,69,52,25,27
C5020SC,33,619,District-Thiruvarur,Total,70-79,447,246,201,150,80,70,81,40,41,4,2,2,94,63,31,3,3,0,1,0,1,78,41,37,36,17,19
C5020SC,33,619,District-Thiruvarur,Total,80-89,128,56,72,43,22,21,24,9,15,2,0,2,30,16,14,0,0,0,0,0,0,12,3,9,17,6,11
C5020SC,33,619,District-Thiruvarur,Total,90+,24,10,14,8,3,5,3,1,2,1,1,0,5,2,3,0,0,0,0,0,0,5,2,3,2,1,1
C5020SC,33,619,District-Thiruvarur,Total,Age Not Stated,19,6,13,0,0,0,6,2,4,0,0,0,1,0,1,1,0,1,0,0,0,11,4,7,0,0,0
C5020SC,33,619,District-Thiruvarur,Rural,Total,8971,5032,3939,1177,626,551,1844,978,866,544,295,249,2041,1304,737,553,290,263,182,79,103,1990,1100,890,640,360,280
C5020SC,33,619,District-Thiruvarur,Rural,0-4,330,165,165,24,12,12,79,35,44,5,1,4,32,16,16,24,11,13,0,0,0,142,75,67,24,15,9
C5020SC,33,619,District-Thiruvarur,Rural,5-9,572,303,269,42,27,15,101,45,56,60,34,26,81,46,35,51,28,23,3,1,2,178,91,87,56,31,25
C5020SC,33,619,District-Thiruvarur,Rural,10-19,1570,876,694,148,91,57,290,149,141,150,94,56,228,125,103,208,114,94,14,6,8,370,195,175,162,102,60
C5020SC,33,619,District-Thiruvarur,Rural,20-29,1538,848,690,114,66,48,278,151,127,134,61,73,451,279,172,129,69,60,27,13,14,292,144,148,113,65,48
C5020SC,33,619,District-Thiruvarur,Rural,30-39,1290,747,543,98,50,48,289,155,134,76,44,32,333,224,109,81,38,43,64,33,31,270,163,107,79,40,39
C5020SC,33,619,District-Thiruvarur,Rural,40-49,1188,709,479,160,82,78,278,157,121,52,27,25,286,199,87,29,12,17,46,19,27,279,175,104,58,38,20
C5020SC,33,619,District-Thiruvarur,Rural,50-59,1019,558,461,179,81,98,235,128,107,37,15,22,278,178,100,20,11,9,19,6,13,204,114,90,47,25,22
C5020SC,33,619,District-Thiruvarur,Rural,60-69,887,528,359,216,115,101,190,110,80,23,16,7,234,163,71,8,5,3,8,1,7,159,96,63,49,22,27
C5020SC,33,619,District-Thiruvarur,Rural,70-79,417,231,186,145,77,68,73,36,37,4,2,2,86,59,27,2,2,0,1,0,1,72,39,33,34,16,18
C5020SC,33,619,District-Thiruvarur,Rural,80-89,120,53,67,43,22,21,22,9,13,2,0,2,26,13,13,0,0,0,0,0,0,10,3,7,17,6,11
C5020SC,33,619,District-Thiruvarur,Rural,90+,22,9,13,8,3,5,3,1,2,1,1,0,5,2,3,0,0,0,0,0,0,4,2,2,1,0,1
C5020SC,33,619,District-Thiruvarur,Rural,Age Not Stated,18,5,13,0,0,0,6,2,4,0,0,0,1,0,1,1,0,1,0,0,0,10,3,7,0,0,0
C5020SC,33,619,District-Thiruvarur,Urban,Total,872,485,387,99,56,43,170,82,88,66,37,29,168,110,58,36,24,12,15,7,8,257,127,130,61,42,19
C5020SC,33,619,District-Thiruvarur,Urban,0-4,45,27,18,4,1,3,8,6,2,0,0,0,7,4,3,0,0,0,0,0,0,25,15,10,1,1,0
C5020SC,33,619,District-Thiruvarur,Urban,5-9,59,29,30,5,2,3,5,1,4,7,3,4,6,5,1,3,0,3,0,0,0,20,11,9,13,7,6
C5020SC,33,619,District-Thiruvarur,Urban,10-19,146,76,70,24,10,14,33,12,21,15,9,6,13,9,4,10,9,1,1,1,0,39,18,21,11,8,3
C5020SC,33,619,District-Thiruvarur,Urban,20-29,182,90,92,12,7,5,29,17,12,20,7,13,50,26,24,15,11,4,3,1,2,46,17,29,7,4,3
C5020SC,33,619,District-Thiruvarur,Urban,30-39,139,84,55,15,10,5,27,15,12,7,6,1,26,17,9,4,2,2,4,2,2,47,24,23,9,8,1
C5020SC,33,619,District-Thiruvarur,Urban,40-49,113,70,43,12,9,3,31,15,16,5,4,1,18,14,4,1,0,1,3,1,2,33,21,12,10,6,4
C5020SC,33,619,District-Thiruvarur,Urban,50-59,90,56,34,14,10,4,18,8,10,6,4,2,20,18,2,0,0,0,3,1,2,25,12,13,4,3,1
C5020SC,33,619,District-Thiruvarur,Urban,60-69,57,33,24,8,4,4,9,4,5,6,4,2,16,10,6,2,1,1,1,1,0,12,6,6,3,3,0
C5020SC,33,619,District-Thiruvarur,Urban,70-79,30,15,15,5,3,2,8,4,4,0,0,0,8,4,4,1,1,0,0,0,0,6,2,4,2,1,1
C5020SC,33,619,District-Thiruvarur,Urban,80-89,8,3,5,0,0,0,2,0,2,0,0,0,4,3,1,0,0,0,0,0,0,2,0,2,0,0,0
C5020SC,33,619,District-Thiruvarur,Urban,90+,2,1,1,0,0,0,0,0,0,0,0,0,0,0,0,0,0,0,0,0,0,1,0,1,1,1,0
C5020SC,33,619,District-Thiruvarur,Urban,Age Not Stated,1,1,0,0,0,0,0,0,0,0,0,0,0,0,0,0,0,0,0,0,0,1,1,0,0,0,0
C5020SC,33,620,District-Thanjavur,Total,Total,7321,4109,3212,755,419,336,1008,508,500,485,265,220,1875,1185,690,699,365,334,182,96,86,1697,905,792,620,366,254
C5020SC,33,620,District-Thanjavur,Total,0-4,258,154,104,16,9,7,42,23,19,4,1,3,43,33,10,27,14,13,1,1,0,97,57,40,28,16,12
C5020SC,33,620,District-Thanjavur,Total,5-9,546,292,254,32,17,15,60,31,29,58,39,19,70,38,32,98,49,49,3,1,2,141,69,72,84,48,36
C5020SC,33,620,District-Thanjavur,Total,10-19,1439,803,636,121,72,49,187,94,93,129,59,70,251,162,89,254,137,117,14,7,7,297,155,142,186,117,69
C5020SC,33,620,District-Thanjavur,Total,20-29,1453,783,670,116,65,51,150,78,72,123,72,51,433,237,196,169,87,82,37,23,14,297,145,152,128,76,52
C5020SC,33,620,District-Thanjavur,Total,30-39,1032,592,440,94,50,44,139,71,68,78,41,37,317,208,109,72,34,38,42,26,16,231,126,105,59,36,23
C5020SC,33,620,District-Thanjavur,Total,40-49,909,510,399,90,47,43,136,67,69,43,21,22,277,179,98,45,26,19,39,20,19,237,131,106,42,19,23
C5020SC,33,620,District-Thanjavur,Total,50-59,721,418,303,102,53,49,121,62,59,21,14,7,233,151,82,18,11,7,23,7,16,178,105,73,25,15,10
C5020SC,33,620,District-Thanjavur,Total,60-69,580,334,246,96,53,43,98,44,54,20,12,8,163,121,42,10,5,5,13,7,6,146,72,74,34,20,14
C5020SC,33,620,District-Thanjavur,Total,70-79,277,170,107,65,39,26,46,26,20,6,4,2,69,47,22,5,2,3,8,4,4,57,34,23,21,14,7
C5020SC,33,620,District-Thanjavur,Total,80-89,91,48,43,21,13,8,23,9,14,3,2,1,15,8,7,1,0,1,2,0,2,15,11,4,11,5,6
C5020SC,33,620,District-Thanjavur,Total,90+,13,5,8,1,1,0,6,3,3,0,0,0,4,1,3,0,0,0,0,0,0,1,0,1,1,0,1
C5020SC,33,620,District-Thanjavur,Total,Age Not Stated,2,0,2,1,0,1,0,0,0,0,0,0,0,0,0,0,0,0,0,0,0,0,0,0,1,0,1
C5020SC,33,620,District-Thanjavur,Rural,Total,6129,3401,2728,647,355,292,876,443,433,403,224,179,1504,942,562,539,271,268,144,78,66,1521,799,722,495,289,206
C5020SC,33,620,District-Thanjavur,Rural,0-4,221,131,90,15,8,7,38,21,17,3,1,2,33,25,8,21,10,11,1,1,0,84,50,34,26,15,11
C5020SC,33,620,District-Thanjavur,Rural,5-9,479,251,228,28,15,13,56,29,27,50,33,17,58,31,27,89,43,46,2,1,1,130,62,68,66,37,29
C5020SC,33,620,District-Thanjavur,Rural,10-19,1173,652,521,98,58,40,168,85,83,107,49,58,202,127,75,183,100,83,8,5,3,272,142,130,135,86,49
C5020SC,33,620,District-Thanjavur,Rural,20-29,1187,628,559,92,51,41,125,65,60,106,62,44,351,191,160,131,61,70,31,19,12,250,122,128,101,57,44
C5020SC,33,620,District-Thanjavur,Rural,30-39,854,485,369,79,44,35,119,61,58,67,38,29,250,163,87,53,26,27,31,19,12,203,102,101,52,32,20
C5020SC,33,620,District-Thanjavur,Rural,40-49,753,415,338,77,39,38,114,56,58,29,13,16,213,136,77,35,19,16,28,16,12,220,120,100,37,16,21
C5020SC,33,620,District-Thanjavur,Rural,50-59,614,352,262,94,46,48,102,56,46,17,12,5,184,119,65,12,6,6,22,7,15,161,94,67,22,12,10
C5020SC,33,620,District-Thanjavur,Rural,60-69,507,291,216,87,50,37,86,36,50,17,11,6,138,102,36,9,4,5,12,7,5,132,65,67,26,16,10
C5020SC,33,620,District-Thanjavur,Rural,70-79,244,147,97,54,30,24,41,23,18,5,3,2,58,40,18,5,2,3,7,3,4,54,32,22,20,14,6
C5020SC,33,620,District-Thanjavur,Rural,80-89,82,44,38,21,13,8,21,8,13,2,2,0,13,7,6,1,0,1,2,0,2,14,10,4,8,4,4
C5020SC,33,620,District-Thanjavur,Rural,90+,13,5,8,1,1,0,6,3,3,0,0,0,4,1,3,0,0,0,0,0,0,1,0,1,1,0,1
C5020SC,33,620,District-Thanjavur,Rural,Age Not Stated,2,0,2,1,0,1,0,0,0,0,0,0,0,0,0,0,0,0,0,0,0,0,0,0,1,0,1
C5020SC,33,620,District-Thanjavur,Urban,Total,1192,708,484,108,64,44,132,65,67,82,41,41,371,243,128,160,94,66,38,18,20,176,106,70,125,77,48
C5020SC,33,620,District-Thanjavur,Urban,0-4,37,23,14,1,1,0,4,2,2,1,0,1,10,8,2,6,4,2,0,0,0,13,7,6,2,1,1
C5020SC,33,620,District-Thanjavur,Urban,5-9,67,41,26,4,2,2,4,2,2,8,6,2,12,7,5,9,6,3,1,0,1,11,7,4,18,11,7
C5020SC,33,620,District-Thanjavur,Urban,10-19,266,151,115,23,14,9,19,9,10,22,10,12,49,35,14,71,37,34,6,2,4,25,13,12,51,31,20
C5020SC,33,620,District-Thanjavur,Urban,20-29,266,155,111,24,14,10,25,13,12,17,10,7,82,46,36,38,26,12,6,4,2,47,23,24,27,19,8
C5020SC,33,620,District-Thanjavur,Urban,30-39,178,107,71,15,6,9,20,10,10,11,3,8,67,45,22,19,8,11,11,7,4,28,24,4,7,4,3
C5020SC,33,620,District-Thanjavur,Urban,40-49,156,95,61,13,8,5,22,11,11,14,8,6,64,43,21,10,7,3,11,4,7,17,11,6,5,3,2
C5020SC,33,620,District-Thanjavur,Urban,50-59,107,66,41,8,7,1,19,6,13,4,2,2,49,32,17,6,5,1,1,0,1,17,11,6,3,3,0
C5020SC,33,620,District-Thanjavur,Urban,60-69,73,43,30,9,3,6,12,8,4,3,1,2,25,19,6,1,1,0,1,0,1,14,7,7,8,4,4
C5020SC,33,620,District-Thanjavur,Urban,70-79,33,23,10,11,9,2,5,3,2,1,1,0,11,7,4,0,0,0,1,1,0,3,2,1,1,0,1
C5020SC,33,620,District-Thanjavur,Urban,80-89,9,4,5,0,0,0,2,1,1,1,0,1,2,1,1,0,0,0,0,0,0,1,1,0,3,1,2
C5020SC,33,620,District-Thanjavur,Urban,90+,0,0,0,0,0,0,0,0,0,0,0,0,0,0,0,0,0,0,0,0,0,0,0,0,0,0,0
C5020SC,33,620,District-Thanjavur,Urban,Age Not Stated,0,0,0,0,0,0,0,0,0,0,0,0,0,0,0,0,0,0,0,0,0,0,0,0,0,0,0
C5020SC,33,621,District-Pudukkottai,Total,Total,4354,2437,1917,435,244,191,741,379,362,342,197,145,1041,628,413,416,219,197,138,80,58,813,446,367,428,244,184
C5020SC,33,621,District-Pudukkottai,Total,0-4,169,91,78,14,7,7,44,21,23,6,6,0,23,12,11,19,9,10,0,0,0,53,32,21,10,4,6
C5020SC,33,621,District-Pudukkottai,Total,5-9,331,182,149,27,12,15,40,21,19,33,21,12,55,31,24,62,33,29,4,4,0,59,30,29,51,30,21
C5020SC,33,621,District-Pudukkottai,Total,10-19,752,402,350,56,36,20,117,55,62,91,48,43,112,71,41,133,66,67,13,4,9,118,55,63,112,67,45
C5020SC,33,621,District-Pudukkottai,Total,20-29,872,479,393,59,35,24,117,63,54,73,42,31,253,140,113,97,59,38,18,10,8,155,78,77,100,52,48
C5020SC,33,621,District-Pudukkottai,Total,30-39,702,394,308,61,34,27,93,50,43,58,33,25,188,108,80,55,29,26,34,24,10,155,85,70,58,31,27
C5020SC,33,621,District-Pudukkottai,Total,40-49,555,313,242,50,30,20,104,52,52,45,26,19,145,94,51,31,14,17,35,16,19,107,58,49,38,23,15
C5020SC,33,621,District-Pudukkottai,Total,50-59,432,275,157,70,40,30,83,47,36,15,8,7,117,82,35,6,4,2,21,12,9,90,64,26,30,18,12
C5020SC,33,621,District-Pudukkottai,Total,60-69,333,184,149,53,25,28,88,45,43,15,10,5,101,59,42,9,3,6,9,8,1,46,25,21,12,9,3
C5020SC,33,621,District-Pudukkottai,Total,70-79,155,88,67,31,19,12,40,17,23,6,3,3,36,24,12,3,1,2,1,0,1,25,16,9,13,8,5
C5020SC,33,621,District-Pudukkottai,Total,80-89,41,24,17,12,6,6,11,7,4,0,0,0,9,5,4,1,1,0,2,1,1,3,2,1,3,2,1
C5020SC,33,621,District-Pudukkottai,Total,90+,10,3,7,2,0,2,4,1,3,0,0,0,2,2,0,0,0,0,0,0,0,1,0,1,1,0,1
C5020SC,33,621,District-Pudukkottai,Total,Age Not Stated,2,2,0,0,0,0,0,0,0,0,0,0,0,0,0,0,0,0,1,1,0,1,1,0,0,0,0
C5020SC,33,621,District-Pudukkottai,Rural,Total,3623,2047,1576,373,207,166,511,266,245,297,171,126,910,553,357,358,188,170,119,68,51,691,387,304,364,207,157
C5020SC,33,621,District-Pudukkottai,Rural,0-4,128,69,59,13,6,7,24,10,14,6,6,0,18,10,8,17,9,8,0,0,0,44,25,19,6,3,3
C5020SC,33,621,District-Pudukkottai,Rural,5-9,266,145,121,18,6,12,22,11,11,31,20,11,47,28,19,54,28,26,4,4,0,46,24,22,44,24,20
C5020SC,33,621,District-Pudukkottai,Rural,10-19,624,342,282,45,29,16,84,43,41,81,43,38,100,62,38,112,57,55,12,4,8,96,46,50,94,58,36
C5020SC,33,621,District-Pudukkottai,Rural,20-29,712,395,317,48,28,20,66,33,33,66,40,26,220,126,94,81,49,32,16,9,7,129,66,63,86,44,42
C5020SC,33,621,District-Pudukkottai,Rural,30-39,596,333,263,55,31,24,58,27,31,50,27,23,168,95,73,48,24,24,30,21,9,137,81,56,50,27,23
C5020SC,33,621,District-Pudukkottai,Rural,40-49,464,260,204,46,27,19,77,43,34,34,17,17,126,81,45,28,12,16,30,15,15,88,45,43,35,20,15
C5020SC,33,621,District-Pudukkottai,Rural,50-59,376,241,135,63,35,28,65,40,25,13,7,6,103,72,31,6,4,2,17,8,9,84,60,24,25,15,10
C5020SC,33,621,District-Pudukkottai,Rural,60-69,276,157,119,46,24,22,68,35,33,11,8,3,86,52,34,8,3,5,6,5,1,41,22,19,10,8,2
C5020SC,33,621,District-Pudukkottai,Rural,70-79,136,78,58,26,15,11,35,17,18,5,3,2,32,20,12,3,1,2,1,0,1,23,15,8,11,7,4
C5020SC,33,621,District-Pudukkottai,Rural,80-89,36,22,14,12,6,6,9,6,3,0,0,0,8,5,3,1,1,0,2,1,1,2,2,0,2,1,1
C5020SC,33,621,District-Pudukkottai,Rural,90+,7,3,4,1,0,1,3,1,2,0,0,0,2,2,0,0,0,0,0,0,0,0,0,0,1,0,1
C5020SC,33,621,District-Pudukkottai,Rural,Age Not Stated,2,2,0,0,0,0,0,0,0,0,0,0,0,0,0,0,0,0,1,1,0,1,1,0,0,0,0
C5020SC,33,621,District-Pudukkottai,Urban,Total,731,390,341,62,37,25,230,113,117,45,26,19,131,75,56,58,31,27,19,12,7,122,59,63,64,37,27
C5020SC,33,621,District-Pudukkottai,Urban,0-4,41,22,19,1,1,0,20,11,9,0,0,0,5,2,3,2,0,2,0,0,0,9,7,2,4,1,3
C5020SC,33,621,District-Pudukkottai,Urban,5-9,65,37,28,9,6,3,18,10,8,2,1,1,8,3,5,8,5,3,0,0,0,13,6,7,7,6,1
C5020SC,33,621,District-Pudukkottai,Urban,10-19,128,60,68,11,7,4,33,12,21,10,5,5,12,9,3,21,9,12,1,0,1,22,9,13,18,9,9
C5020SC,33,621,District-Pudukkottai,Urban,20-29,160,84,76,11,7,4,51,30,21,7,2,5,33,14,19,16,10,6,2,1,1,26,12,14,14,8,6
C5020SC,33,621,District-Pudukkottai,Urban,30-39,106,61,45,6,3,3,35,23,12,8,6,2,20,13,7,7,5,2,4,3,1,18,4,14,8,4,4
C5020SC,33,621,District-Pudukkottai,Urban,40-49,91,53,38,4,3,1,27,9,18,11,9,2,19,13,6,3,2,1,5,1,4,19,13,6,3,3,0
C5020SC,33,621,District-Pudukkottai,Urban,50-59,56,34,22,7,5,2,18,7,11,2,1,1,14,10,4,0,0,0,4,4,0,6,4,2,5,3,2
C5020SC,33,621,District-Pudukkottai,Urban,60-69,57,27,30,7,1,6,20,10,10,4,2,2,15,7,8,1,0,1,3,3,0,5,3,2,2,1,1
C5020SC,33,621,District-Pudukkottai,Urban,70-79,19,10,9,5,4,1,5,0,5,1,0,1,4,4,0,0,0,0,0,0,0,2,1,1,2,1,1
C5020SC,33,621,District-Pudukkottai,Urban,80-89,5,2,3,0,0,0,2,1,1,0,0,0,1,0,1,0,0,0,0,0,0,1,0,1,1,1,0
C5020SC,33,621,District-Pudukkottai,Urban,90+,3,0,3,1,0,1,1,0,1,0,0,0,0,0,0,0,0,0,0,0,0,1,0,1,0,0,0
C5020SC,33,621,District-Pudukkottai,Urban,Age Not Stated,0,0,0,0,0,0,0,0,0,0,0,0,0,0,0,0,0,0,0,0,0,0,0,0,0,0,0
C5020SC,33,622,District-Sivaganga,Total,Total,4307,2390,1917,458,247,211,664,330,334,258,161,97,1067,645,422,350,195,155,128,63,65,989,528,461,393,221,172
C5020SC,33,622,District-Sivaganga,Total,0-4,162,75,87,13,5,8,27,8,19,7,5,2,15,8,7,11,3,8,0,0,0,72,38,34,17,8,9
C5020SC,33,622,District-Sivaganga,Total,5-9,299,167,132,21,11,10,32,13,19,26,14,12,45,29,16,45,29,16,6,3,3,75,38,37,49,30,19
C5020SC,33,622,District-Sivaganga,Total,10-19,726,403,323,58,30,28,110,58,52,78,55,23,100,52,48,107,61,46,7,1,6,156,87,69,110,59,51
C5020SC,33,622,District-Sivaganga,Total,20-29,811,444,367,55,30,25,97,54,43,52,33,19,247,140,107,83,48,35,17,6,11,190,91,99,70,42,28
C5020SC,33,622,District-Sivaganga,Total,30-39,621,350,271,42,27,15,82,38,44,28,15,13,192,117,75,45,21,24,33,21,12,154,90,64,45,21,24
C5020SC,33,622,District-Sivaganga,Total,40-49,549,315,234,64,34,30,92,47,45,25,17,8,144,96,48,32,18,14,22,10,12,131,72,59,39,21,18
C5020SC,33,622,District-Sivaganga,Total,50-59,485,277,208,55,32,23,101,47,54,23,16,7,150,92,58,16,9,7,18,9,9,101,56,45,21,16,5
C5020SC,33,622,District-Sivaganga,Total,60-69,391,209,182,81,47,34,70,36,34,11,3,8,116,72,44,6,2,4,17,8,9,68,29,39,22,12,10
C5020SC,33,622,District-Sivaganga,Total,70-79,186,112,74,43,23,20,42,22,20,8,3,5,44,32,12,4,3,1,6,4,2,27,17,10,12,8,4
C5020SC,33,622,District-Sivaganga,Total,80-89,58,31,27,17,4,13,8,5,3,0,0,0,13,7,6,0,0,0,1,1,0,13,10,3,6,4,2
C5020SC,33,622,District-Sivaganga,Total,90+,18,7,11,9,4,5,2,2,0,0,0,0,1,0,1,1,1,0,1,0,1,2,0,2,2,0,2
C5020SC,33,622,District-Sivaganga,Total,Age Not Stated,1,0,1,0,0,0,1,0,1,0,0,0,0,0,0,0,0,0,0,0,0,0,0,0,0,0,0
C5020SC,33,622,District-Sivaganga,Rural,Total,3562,1976,1586,405,224,181,497,245,252,215,128,87,871,528,343,303,170,133,106,54,52,832,448,384,333,179,154
C5020SC,33,622,District-Sivaganga,Rural,0-4,140,64,76,12,5,7,20,5,15,7,5,2,14,7,7,10,3,7,0,0,0,64,34,30,13,5,8
C5020SC,33,622,District-Sivaganga,Rural,5-9,260,146,114,18,9,9,28,11,17,21,11,10,34,24,10,41,25,16,5,3,2,65,34,31,48,29,19
C5020SC,33,622,District-Sivaganga,Rural,10-19,572,311,261,48,25,23,71,37,34,59,39,20,74,39,35,93,53,40,6,1,5,130,70,60,91,47,44
C5020SC,33,622,District-Sivaganga,Rural,20-29,663,372,291,48,29,19,73,40,33,46,30,16,195,114,81,70,42,28,15,6,9,159,79,80,57,32,25
C5020SC,33,622,District-Sivaganga,Rural,30-39,504,284,220,36,23,13,63,30,33,22,10,12,154,92,62,38,18,20,27,17,10,124,75,49,40,19,21
C5020SC,33,622,District-Sivaganga,Rural,40-49,461,262,199,57,31,26,71,36,35,20,13,7,124,81,43,29,16,13,16,8,8,115,62,53,29,15,14
C5020SC,33,622,District-Sivaganga,Rural,50-59,400,228,172,50,30,20,75,36,39,21,14,7,124,73,51,13,7,6,17,8,9,82,47,35,18,13,5
C5020SC,33,622,District-Sivaganga,Rural,60-69,339,183,156,73,43,30,57,29,28,11,3,8,103,65,38,5,2,3,13,6,7,57,25,32,20,10,10
C5020SC,33,622,District-Sivaganga,Rural,70-79,157,96,61,39,21,18,30,16,14,8,3,5,36,27,9,3,3,0,6,4,2,24,15,9,11,7,4
C5020SC,33,622,District-Sivaganga,Rural,80-89,48,23,25,15,4,11,6,3,3,0,0,0,12,6,6,0,0,0,1,1,0,10,7,3,4,2,2
C5020SC,33,622,District-Sivaganga,Rural,90+,17,7,10,9,4,5,2,2,0,0,0,0,1,0,1,1,1,0,0,0,0,2,0,2,2,0,2
C5020SC,33,622,District-Sivaganga,Rural,Age Not Stated,1,0,1,0,0,0,1,0,1,0,0,0,0,0,0,0,0,0,0,0,0,0,0,0,0,0,0
C5020SC,33,622,District-Sivaganga,Urban,Total,745,414,331,53,23,30,167,85,82,43,33,10,196,117,79,47,25,22,22,9,13,157,80,77,60,42,18
C5020SC,33,622,District-Sivaganga,Urban,0-4,22,11,11,1,0,1,7,3,4,0,0,0,1,1,0,1,0,1,0,0,0,8,4,4,4,3,1
C5020SC,33,622,District-Sivaganga,Urban,5-9,39,21,18,3,2,1,4,2,2,5,3,2,11,5,6,4,4,0,1,0,1,10,4,6,1,1,0
C5020SC,33,622,District-Sivaganga,Urban,10-19,154,92,62,10,5,5,39,21,18,19,16,3,26,13,13,14,8,6,1,0,1,26,17,9,19,12,7
C5020SC,33,622,District-Sivaganga,Urban,20-29,148,72,76,7,1,6,24,14,10,6,3,3,52,26,26,13,6,7,2,0,2,31,12,19,13,10,3
C5020SC,33,622,District-Sivaganga,Urban,30-39,117,66,51,6,4,2,19,8,11,6,5,1,38,25,13,7,3,4,6,4,2,30,15,15,5,2,3
C5020SC,33,622,District-Sivaganga,Urban,40-49,88,53,35,7,3,4,21,11,10,5,4,1,20,15,5,3,2,1,6,2,4,16,10,6,10,6,4
C5020SC,33,622,District-Sivaganga,Urban,50-59,85,49,36,5,2,3,26,11,15,2,2,0,26,19,7,3,2,1,1,1,0,19,9,10,3,3,0
C5020SC,33,622,District-Sivaganga,Urban,60-69,52,26,26,8,4,4,13,7,6,0,0,0,13,7,6,1,0,1,4,2,2,11,4,7,2,2,0
C5020SC,33,622,District-Sivaganga,Urban,70-79,29,16,13,4,2,2,12,6,6,0,0,0,8,5,3,1,0,1,0,0,0,3,2,1,1,1,0
C5020SC,33,622,District-Sivaganga,Urban,80-89,10,8,2,2,0,2,2,2,0,0,0,0,1,1,0,0,0,0,0,0,0,3,3,0,2,2,0
C5020SC,33,622,District-Sivaganga,Urban,90+,1,0,1,0,0,0,0,0,0,0,0,0,0,0,0,0,0,0,1,0,1,0,0,0,0,0,0
C5020SC,33,622,District-Sivaganga,Urban,Age Not Stated,0,0,0,0,0,0,0,0,0,0,0,0,0,0,0,0,0,0,0,0,0,0,0,0,0,0,0
C5020SC,33,623,District-Madurai,Total,Total,7224,3996,3228,1021,549,472,1126,577,549,434,249,185,1641,986,655,550,310,240,147,83,64,1825,982,843,480,260,220
C5020SC,33,623,District-Madurai,Total,0-4,285,153,132,44,25,19,53,24,29,4,3,1,27,17,10,29,15,14,2,1,1,106,57,49,20,11,9
C5020SC,33,623,District-Madurai,Total,5-9,419,248,171,45,27,18,51,31,20,37,21,16,55,40,15,64,38,26,1,1,0,124,64,60,42,26,16
C5020SC,33,623,District-Madurai,Total,10-19,1244,667,577,159,84,75,181,83,98,116,61,55,197,127,70,171,90,81,11,4,7,300,157,143,109,61,48
C5020SC,33,623,District-Madurai,Total,20-29,1499,797,702,145,72,73,209,114,95,109,62,47,416,228,188,125,73,52,33,20,13,365,177,188,97,51,46
C5020SC,33,623,District-Madurai,Total,30-39,1200,659,541,152,75,77,176,82,94,64,38,26,331,203,128,78,41,37,36,20,16,308,171,137,55,29,26
C5020SC,33,623,District-Madurai,Total,40-49,942,565,377,140,88,52,154,81,73,46,27,19,205,131,74,48,35,13,32,17,15,269,161,108,48,25,23
C5020SC,33,623,District-Madurai,Total,50-59,702,384,318,124,65,59,119,60,59,32,19,13,178,99,79,17,11,6,19,12,7,175,95,80,38,23,15
C5020SC,33,623,District-Madurai,Total,60-69,579,325,254,127,66,61,104,59,45,18,13,5,144,88,56,12,6,6,8,5,3,126,72,54,40,16,24
C5020SC,33,623,District-Madurai,Total,70-79,266,149,117,66,35,31,57,33,24,5,3,2,66,38,28,5,1,4,4,3,1,47,24,23,16,12,4
C5020SC,33,623,District-Madurai,Total,80-89,67,37,30,13,7,6,18,9,9,3,2,1,18,11,7,0,0,0,0,0,0,4,3,1,11,5,6
C5020SC,33,623,District-Madurai,Total,90+,15,9,6,5,4,1,2,0,2,0,0,0,3,3,0,1,0,1,0,0,0,1,1,0,3,1,2
C5020SC,33,623,District-Madurai,Total,Age Not Stated,6,3,3,1,1,0,2,1,1,0,0,0,1,1,0,0,0,0,1,0,1,0,0,0,1,0,1
C5020SC,33,623,District-Madurai,Rural,Total,4606,2525,2081,714,380,334,689,352,337,286,162,124,1027,609,418,370,200,170,97,55,42,1080,576,504,343,191,152
C5020SC,33,623,District-Madurai,Rural,0-4,187,104,83,31,17,14,29,13,16,4,3,1,20,12,8,20,11,9,0,0,0,66,38,28,17,10,7
C5020SC,33,623,District-Madurai,Rural,5-9,261,155,106,34,20,14,28,17,11,26,17,9,35,26,9,45,29,16,0,0,0,67,30,37,26,16,10
C5020SC,33,623,District-Madurai,Rural,10-19,810,425,385,110,58,52,109,48,61,78,41,37,125,73,52,119,59,60,10,3,7,187,98,89,72,45,27
C5020SC,33,623,District-Madurai,Rural,20-29,924,494,430,91,46,45,122,68,54,76,44,32,260,143,117,80,42,38,23,13,10,203,99,104,69,39,30
C5020SC,33,623,District-Madurai,Rural,30-39,717,383,334,106,50,56,102,46,56,38,19,19,189,114,75,56,30,26,26,15,11,166,90,76,34,19,15
C5020SC,33,623,District-Madurai,Rural,40-49,616,367,249,107,69,38,98,52,46,32,17,15,124,79,45,32,21,11,19,11,8,167,99,68,37,19,18
C5020SC,33,623,District-Madurai,Rural,50-59,446,239,207,77,40,37,74,36,38,17,10,7,115,66,49,10,5,5,15,11,4,107,54,53,31,17,14
C5020SC,33,623,District-Madurai,Rural,60-69,395,215,180,90,42,48,74,43,31,10,7,3,99,61,38,6,2,4,3,1,2,82,48,34,31,11,20
C5020SC,33,623,District-Madurai,Rural,70-79,189,107,82,54,29,25,39,22,17,4,3,1,44,25,19,2,1,1,1,1,0,32,17,15,13,9,4
C5020SC,33,623,District-Madurai,Rural,80-89,50,27,23,11,6,5,12,6,6,1,1,0,12,6,6,0,0,0,0,0,0,3,3,0,11,5,6
C5020SC,33,623,District-Madurai,Rural,90+,8,6,2,2,2,0,1,0,1,0,0,0,3,3,0,0,0,0,0,0,0,0,0,0,2,1,1
C5020SC,33,623,District-Madurai,Rural,Age Not Stated,3,3,0,1,1,0,1,1,0,0,0,0,1,1,0,0,0,0,0,0,0,0,0,0,0,0,0
C5020SC,33,623,District-Madurai,Urban,Total,2618,1471,1147,307,169,138,437,225,212,148,87,61,614,377,237,180,110,70,50,28,22,745,406,339,137,69,68
C5020SC,33,623,District-Madurai,Urban,0-4,98,49,49,13,8,5,24,11,13,0,0,0,7,5,2,9,4,5,2,1,1,40,19,21,3,1,2
C5020SC,33,623,District-Madurai,Urban,5-9,158,93,65,11,7,4,23,14,9,11,4,7,20,14,6,19,9,10,1,1,0,57,34,23,16,10,6
C5020SC,33,623,District-Madurai,Urban,10-19,434,242,192,49,26,23,72,35,37,38,20,18,72,54,18,52,31,21,1,1,0,113,59,54,37,16,21
C5020SC,33,623,District-Madurai,Urban,20-29,575,303,272,54,26,28,87,46,41,33,18,15,156,85,71,45,31,14,10,7,3,162,78,84,28,12,16
C5020SC,33,623,District-Madurai,Urban,30-39,483,276,207,46,25,21,74,36,38,26,19,7,142,89,53,22,11,11,10,5,5,142,81,61,21,10,11
C5020SC,33,623,District-Madurai,Urban,40-49,326,198,128,33,19,14,56,29,27,14,10,4,81,52,29,16,14,2,13,6,7,102,62,40,11,6,5
C5020SC,33,623,District-Madurai,Urban,50-59,256,145,111,47,25,22,45,24,21,15,9,6,63,33,30,7,6,1,4,1,3,68,41,27,7,6,1
C5020SC,33,623,District-Madurai,Urban,60-69,184,110,74,37,24,13,30,16,14,8,6,2,45,27,18,6,4,2,5,4,1,44,24,20,9,5,4
C5020SC,33,623,District-Madurai,Urban,70-79,77,42,35,12,6,6,18,11,7,1,0,1,22,13,9,3,0,3,3,2,1,15,7,8,3,3,0
C5020SC,33,623,District-Madurai,Urban,80-89,17,10,7,2,1,1,6,3,3,2,1,1,6,5,1,0,0,0,0,0,0,1,0,1,0,0,0
C5020SC,33,623,District-Madurai,Urban,90+,7,3,4,3,2,1,1,0,1,0,0,0,0,0,0,1,0,1,0,0,0,1,1,0,1,0,1
C5020SC,33,623,District-Madurai,Urban,Age Not Stated,3,0,3,0,0,0,1,0,1,0,0,0,0,0,0,0,0,0,1,0,1,0,0,0,1,0,1
C5020SC,33,624,District-Theni  ,Total,Total,4892,2725,2167,474,256,218,801,398,403,550,297,253,1089,663,426,355,193,162,100,53,47,1247,704,543,276,161,115
C5020SC,33,624,District-Theni  ,Total,0-4,225,124,101,15,7,8,36,17,19,11,9,2,20,11,9,15,8,7,1,0,1,115,66,49,12,6,6
C5020SC,33,624,District-Theni  ,Total,5-9,351,204,147,21,12,9,37,18,19,54,34,20,47,34,13,51,31,20,2,1,1,104,53,51,35,21,14
C5020SC,33,624,District-Theni  ,Total,10-19,921,502,419,72,42,30,183,82,101,134,74,60,109,68,41,126,74,52,5,3,2,223,115,108,69,44,25
C5020SC,33,624,District-Theni  ,Total,20-29,949,500,449,79,44,35,130,66,64,121,61,60,245,134,111,74,36,38,17,9,8,233,125,108,50,25,25
C5020SC,33,624,District-Theni  ,Total,30-39,766,446,320,59,32,27,106,55,51,105,60,45,185,118,67,49,22,27,22,13,9,202,123,79,38,23,15
C5020SC,33,624,District-Theni  ,Total,40-49,647,369,278,66,33,33,106,61,45,56,28,28,176,109,67,26,12,14,25,9,16,161,102,59,31,15,16
C5020SC,33,624,District-Theni  ,Total,50-59,422,253,169,45,24,21,77,39,38,30,15,15,131,89,42,8,7,1,16,11,5,96,56,40,19,12,7
C5020SC,33,624,District-Theni  ,Total,60-69,362,196,166,58,25,33,66,32,34,27,12,15,111,68,43,5,2,3,7,4,3,75,44,31,13,9,4
C5020SC,33,624,District-Theni  ,Total,70-79,189,96,93,43,26,17,45,21,24,10,3,7,51,25,26,1,1,0,5,3,2,28,14,14,6,3,3
C5020SC,33,624,District-Theni  ,Total,80-89,46,26,20,11,8,3,11,5,6,1,0,1,13,6,7,0,0,0,0,0,0,7,4,3,3,3,0
C5020SC,33,624,District-Theni  ,Total,90+,11,8,3,5,3,2,3,2,1,0,0,0,1,1,0,0,0,0,0,0,0,2,2,0,0,0,0
C5020SC,33,624,District-Theni  ,Total,Age Not Stated,3,1,2,0,0,0,1,0,1,1,1,0,0,0,0,0,0,0,0,0,0,1,0,1,0,0,0
C5020SC,33,624,District-Theni  ,Rural,Total,2646,1487,1159,285,158,127,444,208,236,127,76,51,619,383,236,210,113,97,59,32,27,748,430,318,154,87,67
C5020SC,33,624,District-Theni  ,Rural,0-4,127,67,60,11,5,6,19,9,10,3,2,1,17,10,7,8,5,3,1,0,1,63,33,30,5,3,2
C5020SC,33,624,District-Theni  ,Rural,5-9,181,92,89,11,5,6,21,9,12,11,6,5,23,14,9,34,18,16,2,1,1,57,29,28,22,10,12
C5020SC,33,624,District-Theni  ,Rural,10-19,491,272,219,44,29,15,113,49,64,28,16,12,66,44,22,65,38,27,1,0,1,136,76,60,38,20,18
C5020SC,33,624,District-Theni  ,Rural,20-29,528,287,241,47,30,17,73,34,39,39,22,17,132,77,55,51,24,27,11,6,5,148,78,70,27,16,11
C5020SC,33,624,District-Theni  ,Rural,30-39,405,248,157,40,21,19,58,29,29,18,13,5,109,71,38,26,13,13,12,7,5,122,81,41,20,13,7
C5020SC,33,624,District-Theni  ,Rural,40-49,337,192,145,39,19,20,45,22,23,9,8,1,96,58,38,16,8,8,14,6,8,98,62,36,20,9,11
C5020SC,33,624,District-Theni  ,Rural,50-59,244,149,95,27,15,12,46,24,22,5,3,2,80,51,29,6,5,1,9,7,2,62,36,26,9,8,1
C5020SC,33,624,District-Theni  ,Rural,60-69,209,112,97,39,19,20,34,17,17,10,3,7,66,40,26,4,2,2,6,3,3,42,23,19,8,5,3
C5020SC,33,624,District-Theni  ,Rural,70-79,101,56,45,25,15,10,27,12,15,3,2,1,24,15,9,0,0,0,3,2,1,16,9,7,3,1,2
C5020SC,33,624,District-Theni  ,Rural,80-89,18,9,9,1,0,1,6,2,4,0,0,0,6,3,3,0,0,0,0,0,0,3,2,1,2,2,0
C5020SC,33,624,District-Theni  ,Rural,90+,3,2,1,1,0,1,1,1,0,0,0,0,0,0,0,0,0,0,0,0,0,1,1,0,0,0,0
C5020SC,33,624,District-Theni  ,Rural,Age Not Stated,2,1,1,0,0,0,1,0,1,1,1,0,0,0,0,0,0,0,0,0,0,0,0,0,0,0,0
C5020SC,33,624,District-Theni  ,Urban,Total,2246,1238,1008,189,98,91,357,190,167,423,221,202,470,280,190,145,80,65,41,21,20,499,274,225,122,74,48
C5020SC,33,624,District-Theni  ,Urban,0-4,98,57,41,4,2,2,17,8,9,8,7,1,3,1,2,7,3,4,0,0,0,52,33,19,7,3,4
C5020SC,33,624,District-Theni  ,Urban,5-9,170,112,58,10,7,3,16,9,7,43,28,15,24,20,4,17,13,4,0,0,0,47,24,23,13,11,2
C5020SC,33,624,District-Theni  ,Urban,10-19,430,230,200,28,13,15,70,33,37,106,58,48,43,24,19,61,36,25,4,3,1,87,39,48,31,24,7
C5020SC,33,624,District-Theni  ,Urban,20-29,421,213,208,32,14,18,57,32,25,82,39,43,113,57,56,23,12,11,6,3,3,85,47,38,23,9,14
C5020SC,33,624,District-Theni  ,Urban,30-39,361,198,163,19,11,8,48,26,22,87,47,40,76,47,29,23,9,14,10,6,4,80,42,38,18,10,8
C5020SC,33,624,District-Theni  ,Urban,40-49,310,177,133,27,14,13,61,39,22,47,20,27,80,51,29,10,4,6,11,3,8,63,40,23,11,6,5
C5020SC,33,624,District-Theni  ,Urban,50-59,178,104,74,18,9,9,31,15,16,25,12,13,51,38,13,2,2,0,7,4,3,34,20,14,10,4,6
C5020SC,33,624,District-Theni  ,Urban,60-69,153,84,69,19,6,13,32,15,17,17,9,8,45,28,17,1,0,1,1,1,0,33,21,12,5,4,1
C5020SC,33,624,District-Theni  ,Urban,70-79,88,40,48,18,11,7,18,9,9,7,1,6,27,10,17,1,1,0,2,1,1,12,5,7,3,2,1
C5020SC,33,624,District-Theni  ,Urban,80-89,28,17,11,10,8,2,5,3,2,1,0,1,7,3,4,0,0,0,0,0,0,4,2,2,1,1,0
C5020SC,33,624,District-Theni  ,Urban,90+,8,6,2,4,3,1,2,1,1,0,0,0,1,1,0,0,0,0,0,0,0,1,1,0,0,0,0
C5020SC,33,624,District-Theni  ,Urban,Age Not Stated,1,0,1,0,0,0,0,0,0,0,0,0,0,0,0,0,0,0,0,0,0,1,0,1,0,0,0
C5020SC,33,625,District-Virudhunagar,Total,Total,6144,3268,2876,656,342,314,956,370,586,468,276,192,1654,992,662,538,270,268,130,56,74,1195,658,537,547,304,243
C5020SC,33,625,District-Virudhunagar,Total,0-4,219,97,122,8,5,3,62,20,42,4,1,3,33,16,17,27,15,12,0,0,0,60,28,32,25,12,13
C5020SC,33,625,District-Virudhunagar,Total,5-9,438,236,202,34,16,18,56,22,34,51,32,19,77,47,30,67,41,26,1,1,0,76,40,36,76,37,39
C5020SC,33,625,District-Virudhunagar,Total,10-19,1136,609,527,81,39,42,173,68,105,140,88,52,202,117,85,177,89,88,10,3,7,198,106,92,155,99,56
C5020SC,33,625,District-Virudhunagar,Total,20-29,1397,735,662,110,57,53,168,56,112,115,63,52,478,276,202,128,68,60,23,14,9,273,150,123,102,51,51
C5020SC,33,625,District-Virudhunagar,Total,30-39,973,515,458,107,63,44,139,57,82,67,32,35,276,172,104,75,26,49,31,15,16,211,116,95,67,34,33
C5020SC,33,625,District-Virudhunagar,Total,40-49,784,442,342,96,51,45,149,59,90,43,30,13,222,137,85,37,16,21,35,17,18,160,105,55,42,27,15
C5020SC,33,625,District-Virudhunagar,Total,50-59,502,282,220,73,41,32,83,29,54,31,19,12,146,100,46,13,10,3,17,4,13,111,57,54,28,22,6
C5020SC,33,625,District-Virudhunagar,Total,60-69,406,221,185,73,36,37,76,36,40,12,7,5,135,84,51,10,4,6,7,1,6,68,40,28,25,13,12
C5020SC,33,625,District-Virudhunagar,Total,70-79,211,103,108,57,29,28,33,16,17,5,4,1,62,34,28,2,1,1,4,1,3,29,11,18,19,7,12
C5020SC,33,625,District-Virudhunagar,Total,80-89,60,19,41,15,5,10,13,5,8,0,0,0,19,6,13,1,0,1,1,0,1,6,3,3,5,0,5
C5020SC,33,625,District-Virudhunagar,Total,90+,10,3,7,2,0,2,3,1,2,0,0,0,2,2,0,0,0,0,1,0,1,1,0,1,1,0,1
C5020SC,33,625,District-Virudhunagar,Total,Age Not Stated,8,6,2,0,0,0,1,1,0,0,0,0,2,1,1,1,0,1,0,0,0,2,2,0,2,2,0
C5020SC,33,625,District-Virudhunagar,Rural,Total,4123,2129,1994,452,236,216,725,240,485,315,186,129,1059,629,430,317,155,162,83,39,44,804,441,363,368,203,165
C5020SC,33,625,District-Virudhunagar,Rural,0-4,163,65,98,7,4,3,53,13,40,4,1,3,23,11,12,18,9,9,0,0,0,40,19,21,18,8,10
C5020SC,33,625,District-Virudhunagar,Rural,5-9,300,163,137,26,11,15,43,14,29,30,22,8,51,30,21,44,29,15,1,1,0,54,30,24,51,26,25
C5020SC,33,625,District-Virudhunagar,Rural,10-19,745,388,357,54,28,26,137,45,92,80,47,33,141,86,55,103,50,53,7,2,5,123,66,57,100,64,36
C5020SC,33,625,District-Virudhunagar,Rural,20-29,947,492,455,81,44,37,142,44,98,83,49,34,300,174,126,69,33,36,11,8,3,195,105,90,66,35,31
C5020SC,33,625,District-Virudhunagar,Rural,30-39,630,322,308,64,37,27,99,34,65,49,24,25,160,98,62,47,16,31,23,13,10,140,78,62,48,22,26
C5020SC,33,625,District-Virudhunagar,Rural,40-49,536,298,238,65,35,30,105,35,70,35,24,11,151,92,59,23,10,13,23,11,12,102,70,32,32,21,11
C5020SC,33,625,District-Virudhunagar,Rural,50-59,323,167,156,53,30,23,59,16,43,24,13,11,85,56,29,6,4,2,12,3,9,72,35,37,12,10,2
C5020SC,33,625,District-Virudhunagar,Rural,60-69,285,150,135,55,27,28,52,22,30,8,4,4,89,53,36,6,4,2,4,1,3,49,28,21,22,11,11
C5020SC,33,625,District-Virudhunagar,Rural,70-79,141,66,75,36,17,19,21,11,10,2,2,0,43,23,20,0,0,0,1,0,1,24,8,16,14,5,9
C5020SC,33,625,District-Virudhunagar,Rural,80-89,43,14,29,10,3,7,11,4,7,0,0,0,14,5,9,0,0,0,1,0,1,4,2,2,3,0,3
C5020SC,33,625,District-Virudhunagar,Rural,90+,5,1,4,1,0,1,2,1,1,0,0,0,0,0,0,0,0,0,0,0,0,1,0,1,1,0,1
C5020SC,33,625,District-Virudhunagar,Rural,Age Not Stated,5,3,2,0,0,0,1,1,0,0,0,0,2,1,1,1,0,1,0,0,0,0,0,0,1,1,0
C5020SC,33,625,District-Virudhunagar,Urban,Total,2021,1139,882,204,106,98,231,130,101,153,90,63,595,363,232,221,115,106,47,17,30,391,217,174,179,101,78
C5020SC,33,625,District-Virudhunagar,Urban,0-4,56,32,24,1,1,0,9,7,2,0,0,0,10,5,5,9,6,3,0,0,0,20,9,11,7,4,3
C5020SC,33,625,District-Virudhunagar,Urban,5-9,138,73,65,8,5,3,13,8,5,21,10,11,26,17,9,23,12,11,0,0,0,22,10,12,25,11,14
C5020SC,33,625,District-Virudhunagar,Urban,10-19,391,221,170,27,11,16,36,23,13,60,41,19,61,31,30,74,39,35,3,1,2,75,40,35,55,35,20
C5020SC,33,625,District-Virudhunagar,Urban,20-29,450,243,207,29,13,16,26,12,14,32,14,18,178,102,76,59,35,24,12,6,6,78,45,33,36,16,20
C5020SC,33,625,District-Virudhunagar,Urban,30-39,343,193,150,43,26,17,40,23,17,18,8,10,116,74,42,28,10,18,8,2,6,71,38,33,19,12,7
C5020SC,33,625,District-Virudhunagar,Urban,40-49,248,144,104,31,16,15,44,24,20,8,6,2,71,45,26,14,6,8,12,6,6,58,35,23,10,6,4
C5020SC,33,625,District-Virudhunagar,Urban,50-59,179,115,64,20,11,9,24,13,11,7,6,1,61,44,17,7,6,1,5,1,4,39,22,17,16,12,4
C5020SC,33,625,District-Virudhunagar,Urban,60-69,121,71,50,18,9,9,24,14,10,4,3,1,46,31,15,4,0,4,3,0,3,19,12,7,3,2,1
C5020SC,33,625,District-Virudhunagar,Urban,70-79,70,37,33,21,12,9,12,5,7,3,2,1,19,11,8,2,1,1,3,1,2,5,3,2,5,2,3
C5020SC,33,625,District-Virudhunagar,Urban,80-89,17,5,12,5,2,3,2,1,1,0,0,0,5,1,4,1,0,1,0,0,0,2,1,1,2,0,2
C5020SC,33,625,District-Virudhunagar,Urban,90+,5,2,3,1,0,1,1,0,1,0,0,0,2,2,0,0,0,0,1,0,1,0,0,0,0,0,0
C5020SC,33,625,District-Virudhunagar,Urban,Age Not Stated,3,3,0,0,0,0,0,0,0,0,0,0,0,0,0,0,0,0,0,0,0,2,2,0,1,1,0
C5020SC,33,626,District-Ramanathapuram,Total,Total,4277,2325,1952,443,217,226,688,354,334,310,177,133,980,579,401,378,196,182,98,48,50,997,533,464,383,221,162
C5020SC,33,626,District-Ramanathapuram,Total,0-4,161,95,66,13,8,5,38,28,10,4,2,2,17,11,6,13,6,7,0,0,0,58,28,30,18,12,6
C5020SC,33,626,District-Ramanathapuram,Total,5-9,287,157,130,28,13,15,29,15,14,32,25,7,33,18,15,34,23,11,1,0,1,84,39,45,46,24,22
C5020SC,33,626,District-Ramanathapuram,Total,10-19,791,409,382,76,36,40,117,53,64,81,50,31,114,61,53,129,67,62,12,5,7,142,66,76,120,71,49
C5020SC,33,626,District-Ramanathapuram,Total,20-29,930,502,428,57,23,34,124,71,53,77,37,40,255,150,105,106,55,51,18,8,10,202,104,98,91,54,37
C5020SC,33,626,District-Ramanathapuram,Total,30-39,703,367,336,49,24,25,111,53,58,50,22,28,213,122,91,55,26,29,12,6,6,171,96,75,42,18,24
C5020SC,33,626,District-Ramanathapuram,Total,40-49,513,293,220,50,24,26,105,55,50,30,19,11,132,89,43,23,11,12,24,14,10,120,62,58,29,19,10
C5020SC,33,626,District-Ramanathapuram,Total,50-59,362,207,155,49,23,26,58,22,36,16,11,5,112,63,49,9,6,3,14,7,7,84,62,22,20,13,7
C5020SC,33,626,District-Ramanathapuram,Total,60-69,340,193,147,67,38,29,66,32,34,18,10,8,77,51,26,5,2,3,14,8,6,87,48,39,6,4,2
C5020SC,33,626,District-Ramanathapuram,Total,70-79,141,75,66,43,20,23,30,20,10,1,0,1,16,9,7,3,0,3,3,0,3,38,22,16,7,4,3
C5020SC,33,626,District-Ramanathapuram,Total,80-89,35,21,14,10,7,3,7,3,4,1,1,0,7,4,3,0,0,0,0,0,0,6,4,2,4,2,2
C5020SC,33,626,District-Ramanathapuram,Total,90+,6,1,5,0,0,0,1,1,0,0,0,0,3,0,3,0,0,0,0,0,0,2,0,2,0,0,0
C5020SC,33,626,District-Ramanathapuram,Total,Age Not Stated,8,5,3,1,1,0,2,1,1,0,0,0,1,1,0,1,0,1,0,0,0,3,2,1,0,0,0
C5020SC,33,626,District-Ramanathapuram,Rural,Total,3614,1941,1673,364,183,181,595,305,290,278,157,121,806,465,341,307,156,151,85,40,45,875,464,411,304,171,133
C5020SC,33,626,District-Ramanathapuram,Rural,0-4,141,82,59,11,6,5,37,27,10,4,2,2,15,10,5,13,6,7,0,0,0,49,24,25,12,7,5
C5020SC,33,626,District-Ramanathapuram,Rural,5-9,255,135,120,26,11,15,27,14,13,31,24,7,30,15,15,23,15,8,1,0,1,76,35,41,41,21,20
C5020SC,33,626,District-Ramanathapuram,Rural,10-19,677,344,333,58,29,29,103,47,56,73,44,29,101,53,48,107,56,51,12,5,7,121,52,69,102,58,44
C5020SC,33,626,District-Ramanathapuram,Rural,20-29,757,402,355,49,21,28,102,56,46,68,32,36,206,117,89,83,42,41,15,7,8,170,88,82,64,39,25
C5020SC,33,626,District-Ramanathapuram,Rural,30-39,608,312,296,40,18,22,100,47,53,43,19,24,176,100,76,46,21,25,10,4,6,156,88,68,37,15,22
C5020SC,33,626,District-Ramanathapuram,Rural,40-49,429,244,185,41,19,22,90,50,40,23,14,9,108,73,35,19,9,10,21,12,9,104,51,53,23,16,7
C5020SC,33,626,District-Ramanathapuram,Rural,50-59,297,170,127,37,18,19,47,16,31,16,11,5,85,47,38,8,5,3,12,6,6,74,56,18,18,11,7
C5020SC,33,626,District-Ramanathapuram,Rural,60-69,288,166,122,55,34,21,55,28,27,18,10,8,62,39,23,4,2,2,11,6,5,78,44,34,5,3,2
C5020SC,33,626,District-Ramanathapuram,Rural,70-79,120,63,57,37,19,18,24,15,9,1,0,1,13,7,6,3,0,3,3,0,3,37,21,16,2,1,1
C5020SC,33,626,District-Ramanathapuram,Rural,80-89,28,17,11,9,7,2,7,3,4,1,1,0,6,3,3,0,0,0,0,0,0,5,3,2,0,0,0
C5020SC,33,626,District-Ramanathapuram,Rural,90+,6,1,5,0,0,0,1,1,0,0,0,0,3,0,3,0,0,0,0,0,0,2,0,2,0,0,0
C5020SC,33,626,District-Ramanathapuram,Rural,Age Not Stated,8,5,3,1,1,0,2,1,1,0,0,0,1,1,0,1,0,1,0,0,0,3,2,1,0,0,0
C5020SC,33,626,District-Ramanathapuram,Urban,Total,663,384,279,79,34,45,93,49,44,32,20,12,174,114,60,71,40,31,13,8,5,122,69,53,79,50,29
C5020SC,33,626,District-Ramanathapuram,Urban,0-4,20,13,7,2,2,0,1,1,0,0,0,0,2,1,1,0,0,0,0,0,0,9,4,5,6,5,1
C5020SC,33,626,District-Ramanathapuram,Urban,5-9,32,22,10,2,2,0,2,1,1,1,1,0,3,3,0,11,8,3,0,0,0,8,4,4,5,3,2
C5020SC,33,626,District-Ramanathapuram,Urban,10-19,114,65,49,18,7,11,14,6,8,8,6,2,13,8,5,22,11,11,0,0,0,21,14,7,18,13,5
C5020SC,33,626,District-Ramanathapuram,Urban,20-29,173,100,73,8,2,6,22,15,7,9,5,4,49,33,16,23,13,10,3,1,2,32,16,16,27,15,12
C5020SC,33,626,District-Ramanathapuram,Urban,30-39,95,55,40,9,6,3,11,6,5,7,3,4,37,22,15,9,5,4,2,2,0,15,8,7,5,3,2
C5020SC,33,626,District-Ramanathapuram,Urban,40-49,84,49,35,9,5,4,15,5,10,7,5,2,24,16,8,4,2,2,3,2,1,16,11,5,6,3,3
C5020SC,33,626,District-Ramanathapuram,Urban,50-59,65,37,28,12,5,7,11,6,5,0,0,0,27,16,11,1,1,0,2,1,1,10,6,4,2,2,0
C5020SC,33,626,District-Ramanathapuram,Urban,60-69,52,27,25,12,4,8,11,4,7,0,0,0,15,12,3,1,0,1,3,2,1,9,4,5,1,1,0
C5020SC,33,626,District-Ramanathapuram,Urban,70-79,21,12,9,6,1,5,6,5,1,0,0,0,3,2,1,0,0,0,0,0,0,1,1,0,5,3,2
C5020SC,33,626,District-Ramanathapuram,Urban,80-89,7,4,3,1,0,1,0,0,0,0,0,0,1,1,0,0,0,0,0,0,0,1,1,0,4,2,2
C5020SC,33,626,District-Ramanathapuram,Urban,90+,0,0,0,0,0,0,0,0,0,0,0,0,0,0,0,0,0,0,0,0,0,0,0,0,0,0,0
C5020SC,33,626,District-Ramanathapuram,Urban,Age Not Stated,0,0,0,0,0,0,0,0,0,0,0,0,0,0,0,0,0,0,0,0,0,0,0,0,0,0,0
C5020SC,33,627,District-Thoothukkudi,Total,Total,5938,3219,2719,730,355,375,900,454,446,346,194,152,1782,1044,738,464,260,204,214,107,107,1079,577,502,423,228,195
C5020SC,33,627,District-Thoothukkudi,Total,0-4,179,106,73,20,12,8,41,26,15,5,5,0,23,14,9,18,8,10,0,0,0,52,29,23,20,12,8
C5020SC,33,627,District-Thoothukkudi,Total,5-9,368,207,161,38,19,19,41,21,20,35,21,14,70,43,27,52,34,18,2,2,0,75,38,37,55,29,26
C5020SC,33,627,District-Thoothukkudi,Total,10-19,900,468,432,84,43,41,130,70,60,59,29,30,180,104,76,149,82,67,8,4,4,182,90,92,108,46,62
C5020SC,33,627,District-Thoothukkudi,Total,20-29,1258,676,582,116,61,55,153,75,78,85,49,36,453,240,213,105,63,42,55,30,25,213,111,102,78,47,31
C5020SC,33,627,District-Thoothukkudi,Total,30-39,999,549,450,107,49,58,136,68,68,58,26,32,355,219,136,71,39,32,56,26,30,162,92,70,54,30,24
C5020SC,33,627,District-Thoothukkudi,Total,40-49,729,406,323,93,47,46,114,61,53,50,31,19,222,131,91,43,18,25,42,20,22,130,79,51,35,19,16
C5020SC,33,627,District-Thoothukkudi,Total,50-59,570,338,232,84,44,40,82,43,39,27,16,11,201,139,62,13,7,6,28,13,15,107,56,51,28,20,8
C5020SC,33,627,District-Thoothukkudi,Total,60-69,523,273,250,95,39,56,93,40,53,20,13,7,164,99,65,8,5,3,10,6,4,104,55,49,29,16,13
C5020SC,33,627,District-Thoothukkudi,Total,70-79,286,142,144,61,27,34,74,37,37,4,4,0,84,40,44,3,3,0,9,5,4,41,21,20,10,5,5
C5020SC,33,627,District-Thoothukkudi,Total,80-89,96,38,58,24,9,15,31,10,21,2,0,2,22,12,10,0,0,0,3,1,2,9,3,6,5,3,2
C5020SC,33,627,District-Thoothukkudi,Total,90+,24,13,11,7,4,3,5,3,2,1,0,1,4,1,3,1,1,0,1,0,1,4,3,1,1,1,0
C5020SC,33,627,District-Thoothukkudi,Total,Age Not Stated,6,3,3,1,1,0,0,0,0,0,0,0,4,2,2,1,0,1,0,0,0,0,0,0,0,0,0
C5020SC,33,627,District-Thoothukkudi,Rural,Total,4285,2309,1976,545,274,271,655,321,334,247,134,113,1259,726,533,341,191,150,153,75,78,780,418,362,305,170,135
C5020SC,33,627,District-Thoothukkudi,Rural,0-4,121,78,43,12,10,2,27,19,8,3,3,0,17,9,8,14,8,6,0,0,0,35,20,15,13,9,4
C5020SC,33,627,District-Thoothukkudi,Rural,5-9,256,144,112,26,13,13,24,12,12,26,14,12,48,30,18,38,24,14,1,1,0,53,27,26,40,23,17
C5020SC,33,627,District-Thoothukkudi,Rural,10-19,648,337,311,66,33,33,95,48,47,38,18,20,131,80,51,109,55,54,6,3,3,130,67,63,73,33,40
C5020SC,33,627,District-Thoothukkudi,Rural,20-29,889,471,418,80,44,36,115,54,61,55,29,26,305,161,144,79,50,29,38,18,20,159,81,78,58,34,24
C5020SC,33,627,District-Thoothukkudi,Rural,30-39,681,382,299,67,34,33,89,43,46,42,18,24,250,153,97,46,26,20,41,20,21,107,65,42,39,23,16
C5020SC,33,627,District-Thoothukkudi,Rural,40-49,525,291,234,69,35,34,83,46,37,43,26,17,149,86,63,34,15,19,27,12,15,95,57,38,25,14,11
C5020SC,33,627,District-Thoothukkudi,Rural,50-59,399,227,172,64,36,28,58,32,26,16,11,5,141,88,53,9,4,5,25,11,14,70,34,36,16,11,5
C5020SC,33,627,District-Thoothukkudi,Rural,60-69,427,218,209,81,32,49,80,32,48,17,11,6,120,71,49,7,5,2,9,6,3,88,47,41,25,14,11
C5020SC,33,627,District-Thoothukkudi,Rural,70-79,235,117,118,53,24,29,55,26,29,4,4,0,73,36,37,3,3,0,4,3,1,33,16,17,10,5,5
C5020SC,33,627,District-Thoothukkudi,Rural,80-89,80,30,50,21,8,13,26,7,19,2,0,2,17,9,8,0,0,0,2,1,1,7,2,5,5,3,2
C5020SC,33,627,District-Thoothukkudi,Rural,90+,18,11,7,5,4,1,3,2,1,1,0,1,4,1,3,1,1,0,0,0,0,3,2,1,1,1,0
C5020SC,33,627,District-Thoothukkudi,Rural,Age Not Stated,6,3,3,1,1,0,0,0,0,0,0,0,4,2,2,1,0,1,0,0,0,0,0,0,0,0,0
C5020SC,33,627,District-Thoothukkudi,Urban,Total,1653,910,743,185,81,104,245,133,112,99,60,39,523,318,205,123,69,54,61,32,29,299,159,140,118,58,60
C5020SC,33,627,District-Thoothukkudi,Urban,0-4,58,28,30,8,2,6,14,7,7,2,2,0,6,5,1,4,0,4,0,0,0,17,9,8,7,3,4
C5020SC,33,627,District-Thoothukkudi,Urban,5-9,112,63,49,12,6,6,17,9,8,9,7,2,22,13,9,14,10,4,1,1,0,22,11,11,15,6,9
C5020SC,33,627,District-Thoothukkudi,Urban,10-19,252,131,121,18,10,8,35,22,13,21,11,10,49,24,25,40,27,13,2,1,1,52,23,29,35,13,22
C5020SC,33,627,District-Thoothukkudi,Urban,20-29,369,205,164,36,17,19,38,21,17,30,20,10,148,79,69,26,13,13,17,12,5,54,30,24,20,13,7
C5020SC,33,627,District-Thoothukkudi,Urban,30-39,318,167,151,40,15,25,47,25,22,16,8,8,105,66,39,25,13,12,15,6,9,55,27,28,15,7,8
C5020SC,33,627,District-Thoothukkudi,Urban,40-49,204,115,89,24,12,12,31,15,16,7,5,2,73,45,28,9,3,6,15,8,7,35,22,13,10,5,5
C5020SC,33,627,District-Thoothukkudi,Urban,50-59,171,111,60,20,8,12,24,11,13,11,5,6,60,51,9,4,3,1,3,2,1,37,22,15,12,9,3
C5020SC,33,627,District-Thoothukkudi,Urban,60-69,96,55,41,14,7,7,13,8,5,3,2,1,44,28,16,1,0,1,1,0,1,16,8,8,4,2,2
C5020SC,33,627,District-Thoothukkudi,Urban,70-79,51,25,26,8,3,5,19,11,8,0,0,0,11,4,7,0,0,0,5,2,3,8,5,3,0,0,0
C5020SC,33,627,District-Thoothukkudi,Urban,80-89,16,8,8,3,1,2,5,3,2,0,0,0,5,3,2,0,0,0,1,0,1,2,1,1,0,0,0
C5020SC,33,627,District-Thoothukkudi,Urban,90+,6,2,4,2,0,2,2,1,1,0,0,0,0,0,0,0,0,0,1,0,1,1,1,0,0,0,0
C5020SC,33,627,District-Thoothukkudi,Urban,Age Not Stated,0,0,0,0,0,0,0,0,0,0,0,0,0,0,0,0,0,0,0,0,0,0,0,0,0,0,0
C5020SC,33,628,District-Tirunelveli ,Total,Total,10496,5631,4865,1246,623,623,1929,910,1019,589,314,275,2733,1614,1119,893,504,389,288,134,154,1988,1088,900,830,444,386
C5020SC,33,628,District-Tirunelveli ,Total,0-4,330,180,150,29,16,13,75,43,32,5,4,1,32,22,10,27,16,11,1,0,1,119,54,65,42,25,17
C5020SC,33,628,District-Tirunelveli ,Total,5-9,608,339,269,36,23,13,84,41,43,51,28,23,96,57,39,111,67,44,2,1,1,147,81,66,81,41,40
C5020SC,33,628,District-Tirunelveli ,Total,10-19,1584,920,664,109,65,44,320,173,147,114,68,46,252,149,103,265,157,108,19,13,6,300,178,122,205,117,88
C5020SC,33,628,District-Tirunelveli ,Total,20-29,2153,1117,1036,158,81,77,326,150,176,127,61,66,684,384,300,221,115,106,63,36,27,409,201,208,165,89,76
C5020SC,33,628,District-Tirunelveli ,Total,30-39,1712,944,768,165,92,73,287,136,151,122,65,57,532,309,223,126,67,59,64,27,37,313,185,128,103,63,40
C5020SC,33,628,District-Tirunelveli ,Total,40-49,1336,771,565,159,89,70,238,116,122,79,51,28,385,250,135,69,44,25,71,34,37,255,146,109,80,41,39
C5020SC,33,628,District-Tirunelveli ,Total,50-59,979,505,474,172,85,87,177,73,104,41,17,24,297,178,119,35,18,17,32,13,19,179,96,83,46,25,21
C5020SC,33,628,District-Tirunelveli ,Total,60-69,940,467,473,179,80,99,200,79,121,32,13,19,286,173,113,25,15,10,22,5,17,151,83,68,45,19,26
C5020SC,33,628,District-Tirunelveli ,Total,70-79,579,274,305,161,71,90,156,73,83,11,2,9,124,67,57,5,1,4,10,3,7,80,42,38,32,15,17
C5020SC,33,628,District-Tirunelveli ,Total,80-89,214,92,122,66,18,48,53,20,33,7,5,2,35,21,14,4,2,2,2,1,1,26,18,8,21,7,14
C5020SC,33,628,District-Tirunelveli ,Total,90+,47,15,32,12,3,9,10,4,6,0,0,0,6,3,3,1,0,1,2,1,1,6,2,4,10,2,8
C5020SC,33,628,District-Tirunelveli ,Total,Age Not Stated,14,7,7,0,0,0,3,2,1,0,0,0,4,1,3,4,2,2,0,0,0,3,2,1,0,0,0
C5020SC,33,628,District-Tirunelveli ,Rural,Total,6530,3455,3075,774,378,396,1196,541,655,383,199,184,1704,1001,703,547,305,242,178,83,95,1209,658,551,539,290,249
C5020SC,33,628,District-Tirunelveli ,Rural,0-4,212,122,90,18,10,8,48,26,22,5,4,1,21,16,5,13,8,5,0,0,0,74,38,36,33,20,13
C5020SC,33,628,District-Tirunelveli ,Rural,5-9,403,227,176,29,18,11,57,29,28,37,21,16,59,37,22,61,39,22,1,0,1,98,52,46,61,31,30
C5020SC,33,628,District-Tirunelveli ,Rural,10-19,923,521,402,60,36,24,162,72,90,73,40,33,155,93,62,157,95,62,10,7,3,178,101,77,128,77,51
C5020SC,33,628,District-Tirunelveli ,Rural,20-29,1359,707,652,97,45,52,224,106,118,81,38,43,415,239,176,142,71,71,43,28,15,255,124,131,102,56,46
C5020SC,33,628,District-Tirunelveli ,Rural,30-39,1057,581,476,110,58,52,192,93,99,76,41,35,314,182,132,86,45,41,31,12,19,184,113,71,64,37,27
C5020SC,33,628,District-Tirunelveli ,Rural,40-49,843,480,363,102,58,44,153,79,74,53,31,22,248,157,91,42,26,16,47,21,26,149,82,67,49,26,23
C5020SC,33,628,District-Tirunelveli ,Rural,50-59,618,305,313,104,50,54,114,44,70,26,9,17,198,111,87,14,5,9,20,8,12,113,61,52,29,17,12
C5020SC,33,628,District-Tirunelveli ,Rural,60-69,577,289,288,108,54,54,115,43,72,21,9,12,184,107,77,22,13,9,14,3,11,83,48,35,30,12,18
C5020SC,33,628,District-Tirunelveli ,Rural,70-79,361,158,203,98,40,58,98,40,58,6,2,4,76,40,36,2,0,2,8,2,6,51,25,26,22,9,13
C5020SC,33,628,District-Tirunelveli ,Rural,80-89,136,53,83,44,9,35,25,7,18,5,4,1,26,15,11,3,1,2,2,1,1,17,12,5,14,4,10
C5020SC,33,628,District-Tirunelveli ,Rural,90+,29,7,22,4,0,4,7,2,5,0,0,0,4,3,1,1,0,1,2,1,1,4,0,4,7,1,6
C5020SC,33,628,District-Tirunelveli ,Rural,Age Not Stated,12,5,7,0,0,0,1,0,1,0,0,0,4,1,3,4,2,2,0,0,0,3,2,1,0,0,0
C5020SC,33,628,District-Tirunelveli ,Urban,Total,3966,2176,1790,472,245,227,733,369,364,206,115,91,1029,613,416,346,199,147,110,51,59,779,430,349,291,154,137
C5020SC,33,628,District-Tirunelveli ,Urban,0-4,118,58,60,11,6,5,27,17,10,0,0,0,11,6,5,14,8,6,1,0,1,45,16,29,9,5,4
C5020SC,33,628,District-Tirunelveli ,Urban,5-9,205,112,93,7,5,2,27,12,15,14,7,7,37,20,17,50,28,22,1,1,0,49,29,20,20,10,10
C5020SC,33,628,District-Tirunelveli ,Urban,10-19,661,399,262,49,29,20,158,101,57,41,28,13,97,56,41,108,62,46,9,6,3,122,77,45,77,40,37
C5020SC,33,628,District-Tirunelveli ,Urban,20-29,794,410,384,61,36,25,102,44,58,46,23,23,269,145,124,79,44,35,20,8,12,154,77,77,63,33,30
C5020SC,33,628,District-Tirunelveli ,Urban,30-39,655,363,292,55,34,21,95,43,52,46,24,22,218,127,91,40,22,18,33,15,18,129,72,57,39,26,13
C5020SC,33,628,District-Tirunelveli ,Urban,40-49,493,291,202,57,31,26,85,37,48,26,20,6,137,93,44,27,18,9,24,13,11,106,64,42,31,15,16
C5020SC,33,628,District-Tirunelveli ,Urban,50-59,361,200,161,68,35,33,63,29,34,15,8,7,99,67,32,21,13,8,12,5,7,66,35,31,17,8,9
C5020SC,33,628,District-Tirunelveli ,Urban,60-69,363,178,185,71,26,45,85,36,49,11,4,7,102,66,36,3,2,1,8,2,6,68,35,33,15,7,8
C5020SC,33,628,District-Tirunelveli ,Urban,70-79,218,116,102,63,31,32,58,33,25,5,0,5,48,27,21,3,1,2,2,1,1,29,17,12,10,6,4
C5020SC,33,628,District-Tirunelveli ,Urban,80-89,78,39,39,22,9,13,28,13,15,2,1,1,9,6,3,1,1,0,0,0,0,9,6,3,7,3,4
C5020SC,33,628,District-Tirunelveli ,Urban,90+,18,8,10,8,3,5,3,2,1,0,0,0,2,0,2,0,0,0,0,0,0,2,2,0,3,1,2
C5020SC,33,628,District-Tirunelveli ,Urban,Age Not Stated,2,2,0,0,0,0,2,2,0,0,0,0,0,0,0,0,0,0,0,0,0,0,0,0,0,0,0
C5020SC,33,629,District-Kanniyakumari,Total,Total,1326,759,567,103,63,40,182,95,87,65,32,33,382,232,150,126,68,58,48,23,25,298,169,129,122,77,45
C5020SC,33,629,District-Kanniyakumari,Total,0-4,30,21,9,3,1,2,10,9,1,0,0,0,5,3,2,1,1,0,0,0,0,9,5,4,2,2,0
C5020SC,33,629,District-Kanniyakumari,Total,5-9,66,34,32,8,8,0,10,4,6,5,3,2,13,6,7,8,3,5,0,0,0,14,5,9,8,5,3
C5020SC,33,629,District-Kanniyakumari,Total,10-19,170,97,73,12,8,4,18,10,8,11,8,3,23,11,12,33,22,11,1,0,1,43,20,23,29,18,11
C5020SC,33,629,District-Kanniyakumari,Total,20-29,252,124,128,21,10,11,26,11,15,16,5,11,64,31,33,36,19,17,6,5,1,64,32,32,19,11,8
C5020SC,33,629,District-Kanniyakumari,Total,30-39,239,131,108,11,5,6,27,13,14,10,6,4,82,48,34,17,8,9,12,4,8,52,30,22,28,17,11
C5020SC,33,629,District-Kanniyakumari,Total,40-49,204,134,70,14,10,4,33,21,12,14,7,7,61,43,18,11,4,7,14,7,7,44,33,11,13,9,4
C5020SC,33,629,District-Kanniyakumari,Total,50-59,163,97,66,10,5,5,26,11,15,6,1,5,55,38,17,11,5,6,8,5,3,35,23,12,12,9,3
C5020SC,33,629,District-Kanniyakumari,Total,60-69,130,78,52,15,11,4,22,9,13,3,2,1,48,35,13,6,3,3,4,0,4,27,16,11,5,2,3
C5020SC,33,629,District-Kanniyakumari,Total,70-79,48,29,19,4,3,1,6,5,1,0,0,0,25,13,12,2,2,0,2,2,0,6,2,4,3,2,1
C5020SC,33,629,District-Kanniyakumari,Total,80-89,20,11,9,4,1,3,4,2,2,0,0,0,6,4,2,1,1,0,1,0,1,3,2,1,1,1,0
C5020SC,33,629,District-Kanniyakumari,Total,90+,2,1,1,1,1,0,0,0,0,0,0,0,0,0,0,0,0,0,0,0,0,0,0,0,1,0,1
C5020SC,33,629,District-Kanniyakumari,Total,Age Not Stated,2,2,0,0,0,0,0,0,0,0,0,0,0,0,0,0,0,0,0,0,0,1,1,0,1,1,0
C5020SC,33,629,District-Kanniyakumari,Rural,Total,324,197,127,24,16,8,43,28,15,8,7,1,106,61,45,24,11,13,9,4,5,74,47,27,36,23,13
C5020SC,33,629,District-Kanniyakumari,Rural,0-4,16,11,5,2,1,1,5,5,0,0,0,0,4,2,2,0,0,0,0,0,0,4,2,2,1,1,0
C5020SC,33,629,District-Kanniyakumari,Rural,5-9,11,6,5,1,1,0,2,0,2,0,0,0,1,1,0,1,1,0,0,0,0,4,1,3,2,2,0
C5020SC,33,629,District-Kanniyakumari,Rural,10-19,40,27,13,2,2,0,5,4,1,3,3,0,8,3,5,4,3,1,1,0,1,11,7,4,6,5,1
C5020SC,33,629,District-Kanniyakumari,Rural,20-29,51,24,27,4,2,2,2,2,0,1,0,1,15,8,7,6,1,5,0,0,0,17,8,9,6,3,3
C5020SC,33,629,District-Kanniyakumari,Rural,30-39,51,29,22,1,1,0,7,3,4,0,0,0,21,13,8,2,1,1,2,2,0,10,5,5,8,4,4
C5020SC,33,629,District-Kanniyakumari,Rural,40-49,52,38,14,2,2,0,6,5,1,2,2,0,19,13,6,1,0,1,4,1,3,14,13,1,4,2,2
C5020SC,33,629,District-Kanniyakumari,Rural,50-59,42,28,14,4,3,1,3,2,1,1,1,0,15,8,7,6,2,4,1,1,0,7,7,0,5,4,1
C5020SC,33,629,District-Kanniyakumari,Rural,60-69,40,24,16,7,4,3,9,4,5,1,1,0,12,9,3,4,3,1,1,0,1,5,3,2,1,0,1
C5020SC,33,629,District-Kanniyakumari,Rural,70-79,14,7,7,0,0,0,2,1,1,0,0,0,9,4,5,0,0,0,0,0,0,2,1,1,1,1,0
C5020SC,33,629,District-Kanniyakumari,Rural,80-89,5,2,3,1,0,1,2,2,0,0,0,0,2,0,2,0,0,0,0,0,0,0,0,0,0,0,0
C5020SC,33,629,District-Kanniyakumari,Rural,90+,1,0,1,0,0,0,0,0,0,0,0,0,0,0,0,0,0,0,0,0,0,0,0,0,1,0,1
C5020SC,33,629,District-Kanniyakumari,Rural,Age Not Stated,1,1,0,0,0,0,0,0,0,0,0,0,0,0,0,0,0,0,0,0,0,0,0,0,1,1,0
C5020SC,33,629,District-Kanniyakumari,Urban,Total,1002,562,440,79,47,32,139,67,72,57,25,32,276,171,105,102,57,45,39,19,20,224,122,102,86,54,32
C5020SC,33,629,District-Kanniyakumari,Urban,0-4,14,10,4,1,0,1,5,4,1,0,0,0,1,1,0,1,1,0,0,0,0,5,3,2,1,1,0
C5020SC,33,629,District-Kanniyakumari,Urban,5-9,55,28,27,7,7,0,8,4,4,5,3,2,12,5,7,7,2,5,0,0,0,10,4,6,6,3,3
C5020SC,33,629,District-Kanniyakumari,Urban,10-19,130,70,60,10,6,4,13,6,7,8,5,3,15,8,7,29,19,10,0,0,0,32,13,19,23,13,10
C5020SC,33,629,District-Kanniyakumari,Urban,20-29,201,100,101,17,8,9,24,9,15,15,5,10,49,23,26,30,18,12,6,5,1,47,24,23,13,8,5
C5020SC,33,629,District-Kanniyakumari,Urban,30-39,188,102,86,10,4,6,20,10,10,10,6,4,61,35,26,15,7,8,10,2,8,42,25,17,20,13,7
C5020SC,33,629,District-Kanniyakumari,Urban,40-49,152,96,56,12,8,4,27,16,11,12,5,7,42,30,12,10,4,6,10,6,4,30,20,10,9,7,2
C5020SC,33,629,District-Kanniyakumari,Urban,50-59,121,69,52,6,2,4,23,9,14,5,0,5,40,30,10,5,3,2,7,4,3,28,16,12,7,5,2
C5020SC,33,629,District-Kanniyakumari,Urban,60-69,90,54,36,8,7,1,13,5,8,2,1,1,36,26,10,2,0,2,3,0,3,22,13,9,4,2,2
C5020SC,33,629,District-Kanniyakumari,Urban,70-79,34,22,12,4,3,1,4,4,0,0,0,0,16,9,7,2,2,0,2,2,0,4,1,3,2,1,1
C5020SC,33,629,District-Kanniyakumari,Urban,80-89,15,9,6,3,1,2,2,0,2,0,0,0,4,4,0,1,1,0,1,0,1,3,2,1,1,1,0
C5020SC,33,629,District-Kanniyakumari,Urban,90+,1,1,0,1,1,0,0,0,0,0,0,0,0,0,0,0,0,0,0,0,0,0,0,0,0,0,0
C5020SC,33,629,District-Kanniyakumari,Urban,Age Not Stated,1,1,0,0,0,0,0,0,0,0,0,0,0,0,0,0,0,0,0,0,0,1,1,0,0,0,0
C5020SC,33,630,District-Dharmapuri,Total,Total,4183,2405,1778,520,261,259,606,345,261,285,149,136,1115,735,380,269,144,125,70,50,20,958,521,437,360,200,160
C5020SC,33,630,District-Dharmapuri,Total,0-4,167,89,78,11,6,5,16,9,7,3,0,3,19,14,5,15,9,6,1,1,0,86,42,44,16,8,8
C5020SC,33,630,District-Dharmapuri,Total,5-9,327,179,148,38,15,23,43,22,21,32,19,13,54,38,16,34,21,13,3,0,3,78,40,38,45,24,21
C5020SC,33,630,District-Dharmapuri,Total,10-19,695,401,294,71,38,33,98,55,43,77,46,31,99,69,30,95,48,47,5,5,0,141,74,67,109,66,43
C5020SC,33,630,District-Dharmapuri,Total,20-29,775,458,317,59,32,27,92,57,35,63,34,29,252,159,93,64,33,31,10,8,2,166,95,71,69,40,29
C5020SC,33,630,District-Dharmapuri,Total,30-39,651,389,262,75,48,27,100,61,39,50,18,32,181,127,54,31,16,15,16,13,3,167,89,78,31,17,14
C5020SC,33,630,District-Dharmapuri,Total,40-49,558,356,202,61,33,28,94,53,41,28,17,11,183,131,52,16,11,5,18,14,4,131,80,51,27,17,10
C5020SC,33,630,District-Dharmapuri,Total,50-59,372,203,169,65,32,33,48,27,21,14,9,5,129,80,49,7,3,4,10,7,3,78,36,42,21,9,12
C5020SC,33,630,District-Dharmapuri,Total,60-69,370,197,173,78,31,47,67,33,34,9,5,4,114,73,41,4,2,2,5,1,4,74,40,34,19,12,7
C5020SC,33,630,District-Dharmapuri,Total,70-79,186,92,94,43,18,25,35,19,16,5,0,5,55,29,26,2,0,2,1,0,1,31,21,10,14,5,9
C5020SC,33,630,District-Dharmapuri,Total,80-89,62,30,32,13,4,9,10,7,3,2,0,2,23,12,11,1,1,0,1,1,0,5,3,2,7,2,5
C5020SC,33,630,District-Dharmapuri,Total,90+,18,9,9,6,4,2,2,1,1,2,1,1,6,3,3,0,0,0,0,0,0,0,0,0,2,0,2
C5020SC,33,630,District-Dharmapuri,Total,Age Not Stated,2,2,0,0,0,0,1,1,0,0,0,0,0,0,0,0,0,0,0,0,0,1,1,0,0,0,0
C5020SC,33,630,District-Dharmapuri,Rural,Total,3585,2045,1540,456,225,231,540,307,233,229,123,106,958,627,331,226,119,107,66,46,20,813,440,373,297,158,139
C5020SC,33,630,District-Dharmapuri,Rural,0-4,154,82,72,10,5,5,12,6,6,2,0,2,18,13,5,13,9,4,1,1,0,83,41,42,15,7,8
C5020SC,33,630,District-Dharmapuri,Rural,5-9,285,152,133,33,11,22,38,20,18,24,13,11,49,35,14,31,18,13,3,0,3,67,33,34,40,22,18
C5020SC,33,630,District-Dharmapuri,Rural,10-19,578,341,237,60,33,27,89,51,38,62,40,22,85,57,28,80,44,36,5,5,0,116,64,52,81,47,34
C5020SC,33,630,District-Dharmapuri,Rural,20-29,664,379,285,53,29,24,84,51,33,55,29,26,215,132,83,49,21,28,9,7,2,144,81,63,55,29,26
C5020SC,33,630,District-Dharmapuri,Rural,30-39,533,320,213,60,37,23,86,52,34,39,15,24,152,108,44,26,13,13,15,12,3,130,69,61,25,14,11
C5020SC,33,630,District-Dharmapuri,Rural,40-49,471,301,170,50,27,23,84,48,36,21,14,7,156,113,43,15,10,5,16,12,4,109,65,44,20,12,8
C5020SC,33,630,District-Dharmapuri,Rural,50-59,322,173,149,57,27,30,43,23,20,12,7,5,108,67,41,6,2,4,10,7,3,66,31,35,20,9,11
C5020SC,33,630,District-Dharmapuri,Rural,60-69,332,178,154,73,30,43,59,30,29,7,4,3,99,63,36,3,1,2,5,1,4,67,37,30,19,12,7
C5020SC,33,630,District-Dharmapuri,Rural,70-79,168,80,88,41,18,23,33,18,15,4,0,4,48,24,24,2,0,2,1,0,1,25,15,10,14,5,9
C5020SC,33,630,District-Dharmapuri,Rural,80-89,58,28,30,13,4,9,9,6,3,1,0,1,22,12,10,1,1,0,1,1,0,5,3,2,6,1,5
C5020SC,33,630,District-Dharmapuri,Rural,90+,18,9,9,6,4,2,2,1,1,2,1,1,6,3,3,0,0,0,0,0,0,0,0,0,2,0,2
C5020SC,33,630,District-Dharmapuri,Rural,Age Not Stated,2,2,0,0,0,0,1,1,0,0,0,0,0,0,0,0,0,0,0,0,0,1,1,0,0,0,0
C5020SC,33,630,District-Dharmapuri,Urban,Total,598,360,238,64,36,28,66,38,28,56,26,30,157,108,49,43,25,18,4,4,0,145,81,64,63,42,21
C5020SC,33,630,District-Dharmapuri,Urban,0-4,13,7,6,1,1,0,4,3,1,1,0,1,1,1,0,2,0,2,0,0,0,3,1,2,1,1,0
C5020SC,33,630,District-Dharmapuri,Urban,5-9,42,27,15,5,4,1,5,2,3,8,6,2,5,3,2,3,3,0,0,0,0,11,7,4,5,2,3
C5020SC,33,630,District-Dharmapuri,Urban,10-19,117,60,57,11,5,6,9,4,5,15,6,9,14,12,2,15,4,11,0,0,0,25,10,15,28,19,9
C5020SC,33,630,District-Dharmapuri,Urban,20-29,111,79,32,6,3,3,8,6,2,8,5,3,37,27,10,15,12,3,1,1,0,22,14,8,14,11,3
C5020SC,33,630,District-Dharmapuri,Urban,30-39,118,69,49,15,11,4,14,9,5,11,3,8,29,19,10,5,3,2,1,1,0,37,20,17,6,3,3
C5020SC,33,630,District-Dharmapuri,Urban,40-49,87,55,32,11,6,5,10,5,5,7,3,4,27,18,9,1,1,0,2,2,0,22,15,7,7,5,2
C5020SC,33,630,District-Dharmapuri,Urban,50-59,50,30,20,8,5,3,5,4,1,2,2,0,21,13,8,1,1,0,0,0,0,12,5,7,1,0,1
C5020SC,33,630,District-Dharmapuri,Urban,60-69,38,19,19,5,1,4,8,3,5,2,1,1,15,10,5,1,1,0,0,0,0,7,3,4,0,0,0
C5020SC,33,630,District-Dharmapuri,Urban,70-79,18,12,6,2,0,2,2,1,1,1,0,1,7,5,2,0,0,0,0,0,0,6,6,0,0,0,0
C5020SC,33,630,District-Dharmapuri,Urban,80-89,4,2,2,0,0,0,1,1,0,1,0,1,1,0,1,0,0,0,0,0,0,0,0,0,1,1,0
C5020SC,33,630,District-Dharmapuri,Urban,90+,0,0,0,0,0,0,0,0,0,0,0,0,0,0,0,0,0,0,0,0,0,0,0,0,0,0,0
C5020SC,33,630,District-Dharmapuri,Urban,Age Not Stated,0,0,0,0,0,0,0,0,0,0,0,0,0,0,0,0,0,0,0,0,0,0,0,0,0,0,0
C5020SC,33,631,District-Krishnagiri,Total,Total,4312,2441,1871,459,248,211,710,371,339,363,209,154,1024,629,395,325,170,155,78,44,34,1047,586,461,306,184,122
C5020SC,33,631,District-Krishnagiri,Total,0-4,173,87,86,7,2,5,41,16,25,4,1,3,23,17,6,15,10,5,0,0,0,67,31,36,16,10,6
C5020SC,33,631,District-Krishnagiri,Total,5-9,313,184,129,35,16,19,39,20,19,40,25,15,38,26,12,46,34,12,1,1,0,75,42,33,39,20,19
C5020SC,33,631,District-Krishnagiri,Total,10-19,830,456,374,84,39,45,117,64,53,91,53,38,124,71,53,110,52,58,6,3,3,218,124,94,80,50,30
C5020SC,33,631,District-Krishnagiri,Total,20-29,830,420,410,52,30,22,129,51,78,91,50,41,222,117,105,72,31,41,14,5,9,189,98,91,61,38,23
C5020SC,33,631,District-Krishnagiri,Total,30-39,672,379,293,69,45,24,109,59,50,63,29,34,170,107,63,45,19,26,22,15,7,157,86,71,37,19,18
C5020SC,33,631,District-Krishnagiri,Total,40-49,541,345,196,46,27,19,104,61,43,33,21,12,156,111,45,24,13,11,14,9,5,138,83,55,26,20,6
C5020SC,33,631,District-Krishnagiri,Total,50-59,389,246,143,48,27,21,69,37,32,22,15,7,127,86,41,7,6,1,11,6,5,91,59,32,14,10,4
C5020SC,33,631,District-Krishnagiri,Total,60-69,297,176,121,55,25,30,48,27,21,12,11,1,91,55,36,3,2,1,4,3,1,64,42,22,20,11,9
C5020SC,33,631,District-Krishnagiri,Total,70-79,176,102,74,44,30,14,33,24,9,4,2,2,45,22,23,3,3,0,5,2,3,34,15,19,8,4,4
C5020SC,33,631,District-Krishnagiri,Total,80-89,68,36,32,12,5,7,17,10,7,2,2,0,24,15,9,0,0,0,1,0,1,7,2,5,5,2,3
C5020SC,33,631,District-Krishnagiri,Total,90+,21,9,12,7,2,5,4,2,2,1,0,1,4,2,2,0,0,0,0,0,0,5,3,2,0,0,0
C5020SC,33,631,District-Krishnagiri,Total,Age Not Stated,2,1,1,0,0,0,0,0,0,0,0,0,0,0,0,0,0,0,0,0,0,2,1,1,0,0,0
C5020SC,33,631,District-Krishnagiri,Rural,Total,3372,1923,1449,381,213,168,562,293,269,298,170,128,826,518,308,236,119,117,60,32,28,764,436,328,245,142,103
C5020SC,33,631,District-Krishnagiri,Rural,0-4,134,66,68,5,1,4,32,12,20,2,0,2,19,14,5,10,6,4,0,0,0,51,24,27,15,9,6
C5020SC,33,631,District-Krishnagiri,Rural,5-9,248,144,104,30,15,15,34,17,17,33,22,11,27,20,7,34,25,9,0,0,0,57,29,28,33,16,17
C5020SC,33,631,District-Krishnagiri,Rural,10-19,624,341,283,59,34,25,92,50,42,75,40,35,101,58,43,73,30,43,5,3,2,154,89,65,65,37,28
C5020SC,33,631,District-Krishnagiri,Rural,20-29,641,327,314,45,24,21,95,38,57,75,44,31,176,88,88,54,21,33,11,3,8,138,77,61,47,32,15
C5020SC,33,631,District-Krishnagiri,Rural,30-39,523,299,224,60,37,23,81,43,38,54,24,30,136,90,46,34,18,16,16,10,6,114,64,50,28,13,15
C5020SC,33,631,District-Krishnagiri,Rural,40-49,433,278,155,42,24,18,87,52,35,24,14,10,125,95,30,22,11,11,12,7,5,100,59,41,21,16,5
C5020SC,33,631,District-Krishnagiri,Rural,50-59,313,203,110,45,25,20,58,30,28,19,13,6,99,70,29,6,6,0,9,5,4,64,45,19,13,9,4
C5020SC,33,631,District-Krishnagiri,Rural,60-69,230,137,93,40,20,20,41,21,20,10,9,1,76,47,29,3,2,1,3,2,1,45,31,14,12,5,7
C5020SC,33,631,District-Krishnagiri,Rural,70-79,145,86,59,39,26,13,25,20,5,3,2,1,40,19,21,0,0,0,3,2,1,29,14,15,6,3,3
C5020SC,33,631,District-Krishnagiri,Rural,80-89,60,33,27,10,5,5,13,8,5,2,2,0,23,15,8,0,0,0,1,0,1,6,1,5,5,2,3
C5020SC,33,631,District-Krishnagiri,Rural,90+,19,8,11,6,2,4,4,2,2,1,0,1,4,2,2,0,0,0,0,0,0,4,2,2,0,0,0
C5020SC,33,631,District-Krishnagiri,Rural,Age Not Stated,2,1,1,0,0,0,0,0,0,0,0,0,0,0,0,0,0,0,0,0,0,2,1,1,0,0,0
C5020SC,33,631,District-Krishnagiri,Urban,Total,940,518,422,78,35,43,148,78,70,65,39,26,198,111,87,89,51,38,18,12,6,283,150,133,61,42,19
C5020SC,33,631,District-Krishnagiri,Urban,0-4,39,21,18,2,1,1,9,4,5,2,1,1,4,3,1,5,4,1,0,0,0,16,7,9,1,1,0
C5020SC,33,631,District-Krishnagiri,Urban,5-9,65,40,25,5,1,4,5,3,2,7,3,4,11,6,5,12,9,3,1,1,0,18,13,5,6,4,2
C5020SC,33,631,District-Krishnagiri,Urban,10-19,206,115,91,25,5,20,25,14,11,16,13,3,23,13,10,37,22,15,1,0,1,64,35,29,15,13,2
C5020SC,33,631,District-Krishnagiri,Urban,20-29,189,93,96,7,6,1,34,13,21,16,6,10,46,29,17,18,10,8,3,2,1,51,21,30,14,6,8
C5020SC,33,631,District-Krishnagiri,Urban,30-39,149,80,69,9,8,1,28,16,12,9,5,4,34,17,17,11,1,10,6,5,1,43,22,21,9,6,3
C5020SC,33,631,District-Krishnagiri,Urban,40-49,108,67,41,4,3,1,17,9,8,9,7,2,31,16,15,2,2,0,2,2,0,38,24,14,5,4,1
C5020SC,33,631,District-Krishnagiri,Urban,50-59,76,43,33,3,2,1,11,7,4,3,2,1,28,16,12,1,0,1,2,1,1,27,14,13,1,1,0
C5020SC,33,631,District-Krishnagiri,Urban,60-69,67,39,28,15,5,10,7,6,1,2,2,0,15,8,7,0,0,0,1,1,0,19,11,8,8,6,2
C5020SC,33,631,District-Krishnagiri,Urban,70-79,31,16,15,5,4,1,8,4,4,1,0,1,5,3,2,3,3,0,2,0,2,5,1,4,2,1,1
C5020SC,33,631,District-Krishnagiri,Urban,80-89,8,3,5,2,0,2,4,2,2,0,0,0,1,0,1,0,0,0,0,0,0,1,1,0,0,0,0
C5020SC,33,631,District-Krishnagiri,Urban,90+,2,1,1,1,0,1,0,0,0,0,0,0,0,0,0,0,0,0,0,0,0,1,1,0,0,0,0
C5020SC,33,631,District-Krishnagiri,Urban,Age Not Stated,0,0,0,0,0,0,0,0,0,0,0,0,0,0,0,0,0,0,0,0,0,0,0,0,0,0,0
C5020SC,33,632,District-Coimbatore,Total,Total,9764,5348,4416,1234,657,577,2217,1045,1172,533,300,233,2012,1273,739,685,368,317,238,121,117,2102,1196,906,743,388,355
C5020SC,33,632,District-Coimbatore,Total,0-4,269,127,142,36,15,21,89,43,46,1,0,1,22,8,14,22,12,10,0,0,0,72,37,35,27,12,15
C5020SC,33,632,District-Coimbatore,Total,5-9,545,299,246,53,29,24,104,50,54,47,31,16,60,41,19,90,51,39,2,2,0,116,62,54,73,33,40
C5020SC,33,632,District-Coimbatore,Total,10-19,1436,746,690,166,92,74,326,154,172,112,65,47,164,98,66,196,99,97,11,7,4,314,164,150,147,67,80
C5020SC,33,632,District-Coimbatore,Total,20-29,1815,939,876,185,100,85,359,145,214,136,76,60,375,212,163,189,104,85,41,22,19,381,199,182,149,81,68
C5020SC,33,632,District-Coimbatore,Total,30-39,1612,896,716,190,104,86,357,165,192,86,45,41,331,216,115,95,52,43,69,37,32,373,214,159,111,63,48
C5020SC,33,632,District-Coimbatore,Total,40-49,1506,879,627,186,106,80,337,159,178,69,38,31,364,248,116,49,28,21,63,29,34,352,221,131,86,50,36
C5020SC,33,632,District-Coimbatore,Total,50-59,1093,661,432,164,86,78,258,139,119,35,21,14,312,212,100,20,12,8,26,13,13,220,145,75,58,33,25
C5020SC,33,632,District-Coimbatore,Total,60-69,804,452,352,145,79,66,190,86,104,26,15,11,215,140,75,13,5,8,15,7,8,159,96,63,41,24,17
C5020SC,33,632,District-Coimbatore,Total,70-79,451,241,210,71,31,40,130,75,55,16,8,8,109,66,43,7,4,3,5,0,5,80,42,38,33,15,18
C5020SC,33,632,District-Coimbatore,Total,80-89,191,85,106,33,13,20,55,21,34,3,0,3,51,27,24,2,0,2,3,2,1,29,13,16,15,9,6
C5020SC,33,632,District-Coimbatore,Total,90+,32,16,16,4,1,3,10,6,4,2,1,1,6,3,3,1,1,0,2,1,1,4,2,2,3,1,2
C5020SC,33,632,District-Coimbatore,Total,Age Not Stated,10,7,3,1,1,0,2,2,0,0,0,0,3,2,1,1,0,1,1,1,0,2,1,1,0,0,0
C5020SC,33,632,District-Coimbatore,Rural,Total,3298,1824,1474,485,261,224,557,277,280,198,107,91,737,462,275,203,114,89,102,46,56,743,411,332,273,146,127
C5020SC,33,632,District-Coimbatore,Rural,0-4,63,34,29,9,4,5,13,5,8,0,0,0,7,4,3,6,5,1,0,0,0,21,13,8,7,3,4
C5020SC,33,632,District-Coimbatore,Rural,5-9,195,108,87,25,14,11,22,12,10,15,7,8,26,17,9,33,19,14,1,1,0,41,22,19,32,16,16
C5020SC,33,632,District-Coimbatore,Rural,10-19,465,244,221,59,31,28,61,29,32,37,21,16,75,45,30,63,35,28,5,4,1,117,57,60,48,22,26
C5020SC,33,632,District-Coimbatore,Rural,20-29,545,288,257,62,36,26,57,26,31,57,31,26,123,66,57,49,27,22,17,9,8,127,62,65,53,31,22
C5020SC,33,632,District-Coimbatore,Rural,30-39,493,271,222,68,37,31,84,37,47,28,17,11,108,67,41,28,14,14,28,15,13,119,66,53,30,18,12
C5020SC,33,632,District-Coimbatore,Rural,40-49,484,276,208,77,44,33,70,33,37,27,13,14,117,82,35,10,8,2,26,10,16,128,70,58,29,16,13
C5020SC,33,632,District-Coimbatore,Rural,50-59,402,241,161,70,39,31,89,50,39,14,9,5,110,73,37,7,3,4,15,4,11,75,51,24,22,12,10
C5020SC,33,632,District-Coimbatore,Rural,60-69,307,178,129,59,30,29,67,37,30,12,7,5,75,47,28,4,1,3,3,1,2,64,43,21,23,12,11
C5020SC,33,632,District-Coimbatore,Rural,70-79,213,117,96,34,17,17,58,33,25,6,2,4,56,34,22,2,2,0,3,0,3,35,19,16,19,10,9
C5020SC,33,632,District-Coimbatore,Rural,80-89,110,56,54,20,8,12,31,12,19,1,0,1,34,23,11,0,0,0,2,1,1,14,7,7,8,5,3
C5020SC,33,632,District-Coimbatore,Rural,90+,16,8,8,1,0,1,5,3,2,1,0,1,4,3,1,0,0,0,1,0,1,2,1,1,2,1,1
C5020SC,33,632,District-Coimbatore,Rural,Age Not Stated,5,3,2,1,1,0,0,0,0,0,0,0,2,1,1,1,0,1,1,1,0,0,0,0,0,0,0
C5020SC,33,632,District-Coimbatore,Urban,Total,6466,3524,2942,749,396,353,1660,768,892,335,193,142,1275,811,464,482,254,228,136,75,61,1359,785,574,470,242,228
C5020SC,33,632,District-Coimbatore,Urban,0-4,206,93,113,27,11,16,76,38,38,1,0,1,15,4,11,16,7,9,0,0,0,51,24,27,20,9,11
C5020SC,33,632,District-Coimbatore,Urban,5-9,350,191,159,28,15,13,82,38,44,32,24,8,34,24,10,57,32,25,1,1,0,75,40,35,41,17,24
C5020SC,33,632,District-Coimbatore,Urban,10-19,971,502,469,107,61,46,265,125,140,75,44,31,89,53,36,133,64,69,6,3,3,197,107,90,99,45,54
C5020SC,33,632,District-Coimbatore,Urban,20-29,1270,651,619,123,64,59,302,119,183,79,45,34,252,146,106,140,77,63,24,13,11,254,137,117,96,50,46
C5020SC,33,632,District-Coimbatore,Urban,30-39,1119,625,494,122,67,55,273,128,145,58,28,30,223,149,74,67,38,29,41,22,19,254,148,106,81,45,36
C5020SC,33,632,District-Coimbatore,Urban,40-49,1022,603,419,109,62,47,267,126,141,42,25,17,247,166,81,39,20,19,37,19,18,224,151,73,57,34,23
C5020SC,33,632,District-Coimbatore,Urban,50-59,691,420,271,94,47,47,169,89,80,21,12,9,202,139,63,13,9,4,11,9,2,145,94,51,36,21,15
C5020SC,33,632,District-Coimbatore,Urban,60-69,497,274,223,86,49,37,123,49,74,14,8,6,140,93,47,9,4,5,12,6,6,95,53,42,18,12,6
C5020SC,33,632,District-Coimbatore,Urban,70-79,238,124,114,37,14,23,72,42,30,10,6,4,53,32,21,5,2,3,2,0,2,45,23,22,14,5,9
C5020SC,33,632,District-Coimbatore,Urban,80-89,81,29,52,13,5,8,24,9,15,2,0,2,17,4,13,2,0,2,1,1,0,15,6,9,7,4,3
C5020SC,33,632,District-Coimbatore,Urban,90+,16,8,8,3,1,2,5,3,2,1,1,0,2,0,2,1,1,0,1,1,0,2,1,1,1,0,1
C5020SC,33,632,District-Coimbatore,Urban,Age Not Stated,5,4,1,0,0,0,2,2,0,0,0,0,1,1,0,0,0,0,0,0,0,2,1,1,0,0,0
C5020SC,33,633,District-Tiruppur,Total,Total,6561,3669,2892,740,397,343,1109,560,549,460,269,191,1453,889,564,497,263,234,196,94,102,1574,887,687,532,310,222
C5020SC,33,633,District-Tiruppur,Total,0-4,183,98,85,10,3,7,33,20,13,5,4,1,27,15,12,17,6,11,1,1,0,75,38,37,15,11,4
C5020SC,33,633,District-Tiruppur,Total,5-9,344,194,150,15,10,5,51,29,22,38,22,16,48,29,19,64,41,23,4,2,2,83,41,42,41,20,21
C5020SC,33,633,District-Tiruppur,Total,10-19,897,505,392,59,34,25,159,89,70,92,50,42,126,79,47,141,79,62,14,5,9,189,103,86,117,66,51
C5020SC,33,633,District-Tiruppur,Total,20-29,1168,619,549,115,68,47,175,81,94,105,55,50,277,148,129,118,59,59,26,13,13,264,140,124,88,55,33
C5020SC,33,633,District-Tiruppur,Total,30-39,1082,589,493,106,60,46,165,76,89,78,51,27,278,148,130,71,38,33,56,31,25,266,146,120,62,39,23
C5020SC,33,633,District-Tiruppur,Total,40-49,1068,628,440,127,65,62,183,87,96,69,42,27,242,173,69,48,22,26,54,27,27,273,163,110,72,49,23
C5020SC,33,633,District-Tiruppur,Total,50-59,695,402,293,99,52,47,127,66,61,31,21,10,176,111,65,23,12,11,22,10,12,169,105,64,48,25,23
C5020SC,33,633,District-Tiruppur,Total,60-69,644,360,284,113,56,57,113,57,56,27,18,9,170,115,55,11,2,9,14,3,11,160,90,70,36,19,17
C5020SC,33,633,District-Tiruppur,Total,70-79,345,196,149,65,35,30,69,34,35,14,6,8,78,53,25,2,2,0,5,2,3,70,44,26,42,20,22
C5020SC,33,633,District-Tiruppur,Total,80-89,113,63,50,28,11,17,29,18,11,1,0,1,24,14,10,2,2,0,0,0,0,21,15,6,8,3,5
C5020SC,33,633,District-Tiruppur,Total,90+,17,15,2,3,3,0,4,3,1,0,0,0,5,4,1,0,0,0,0,0,0,2,2,0,3,3,0
C5020SC,33,633,District-Tiruppur,Total,Age Not Stated,5,0,5,0,0,0,1,0,1,0,0,0,2,0,2,0,0,0,0,0,0,2,0,2,0,0,0
C5020SC,33,633,District-Tiruppur,Rural,Total,3859,2189,1670,479,257,222,659,343,316,289,174,115,896,557,339,314,161,153,118,58,60,751,427,324,353,212,141
C5020SC,33,633,District-Tiruppur,Rural,0-4,93,56,37,5,3,2,17,13,4,3,2,1,17,11,6,9,3,6,1,1,0,34,18,16,7,5,2
C5020SC,33,633,District-Tiruppur,Rural,5-9,215,124,91,9,7,2,25,15,10,22,13,9,37,22,15,42,24,18,3,2,1,47,23,24,30,18,12
C5020SC,33,633,District-Tiruppur,Rural,10-19,491,284,207,43,26,17,93,57,36,47,25,22,73,47,26,79,44,35,9,4,5,76,37,39,71,44,27
C5020SC,33,633,District-Tiruppur,Rural,20-29,651,353,298,78,44,34,83,41,42,64,38,26,154,82,72,75,35,40,17,9,8,126,68,58,54,36,18
C5020SC,33,633,District-Tiruppur,Rural,30-39,633,344,289,73,39,34,99,43,56,52,35,17,169,94,75,47,24,23,33,19,14,126,67,59,34,23,11
C5020SC,33,633,District-Tiruppur,Rural,40-49,618,367,251,70,37,33,108,54,54,47,29,18,150,105,45,39,19,20,30,14,16,125,77,48,49,32,17
C5020SC,33,633,District-Tiruppur,Rural,50-59,422,238,184,64,35,29,76,35,41,23,14,9,104,67,37,14,8,6,15,6,9,92,56,36,34,17,17
C5020SC,33,633,District-Tiruppur,Rural,60-69,411,235,176,75,35,40,83,44,39,22,14,8,117,81,36,7,2,5,8,2,6,70,41,29,29,16,13
C5020SC,33,633,District-Tiruppur,Rural,70-79,234,137,97,41,22,19,54,27,27,9,4,5,51,36,15,2,2,0,2,1,1,40,29,11,35,16,19
C5020SC,33,633,District-Tiruppur,Rural,80-89,79,42,37,18,6,12,19,13,6,0,0,0,19,9,10,0,0,0,0,0,0,15,11,4,8,3,5
C5020SC,33,633,District-Tiruppur,Rural,90+,11,9,2,3,3,0,2,1,1,0,0,0,4,3,1,0,0,0,0,0,0,0,0,0,2,2,0
C5020SC,33,633,District-Tiruppur,Rural,Age Not Stated,1,0,1,0,0,0,0,0,0,0,0,0,1,0,1,0,0,0,0,0,0,0,0,0,0,0,0
C5020SC,33,633,District-Tiruppur,Urban,Total,2702,1480,1222,261,140,121,450,217,233,171,95,76,557,332,225,183,102,81,78,36,42,823,460,363,179,98,81
C5020SC,33,633,District-Tiruppur,Urban,0-4,90,42,48,5,0,5,16,7,9,2,2,0,10,4,6,8,3,5,0,0,0,41,20,21,8,6,2
C5020SC,33,633,District-Tiruppur,Urban,5-9,129,70,59,6,3,3,26,14,12,16,9,7,11,7,4,22,17,5,1,0,1,36,18,18,11,2,9
C5020SC,33,633,District-Tiruppur,Urban,10-19,406,221,185,16,8,8,66,32,34,45,25,20,53,32,21,62,35,27,5,1,4,113,66,47,46,22,24
C5020SC,33,633,District-Tiruppur,Urban,20-29,517,266,251,37,24,13,92,40,52,41,17,24,123,66,57,43,24,19,9,4,5,138,72,66,34,19,15
C5020SC,33,633,District-Tiruppur,Urban,30-39,449,245,204,33,21,12,66,33,33,26,16,10,109,54,55,24,14,10,23,12,11,140,79,61,28,16,12
C5020SC,33,633,District-Tiruppur,Urban,40-49,450,261,189,57,28,29,75,33,42,22,13,9,92,68,24,9,3,6,24,13,11,148,86,62,23,17,6
C5020SC,33,633,District-Tiruppur,Urban,50-59,273,164,109,35,17,18,51,31,20,8,7,1,72,44,28,9,4,5,7,4,3,77,49,28,14,8,6
C5020SC,33,633,District-Tiruppur,Urban,60-69,233,125,108,38,21,17,30,13,17,5,4,1,53,34,19,4,0,4,6,1,5,90,49,41,7,3,4
C5020SC,33,633,District-Tiruppur,Urban,70-79,111,59,52,24,13,11,15,7,8,5,2,3,27,17,10,0,0,0,3,1,2,30,15,15,7,4,3
C5020SC,33,633,District-Tiruppur,Urban,80-89,34,21,13,10,5,5,10,5,5,1,0,1,5,5,0,2,2,0,0,0,0,6,4,2,0,0,0
C5020SC,33,633,District-Tiruppur,Urban,90+,6,6,0,0,0,0,2,2,0,0,0,0,1,1,0,0,0,0,0,0,0,2,2,0,1,1,0
C5020SC,33,633,District-Tiruppur,Urban,Age Not Stated,4,0,4,0,0,0,1,0,1,0,0,0,1,0,1,0,0,0,0,0,0,2,0,2,0,0,0
C5020SC,34,0,State-PUDUCHERRY,Total,Total,5100,2760,2340,632,329,303,973,459,514,241,132,109,1532,917,615,291,161,130,119,63,56,976,510,466,336,189,147
C5020SC,34,0,State-PUDUCHERRY,Total,0-4,167,83,84,15,5,10,38,17,21,3,2,1,18,9,9,13,9,4,0,0,0,66,31,35,14,10,4
C5020SC,34,0,State-PUDUCHERRY,Total,5-9,300,172,128,21,13,8,62,33,29,23,14,9,52,31,21,44,27,17,1,0,1,72,40,32,25,14,11
C5020SC,34,0,State-PUDUCHERRY,Total,10-19,640,347,293,66,32,34,106,52,54,52,30,22,100,62,38,91,53,38,12,3,9,144,75,69,69,40,29
C5020SC,34,0,State-PUDUCHERRY,Total,20-29,839,449,390,60,37,23,150,79,71,53,28,25,228,120,108,65,38,27,22,14,8,183,89,94,78,44,34
C5020SC,34,0,State-PUDUCHERRY,Total,30-39,871,491,380,91,55,36,157,82,75,42,21,21,279,178,101,36,14,22,32,17,15,188,100,88,46,24,22
C5020SC,34,0,State-PUDUCHERRY,Total,40-49,780,437,343,96,53,43,146,69,77,33,16,17,288,165,123,20,8,12,30,18,12,135,88,47,32,20,12
C5020SC,34,0,State-PUDUCHERRY,Total,50-59,568,315,253,93,48,45,110,45,65,18,9,9,228,151,77,17,9,8,8,2,6,75,37,38,19,14,5
C5020SC,34,0,State-PUDUCHERRY,Total,60-69,527,274,253,108,46,62,112,48,64,11,9,2,187,117,70,4,2,2,10,5,5,66,32,34,29,15,14
C5020SC,34,0,State-PUDUCHERRY,Total,70-79,279,135,144,57,30,27,62,21,41,5,3,2,107,61,46,1,1,0,3,3,0,31,12,19,13,4,9
C5020SC,34,0,State-PUDUCHERRY,Total,80-89,106,49,57,19,10,9,26,10,16,1,0,1,37,19,18,0,0,0,1,1,0,12,6,6,10,3,7
C5020SC,34,0,State-PUDUCHERRY,Total,90+,18,6,12,5,0,5,3,2,1,0,0,0,6,3,3,0,0,0,0,0,0,3,0,3,1,1,0
C5020SC,34,0,State-PUDUCHERRY,Total,Age Not Stated,5,2,3,1,0,1,1,1,0,0,0,0,2,1,1,0,0,0,0,0,0,1,0,1,0,0,0
C5020SC,34,0,State-PUDUCHERRY,Rural,Total,3022,1652,1370,375,195,180,577,273,304,141,83,58,912,551,361,162,84,78,58,32,26,606,320,286,191,114,77
C5020SC,34,0,State-PUDUCHERRY,Rural,0-4,98,50,48,11,4,7,20,9,11,2,2,0,14,8,6,7,4,3,0,0,0,36,17,19,8,6,2
C5020SC,34,0,State-PUDUCHERRY,Rural,5-9,158,90,68,8,6,2,31,17,14,13,9,4,27,17,10,23,13,10,1,0,1,43,21,22,12,7,5
C5020SC,34,0,State-PUDUCHERRY,Rural,10-19,401,215,186,43,22,21,67,30,37,28,15,13,61,35,26,59,32,27,8,2,6,95,53,42,40,26,14
C5020SC,34,0,State-PUDUCHERRY,Rural,20-29,510,283,227,35,21,14,93,50,43,33,19,14,137,76,61,32,19,13,9,7,2,124,62,62,47,29,18
C5020SC,34,0,State-PUDUCHERRY,Rural,30-39,486,271,215,55,34,21,95,48,47,24,13,11,163,99,64,19,8,11,13,7,6,97,51,46,20,11,9
C5020SC,34,0,State-PUDUCHERRY,Rural,40-49,467,259,208,58,32,26,84,35,49,25,14,11,171,99,72,10,3,7,13,10,3,83,53,30,23,13,10
C5020SC,34,0,State-PUDUCHERRY,Rural,50-59,347,195,152,53,26,27,68,31,37,8,5,3,143,94,49,9,4,5,6,2,4,50,25,25,10,8,2
C5020SC,34,0,State-PUDUCHERRY,Rural,60-69,316,172,144,62,27,35,67,33,34,5,4,1,112,70,42,2,0,2,6,2,4,46,27,19,16,9,7
C5020SC,34,0,State-PUDUCHERRY,Rural,70-79,174,86,88,37,19,18,42,15,27,3,2,1,58,37,21,1,1,0,2,2,0,21,7,14,10,3,7
C5020SC,34,0,State-PUDUCHERRY,Rural,80-89,50,25,25,10,4,6,8,3,5,0,0,0,19,12,7,0,0,0,0,0,0,8,4,4,5,2,3
C5020SC,34,0,State-PUDUCHERRY,Rural,90+,10,4,6,2,0,2,1,1,0,0,0,0,5,3,2,0,0,0,0,0,0,2,0,2,0,0,0
C5020SC,34,0,State-PUDUCHERRY,Rural,Age Not Stated,5,2,3,1,0,1,1,1,0,0,0,0,2,1,1,0,0,0,0,0,0,1,0,1,0,0,0
C5020SC,34,0,State-PUDUCHERRY,Urban,Total,2078,1108,970,257,134,123,396,186,210,100,49,51,620,366,254,129,77,52,61,31,30,370,190,180,145,75,70
C5020SC,34,0,State-PUDUCHERRY,Urban,0-4,69,33,36,4,1,3,18,8,10,1,0,1,4,1,3,6,5,1,0,0,0,30,14,16,6,4,2
C5020SC,34,0,State-PUDUCHERRY,Urban,5-9,142,82,60,13,7,6,31,16,15,10,5,5,25,14,11,21,14,7,0,0,0,29,19,10,13,7,6
C5020SC,34,0,State-PUDUCHERRY,Urban,10-19,239,132,107,23,10,13,39,22,17,24,15,9,39,27,12,32,21,11,4,1,3,49,22,27,29,14,15
C5020SC,34,0,State-PUDUCHERRY,Urban,20-29,329,166,163,25,16,9,57,29,28,20,9,11,91,44,47,33,19,14,13,7,6,59,27,32,31,15,16
C5020SC,34,0,State-PUDUCHERRY,Urban,30-39,385,220,165,36,21,15,62,34,28,18,8,10,116,79,37,17,6,11,19,10,9,91,49,42,26,13,13
C5020SC,34,0,State-PUDUCHERRY,Urban,40-49,313,178,135,38,21,17,62,34,28,8,2,6,117,66,51,10,5,5,17,8,9,52,35,17,9,7,2
C5020SC,34,0,State-PUDUCHERRY,Urban,50-59,221,120,101,40,22,18,42,14,28,10,4,6,85,57,28,8,5,3,2,0,2,25,12,13,9,6,3
C5020SC,34,0,State-PUDUCHERRY,Urban,60-69,211,102,109,46,19,27,45,15,30,6,5,1,75,47,28,2,2,0,4,3,1,20,5,15,13,6,7
C5020SC,34,0,State-PUDUCHERRY,Urban,70-79,105,49,56,20,11,9,20,6,14,2,1,1,49,24,25,0,0,0,1,1,0,10,5,5,3,1,2
C5020SC,34,0,State-PUDUCHERRY,Urban,80-89,56,24,32,9,6,3,18,7,11,1,0,1,18,7,11,0,0,0,1,1,0,4,2,2,5,1,4
C5020SC,34,0,State-PUDUCHERRY,Urban,90+,8,2,6,3,0,3,2,1,1,0,0,0,1,0,1,0,0,0,0,0,0,1,0,1,1,1,0
C5020SC,34,0,State-PUDUCHERRY,Urban,Age Not Stated,0,0,0,0,0,0,0,0,0,0,0,0,0,0,0,0,0,0,0,0,0,0,0,0,0,0,0
C5020SC,34,634,District-Yanam,Total,Total,141,89,52,20,13,7,10,4,6,6,4,2,55,39,16,12,8,4,3,1,2,18,9,9,17,11,6
C5020SC,34,634,District-Yanam,Total,0-4,3,1,2,0,0,0,0,0,0,0,0,0,0,0,0,0,0,0,0,0,0,3,1,2,0,0,0
C5020SC,34,634,District-Yanam,Total,5-9,16,9,7,1,1,0,1,0,1,1,0,1,4,3,1,4,2,2,0,0,0,4,2,2,1,1,0
C5020SC,34,634,District-Yanam,Total,10-19,24,13,11,2,1,1,1,0,1,3,2,1,7,5,2,3,2,1,1,0,1,1,1,0,6,2,4
C5020SC,34,634,District-Yanam,Total,20-29,24,14,10,0,0,0,2,0,2,1,1,0,9,5,4,3,3,0,1,0,1,5,2,3,3,3,0
C5020SC,34,634,District-Yanam,Total,30-39,19,13,6,3,2,1,1,0,1,1,1,0,7,5,2,0,0,0,1,1,0,3,2,1,3,2,1
C5020SC,34,634,District-Yanam,Total,40-49,23,17,6,4,3,1,1,1,0,0,0,0,13,10,3,2,1,1,0,0,0,2,1,1,1,1,0
C5020SC,34,634,District-Yanam,Total,50-59,6,4,2,0,0,0,1,1,0,0,0,0,5,3,2,0,0,0,0,0,0,0,0,0,0,0,0
C5020SC,34,634,District-Yanam,Total,60-69,20,15,5,8,5,3,2,2,0,0,0,0,8,7,1,0,0,0,0,0,0,0,0,0,2,1,1
C5020SC,34,634,District-Yanam,Total,70-79,5,3,2,2,1,1,0,0,0,0,0,0,2,1,1,0,0,0,0,0,0,0,0,0,1,1,0
C5020SC,34,634,District-Yanam,Total,80-89,1,0,1,0,0,0,1,0,1,0,0,0,0,0,0,0,0,0,0,0,0,0,0,0,0,0,0
C5020SC,34,634,District-Yanam,Total,90+,0,0,0,0,0,0,0,0,0,0,0,0,0,0,0,0,0,0,0,0,0,0,0,0,0,0,0
C5020SC,34,634,District-Yanam,Total,Age Not Stated,0,0,0,0,0,0,0,0,0,0,0,0,0,0,0,0,0,0,0,0,0,0,0,0,0,0,0
C5020SC,34,634,District-Yanam,Rural,Total,0,0,0,0,0,0,0,0,0,0,0,0,0,0,0,0,0,0,0,0,0,0,0,0,0,0,0
C5020SC,34,634,District-Yanam,Rural,0-4,0,0,0,0,0,0,0,0,0,0,0,0,0,0,0,0,0,0,0,0,0,0,0,0,0,0,0
C5020SC,34,634,District-Yanam,Rural,5-9,0,0,0,0,0,0,0,0,0,0,0,0,0,0,0,0,0,0,0,0,0,0,0,0,0,0,0
C5020SC,34,634,District-Yanam,Rural,10-19,0,0,0,0,0,0,0,0,0,0,0,0,0,0,0,0,0,0,0,0,0,0,0,0,0,0,0
C5020SC,34,634,District-Yanam,Rural,20-29,0,0,0,0,0,0,0,0,0,0,0,0,0,0,0,0,0,0,0,0,0,0,0,0,0,0,0
C5020SC,34,634,District-Yanam,Rural,30-39,0,0,0,0,0,0,0,0,0,0,0,0,0,0,0,0,0,0,0,0,0,0,0,0,0,0,0
C5020SC,34,634,District-Yanam,Rural,40-49,0,0,0,0,0,0,0,0,0,0,0,0,0,0,0,0,0,0,0,0,0,0,0,0,0,0,0
C5020SC,34,634,District-Yanam,Rural,50-59,0,0,0,0,0,0,0,0,0,0,0,0,0,0,0,0,0,0,0,0,0,0,0,0,0,0,0
C5020SC,34,634,District-Yanam,Rural,60-69,0,0,0,0,0,0,0,0,0,0,0,0,0,0,0,0,0,0,0,0,0,0,0,0,0,0,0
C5020SC,34,634,District-Yanam,Rural,70-79,0,0,0,0,0,0,0,0,0,0,0,0,0,0,0,0,0,0,0,0,0,0,0,0,0,0,0
C5020SC,34,634,District-Yanam,Rural,80-89,0,0,0,0,0,0,0,0,0,0,0,0,0,0,0,0,0,0,0,0,0,0,0,0,0,0,0
C5020SC,34,634,District-Yanam,Rural,90+,0,0,0,0,0,0,0,0,0,0,0,0,0,0,0,0,0,0,0,0,0,0,0,0,0,0,0
C5020SC,34,634,District-Yanam,Rural,Age Not Stated,0,0,0,0,0,0,0,0,0,0,0,0,0,0,0,0,0,0,0,0,0,0,0,0,0,0,0
C5020SC,34,634,District-Yanam,Urban,Total,141,89,52,20,13,7,10,4,6,6,4,2,55,39,16,12,8,4,3,1,2,18,9,9,17,11,6
C5020SC,34,634,District-Yanam,Urban,0-4,3,1,2,0,0,0,0,0,0,0,0,0,0,0,0,0,0,0,0,0,0,3,1,2,0,0,0
C5020SC,34,634,District-Yanam,Urban,5-9,16,9,7,1,1,0,1,0,1,1,0,1,4,3,1,4,2,2,0,0,0,4,2,2,1,1,0
C5020SC,34,634,District-Yanam,Urban,10-19,24,13,11,2,1,1,1,0,1,3,2,1,7,5,2,3,2,1,1,0,1,1,1,0,6,2,4
C5020SC,34,634,District-Yanam,Urban,20-29,24,14,10,0,0,0,2,0,2,1,1,0,9,5,4,3,3,0,1,0,1,5,2,3,3,3,0
C5020SC,34,634,District-Yanam,Urban,30-39,19,13,6,3,2,1,1,0,1,1,1,0,7,5,2,0,0,0,1,1,0,3,2,1,3,2,1
C5020SC,34,634,District-Yanam,Urban,40-49,23,17,6,4,3,1,1,1,0,0,0,0,13,10,3,2,1,1,0,0,0,2,1,1,1,1,0
C5020SC,34,634,District-Yanam,Urban,50-59,6,4,2,0,0,0,1,1,0,0,0,0,5,3,2,0,0,0,0,0,0,0,0,0,0,0,0
C5020SC,34,634,District-Yanam,Urban,60-69,20,15,5,8,5,3,2,2,0,0,0,0,8,7,1,0,0,0,0,0,0,0,0,0,2,1,1
C5020SC,34,634,District-Yanam,Urban,70-79,5,3,2,2,1,1,0,0,0,0,0,0,2,1,1,0,0,0,0,0,0,0,0,0,1,1,0
C5020SC,34,634,District-Yanam,Urban,80-89,1,0,1,0,0,0,1,0,1,0,0,0,0,0,0,0,0,0,0,0,0,0,0,0,0,0,0
C5020SC,34,634,District-Yanam,Urban,90+,0,0,0,0,0,0,0,0,0,0,0,0,0,0,0,0,0,0,0,0,0,0,0,0,0,0,0
C5020SC,34,634,District-Yanam,Urban,Age Not Stated,0,0,0,0,0,0,0,0,0,0,0,0,0,0,0,0,0,0,0,0,0,0,0,0,0,0,0
C5020SC,34,635,District-Puducherry,Total,Total,3951,2135,1816,476,250,226,792,382,410,194,106,88,1199,706,493,218,122,96,84,43,41,745,395,350,243,131,112
C5020SC,34,635,District-Puducherry,Total,0-4,127,62,65,11,2,9,30,12,18,3,2,1,10,6,4,11,7,4,0,0,0,52,26,26,10,7,3
C5020SC,34,635,District-Puducherry,Total,5-9,220,128,92,15,9,6,52,29,23,16,10,6,41,25,16,31,21,10,1,0,1,46,25,21,18,9,9
C5020SC,34,635,District-Puducherry,Total,10-19,473,265,208,50,27,23,85,46,39,44,27,17,75,47,28,65,40,25,9,3,6,97,50,47,48,25,23
C5020SC,34,635,District-Puducherry,Total,20-29,658,344,314,51,32,19,129,71,58,39,19,20,178,87,91,50,27,23,15,10,5,138,66,72,58,32,26
C5020SC,34,635,District-Puducherry,Total,30-39,700,393,307,77,48,29,134,68,66,33,17,16,215,139,76,29,11,18,22,10,12,152,82,70,38,18,20
C5020SC,34,635,District-Puducherry,Total,40-49,621,340,281,61,32,29,125,59,66,31,15,16,228,126,102,15,6,9,26,14,12,110,74,36,25,14,11
C5020SC,34,635,District-Puducherry,Total,50-59,455,253,202,77,37,40,83,37,46,16,8,8,186,119,67,12,7,5,4,0,4,62,33,29,15,12,3
C5020SC,34,635,District-Puducherry,Total,60-69,381,204,177,72,31,41,82,36,46,7,6,1,142,90,52,4,2,2,4,3,1,51,25,26,19,11,8
C5020SC,34,635,District-Puducherry,Total,70-79,222,109,113,42,25,17,50,15,35,4,2,2,92,53,39,1,1,0,2,2,0,25,10,15,6,1,5
C5020SC,34,635,District-Puducherry,Total,80-89,77,32,45,15,7,8,19,7,12,1,0,1,26,11,15,0,0,0,1,1,0,9,4,5,6,2,4
C5020SC,34,635,District-Puducherry,Total,90+,15,4,11,5,0,5,2,1,1,0,0,0,5,3,2,0,0,0,0,0,0,3,0,3,0,0,0
C5020SC,34,635,District-Puducherry,Total,Age Not Stated,2,1,1,0,0,0,1,1,0,0,0,0,1,0,1,0,0,0,0,0,0,0,0,0,0,0,0
C5020SC,34,635,District-Puducherry,Rural,Total,2288,1263,1025,276,148,128,446,210,236,110,65,45,726,440,286,118,62,56,37,20,17,443,240,203,132,78,54
C5020SC,34,635,District-Puducherry,Rural,0-4,68,34,34,8,2,6,15,6,9,2,2,0,6,5,1,5,2,3,0,0,0,27,14,13,5,3,2
C5020SC,34,635,District-Puducherry,Rural,5-9,113,68,45,5,4,1,26,14,12,9,6,3,20,14,6,15,10,5,1,0,1,28,15,13,9,5,4
C5020SC,34,635,District-Puducherry,Rural,10-19,298,167,131,32,18,14,54,25,29,23,14,9,51,30,21,45,28,17,6,2,4,59,34,25,28,16,12
C5020SC,34,635,District-Puducherry,Rural,20-29,397,216,181,29,18,11,78,42,36,22,13,9,113,60,53,24,12,12,6,5,1,91,44,47,34,22,12
C5020SC,34,635,District-Puducherry,Rural,30-39,387,211,176,49,31,18,75,35,40,22,11,11,125,76,49,15,5,10,9,4,5,77,42,35,15,7,8
C5020SC,34,635,District-Puducherry,Rural,40-49,366,201,165,39,21,18,69,28,41,23,13,10,135,78,57,7,2,5,10,7,3,64,42,22,19,10,9
C5020SC,34,635,District-Puducherry,Rural,50-59,267,154,113,42,19,23,46,24,22,6,4,2,121,76,45,4,2,2,2,0,2,39,22,17,7,7,0
C5020SC,34,635,District-Puducherry,Rural,60-69,224,129,95,39,19,20,47,24,23,1,1,0,89,58,31,2,0,2,2,1,1,35,20,15,9,6,3
C5020SC,34,635,District-Puducherry,Rural,70-79,128,66,62,25,15,10,31,10,21,2,1,1,48,32,16,1,1,0,1,1,0,15,5,10,5,1,4
C5020SC,34,635,District-Puducherry,Rural,80-89,30,13,17,6,1,5,4,1,3,0,0,0,13,8,5,0,0,0,0,0,0,6,2,4,1,1,0
C5020SC,34,635,District-Puducherry,Rural,90+,8,3,5,2,0,2,0,0,0,0,0,0,4,3,1,0,0,0,0,0,0,2,0,2,0,0,0
C5020SC,34,635,District-Puducherry,Rural,Age Not Stated,2,1,1,0,0,0,1,1,0,0,0,0,1,0,1,0,0,0,0,0,0,0,0,0,0,0,0
C5020SC,34,635,District-Puducherry,Urban,Total,1663,872,791,200,102,98,346,172,174,84,41,43,473,266,207,100,60,40,47,23,24,302,155,147,111,53,58
C5020SC,34,635,District-Puducherry,Urban,0-4,59,28,31,3,0,3,15,6,9,1,0,1,4,1,3,6,5,1,0,0,0,25,12,13,5,4,1
C5020SC,34,635,District-Puducherry,Urban,5-9,107,60,47,10,5,5,26,15,11,7,4,3,21,11,10,16,11,5,0,0,0,18,10,8,9,4,5
C5020SC,34,635,District-Puducherry,Urban,10-19,175,98,77,18,9,9,31,21,10,21,13,8,24,17,7,20,12,8,3,1,2,38,16,22,20,9,11
C5020SC,34,635,District-Puducherry,Urban,20-29,261,128,133,22,14,8,51,29,22,17,6,11,65,27,38,26,15,11,9,5,4,47,22,25,24,10,14
C5020SC,34,635,District-Puducherry,Urban,30-39,313,182,131,28,17,11,59,33,26,11,6,5,90,63,27,14,6,8,13,6,7,75,40,35,23,11,12
C5020SC,34,635,District-Puducherry,Urban,40-49,255,139,116,22,11,11,56,31,25,8,2,6,93,48,45,8,4,4,16,7,9,46,32,14,6,4,2
C5020SC,34,635,District-Puducherry,Urban,50-59,188,99,89,35,18,17,37,13,24,10,4,6,65,43,22,8,5,3,2,0,2,23,11,12,8,5,3
C5020SC,34,635,District-Puducherry,Urban,60-69,157,75,82,33,12,21,35,12,23,6,5,1,53,32,21,2,2,0,2,2,0,16,5,11,10,5,5
C5020SC,34,635,District-Puducherry,Urban,70-79,94,43,51,17,10,7,19,5,14,2,1,1,44,21,23,0,0,0,1,1,0,10,5,5,1,0,1
C5020SC,34,635,District-Puducherry,Urban,80-89,47,19,28,9,6,3,15,6,9,1,0,1,13,3,10,0,0,0,1,1,0,3,2,1,5,1,4
C5020SC,34,635,District-Puducherry,Urban,90+,7,1,6,3,0,3,2,1,1,0,0,0,1,0,1,0,0,0,0,0,0,1,0,1,0,0,0
C5020SC,34,635,District-Puducherry,Urban,Age Not Stated,0,0,0,0,0,0,0,0,0,0,0,0,0,0,0,0,0,0,0,0,0,0,0,0,0,0,0
C5020SC,34,636,District-Mahe,Total,Total,4,2,2,1,1,0,1,0,1,0,0,0,1,1,0,0,0,0,0,0,0,1,0,1,0,0,0
C5020SC,34,636,District-Mahe,Total,0-4,0,0,0,0,0,0,0,0,0,0,0,0,0,0,0,0,0,0,0,0,0,0,0,0,0,0,0
C5020SC,34,636,District-Mahe,Total,5-9,1,1,0,1,1,0,0,0,0,0,0,0,0,0,0,0,0,0,0,0,0,0,0,0,0,0,0
C5020SC,34,636,District-Mahe,Total,10-19,0,0,0,0,0,0,0,0,0,0,0,0,0,0,0,0,0,0,0,0,0,0,0,0,0,0,0
C5020SC,34,636,District-Mahe,Total,20-29,0,0,0,0,0,0,0,0,0,0,0,0,0,0,0,0,0,0,0,0,0,0,0,0,0,0,0
C5020SC,34,636,District-Mahe,Total,30-39,1,0,1,0,0,0,1,0,1,0,0,0,0,0,0,0,0,0,0,0,0,0,0,0,0,0,0
C5020SC,34,636,District-Mahe,Total,40-49,0,0,0,0,0,0,0,0,0,0,0,0,0,0,0,0,0,0,0,0,0,0,0,0,0,0,0
C5020SC,34,636,District-Mahe,Total,50-59,0,0,0,0,0,0,0,0,0,0,0,0,0,0,0,0,0,0,0,0,0,0,0,0,0,0,0
C5020SC,34,636,District-Mahe,Total,60-69,1,0,1,0,0,0,0,0,0,0,0,0,0,0,0,0,0,0,0,0,0,1,0,1,0,0,0
C5020SC,34,636,District-Mahe,Total,70-79,0,0,0,0,0,0,0,0,0,0,0,0,0,0,0,0,0,0,0,0,0,0,0,0,0,0,0
C5020SC,34,636,District-Mahe,Total,80-89,1,1,0,0,0,0,0,0,0,0,0,0,1,1,0,0,0,0,0,0,0,0,0,0,0,0,0
C5020SC,34,636,District-Mahe,Total,90+,0,0,0,0,0,0,0,0,0,0,0,0,0,0,0,0,0,0,0,0,0,0,0,0,0,0,0
C5020SC,34,636,District-Mahe,Total,Age Not Stated,0,0,0,0,0,0,0,0,0,0,0,0,0,0,0,0,0,0,0,0,0,0,0,0,0,0,0
C5020SC,34,636,District-Mahe,Rural,Total,0,0,0,0,0,0,0,0,0,0,0,0,0,0,0,0,0,0,0,0,0,0,0,0,0,0,0
C5020SC,34,636,District-Mahe,Rural,0-4,0,0,0,0,0,0,0,0,0,0,0,0,0,0,0,0,0,0,0,0,0,0,0,0,0,0,0
C5020SC,34,636,District-Mahe,Rural,5-9,0,0,0,0,0,0,0,0,0,0,0,0,0,0,0,0,0,0,0,0,0,0,0,0,0,0,0
C5020SC,34,636,District-Mahe,Rural,10-19,0,0,0,0,0,0,0,0,0,0,0,0,0,0,0,0,0,0,0,0,0,0,0,0,0,0,0
C5020SC,34,636,District-Mahe,Rural,20-29,0,0,0,0,0,0,0,0,0,0,0,0,0,0,0,0,0,0,0,0,0,0,0,0,0,0,0
C5020SC,34,636,District-Mahe,Rural,30-39,0,0,0,0,0,0,0,0,0,0,0,0,0,0,0,0,0,0,0,0,0,0,0,0,0,0,0
C5020SC,34,636,District-Mahe,Rural,40-49,0,0,0,0,0,0,0,0,0,0,0,0,0,0,0,0,0,0,0,0,0,0,0,0,0,0,0
C5020SC,34,636,District-Mahe,Rural,50-59,0,0,0,0,0,0,0,0,0,0,0,0,0,0,0,0,0,0,0,0,0,0,0,0,0,0,0
C5020SC,34,636,District-Mahe,Rural,60-69,0,0,0,0,0,0,0,0,0,0,0,0,0,0,0,0,0,0,0,0,0,0,0,0,0,0,0
C5020SC,34,636,District-Mahe,Rural,70-79,0,0,0,0,0,0,0,0,0,0,0,0,0,0,0,0,0,0,0,0,0,0,0,0,0,0,0
C5020SC,34,636,District-Mahe,Rural,80-89,0,0,0,0,0,0,0,0,0,0,0,0,0,0,0,0,0,0,0,0,0,0,0,0,0,0,0
C5020SC,34,636,District-Mahe,Rural,90+,0,0,0,0,0,0,0,0,0,0,0,0,0,0,0,0,0,0,0,0,0,0,0,0,0,0,0
C5020SC,34,636,District-Mahe,Rural,Age Not Stated,0,0,0,0,0,0,0,0,0,0,0,0,0,0,0,0,0,0,0,0,0,0,0,0,0,0,0
C5020SC,34,636,District-Mahe,Urban,Total,4,2,2,1,1,0,1,0,1,0,0,0,1,1,0,0,0,0,0,0,0,1,0,1,0,0,0
C5020SC,34,636,District-Mahe,Urban,0-4,0,0,0,0,0,0,0,0,0,0,0,0,0,0,0,0,0,0,0,0,0,0,0,0,0,0,0
C5020SC,34,636,District-Mahe,Urban,5-9,1,1,0,1,1,0,0,0,0,0,0,0,0,0,0,0,0,0,0,0,0,0,0,0,0,0,0
C5020SC,34,636,District-Mahe,Urban,10-19,0,0,0,0,0,0,0,0,0,0,0,0,0,0,0,0,0,0,0,0,0,0,0,0,0,0,0
C5020SC,34,636,District-Mahe,Urban,20-29,0,0,0,0,0,0,0,0,0,0,0,0,0,0,0,0,0,0,0,0,0,0,0,0,0,0,0
C5020SC,34,636,District-Mahe,Urban,30-39,1,0,1,0,0,0,1,0,1,0,0,0,0,0,0,0,0,0,0,0,0,0,0,0,0,0,0
C5020SC,34,636,District-Mahe,Urban,40-49,0,0,0,0,0,0,0,0,0,0,0,0,0,0,0,0,0,0,0,0,0,0,0,0,0,0,0
C5020SC,34,636,District-Mahe,Urban,50-59,0,0,0,0,0,0,0,0,0,0,0,0,0,0,0,0,0,0,0,0,0,0,0,0,0,0,0
C5020SC,34,636,District-Mahe,Urban,60-69,1,0,1,0,0,0,0,0,0,0,0,0,0,0,0,0,0,0,0,0,0,1,0,1,0,0,0
C5020SC,34,636,District-Mahe,Urban,70-79,0,0,0,0,0,0,0,0,0,0,0,0,0,0,0,0,0,0,0,0,0,0,0,0,0,0,0
C5020SC,34,636,District-Mahe,Urban,80-89,1,1,0,0,0,0,0,0,0,0,0,0,1,1,0,0,0,0,0,0,0,0,0,0,0,0,0
C5020SC,34,636,District-Mahe,Urban,90+,0,0,0,0,0,0,0,0,0,0,0,0,0,0,0,0,0,0,0,0,0,0,0,0,0,0,0
C5020SC,34,636,District-Mahe,Urban,Age Not Stated,0,0,0,0,0,0,0,0,0,0,0,0,0,0,0,0,0,0,0,0,0,0,0,0,0,0,0
C5020SC,34,637,District-Karaikal,Total,Total,1004,534,470,135,65,70,170,73,97,41,22,19,277,171,106,61,31,30,32,19,13,212,106,106,76,47,29
C5020SC,34,637,District-Karaikal,Total,0-4,37,20,17,4,3,1,8,5,3,0,0,0,8,3,5,2,2,0,0,0,0,11,4,7,4,3,1
C5020SC,34,637,District-Karaikal,Total,5-9,63,34,29,4,2,2,9,4,5,6,4,2,7,3,4,9,4,5,0,0,0,22,13,9,6,4,2
C5020SC,34,637,District-Karaikal,Total,10-19,143,69,74,14,4,10,20,6,14,5,1,4,18,10,8,23,11,12,2,0,2,46,24,22,15,13,2
C5020SC,34,637,District-Karaikal,Total,20-29,157,91,66,9,5,4,19,8,11,13,8,5,41,28,13,12,8,4,6,4,2,40,21,19,17,9,8
C5020SC,34,637,District-Karaikal,Total,30-39,151,85,66,11,5,6,21,14,7,8,3,5,57,34,23,7,3,4,9,6,3,33,16,17,5,4,1
C5020SC,34,637,District-Karaikal,Total,40-49,136,80,56,31,18,13,20,9,11,2,1,1,47,29,18,3,1,2,4,4,0,23,13,10,6,5,1
C5020SC,34,637,District-Karaikal,Total,50-59,107,58,49,16,11,5,26,7,19,2,1,1,37,29,8,5,2,3,4,2,2,13,4,9,4,2,2
C5020SC,34,637,District-Karaikal,Total,60-69,125,55,70,28,10,18,28,10,18,4,3,1,37,20,17,0,0,0,6,2,4,14,7,7,8,3,5
C5020SC,34,637,District-Karaikal,Total,70-79,52,23,29,13,4,9,12,6,6,1,1,0,13,7,6,0,0,0,1,1,0,6,2,4,6,2,4
C5020SC,34,637,District-Karaikal,Total,80-89,27,16,11,4,3,1,6,3,3,0,0,0,10,7,3,0,0,0,0,0,0,3,2,1,4,1,3
C5020SC,34,637,District-Karaikal,Total,90+,3,2,1,0,0,0,1,1,0,0,0,0,1,0,1,0,0,0,0,0,0,0,0,0,1,1,0
C5020SC,34,637,District-Karaikal,Total,Age Not Stated,3,1,2,1,0,1,0,0,0,0,0,0,1,1,0,0,0,0,0,0,0,1,0,1,0,0,0
C5020SC,34,637,District-Karaikal,Rural,Total,734,389,345,99,47,52,131,63,68,31,18,13,186,111,75,44,22,22,21,12,9,163,80,83,59,36,23
C5020SC,34,637,District-Karaikal,Rural,0-4,30,16,14,3,2,1,5,3,2,0,0,0,8,3,5,2,2,0,0,0,0,9,3,6,3,3,0
C5020SC,34,637,District-Karaikal,Rural,5-9,45,22,23,3,2,1,5,3,2,4,3,1,7,3,4,8,3,5,0,0,0,15,6,9,3,2,1
C5020SC,34,637,District-Karaikal,Rural,10-19,103,48,55,11,4,7,13,5,8,5,1,4,10,5,5,14,4,10,2,0,2,36,19,17,12,10,2
C5020SC,34,637,District-Karaikal,Rural,20-29,113,67,46,6,3,3,15,8,7,11,6,5,24,16,8,8,7,1,3,2,1,33,18,15,13,7,6
C5020SC,34,637,District-Karaikal,Rural,30-39,99,60,39,6,3,3,20,13,7,2,2,0,38,23,15,4,3,1,4,3,1,20,9,11,5,4,1
C5020SC,34,637,District-Karaikal,Rural,40-49,101,58,43,19,11,8,15,7,8,2,1,1,36,21,15,3,1,2,3,3,0,19,11,8,4,3,1
C5020SC,34,637,District-Karaikal,Rural,50-59,80,41,39,11,7,4,22,7,15,2,1,1,22,18,4,5,2,3,4,2,2,11,3,8,3,1,2
C5020SC,34,637,District-Karaikal,Rural,60-69,92,43,49,23,8,15,20,9,11,4,3,1,23,12,11,0,0,0,4,1,3,11,7,4,7,3,4
C5020SC,34,637,District-Karaikal,Rural,70-79,46,20,26,12,4,8,11,5,6,1,1,0,10,5,5,0,0,0,1,1,0,6,2,4,5,2,3
C5020SC,34,637,District-Karaikal,Rural,80-89,20,12,8,4,3,1,4,2,2,0,0,0,6,4,2,0,0,0,0,0,0,2,2,0,4,1,3
C5020SC,34,637,District-Karaikal,Rural,90+,2,1,1,0,0,0,1,1,0,0,0,0,1,0,1,0,0,0,0,0,0,0,0,0,0,0,0
C5020SC,34,637,District-Karaikal,Rural,Age Not Stated,3,1,2,1,0,1,0,0,0,0,0,0,1,1,0,0,0,0,0,0,0,1,0,1,0,0,0
C5020SC,34,637,District-Karaikal,Urban,Total,270,145,125,36,18,18,39,10,29,10,4,6,91,60,31,17,9,8,11,7,4,49,26,23,17,11,6
C5020SC,34,637,District-Karaikal,Urban,0-4,7,4,3,1,1,0,3,2,1,0,0,0,0,0,0,0,0,0,0,0,0,2,1,1,1,0,1
C5020SC,34,637,District-Karaikal,Urban,5-9,18,12,6,1,0,1,4,1,3,2,1,1,0,0,0,1,1,0,0,0,0,7,7,0,3,2,1
C5020SC,34,637,District-Karaikal,Urban,10-19,40,21,19,3,0,3,7,1,6,0,0,0,8,5,3,9,7,2,0,0,0,10,5,5,3,3,0
C5020SC,34,637,District-Karaikal,Urban,20-29,44,24,20,3,2,1,4,0,4,2,2,0,17,12,5,4,1,3,3,2,1,7,3,4,4,2,2
C5020SC,34,637,District-Karaikal,Urban,30-39,52,25,27,5,2,3,1,1,0,6,1,5,19,11,8,3,0,3,5,3,2,13,7,6,0,0,0
C5020SC,34,637,District-Karaikal,Urban,40-49,35,22,13,12,7,5,5,2,3,0,0,0,11,8,3,0,0,0,1,1,0,4,2,2,2,2,0
C5020SC,34,637,District-Karaikal,Urban,50-59,27,17,10,5,4,1,4,0,4,0,0,0,15,11,4,0,0,0,0,0,0,2,1,1,1,1,0
C5020SC,34,637,District-Karaikal,Urban,60-69,33,12,21,5,2,3,8,1,7,0,0,0,14,8,6,0,0,0,2,1,1,3,0,3,1,0,1
C5020SC,34,637,District-Karaikal,Urban,70-79,6,3,3,1,0,1,1,1,0,0,0,0,3,2,1,0,0,0,0,0,0,0,0,0,1,0,1
C5020SC,34,637,District-Karaikal,Urban,80-89,7,4,3,0,0,0,2,1,1,0,0,0,4,3,1,0,0,0,0,0,0,1,0,1,0,0,0
C5020SC,34,637,District-Karaikal,Urban,90+,1,1,0,0,0,0,0,0,0,0,0,0,0,0,0,0,0,0,0,0,0,0,0,0,1,1,0
C5020SC,34,637,District-Karaikal,Urban,Age Not Stated,0,0,0,0,0,0,0,0,0,0,0,0,0,0,0,0,0,0,0,0,0,0,0,0,0,0,0
C5120ST,0,0,INDIA,Total,Total,2140763,1144627,996136,428130,217809,210321,414510,214791,199719,112807,61954,50853,479898,278994,200904,105230,56842,48388,56316,30002,26314,352617,186566,166051,191255,97669,93586
C5120ST,0,0,INDIA,Total,0-4,110297,58207,52090,24831,12759,12072,24918,12731,12187,2248,1253,995,13220,7608,5612,4275,2296,1979,682,385,297,32644,16977,15667,7479,4198,3281
C5120ST,0,0,INDIA,Total,5-9,174374,94766,79608,33897,17822,16075,35572,18589,16983,15556,8846,6710,22109,12986,9123,11752,6534,5218,2379,1352,1027,35953,18763,17190,17156,9874,7282
C5120ST,0,0,INDIA,Total,10-19,382386,207051,175335,67211,35660,31551,72165,37972,34193,28809,15867,12942,69481,39853,29628,30104,16289,13815,8775,4759,4016,71111,37267,33844,34730,19384,15346
C5120ST,0,0,INDIA,Total,20-29,306473,171001,135472,46917,25438,21479,54003,28409,25594,20350,10948,9402,77871,48054,29817,19796,10626,9170,10861,6079,4782,55601,29738,25863,21074,11709,9365
C5120ST,0,0,INDIA,Total,30-39,256864,146140,110724,41504,23089,18415,48418,26193,22225,16127,8698,7429,61833,39289,22544,15236,8344,6892,11937,6587,5350,46731,25515,21216,15078,8425,6653
C5120ST,0,0,INDIA,Total,40-49,234191,134085,100106,43800,24425,19375,45868,25174,20694,12511,6968,5543,56488,35878,20610,11647,6406,5241,10233,5380,4853,39851,22106,17745,13793,7748,6045
C5120ST,0,0,INDIA,Total,50-59,199048,108882,90166,44511,22720,21791,39996,21135,18861,7937,4439,3498,52817,32022,20795,6362,3388,2974,5894,2910,2984,28129,15179,12950,13402,7089,6313
C5120ST,0,0,INDIA,Total,60-69,240885,116085,124800,64685,29094,35591,48046,22765,25281,5706,3103,2603,65562,34475,31087,3924,1940,1984,3611,1655,1956,24313,12114,12199,25038,10939,14099
C5120ST,0,0,INDIA,Total,70-79,156412,71822,84590,41971,18407,23564,30480,14369,16111,2273,1164,1109,41749,20172,21577,1369,646,723,1324,599,725,11429,5533,5896,25817,10932,14885
C5120ST,0,0,INDIA,Total,80-89,55406,24989,30417,13729,6008,7721,10477,5146,5331,671,320,351,13877,6344,7533,352,167,185,390,185,205,3327,1560,1767,12583,5259,7324
C5120ST,0,0,INDIA,Total,90+,16716,7508,9208,3565,1604,1961,2992,1479,1513,220,126,94,3790,1730,2060,155,66,89,106,47,59,1205,545,660,4683,1911,2772
C5120ST,0,0,INDIA,Total,Age Not Stated,7711,4091,3620,1509,783,726,1575,829,746,399,222,177,1101,583,518,258,140,118,124,64,60,2323,1269,1054,422,201,221
C5120ST,0,0,INDIA,Rural,Total,1927319,1028040,899279,387451,196550,190901,372246,192505,179741,93882,51866,42016,441022,255441,185581,94248,50749,43499,50961,26991,23970,311390,164532,146858,176119,89406,86713
C5120ST,0,0,INDIA,Rural,0-4,99516,52623,46893,22346,11501,10845,22424,11460,10964,1938,1094,844,12363,7121,5242,3871,2073,1798,634,356,278,29102,15163,13939,6838,3855,2983
C5120ST,0,0,INDIA,Rural,5-9,158027,85898,72129,30617,16090,14527,32186,16796,15390,13630,7815,5815,20531,12075,8456,10782,5974,4808,2175,1247,928,32556,16983,15573,15550,8918,6632
C5120ST,0,0,INDIA,Rural,10-19,341200,184433,156767,59262,31429,27833,63927,33501,30426,24639,13593,11046,64069,36655,27414,27015,14574,12441,7954,4301,3653,63135,33046,30089,31199,17334,13865
C5120ST,0,0,INDIA,Rural,20-29,267765,149813,117952,40427,21964,18463,46747,24637,22110,16533,8980,7553,70323,43531,26792,17376,9292,8084,9748,5411,4337,47715,25516,22199,18896,10482,8414
C5120ST,0,0,INDIA,Rural,30-39,225628,128508,97120,36305,20156,16149,42432,22935,19497,12900,7070,5830,55701,35371,20330,13497,7353,6144,10748,5884,4864,40475,22120,18355,13570,7619,5951
C5120ST,0,0,INDIA,Rural,40-49,208617,119271,89346,39169,21880,17289,40855,22403,18452,10102,5610,4492,51277,32418,18859,10521,5783,4738,9272,4849,4423,34831,19287,15544,12590,7041,5549
C5120ST,0,0,INDIA,Rural,50-59,179891,97832,82059,40821,20753,20068,36355,19149,17206,6378,3542,2836,48221,29041,19180,5681,3022,2659,5345,2605,2740,24836,13306,11530,12254,6414,5840
C5120ST,0,0,INDIA,Rural,60-69,225141,108023,117118,61040,27365,33675,45117,21366,23751,4833,2640,2193,61367,32049,29318,3574,1755,1819,3321,1522,1799,22121,11025,11096,23768,10301,13467
C5120ST,0,0,INDIA,Rural,70-79,147381,67655,79726,39836,17522,22314,28527,13482,15045,1925,985,940,39490,19025,20465,1261,595,666,1211,552,659,10505,5061,5444,24626,10433,14193
C5120ST,0,0,INDIA,Rural,80-89,52027,23489,28538,13004,5714,7290,9652,4746,4906,545,269,276,13125,5997,7128,309,150,159,349,167,182,3039,1433,1606,12004,5013,6991
C5120ST,0,0,INDIA,Rural,90+,15561,7025,8536,3326,1501,1825,2734,1366,1368,165,99,66,3573,1640,1933,143,61,82,99,43,56,1078,503,575,4443,1812,2631
C5120ST,0,0,INDIA,Rural,Age Not Stated,6565,3470,3095,1298,675,623,1290,664,626,294,169,125,982,518,464,218,117,101,105,54,51,1997,1089,908,381,184,197
C5120ST,0,0,INDIA,Urban,Total,213444,116587,96857,40679,21259,19420,42264,22286,19978,18925,10088,8837,38876,23553,15323,10982,6093,4889,5355,3011,2344,41227,22034,19193,15136,8263,6873
C5120ST,0,0,INDIA,Urban,0-4,10781,5584,5197,2485,1258,1227,2494,1271,1223,310,159,151,857,487,370,404,223,181,48,29,19,3542,1814,1728,641,343,298
C5120ST,0,0,INDIA,Urban,5-9,16347,8868,7479,3280,1732,1548,3386,1793,1593,1926,1031,895,1578,911,667,970,560,410,204,105,99,3397,1780,1617,1606,956,650
C5120ST,0,0,INDIA,Urban,10-19,41186,22618,18568,7949,4231,3718,8238,4471,3767,4170,2274,1896,5412,3198,2214,3089,1715,1374,821,458,363,7976,4221,3755,3531,2050,1481
C5120ST,0,0,INDIA,Urban,20-29,38708,21188,17520,6490,3474,3016,7256,3772,3484,3817,1968,1849,7548,4523,3025,2420,1334,1086,1113,668,445,7886,4222,3664,2178,1227,951
C5120ST,0,0,INDIA,Urban,30-39,31236,17632,13604,5199,2933,2266,5986,3258,2728,3227,1628,1599,6132,3918,2214,1739,991,748,1189,703,486,6256,3395,2861,1508,806,702
C5120ST,0,0,INDIA,Urban,40-49,25574,14814,10760,4631,2545,2086,5013,2771,2242,2409,1358,1051,5211,3460,1751,1126,623,503,961,531,430,5020,2819,2201,1203,707,496
C5120ST,0,0,INDIA,Urban,50-59,19157,11050,8107,3690,1967,1723,3641,1986,1655,1559,897,662,4596,2981,1615,681,366,315,549,305,244,3293,1873,1420,1148,675,473
C5120ST,0,0,INDIA,Urban,60-69,15744,8062,7682,3645,1729,1916,2929,1399,1530,873,463,410,4195,2426,1769,350,185,165,290,133,157,2192,1089,1103,1270,638,632
C5120ST,0,0,INDIA,Urban,70-79,9031,4167,4864,2135,885,1250,1953,887,1066,348,179,169,2259,1147,1112,108,51,57,113,47,66,924,472,452,1191,499,692
C5120ST,0,0,INDIA,Urban,80-89,3379,1500,1879,725,294,431,825,400,425,126,51,75,752,347,405,43,17,26,41,18,23,288,127,161,579,246,333
C5120ST,0,0,INDIA,Urban,90+,1155,483,672,239,103,136,258,113,145,55,27,28,217,90,127,12,5,7,7,4,3,127,42,85,240,99,141
C5120ST,0,0,INDIA,Urban,Age Not Stated,1146,621,525,211,108,103,285,165,120,105,53,52,119,65,54,40,23,17,19,10,9,326,180,146,41,17,24
C5120ST,1,0,State-JAMMU & KASHMIR,Total,Total,41720,23532,18188,8314,4483,3831,8794,4866,3928,2219,1336,883,7408,4412,2996,1634,916,718,1083,621,462,7179,4009,3170,5089,2889,2200
C5120ST,1,0,State-JAMMU & KASHMIR,Total,0-4,2745,1449,1296,596,315,281,745,387,358,59,28,31,265,161,104,97,49,48,24,12,12,736,376,360,223,121,102
C5120ST,1,0,State-JAMMU & KASHMIR,Total,5-9,3930,2124,1806,771,400,371,843,447,396,408,248,160,475,265,210,150,81,69,62,30,32,762,390,372,459,263,196
C5120ST,1,0,State-JAMMU & KASHMIR,Total,10-19,7849,4341,3508,1332,709,623,1559,825,734,684,398,286,1139,650,489,385,210,175,212,133,79,1615,899,716,923,517,406
C5120ST,1,0,State-JAMMU & KASHMIR,Total,20-29,5433,3171,2262,866,465,401,1119,659,460,325,197,128,954,575,379,272,152,120,211,125,86,1110,664,446,576,334,242
C5120ST,1,0,State-JAMMU & KASHMIR,Total,30-39,4760,2722,2038,773,419,354,988,532,456,261,170,91,936,566,370,244,147,97,203,116,87,851,477,374,504,295,209
C5120ST,1,0,State-JAMMU & KASHMIR,Total,40-49,4287,2514,1773,745,424,321,854,489,365,232,141,91,903,572,331,211,128,83,159,77,82,743,426,317,440,257,183
C5120ST,1,0,State-JAMMU & KASHMIR,Total,50-59,3452,1960,1492,712,399,313,759,423,336,98,62,36,805,477,328,127,72,55,103,57,46,506,280,226,342,190,152
C5120ST,1,0,State-JAMMU & KASHMIR,Total,60-69,3878,2160,1718,953,502,451,803,427,376,77,47,30,930,565,365,80,42,38,64,40,24,478,271,207,493,266,227
C5120ST,1,0,State-JAMMU & KASHMIR,Total,70-79,3073,1728,1345,902,469,433,643,372,271,48,29,19,618,371,247,43,24,19,26,18,8,247,143,104,546,302,244
C5120ST,1,0,State-JAMMU & KASHMIR,Total,80-89,1610,927,683,466,263,203,346,213,133,20,12,8,275,151,124,18,10,8,12,8,4,85,55,30,388,215,173
C5120ST,1,0,State-JAMMU & KASHMIR,Total,90+,663,411,252,193,114,79,117,80,37,6,3,3,104,58,46,7,1,6,6,4,2,36,22,14,194,129,65
C5120ST,1,0,State-JAMMU & KASHMIR,Total,Age Not Stated,40,25,15,5,4,1,18,12,6,1,1,0,4,1,3,0,0,0,1,1,0,10,6,4,1,0,1
C5120ST,1,0,State-JAMMU & KASHMIR,Rural,Total,39371,22240,17131,7799,4202,3597,8288,4593,3695,2127,1286,841,7087,4238,2849,1549,869,680,1035,592,443,6791,3801,2990,4695,2659,2036
C5120ST,1,0,State-JAMMU & KASHMIR,Rural,0-4,2622,1386,1236,563,298,265,713,366,347,56,27,29,257,158,99,91,45,46,24,12,12,710,365,345,208,115,93
C5120ST,1,0,State-JAMMU & KASHMIR,Rural,5-9,3749,2025,1724,725,373,352,802,427,375,401,244,157,461,260,201,145,77,68,59,29,30,730,373,357,426,242,184
C5120ST,1,0,State-JAMMU & KASHMIR,Rural,10-19,7424,4104,3320,1227,652,575,1482,785,697,669,390,279,1090,624,466,366,199,167,201,126,75,1535,854,681,854,474,380
C5120ST,1,0,State-JAMMU & KASHMIR,Rural,20-29,5029,2941,2088,791,424,367,1014,604,410,308,186,122,897,542,355,258,146,112,204,122,82,1029,616,413,528,301,227
C5120ST,1,0,State-JAMMU & KASHMIR,Rural,30-39,4410,2538,1872,715,387,328,922,496,426,237,158,79,887,544,343,224,137,87,198,112,86,801,448,353,426,256,170
C5120ST,1,0,State-JAMMU & KASHMIR,Rural,40-49,3944,2316,1628,676,385,291,783,449,334,215,133,82,856,539,317,202,121,81,149,71,78,676,391,285,387,227,160
C5120ST,1,0,State-JAMMU & KASHMIR,Rural,50-59,3246,1849,1397,675,379,296,703,396,307,91,56,35,772,460,312,120,67,53,98,53,45,482,271,211,305,167,138
C5120ST,1,0,State-JAMMU & KASHMIR,Rural,60-69,3742,2087,1655,916,482,434,781,415,366,76,47,29,900,549,351,78,42,36,61,37,24,460,263,197,470,252,218
C5120ST,1,0,State-JAMMU & KASHMIR,Rural,70-79,2967,1677,1290,866,451,415,627,363,264,47,29,18,599,361,238,41,24,17,25,18,7,240,140,100,522,291,231
C5120ST,1,0,State-JAMMU & KASHMIR,Rural,80-89,1556,895,661,450,254,196,332,205,127,20,12,8,266,145,121,18,10,8,9,7,2,82,52,30,379,210,169
C5120ST,1,0,State-JAMMU & KASHMIR,Rural,90+,642,397,245,190,113,77,111,75,36,6,3,3,98,55,43,6,1,5,6,4,2,36,22,14,189,124,65
C5120ST,1,0,State-JAMMU & KASHMIR,Rural,Age Not Stated,40,25,15,5,4,1,18,12,6,1,1,0,4,1,3,0,0,0,1,1,0,10,6,4,1,0,1
C5120ST,1,0,State-JAMMU & KASHMIR,Urban,Total,2349,1292,1057,515,281,234,506,273,233,92,50,42,321,174,147,85,47,38,48,29,19,388,208,180,394,230,164
C5120ST,1,0,State-JAMMU & KASHMIR,Urban,0-4,123,63,60,33,17,16,32,21,11,3,1,2,8,3,5,6,4,2,0,0,0,26,11,15,15,6,9
C5120ST,1,0,State-JAMMU & KASHMIR,Urban,5-9,181,99,82,46,27,19,41,20,21,7,4,3,14,5,9,5,4,1,3,1,2,32,17,15,33,21,12
C5120ST,1,0,State-JAMMU & KASHMIR,Urban,10-19,425,237,188,105,57,48,77,40,37,15,8,7,49,26,23,19,11,8,11,7,4,80,45,35,69,43,26
C5120ST,1,0,State-JAMMU & KASHMIR,Urban,20-29,404,230,174,75,41,34,105,55,50,17,11,6,57,33,24,14,6,8,7,3,4,81,48,33,48,33,15
C5120ST,1,0,State-JAMMU & KASHMIR,Urban,30-39,350,184,166,58,32,26,66,36,30,24,12,12,49,22,27,20,10,10,5,4,1,50,29,21,78,39,39
C5120ST,1,0,State-JAMMU & KASHMIR,Urban,40-49,343,198,145,69,39,30,71,40,31,17,8,9,47,33,14,9,7,2,10,6,4,67,35,32,53,30,23
C5120ST,1,0,State-JAMMU & KASHMIR,Urban,50-59,206,111,95,37,20,17,56,27,29,7,6,1,33,17,16,7,5,2,5,4,1,24,9,15,37,23,14
C5120ST,1,0,State-JAMMU & KASHMIR,Urban,60-69,136,73,63,37,20,17,22,12,10,1,0,1,30,16,14,2,0,2,3,3,0,18,8,10,23,14,9
C5120ST,1,0,State-JAMMU & KASHMIR,Urban,70-79,106,51,55,36,18,18,16,9,7,1,0,1,19,10,9,2,0,2,1,0,1,7,3,4,24,11,13
C5120ST,1,0,State-JAMMU & KASHMIR,Urban,80-89,54,32,22,16,9,7,14,8,6,0,0,0,9,6,3,0,0,0,3,1,2,3,3,0,9,5,4
C5120ST,1,0,State-JAMMU & KASHMIR,Urban,90+,21,14,7,3,1,2,6,5,1,0,0,0,6,3,3,1,0,1,0,0,0,0,0,0,5,5,0
C5120ST,1,0,State-JAMMU & KASHMIR,Urban,Age Not Stated,0,0,0,0,0,0,0,0,0,0,0,0,0,0,0,0,0,0,0,0,0,0,0,0,0,0,0
C5120ST,2,0,State-HIMACHAL PRADESH,Total,Total,7999,4256,3743,1471,728,743,1569,798,771,396,223,173,1561,927,634,374,202,172,244,134,110,1416,753,663,968,491,477
C5120ST,2,0,State-HIMACHAL PRADESH,Total,0-4,259,137,122,33,18,15,61,33,28,5,4,1,18,8,10,10,4,6,2,2,0,101,50,51,29,18,11
C5120ST,2,0,State-HIMACHAL PRADESH,Total,5-9,400,214,186,40,19,21,62,28,34,35,19,16,48,29,19,32,14,18,8,3,5,110,61,49,65,41,24
C5120ST,2,0,State-HIMACHAL PRADESH,Total,10-19,1024,573,451,149,71,78,149,82,67,79,48,31,126,83,43,111,59,52,29,17,12,237,129,108,144,84,60
C5120ST,2,0,State-HIMACHAL PRADESH,Total,20-29,1005,556,449,106,63,43,156,88,68,80,43,37,202,122,80,74,41,33,57,36,21,239,118,121,91,45,46
C5120ST,2,0,State-HIMACHAL PRADESH,Total,30-39,951,550,401,110,65,45,154,91,63,43,24,19,254,146,108,56,35,21,48,22,26,205,119,86,81,48,33
C5120ST,2,0,State-HIMACHAL PRADESH,Total,40-49,916,531,385,132,76,56,170,94,76,52,28,24,235,155,80,46,24,22,37,21,16,171,92,79,73,41,32
C5120ST,2,0,State-HIMACHAL PRADESH,Total,50-59,837,463,374,183,87,96,145,70,75,41,22,19,206,137,69,17,12,5,31,20,11,135,73,62,79,42,37
C5120ST,2,0,State-HIMACHAL PRADESH,Total,60-69,930,456,474,231,115,116,228,103,125,32,19,13,208,110,98,15,8,7,18,8,10,109,59,50,89,34,55
C5120ST,2,0,State-HIMACHAL PRADESH,Total,70-79,864,403,461,255,100,155,228,108,120,20,14,6,155,78,77,7,2,5,9,4,5,63,30,33,127,67,60
C5120ST,2,0,State-HIMACHAL PRADESH,Total,80-89,587,276,311,175,87,88,156,76,80,8,2,6,87,47,40,3,2,1,5,1,4,34,14,20,119,47,72
C5120ST,2,0,State-HIMACHAL PRADESH,Total,90+,207,86,121,53,25,28,59,24,35,1,0,1,19,11,8,0,0,0,0,0,0,6,4,2,69,22,47
C5120ST,2,0,State-HIMACHAL PRADESH,Total,Age Not Stated,19,11,8,4,2,2,1,1,0,0,0,0,3,1,2,3,1,2,0,0,0,6,4,2,2,2,0
C5120ST,2,0,State-HIMACHAL PRADESH,Rural,Total,7710,4086,3624,1438,707,731,1497,759,738,358,202,156,1527,908,619,357,193,164,240,132,108,1345,707,638,948,478,470
C5120ST,2,0,State-HIMACHAL PRADESH,Rural,0-4,248,129,119,30,16,14,60,33,27,5,4,1,18,8,10,10,4,6,2,2,0,95,44,51,28,18,10
C5120ST,2,0,State-HIMACHAL PRADESH,Rural,5-9,388,205,183,38,17,21,59,26,33,33,19,14,48,29,19,31,13,18,8,3,5,106,57,49,65,41,24
C5120ST,2,0,State-HIMACHAL PRADESH,Rural,10-19,961,534,427,139,66,73,134,75,59,72,44,28,124,81,43,104,55,49,29,17,12,224,119,105,135,77,58
C5120ST,2,0,State-HIMACHAL PRADESH,Rural,20-29,955,529,426,104,61,43,142,78,64,67,38,29,196,119,77,71,40,31,56,36,20,233,115,118,86,42,44
C5120ST,2,0,State-HIMACHAL PRADESH,Rural,30-39,913,529,384,107,63,44,147,89,58,41,22,19,250,143,107,53,34,19,47,21,26,187,109,78,81,48,33
C5120ST,2,0,State-HIMACHAL PRADESH,Rural,40-49,879,509,370,125,72,53,165,90,75,47,25,22,228,150,78,44,23,21,36,20,16,162,89,73,72,40,32
C5120ST,2,0,State-HIMACHAL PRADESH,Rural,50-59,812,445,367,181,85,96,140,67,73,36,18,18,200,132,68,17,12,5,31,20,11,129,70,59,78,41,37
C5120ST,2,0,State-HIMACHAL PRADESH,Rural,60-69,907,446,461,229,114,115,221,101,120,30,17,13,204,110,94,15,8,7,18,8,10,103,54,49,87,34,53
C5120ST,2,0,State-HIMACHAL PRADESH,Rural,70-79,846,394,452,253,99,154,221,105,116,19,13,6,151,77,74,7,2,5,9,4,5,60,28,32,126,66,60
C5120ST,2,0,State-HIMACHAL PRADESH,Rural,80-89,577,271,306,175,87,88,150,72,78,7,2,5,86,47,39,2,1,1,4,1,3,34,14,20,119,47,72
C5120ST,2,0,State-HIMACHAL PRADESH,Rural,90+,205,84,121,53,25,28,57,22,35,1,0,1,19,11,8,0,0,0,0,0,0,6,4,2,69,22,47
C5120ST,2,0,State-HIMACHAL PRADESH,Rural,Age Not Stated,19,11,8,4,2,2,1,1,0,0,0,0,3,1,2,3,1,2,0,0,0,6,4,2,2,2,0
C5120ST,2,0,State-HIMACHAL PRADESH,Urban,Total,289,170,119,33,21,12,72,39,33,38,21,17,34,19,15,17,9,8,4,2,2,71,46,25,20,13,7
C5120ST,2,0,State-HIMACHAL PRADESH,Urban,0-4,11,8,3,3,2,1,1,0,1,0,0,0,0,0,0,0,0,0,0,0,0,6,6,0,1,0,1
C5120ST,2,0,State-HIMACHAL PRADESH,Urban,5-9,12,9,3,2,2,0,3,2,1,2,0,2,0,0,0,1,1,0,0,0,0,4,4,0,0,0,0
C5120ST,2,0,State-HIMACHAL PRADESH,Urban,10-19,63,39,24,10,5,5,15,7,8,7,4,3,2,2,0,7,4,3,0,0,0,13,10,3,9,7,2
C5120ST,2,0,State-HIMACHAL PRADESH,Urban,20-29,50,27,23,2,2,0,14,10,4,13,5,8,6,3,3,3,1,2,1,0,1,6,3,3,5,3,2
C5120ST,2,0,State-HIMACHAL PRADESH,Urban,30-39,38,21,17,3,2,1,7,2,5,2,2,0,4,3,1,3,1,2,1,1,0,18,10,8,0,0,0
C5120ST,2,0,State-HIMACHAL PRADESH,Urban,40-49,37,22,15,7,4,3,5,4,1,5,3,2,7,5,2,2,1,1,1,1,0,9,3,6,1,1,0
C5120ST,2,0,State-HIMACHAL PRADESH,Urban,50-59,25,18,7,2,2,0,5,3,2,5,4,1,6,5,1,0,0,0,0,0,0,6,3,3,1,1,0
C5120ST,2,0,State-HIMACHAL PRADESH,Urban,60-69,23,10,13,2,1,1,7,2,5,2,2,0,4,0,4,0,0,0,0,0,0,6,5,1,2,0,2
C5120ST,2,0,State-HIMACHAL PRADESH,Urban,70-79,18,9,9,2,1,1,7,3,4,1,1,0,4,1,3,0,0,0,0,0,0,3,2,1,1,1,0
C5120ST,2,0,State-HIMACHAL PRADESH,Urban,80-89,10,5,5,0,0,0,6,4,2,1,0,1,1,0,1,1,1,0,1,0,1,0,0,0,0,0,0
C5120ST,2,0,State-HIMACHAL PRADESH,Urban,90+,2,2,0,0,0,0,2,2,0,0,0,0,0,0,0,0,0,0,0,0,0,0,0,0,0,0,0
C5120ST,2,0,State-HIMACHAL PRADESH,Urban,Age Not Stated,0,0,0,0,0,0,0,0,0,0,0,0,0,0,0,0,0,0,0,0,0,0,0,0,0,0,0
C5120ST,5,0,State-UTTARAKHAND,Total,Total,6429,3522,2907,989,521,468,1377,676,701,278,158,120,1083,650,433,273,154,119,124,74,50,1745,969,776,560,320,240
C5120ST,5,0,State-UTTARAKHAND,Total,0-4,252,131,121,35,17,18,65,27,38,2,1,1,17,9,8,8,4,4,2,2,0,110,63,47,13,8,5
C5120ST,5,0,State-UTTARAKHAND,Total,5-9,404,222,182,46,27,19,89,36,53,28,19,9,40,24,16,22,12,10,1,0,1,136,72,64,42,32,10
C5120ST,5,0,State-UTTARAKHAND,Total,10-19,1162,635,527,110,60,50,258,125,133,67,42,25,168,92,76,86,45,41,21,15,6,340,199,141,112,57,55
C5120ST,5,0,State-UTTARAKHAND,Total,20-29,1047,576,471,108,60,48,206,108,98,39,20,19,223,122,101,56,30,26,30,17,13,306,174,132,79,45,34
C5120ST,5,0,State-UTTARAKHAND,Total,30-39,756,456,300,77,49,28,131,69,62,37,21,16,156,112,44,43,24,19,22,13,9,256,145,111,34,23,11
C5120ST,5,0,State-UTTARAKHAND,Total,40-49,670,392,278,93,50,43,119,62,57,42,19,23,117,86,31,28,19,9,22,13,9,195,109,86,54,34,20
C5120ST,5,0,State-UTTARAKHAND,Total,50-59,543,289,254,82,43,39,123,57,66,26,17,9,113,69,44,13,8,5,12,7,5,144,72,72,30,16,14
C5120ST,5,0,State-UTTARAKHAND,Total,60-69,736,378,358,181,90,91,175,81,94,25,13,12,120,68,52,13,8,5,9,7,2,157,80,77,56,31,25
C5120ST,5,0,State-UTTARAKHAND,Total,70-79,492,254,238,163,79,84,116,63,53,8,4,4,80,47,33,3,3,0,5,0,5,58,24,34,59,34,25
C5120ST,5,0,State-UTTARAKHAND,Total,80-89,258,127,131,70,33,37,64,30,34,2,0,2,37,15,22,1,1,0,0,0,0,30,21,9,54,27,27
C5120ST,5,0,State-UTTARAKHAND,Total,90+,95,51,44,23,12,11,27,17,10,0,0,0,11,5,6,0,0,0,0,0,0,8,5,3,26,12,14
C5120ST,5,0,State-UTTARAKHAND,Total,Age Not Stated,14,11,3,1,1,0,4,1,3,2,2,0,1,1,0,0,0,0,0,0,0,5,5,0,1,1,0
C5120ST,5,0,State-UTTARAKHAND,Rural,Total,5958,3251,2707,902,476,426,1273,615,658,256,144,112,992,588,404,252,145,107,111,65,46,1660,919,741,512,299,213
C5120ST,5,0,State-UTTARAKHAND,Rural,0-4,239,121,118,32,15,17,63,25,38,1,0,1,15,8,7,8,4,4,1,1,0,106,60,46,13,8,5
C5120ST,5,0,State-UTTARAKHAND,Rural,5-9,368,202,166,39,22,17,79,32,47,26,19,7,38,22,16,21,11,10,1,0,1,128,68,60,36,28,8
C5120ST,5,0,State-UTTARAKHAND,Rural,10-19,1083,592,491,99,53,46,242,115,127,60,37,23,155,83,72,78,43,35,20,14,6,329,193,136,100,54,46
C5120ST,5,0,State-UTTARAKHAND,Rural,20-29,964,533,431,95,56,39,186,95,91,37,18,19,207,112,95,53,29,24,28,16,12,285,163,122,73,44,29
C5120ST,5,0,State-UTTARAKHAND,Rural,30-39,695,416,279,70,45,25,114,57,57,37,21,16,141,102,39,38,21,17,20,12,8,245,138,107,30,20,10
C5120ST,5,0,State-UTTARAKHAND,Rural,40-49,604,350,254,84,44,40,107,54,53,39,17,22,103,75,28,24,17,7,20,12,8,179,99,80,48,32,16
C5120ST,5,0,State-UTTARAKHAND,Rural,50-59,511,269,242,77,40,37,118,54,64,24,16,8,103,62,41,13,8,5,10,5,5,139,70,69,27,14,13
C5120ST,5,0,State-UTTARAKHAND,Rural,60-69,694,354,340,166,83,83,167,79,88,23,12,11,113,62,51,13,8,5,7,5,2,152,76,76,53,29,24
C5120ST,5,0,State-UTTARAKHAND,Rural,70-79,463,240,223,150,74,76,110,60,50,7,3,4,74,43,31,3,3,0,4,0,4,57,24,33,58,33,25
C5120ST,5,0,State-UTTARAKHAND,Rural,80-89,240,119,121,68,32,36,59,29,30,1,0,1,33,13,20,1,1,0,0,0,0,28,19,9,50,25,25
C5120ST,5,0,State-UTTARAKHAND,Rural,90+,86,47,39,21,11,10,25,15,10,0,0,0,9,5,4,0,0,0,0,0,0,8,5,3,23,11,12
C5120ST,5,0,State-UTTARAKHAND,Rural,Age Not Stated,11,8,3,1,1,0,3,0,3,1,1,0,1,1,0,0,0,0,0,0,0,4,4,0,1,1,0
C5120ST,5,0,State-UTTARAKHAND,Urban,Total,471,271,200,87,45,42,104,61,43,22,14,8,91,62,29,21,9,12,13,9,4,85,50,35,48,21,27
C5120ST,5,0,State-UTTARAKHAND,Urban,0-4,13,10,3,3,2,1,2,2,0,1,1,0,2,1,1,0,0,0,1,1,0,4,3,1,0,0,0
C5120ST,5,0,State-UTTARAKHAND,Urban,5-9,36,20,16,7,5,2,10,4,6,2,0,2,2,2,0,1,1,0,0,0,0,8,4,4,6,4,2
C5120ST,5,0,State-UTTARAKHAND,Urban,10-19,79,43,36,11,7,4,16,10,6,7,5,2,13,9,4,8,2,6,1,1,0,11,6,5,12,3,9
C5120ST,5,0,State-UTTARAKHAND,Urban,20-29,83,43,40,13,4,9,20,13,7,2,2,0,16,10,6,3,1,2,2,1,1,21,11,10,6,1,5
C5120ST,5,0,State-UTTARAKHAND,Urban,30-39,61,40,21,7,4,3,17,12,5,0,0,0,15,10,5,5,3,2,2,1,1,11,7,4,4,3,1
C5120ST,5,0,State-UTTARAKHAND,Urban,40-49,66,42,24,9,6,3,12,8,4,3,2,1,14,11,3,4,2,2,2,1,1,16,10,6,6,2,4
C5120ST,5,0,State-UTTARAKHAND,Urban,50-59,32,20,12,5,3,2,5,3,2,2,1,1,10,7,3,0,0,0,2,2,0,5,2,3,3,2,1
C5120ST,5,0,State-UTTARAKHAND,Urban,60-69,42,24,18,15,7,8,8,2,6,2,1,1,7,6,1,0,0,0,2,2,0,5,4,1,3,2,1
C5120ST,5,0,State-UTTARAKHAND,Urban,70-79,29,14,15,13,5,8,6,3,3,1,1,0,6,4,2,0,0,0,1,0,1,1,0,1,1,1,0
C5120ST,5,0,State-UTTARAKHAND,Urban,80-89,18,8,10,2,1,1,5,1,4,1,0,1,4,2,2,0,0,0,0,0,0,2,2,0,4,2,2
C5120ST,5,0,State-UTTARAKHAND,Urban,90+,9,4,5,2,1,1,2,2,0,0,0,0,2,0,2,0,0,0,0,0,0,0,0,0,3,1,2
C5120ST,5,0,State-UTTARAKHAND,Urban,Age Not Stated,3,3,0,0,0,0,1,1,0,1,1,0,0,0,0,0,0,0,0,0,0,1,1,0,0,0,0
C5120ST,8,0,State-RAJASTHAN,Total,Total,207245,110361,96884,43337,21530,21807,31001,15838,15163,6410,3936,2474,58498,32652,25846,9762,6090,3672,4933,2925,2008,25044,13851,11193,28260,13539,14721
C5120ST,8,0,State-RAJASTHAN,Total,0-4,8360,4546,3814,2226,1191,1035,1630,836,794,159,94,65,1173,681,492,250,137,113,49,27,22,2270,1216,1054,603,364,239
C5120ST,8,0,State-RAJASTHAN,Total,5-9,13432,7516,5916,2783,1448,1335,2413,1293,1120,1125,700,425,1844,1121,723,1015,584,431,227,135,92,2557,1354,1203,1468,881,587
C5120ST,8,0,State-RAJASTHAN,Total,10-19,30391,17567,12824,5187,2769,2418,4422,2421,2001,1876,1205,671,6863,4118,2745,2970,1856,1114,828,494,334,5036,2739,2297,3209,1965,1244
C5120ST,8,0,State-RAJASTHAN,Total,20-29,23297,14510,8787,3463,2011,1452,3169,1791,1378,934,586,348,8051,5341,2710,1634,1089,545,903,596,307,3455,2036,1419,1688,1060,628
C5120ST,8,0,State-RAJASTHAN,Total,30-39,20275,12613,7662,3019,1791,1228,2893,1680,1213,759,459,300,6623,4337,2286,1449,958,491,1052,658,394,3141,1907,1234,1339,823,516
C5120ST,8,0,State-RAJASTHAN,Total,40-49,18429,11093,7336,3516,1980,1536,2730,1509,1221,573,341,232,5452,3525,1927,1233,793,440,883,508,375,2683,1619,1064,1359,818,541
C5120ST,8,0,State-RAJASTHAN,Total,50-59,18122,9640,8482,4540,2274,2266,2884,1454,1430,394,221,173,5609,3171,2438,602,359,243,472,254,218,1892,1054,838,1729,853,876
C5120ST,8,0,State-RAJASTHAN,Total,60-69,31993,14024,17969,8718,3726,4992,5183,2201,2982,346,197,149,9886,4508,5378,384,201,183,322,154,168,2070,1037,1033,5084,2000,3084
C5120ST,8,0,State-RAJASTHAN,Total,70-79,28243,12422,15821,6937,3032,3905,3945,1824,2121,155,79,76,8811,3995,4816,143,75,68,128,68,60,1248,568,680,6876,2781,4095
C5120ST,8,0,State-RAJASTHAN,Total,80-89,10898,4759,6139,2288,1015,1273,1300,616,684,48,25,23,3169,1403,1766,29,13,16,44,19,25,398,178,220,3622,1490,2132
C5120ST,8,0,State-RAJASTHAN,Total,90+,2863,1226,1637,477,214,263,306,153,153,13,9,4,776,340,436,14,5,9,6,3,3,102,43,59,1169,459,710
C5120ST,8,0,State-RAJASTHAN,Total,Age Not Stated,942,445,497,183,79,104,126,60,66,28,20,8,241,112,129,39,20,19,19,9,10,192,100,92,114,45,69
C5120ST,8,0,State-RAJASTHAN,Rural,Total,195281,103588,91693,40286,19929,20357,28822,14616,14206,5696,3536,2160,55993,31105,24888,9221,5755,3466,4635,2735,1900,23311,12856,10455,27317,13056,14261
C5120ST,8,0,State-RAJASTHAN,Rural,0-4,7738,4198,3540,2028,1083,945,1503,760,743,138,81,57,1120,653,467,235,126,109,47,27,20,2109,1132,977,558,336,222
C5120ST,8,0,State-RAJASTHAN,Rural,5-9,12538,7001,5537,2530,1312,1218,2209,1174,1035,1041,653,388,1764,1073,691,962,550,412,216,131,85,2444,1289,1155,1372,819,553
C5120ST,8,0,State-RAJASTHAN,Rural,10-19,28097,16249,11848,4582,2465,2117,4014,2168,1846,1682,1101,581,6538,3915,2623,2811,1755,1056,776,464,312,4673,2532,2141,3021,1849,1172
C5120ST,8,0,State-RAJASTHAN,Rural,20-29,21308,13313,7995,3014,1754,1260,2818,1592,1226,795,505,290,7583,5033,2550,1513,1013,500,831,540,291,3149,1865,1284,1605,1011,594
C5120ST,8,0,State-RAJASTHAN,Rural,30-39,18679,11659,7020,2658,1577,1081,2601,1516,1085,666,412,254,6222,4071,2151,1377,919,458,997,624,373,2868,1745,1123,1290,795,495
C5120ST,8,0,State-RAJASTHAN,Rural,40-49,17168,10294,6874,3203,1804,1399,2506,1378,1128,490,290,200,5161,3308,1853,1172,755,417,830,475,355,2488,1493,995,1318,791,527
C5120ST,8,0,State-RAJASTHAN,Rural,50-59,17098,9038,8060,4268,2124,2144,2695,1349,1346,342,186,156,5354,3013,2341,564,335,229,448,238,210,1743,965,778,1684,828,856
C5120ST,8,0,State-RAJASTHAN,Rural,60-69,30935,13520,17415,8410,3585,4825,5001,2114,2887,317,186,131,9573,4353,5220,371,194,177,303,145,158,1985,985,1000,4975,1958,3017
C5120ST,8,0,State-RAJASTHAN,Rural,70-79,27476,12102,15374,6742,2957,3785,3817,1776,2041,146,75,71,8609,3893,4716,141,73,68,124,66,58,1200,543,657,6697,2719,3978
C5120ST,8,0,State-RAJASTHAN,Rural,80-89,10604,4622,5982,2218,986,1232,1254,592,662,46,24,22,3088,1362,1726,29,13,16,39,14,25,378,172,206,3552,1459,2093
C5120ST,8,0,State-RAJASTHAN,Rural,90+,2752,1175,1577,458,205,253,289,143,146,8,5,3,752,326,426,12,5,7,6,3,3,93,41,52,1134,447,687
C5120ST,8,0,State-RAJASTHAN,Rural,Age Not Stated,888,417,471,175,77,98,115,54,61,25,18,7,229,105,124,34,17,17,18,8,10,181,94,87,111,44,67
C5120ST,8,0,State-RAJASTHAN,Urban,Total,11964,6773,5191,3051,1601,1450,2179,1222,957,714,400,314,2505,1547,958,541,335,206,298,190,108,1733,995,738,943,483,460
C5120ST,8,0,State-RAJASTHAN,Urban,0-4,622,348,274,198,108,90,127,76,51,21,13,8,53,28,25,15,11,4,2,0,2,161,84,77,45,28,17
C5120ST,8,0,State-RAJASTHAN,Urban,5-9,894,515,379,253,136,117,204,119,85,84,47,37,80,48,32,53,34,19,11,4,7,113,65,48,96,62,34
C5120ST,8,0,State-RAJASTHAN,Urban,10-19,2294,1318,976,605,304,301,408,253,155,194,104,90,325,203,122,159,101,58,52,30,22,363,207,156,188,116,72
C5120ST,8,0,State-RAJASTHAN,Urban,20-29,1989,1197,792,449,257,192,351,199,152,139,81,58,468,308,160,121,76,45,72,56,16,306,171,135,83,49,34
C5120ST,8,0,State-RAJASTHAN,Urban,30-39,1596,954,642,361,214,147,292,164,128,93,47,46,401,266,135,72,39,33,55,34,21,273,162,111,49,28,21
C5120ST,8,0,State-RAJASTHAN,Urban,40-49,1261,799,462,313,176,137,224,131,93,83,51,32,291,217,74,61,38,23,53,33,20,195,126,69,41,27,14
C5120ST,8,0,State-RAJASTHAN,Urban,50-59,1024,602,422,272,150,122,189,105,84,52,35,17,255,158,97,38,24,14,24,16,8,149,89,60,45,25,20
C5120ST,8,0,State-RAJASTHAN,Urban,60-69,1058,504,554,308,141,167,182,87,95,29,11,18,313,155,158,13,7,6,19,9,10,85,52,33,109,42,67
C5120ST,8,0,State-RAJASTHAN,Urban,70-79,767,320,447,195,75,120,128,48,80,9,4,5,202,102,100,2,2,0,4,2,2,48,25,23,179,62,117
C5120ST,8,0,State-RAJASTHAN,Urban,80-89,294,137,157,70,29,41,46,24,22,2,1,1,81,41,40,0,0,0,5,5,0,20,6,14,70,31,39
C5120ST,8,0,State-RAJASTHAN,Urban,90+,111,51,60,19,9,10,17,10,7,5,4,1,24,14,10,2,0,2,0,0,0,9,2,7,35,12,23
C5120ST,8,0,State-RAJASTHAN,Urban,Age Not Stated,54,28,26,8,2,6,11,6,5,3,2,1,12,7,5,5,3,2,1,1,0,11,6,5,3,1,2
C5120ST,9,0,State-UTTAR PRADESH,Total,Total,23078,12881,10197,4772,2523,2249,6111,3276,2835,1344,763,581,3509,2281,1228,828,482,346,372,226,146,4948,2645,2303,1194,685,509
C5120ST,9,0,State-UTTAR PRADESH,Total,0-4,1653,859,794,390,203,187,542,295,247,25,16,9,113,69,44,43,21,22,7,4,3,490,228,262,43,23,20
C5120ST,9,0,State-UTTAR PRADESH,Total,5-9,2482,1327,1155,515,277,238,766,379,387,170,102,68,209,137,72,106,56,50,19,7,12,571,294,277,126,75,51
C5120ST,9,0,State-UTTAR PRADESH,Total,10-19,5119,2827,2292,994,506,488,1348,725,623,374,200,174,724,469,255,226,134,92,105,60,45,1102,588,514,246,145,101
C5120ST,9,0,State-UTTAR PRADESH,Total,20-29,3346,1931,1415,597,319,278,873,459,414,222,124,98,606,426,180,133,81,52,67,43,24,731,399,332,117,80,37
C5120ST,9,0,State-UTTAR PRADESH,Total,30-39,2844,1648,1196,546,288,258,759,410,349,197,121,76,429,311,118,132,82,50,57,37,20,641,352,289,83,47,36
C5120ST,9,0,State-UTTAR PRADESH,Total,40-49,2256,1332,924,474,266,208,589,344,245,134,81,53,325,235,90,94,56,38,44,28,16,502,264,238,94,58,36
C5120ST,9,0,State-UTTAR PRADESH,Total,50-59,1756,1000,756,360,191,169,452,242,210,103,63,40,294,181,113,43,24,19,32,19,13,373,226,147,99,54,45
C5120ST,9,0,State-UTTAR PRADESH,Total,60-69,1863,1033,830,450,233,217,431,240,191,73,35,38,398,241,157,37,21,16,26,19,7,288,157,131,160,87,73
C5120ST,9,0,State-UTTAR PRADESH,Total,70-79,1049,563,486,276,142,134,232,124,108,32,15,17,246,138,108,8,4,4,10,7,3,125,68,57,120,65,55
C5120ST,9,0,State-UTTAR PRADESH,Total,80-89,392,192,200,93,56,37,64,28,36,5,2,3,106,45,61,0,0,0,1,1,0,50,26,24,73,34,39
C5120ST,9,0,State-UTTAR PRADESH,Total,90+,183,95,88,39,22,17,24,13,11,4,3,1,42,21,21,1,0,1,2,0,2,41,20,21,30,16,14
C5120ST,9,0,State-UTTAR PRADESH,Total,Age Not Stated,135,74,61,38,20,18,31,17,14,5,1,4,17,8,9,5,3,2,2,1,1,34,23,11,3,1,2
C5120ST,9,0,State-UTTAR PRADESH,Rural,Total,20373,11304,9069,4346,2268,2078,5432,2894,2538,1200,688,512,3145,2025,1120,751,438,313,315,187,128,4086,2178,1908,1098,626,472
C5120ST,9,0,State-UTTAR PRADESH,Rural,0-4,1482,765,717,353,184,169,499,269,230,21,14,7,102,62,40,38,18,20,5,3,2,428,196,232,36,19,17
C5120ST,9,0,State-UTTAR PRADESH,Rural,5-9,2234,1201,1033,475,251,224,693,351,342,152,96,56,194,125,69,100,53,47,18,7,11,490,254,236,112,64,48
C5120ST,9,0,State-UTTAR PRADESH,Rural,10-19,4585,2518,2067,919,461,458,1205,648,557,345,181,164,661,420,241,207,125,82,96,55,41,922,491,431,230,137,93
C5120ST,9,0,State-UTTAR PRADESH,Rural,20-29,2872,1640,1232,537,280,257,764,390,374,189,109,80,535,372,163,120,70,50,50,33,17,568,311,257,109,75,34
C5120ST,9,0,State-UTTAR PRADESH,Rural,30-39,2482,1426,1056,490,253,237,666,352,314,178,112,66,386,280,106,116,73,43,49,30,19,523,285,238,74,41,33
C5120ST,9,0,State-UTTAR PRADESH,Rural,40-49,1964,1167,797,430,239,191,523,305,218,120,71,49,285,214,71,85,50,35,37,22,15,396,212,184,88,54,34
C5120ST,9,0,State-UTTAR PRADESH,Rural,50-59,1488,843,645,321,171,150,383,203,180,82,54,28,248,150,98,37,22,15,26,15,11,302,179,123,89,49,40
C5120ST,9,0,State-UTTAR PRADESH,Rural,60-69,1663,906,757,406,204,202,387,213,174,68,31,37,356,212,144,35,20,15,20,13,7,244,135,109,147,78,69
C5120ST,9,0,State-UTTAR PRADESH,Rural,70-79,974,516,458,260,134,126,218,114,104,32,15,17,224,123,101,8,4,4,9,7,2,109,57,52,114,62,52
C5120ST,9,0,State-UTTAR PRADESH,Rural,80-89,368,179,189,88,54,34,59,27,32,4,1,3,102,41,61,0,0,0,1,1,0,47,25,22,67,30,37
C5120ST,9,0,State-UTTAR PRADESH,Rural,90+,164,88,76,35,20,15,19,11,8,4,3,1,40,20,20,1,0,1,2,0,2,34,18,16,29,16,13
C5120ST,9,0,State-UTTAR PRADESH,Rural,Age Not Stated,97,55,42,32,17,15,16,11,5,5,1,4,12,6,6,4,3,1,2,1,1,23,15,8,3,1,2
C5120ST,9,0,State-UTTAR PRADESH,Urban,Total,2705,1577,1128,426,255,171,679,382,297,144,75,69,364,256,108,77,44,33,57,39,18,862,467,395,96,59,37
C5120ST,9,0,State-UTTAR PRADESH,Urban,0-4,171,94,77,37,19,18,43,26,17,4,2,2,11,7,4,5,3,2,2,1,1,62,32,30,7,4,3
C5120ST,9,0,State-UTTAR PRADESH,Urban,5-9,248,126,122,40,26,14,73,28,45,18,6,12,15,12,3,6,3,3,1,0,1,81,40,41,14,11,3
C5120ST,9,0,State-UTTAR PRADESH,Urban,10-19,534,309,225,75,45,30,143,77,66,29,19,10,63,49,14,19,9,10,9,5,4,180,97,83,16,8,8
C5120ST,9,0,State-UTTAR PRADESH,Urban,20-29,474,291,183,60,39,21,109,69,40,33,15,18,71,54,17,13,11,2,17,10,7,163,88,75,8,5,3
C5120ST,9,0,State-UTTAR PRADESH,Urban,30-39,362,222,140,56,35,21,93,58,35,19,9,10,43,31,12,16,9,7,8,7,1,118,67,51,9,6,3
C5120ST,9,0,State-UTTAR PRADESH,Urban,40-49,292,165,127,44,27,17,66,39,27,14,10,4,40,21,19,9,6,3,7,6,1,106,52,54,6,4,2
C5120ST,9,0,State-UTTAR PRADESH,Urban,50-59,268,157,111,39,20,19,69,39,30,21,9,12,46,31,15,6,2,4,6,4,2,71,47,24,10,5,5
C5120ST,9,0,State-UTTAR PRADESH,Urban,60-69,200,127,73,44,29,15,44,27,17,5,4,1,42,29,13,2,1,1,6,6,0,44,22,22,13,9,4
C5120ST,9,0,State-UTTAR PRADESH,Urban,70-79,75,47,28,16,8,8,14,10,4,0,0,0,22,15,7,0,0,0,1,0,1,16,11,5,6,3,3
C5120ST,9,0,State-UTTAR PRADESH,Urban,80-89,24,13,11,5,2,3,5,1,4,1,1,0,4,4,0,0,0,0,0,0,0,3,1,2,6,4,2
C5120ST,9,0,State-UTTAR PRADESH,Urban,90+,19,7,12,4,2,2,5,2,3,0,0,0,2,1,1,0,0,0,0,0,0,7,2,5,1,0,1
C5120ST,9,0,State-UTTAR PRADESH,Urban,Age Not Stated,38,19,19,6,3,3,15,6,9,0,0,0,5,2,3,1,0,1,0,0,0,11,8,3,0,0,0
C5120ST,10,0,State-BIHAR,Total,Total,27383,15041,12342,6797,3607,3190,7318,3902,3416,1606,881,725,3829,2406,1423,1118,578,540,321,205,116,5090,2744,2346,1304,718,586
C5120ST,10,0,State-BIHAR,Total,0-4,2235,1141,1094,637,331,306,696,344,352,30,15,15,135,72,63,69,29,40,10,7,3,584,305,279,74,38,36
C5120ST,10,0,State-BIHAR,Total,5-9,3169,1684,1485,877,449,428,862,445,417,248,139,109,254,149,105,135,75,60,20,14,6,628,329,299,145,84,61
C5120ST,10,0,State-BIHAR,Total,10-19,5822,3221,2601,1384,765,619,1410,762,648,418,241,177,818,496,322,325,158,167,84,52,32,1086,567,519,297,180,117
C5120ST,10,0,State-BIHAR,Total,20-29,3945,2163,1782,890,458,432,1026,548,478,268,125,143,577,394,183,197,98,99,54,36,18,760,393,367,173,111,62
C5120ST,10,0,State-BIHAR,Total,30-39,3599,2004,1595,806,428,378,1020,541,479,247,139,108,476,309,167,168,85,83,53,35,18,705,401,304,124,66,58
C5120ST,10,0,State-BIHAR,Total,40-49,2935,1744,1191,711,414,297,829,462,367,172,99,73,432,297,135,124,74,50,41,29,12,514,305,209,112,64,48
C5120ST,10,0,State-BIHAR,Total,50-59,2031,1146,885,526,285,241,556,308,248,87,48,39,367,234,133,50,27,23,25,15,10,334,183,151,86,46,40
C5120ST,10,0,State-BIHAR,Total,60-69,2161,1180,981,577,297,280,540,279,261,85,51,34,466,289,177,37,25,12,23,13,10,294,159,135,139,67,72
C5120ST,10,0,State-BIHAR,Total,70-79,980,509,471,269,129,140,242,136,106,33,15,18,211,118,93,8,3,5,9,4,5,99,59,40,109,45,64
C5120ST,10,0,State-BIHAR,Total,80-89,289,138,151,77,27,50,77,48,29,10,5,5,70,31,39,3,3,0,1,0,1,26,14,12,25,10,15
C5120ST,10,0,State-BIHAR,Total,90+,92,43,49,19,8,11,23,10,13,2,1,1,16,12,4,0,0,0,0,0,0,17,8,9,15,4,11
C5120ST,10,0,State-BIHAR,Total,Age Not Stated,125,68,57,24,16,8,37,19,18,6,3,3,7,5,2,2,1,1,1,0,1,43,21,22,5,3,2
C5120ST,10,0,State-BIHAR,Rural,Total,25668,14136,11532,6427,3424,3003,6835,3642,3193,1409,774,635,3600,2280,1320,1062,540,522,298,187,111,4816,2614,2202,1221,675,546
C5120ST,10,0,State-BIHAR,Rural,0-4,2102,1087,1015,605,316,289,656,328,328,25,14,11,127,69,58,66,26,40,10,7,3,543,291,252,70,36,34
C5120ST,10,0,State-BIHAR,Rural,5-9,2999,1599,1400,836,431,405,812,416,396,218,123,95,240,144,96,129,72,57,20,14,6,609,322,287,135,77,58
C5120ST,10,0,State-BIHAR,Rural,10-19,5457,3013,2444,1297,722,575,1313,701,612,375,217,158,777,471,306,308,146,162,79,48,31,1030,539,491,278,169,109
C5120ST,10,0,State-BIHAR,Rural,20-29,3663,2019,1644,837,436,401,951,509,442,226,105,121,538,372,166,186,90,96,47,30,17,722,376,346,156,101,55
C5120ST,10,0,State-BIHAR,Rural,30-39,3386,1892,1494,767,409,358,947,504,443,224,122,102,446,292,154,160,81,79,49,32,17,674,388,286,119,64,55
C5120ST,10,0,State-BIHAR,Rural,40-49,2735,1627,1108,660,386,274,779,434,345,145,83,62,404,281,123,117,69,48,37,26,11,486,288,198,107,60,47
C5120ST,10,0,State-BIHAR,Rural,50-59,1905,1072,833,498,266,232,510,286,224,81,44,37,345,218,127,49,26,23,24,14,10,316,175,141,82,43,39
C5120ST,10,0,State-BIHAR,Rural,60-69,2032,1112,920,558,286,272,509,260,249,75,47,28,436,274,162,35,24,11,21,12,9,268,144,124,130,65,65
C5120ST,10,0,State-BIHAR,Rural,70-79,929,487,442,257,125,132,233,131,102,27,13,14,199,112,87,7,2,5,9,4,5,96,57,39,101,43,58
C5120ST,10,0,State-BIHAR,Rural,80-89,280,135,145,75,27,48,75,46,29,9,5,4,68,31,37,3,3,0,1,0,1,24,13,11,25,10,15
C5120ST,10,0,State-BIHAR,Rural,90+,87,42,45,17,7,10,21,10,11,2,1,1,16,12,4,0,0,0,0,0,0,17,8,9,14,4,10
C5120ST,10,0,State-BIHAR,Rural,Age Not Stated,93,51,42,20,13,7,29,17,12,2,0,2,4,4,0,2,1,1,1,0,1,31,13,18,4,3,1
C5120ST,10,0,State-BIHAR,Urban,Total,1715,905,810,370,183,187,483,260,223,197,107,90,229,126,103,56,38,18,23,18,5,274,130,144,83,43,40
C5120ST,10,0,State-BIHAR,Urban,0-4,133,54,79,32,15,17,40,16,24,5,1,4,8,3,5,3,3,0,0,0,0,41,14,27,4,2,2
C5120ST,10,0,State-BIHAR,Urban,5-9,170,85,85,41,18,23,50,29,21,30,16,14,14,5,9,6,3,3,0,0,0,19,7,12,10,7,3
C5120ST,10,0,State-BIHAR,Urban,10-19,365,208,157,87,43,44,97,61,36,43,24,19,41,25,16,17,12,5,5,4,1,56,28,28,19,11,8
C5120ST,10,0,State-BIHAR,Urban,20-29,282,144,138,53,22,31,75,39,36,42,20,22,39,22,17,11,8,3,7,6,1,38,17,21,17,10,7
C5120ST,10,0,State-BIHAR,Urban,30-39,213,112,101,39,19,20,73,37,36,23,17,6,30,17,13,8,4,4,4,3,1,31,13,18,5,2,3
C5120ST,10,0,State-BIHAR,Urban,40-49,200,117,83,51,28,23,50,28,22,27,16,11,28,16,12,7,5,2,4,3,1,28,17,11,5,4,1
C5120ST,10,0,State-BIHAR,Urban,50-59,126,74,52,28,19,9,46,22,24,6,4,2,22,16,6,1,1,0,1,1,0,18,8,10,4,3,1
C5120ST,10,0,State-BIHAR,Urban,60-69,129,68,61,19,11,8,31,19,12,10,4,6,30,15,15,2,1,1,2,1,1,26,15,11,9,2,7
C5120ST,10,0,State-BIHAR,Urban,70-79,51,22,29,12,4,8,9,5,4,6,2,4,12,6,6,1,1,0,0,0,0,3,2,1,8,2,6
C5120ST,10,0,State-BIHAR,Urban,80-89,9,3,6,2,0,2,2,2,0,1,0,1,2,0,2,0,0,0,0,0,0,2,1,1,0,0,0
C5120ST,10,0,State-BIHAR,Urban,90+,5,1,4,2,1,1,2,0,2,0,0,0,0,0,0,0,0,0,0,0,0,0,0,0,1,0,1
C5120ST,10,0,State-BIHAR,Urban,Age Not Stated,32,17,15,4,3,1,8,2,6,4,3,1,3,1,2,0,0,0,0,0,0,12,8,4,1,0,1
C5120ST,11,0,State-SIKKIM,Total,Total,5792,3042,2750,1052,532,520,1610,847,763,451,222,229,736,421,315,165,92,73,155,86,69,825,434,391,798,408,390
C5120ST,11,0,State-SIKKIM,Total,0-4,127,68,59,17,12,5,38,19,19,5,2,3,19,8,11,7,4,3,1,0,1,28,17,11,12,6,6
C5120ST,11,0,State-SIKKIM,Total,5-9,253,123,130,36,23,13,74,38,36,24,10,14,28,15,13,9,4,5,5,3,2,40,17,23,37,13,24
C5120ST,11,0,State-SIKKIM,Total,10-19,725,383,342,105,57,48,204,116,88,77,35,42,75,42,33,27,16,11,22,11,11,140,68,72,75,38,37
C5120ST,11,0,State-SIKKIM,Total,20-29,825,444,381,109,56,53,208,100,108,92,42,50,86,59,27,34,22,12,33,21,12,143,79,64,120,65,55
C5120ST,11,0,State-SIKKIM,Total,30-39,768,381,387,94,44,50,230,106,124,90,49,41,83,45,38,28,14,14,23,13,10,105,61,44,115,49,66
C5120ST,11,0,State-SIKKIM,Total,40-49,794,415,379,121,57,64,216,114,102,83,42,41,88,56,32,25,14,11,34,15,19,110,62,48,117,55,62
C5120ST,11,0,State-SIKKIM,Total,50-59,740,396,344,148,76,72,208,122,86,42,18,24,107,63,44,21,13,8,19,10,9,114,53,61,81,41,40
C5120ST,11,0,State-SIKKIM,Total,60-69,671,340,331,186,84,102,187,97,90,23,14,9,109,53,56,5,2,3,10,7,3,63,36,27,88,47,41
C5120ST,11,0,State-SIKKIM,Total,70-79,536,296,240,142,77,65,152,84,68,7,4,3,86,46,40,3,1,2,5,4,1,51,23,28,90,57,33
C5120ST,11,0,State-SIKKIM,Total,80-89,292,173,119,82,44,38,76,48,28,5,4,1,48,30,18,2,0,2,3,2,1,25,15,10,51,30,21
C5120ST,11,0,State-SIKKIM,Total,90+,49,15,34,9,1,8,15,1,14,2,1,1,6,3,3,0,0,0,0,0,0,5,2,3,12,7,5
C5120ST,11,0,State-SIKKIM,Total,Age Not Stated,12,8,4,3,1,2,2,2,0,1,1,0,1,1,0,4,2,2,0,0,0,1,1,0,0,0,0
C5120ST,11,0,State-SIKKIM,Rural,Total,5242,2764,2478,980,499,481,1458,770,688,402,199,203,666,384,282,136,78,58,136,72,64,722,381,341,742,381,361
C5120ST,11,0,State-SIKKIM,Rural,0-4,111,60,51,14,9,5,33,16,17,4,2,2,17,7,10,6,4,2,1,0,1,25,16,9,11,6,5
C5120ST,11,0,State-SIKKIM,Rural,5-9,234,116,118,31,21,10,69,36,33,23,10,13,24,14,10,9,4,5,5,3,2,37,16,21,36,12,24
C5120ST,11,0,State-SIKKIM,Rural,10-19,662,347,315,101,54,47,184,104,80,68,31,37,68,37,31,19,13,6,21,11,10,128,61,67,73,36,37
C5120ST,11,0,State-SIKKIM,Rural,20-29,734,391,343,103,53,50,186,87,99,82,36,46,80,54,26,28,18,10,27,16,11,119,67,52,109,60,49
C5120ST,11,0,State-SIKKIM,Rural,30-39,685,345,340,85,39,46,200,97,103,84,47,37,77,42,35,21,9,12,20,11,9,89,53,36,109,47,62
C5120ST,11,0,State-SIKKIM,Rural,40-49,712,371,341,114,55,59,196,103,93,70,35,35,78,52,26,21,12,9,29,11,18,94,52,42,110,51,59
C5120ST,11,0,State-SIKKIM,Rural,50-59,668,365,303,136,72,64,184,112,72,38,17,21,95,56,39,21,13,8,16,8,8,102,48,54,76,39,37
C5120ST,11,0,State-SIKKIM,Rural,60-69,615,313,302,170,78,92,179,93,86,20,13,7,98,46,52,3,2,1,9,6,3,56,32,24,80,43,37
C5120ST,11,0,State-SIKKIM,Rural,70-79,496,274,222,137,74,63,138,74,64,7,4,3,80,44,36,3,1,2,5,4,1,45,20,25,81,53,28
C5120ST,11,0,State-SIKKIM,Rural,80-89,269,160,109,79,42,37,72,45,27,3,2,1,43,28,15,1,0,1,3,2,1,22,13,9,46,28,18
C5120ST,11,0,State-SIKKIM,Rural,90+,45,14,31,8,1,7,15,1,14,2,1,1,5,3,2,0,0,0,0,0,0,4,2,2,11,6,5
C5120ST,11,0,State-SIKKIM,Rural,Age Not Stated,11,8,3,2,1,1,2,2,0,1,1,0,1,1,0,4,2,2,0,0,0,1,1,0,0,0,0
C5120ST,11,0,State-SIKKIM,Urban,Total,550,278,272,72,33,39,152,77,75,49,23,26,70,37,33,29,14,15,19,14,5,103,53,50,56,27,29
C5120ST,11,0,State-SIKKIM,Urban,0-4,16,8,8,3,3,0,5,3,2,1,0,1,2,1,1,1,0,1,0,0,0,3,1,2,1,0,1
C5120ST,11,0,State-SIKKIM,Urban,5-9,19,7,12,5,2,3,5,2,3,1,0,1,4,1,3,0,0,0,0,0,0,3,1,2,1,1,0
C5120ST,11,0,State-SIKKIM,Urban,10-19,63,36,27,4,3,1,20,12,8,9,4,5,7,5,2,8,3,5,1,0,1,12,7,5,2,2,0
C5120ST,11,0,State-SIKKIM,Urban,20-29,91,53,38,6,3,3,22,13,9,10,6,4,6,5,1,6,4,2,6,5,1,24,12,12,11,5,6
C5120ST,11,0,State-SIKKIM,Urban,30-39,83,36,47,9,5,4,30,9,21,6,2,4,6,3,3,7,5,2,3,2,1,16,8,8,6,2,4
C5120ST,11,0,State-SIKKIM,Urban,40-49,82,44,38,7,2,5,20,11,9,13,7,6,10,4,6,4,2,2,5,4,1,16,10,6,7,4,3
C5120ST,11,0,State-SIKKIM,Urban,50-59,72,31,41,12,4,8,24,10,14,4,1,3,12,7,5,0,0,0,3,2,1,12,5,7,5,2,3
C5120ST,11,0,State-SIKKIM,Urban,60-69,56,27,29,16,6,10,8,4,4,3,1,2,11,7,4,2,0,2,1,1,0,7,4,3,8,4,4
C5120ST,11,0,State-SIKKIM,Urban,70-79,40,22,18,5,3,2,14,10,4,0,0,0,6,2,4,0,0,0,0,0,0,6,3,3,9,4,5
C5120ST,11,0,State-SIKKIM,Urban,80-89,23,13,10,3,2,1,4,3,1,2,2,0,5,2,3,1,0,1,0,0,0,3,2,1,5,2,3
C5120ST,11,0,State-SIKKIM,Urban,90+,4,1,3,1,0,1,0,0,0,0,0,0,1,0,1,0,0,0,0,0,0,1,0,1,1,1,0
C5120ST,11,0,State-SIKKIM,Urban,Age Not Stated,1,0,1,1,0,1,0,0,0,0,0,0,0,0,0,0,0,0,0,0,0,0,0,0,0,0,0
C5120ST,12,0,State-ARUNACHAL PRADESH,Total,Total,20264,10398,9866,4247,2061,2186,6244,3069,3175,1095,635,460,2508,1457,1051,913,446,467,476,255,221,2817,1446,1371,1964,1029,935
C5120ST,12,0,State-ARUNACHAL PRADESH,Total,0-4,1006,498,508,211,108,103,330,141,189,13,7,6,73,44,29,59,31,28,9,6,3,258,130,128,53,31,22
C5120ST,12,0,State-ARUNACHAL PRADESH,Total,5-9,1580,822,758,329,167,162,515,252,263,111,68,43,117,73,44,94,52,42,23,12,11,272,138,134,119,60,59
C5120ST,12,0,State-ARUNACHAL PRADESH,Total,10-19,3881,2025,1856,772,386,386,1250,635,615,254,160,94,417,213,204,228,119,109,69,38,31,618,313,305,273,161,112
C5120ST,12,0,State-ARUNACHAL PRADESH,Total,20-29,2805,1450,1355,501,242,259,813,394,419,176,95,81,332,209,123,162,76,86,97,58,39,493,242,251,231,134,97
C5120ST,12,0,State-ARUNACHAL PRADESH,Total,30-39,2426,1262,1164,464,233,231,726,338,388,176,88,88,291,177,114,143,62,81,86,51,35,355,215,140,185,98,87
C5120ST,12,0,State-ARUNACHAL PRADESH,Total,40-49,2361,1243,1118,430,226,204,708,361,347,160,92,68,339,204,135,105,48,57,78,33,45,320,164,156,221,115,106
C5120ST,12,0,State-ARUNACHAL PRADESH,Total,50-59,2106,1143,963,425,212,213,674,339,335,115,78,37,305,197,108,65,36,29,44,25,19,217,115,102,261,141,120
C5120ST,12,0,State-ARUNACHAL PRADESH,Total,60-69,2050,972,1078,546,232,314,656,324,332,61,29,32,298,159,139,28,9,19,44,20,24,154,68,86,263,131,132
C5120ST,12,0,State-ARUNACHAL PRADESH,Total,70-79,1286,618,668,347,157,190,376,185,191,18,9,9,226,125,101,18,7,11,16,6,10,84,41,43,201,88,113
C5120ST,12,0,State-ARUNACHAL PRADESH,Total,80-89,549,269,280,167,75,92,142,71,71,9,7,2,82,44,38,5,2,3,8,5,3,30,15,15,106,50,56
C5120ST,12,0,State-ARUNACHAL PRADESH,Total,90+,177,77,100,49,20,29,40,23,17,0,0,0,27,11,16,3,2,1,2,1,1,7,2,5,49,18,31
C5120ST,12,0,State-ARUNACHAL PRADESH,Total,Age Not Stated,37,19,18,6,3,3,14,6,8,2,2,0,1,1,0,3,2,1,0,0,0,9,3,6,2,2,0
C5120ST,12,0,State-ARUNACHAL PRADESH,Rural,Total,17933,9207,8726,3721,1796,1925,5550,2725,2825,993,570,423,2235,1301,934,785,393,392,431,228,203,2405,1250,1155,1813,944,869
C5120ST,12,0,State-ARUNACHAL PRADESH,Rural,0-4,874,429,445,183,91,92,296,124,172,12,6,6,65,40,25,52,29,23,7,4,3,217,109,108,42,26,16
C5120ST,12,0,State-ARUNACHAL PRADESH,Rural,5-9,1331,686,645,280,142,138,431,206,225,87,52,35,102,63,39,80,44,36,17,8,9,225,118,107,109,53,56
C5120ST,12,0,State-ARUNACHAL PRADESH,Rural,10-19,3262,1712,1550,632,312,320,1034,522,512,237,145,92,368,187,181,189,103,86,57,32,25,506,270,236,239,141,98
C5120ST,12,0,State-ARUNACHAL PRADESH,Rural,20-29,2383,1247,1136,412,204,208,700,338,362,161,88,73,287,184,103,132,64,68,87,52,35,402,198,204,202,119,83
C5120ST,12,0,State-ARUNACHAL PRADESH,Rural,30-39,2095,1091,1004,376,186,190,644,306,338,159,79,80,241,148,93,129,58,71,80,45,35,297,180,117,169,89,80
C5120ST,12,0,State-ARUNACHAL PRADESH,Rural,40-49,2092,1097,995,366,191,175,634,324,310,148,84,64,287,171,116,90,42,48,74,31,43,289,148,141,204,106,98
C5120ST,12,0,State-ARUNACHAL PRADESH,Rural,50-59,1930,1043,887,395,194,201,620,313,307,103,70,33,270,177,93,59,32,27,41,24,17,199,103,96,243,130,113
C5120ST,12,0,State-ARUNACHAL PRADESH,Rural,60-69,1981,943,1038,522,224,298,640,316,324,58,28,30,289,155,134,28,9,19,43,20,23,144,64,80,257,127,130
C5120ST,12,0,State-ARUNACHAL PRADESH,Rural,70-79,1255,609,646,340,155,185,368,184,184,17,9,8,221,123,98,16,6,10,15,6,9,83,40,43,195,86,109
C5120ST,12,0,State-ARUNACHAL PRADESH,Rural,80-89,524,255,269,161,74,87,133,64,69,9,7,2,78,41,37,4,2,2,8,5,3,28,15,13,103,47,56
C5120ST,12,0,State-ARUNACHAL PRADESH,Rural,90+,172,77,95,48,20,28,39,23,16,0,0,0,26,11,15,3,2,1,2,1,1,6,2,4,48,18,30
C5120ST,12,0,State-ARUNACHAL PRADESH,Rural,Age Not Stated,34,18,16,6,3,3,11,5,6,2,2,0,1,1,0,3,2,1,0,0,0,9,3,6,2,2,0
C5120ST,12,0,State-ARUNACHAL PRADESH,Urban,Total,2331,1191,1140,526,265,261,694,344,350,102,65,37,273,156,117,128,53,75,45,27,18,412,196,216,151,85,66
C5120ST,12,0,State-ARUNACHAL PRADESH,Urban,0-4,132,69,63,28,17,11,34,17,17,1,1,0,8,4,4,7,2,5,2,2,0,41,21,20,11,5,6
C5120ST,12,0,State-ARUNACHAL PRADESH,Urban,5-9,249,136,113,49,25,24,84,46,38,24,16,8,15,10,5,14,8,6,6,4,2,47,20,27,10,7,3
C5120ST,12,0,State-ARUNACHAL PRADESH,Urban,10-19,619,313,306,140,74,66,216,113,103,17,15,2,49,26,23,39,16,23,12,6,6,112,43,69,34,20,14
C5120ST,12,0,State-ARUNACHAL PRADESH,Urban,20-29,422,203,219,89,38,51,113,56,57,15,7,8,45,25,20,30,12,18,10,6,4,91,44,47,29,15,14
C5120ST,12,0,State-ARUNACHAL PRADESH,Urban,30-39,331,171,160,88,47,41,82,32,50,17,9,8,50,29,21,14,4,10,6,6,0,58,35,23,16,9,7
C5120ST,12,0,State-ARUNACHAL PRADESH,Urban,40-49,269,146,123,64,35,29,74,37,37,12,8,4,52,33,19,15,6,9,4,2,2,31,16,15,17,9,8
C5120ST,12,0,State-ARUNACHAL PRADESH,Urban,50-59,176,100,76,30,18,12,54,26,28,12,8,4,35,20,15,6,4,2,3,1,2,18,12,6,18,11,7
C5120ST,12,0,State-ARUNACHAL PRADESH,Urban,60-69,69,29,40,24,8,16,16,8,8,3,1,2,9,4,5,0,0,0,1,0,1,10,4,6,6,4,2
C5120ST,12,0,State-ARUNACHAL PRADESH,Urban,70-79,31,9,22,7,2,5,8,1,7,1,0,1,5,2,3,2,1,1,1,0,1,1,1,0,6,2,4
C5120ST,12,0,State-ARUNACHAL PRADESH,Urban,80-89,25,14,11,6,1,5,9,7,2,0,0,0,4,3,1,1,0,1,0,0,0,2,0,2,3,3,0
C5120ST,12,0,State-ARUNACHAL PRADESH,Urban,90+,5,0,5,1,0,1,1,0,1,0,0,0,1,0,1,0,0,0,0,0,0,1,0,1,1,0,1
C5120ST,12,0,State-ARUNACHAL PRADESH,Urban,Age Not Stated,3,1,2,0,0,0,3,1,2,0,0,0,0,0,0,0,0,0,0,0,0,0,0,0,0,0,0
C5120ST,13,0,State-NAGALAND,Total,Total,26309,14139,12170,3641,1831,1810,7972,4420,3552,2075,1130,945,3355,1920,1435,1077,555,522,900,492,408,4227,2167,2060,3062,1624,1438
C5120ST,13,0,State-NAGALAND,Total,0-4,963,514,449,110,49,61,359,197,162,21,14,7,69,41,28,25,17,8,3,3,0,309,158,151,67,35,32
C5120ST,13,0,State-NAGALAND,Total,5-9,1664,920,744,218,110,108,417,216,201,199,115,84,158,103,55,53,27,26,30,15,15,378,215,163,211,119,92
C5120ST,13,0,State-NAGALAND,Total,10-19,4163,2265,1898,555,291,264,1120,603,517,425,239,186,508,303,205,193,103,90,119,63,56,866,450,416,377,213,164
C5120ST,13,0,State-NAGALAND,Total,20-29,3693,1979,1714,408,194,214,912,467,445,333,187,146,501,291,210,218,117,101,191,115,76,723,366,357,407,242,165
C5120ST,13,0,State-NAGALAND,Total,30-39,3045,1634,1411,322,189,133,778,429,349,318,152,166,398,239,159,191,98,93,207,128,79,562,265,297,269,134,135
C5120ST,13,0,State-NAGALAND,Total,40-49,3247,1783,1464,380,210,170,926,536,390,339,178,161,370,236,134,162,81,81,159,78,81,522,259,263,389,205,184
C5120ST,13,0,State-NAGALAND,Total,50-59,2793,1551,1242,436,231,205,896,516,380,230,129,101,379,214,165,118,63,55,89,45,44,331,178,153,314,175,139
C5120ST,13,0,State-NAGALAND,Total,60-69,2659,1377,1282,497,234,263,950,508,442,137,78,59,375,202,173,68,32,36,57,25,32,266,146,120,309,152,157
C5120ST,13,0,State-NAGALAND,Total,70-79,2229,1106,1123,389,172,217,854,476,378,55,31,24,354,171,183,37,13,24,27,9,18,170,84,86,343,150,193
C5120ST,13,0,State-NAGALAND,Total,80-89,1308,696,612,243,107,136,543,334,209,14,6,8,169,80,89,8,2,6,15,8,7,72,34,38,244,125,119
C5120ST,13,0,State-NAGALAND,Total,90+,502,281,221,79,41,38,197,121,76,3,1,2,69,37,32,2,1,1,1,1,0,21,7,14,130,72,58
C5120ST,13,0,State-NAGALAND,Total,Age Not Stated,43,33,10,4,3,1,20,17,3,1,0,1,5,3,2,2,1,1,2,2,0,7,5,2,2,2,0
C5120ST,13,0,State-NAGALAND,Rural,Total,22114,11903,10211,3034,1549,1485,6877,3836,3041,1774,961,813,2744,1561,1183,877,448,429,740,404,336,3448,1750,1698,2620,1394,1226
C5120ST,13,0,State-NAGALAND,Rural,0-4,791,431,360,86,42,44,290,169,121,18,13,5,55,30,25,18,12,6,3,3,0,264,134,130,57,28,29
C5120ST,13,0,State-NAGALAND,Rural,5-9,1354,742,612,184,93,91,345,181,164,161,95,66,127,83,44,43,22,21,25,12,13,300,165,135,169,91,78
C5120ST,13,0,State-NAGALAND,Rural,10-19,3345,1826,1519,433,229,204,913,496,417,358,197,161,418,250,168,156,85,71,103,56,47,657,337,320,307,176,131
C5120ST,13,0,State-NAGALAND,Rural,20-29,2991,1612,1379,319,155,164,782,405,377,277,157,120,389,225,164,166,90,76,149,87,62,566,286,280,343,207,136
C5120ST,13,0,State-NAGALAND,Rural,30-39,2515,1351,1164,261,155,106,656,366,290,270,126,144,315,188,127,160,80,80,167,105,62,466,220,246,220,111,109
C5120ST,13,0,State-NAGALAND,Rural,40-49,2781,1524,1257,322,187,135,804,463,341,305,156,149,298,189,109,133,63,70,126,62,64,442,220,222,351,184,167
C5120ST,13,0,State-NAGALAND,Rural,50-59,2401,1330,1071,366,194,172,800,461,339,199,113,86,295,163,132,104,58,46,82,39,43,277,146,131,278,156,122
C5120ST,13,0,State-NAGALAND,Rural,60-69,2342,1199,1143,429,200,229,864,457,407,122,68,54,311,165,146,55,22,33,47,24,23,238,126,112,276,137,139
C5120ST,13,0,State-NAGALAND,Rural,70-79,1998,1007,991,345,157,188,778,434,344,51,30,21,317,157,160,35,13,22,25,7,18,151,76,75,296,133,163
C5120ST,13,0,State-NAGALAND,Rural,80-89,1130,606,524,219,98,121,462,284,178,12,6,6,151,73,78,4,2,2,11,7,4,61,29,32,210,107,103
C5120ST,13,0,State-NAGALAND,Rural,90+,428,245,183,66,36,30,165,104,61,1,0,1,63,35,28,1,0,1,1,1,0,20,7,13,111,62,49
C5120ST,13,0,State-NAGALAND,Rural,Age Not Stated,38,30,8,4,3,1,18,16,2,0,0,0,5,3,2,2,1,1,1,1,0,6,4,2,2,2,0
C5120ST,13,0,State-NAGALAND,Urban,Total,4195,2236,1959,607,282,325,1095,584,511,301,169,132,611,359,252,200,107,93,160,88,72,779,417,362,442,230,212
C5120ST,13,0,State-NAGALAND,Urban,0-4,172,83,89,24,7,17,69,28,41,3,1,2,14,11,3,7,5,2,0,0,0,45,24,21,10,7,3
C5120ST,13,0,State-NAGALAND,Urban,5-9,310,178,132,34,17,17,72,35,37,38,20,18,31,20,11,10,5,5,5,3,2,78,50,28,42,28,14
C5120ST,13,0,State-NAGALAND,Urban,10-19,818,439,379,122,62,60,207,107,100,67,42,25,90,53,37,37,18,19,16,7,9,209,113,96,70,37,33
C5120ST,13,0,State-NAGALAND,Urban,20-29,702,367,335,89,39,50,130,62,68,56,30,26,112,66,46,52,27,25,42,28,14,157,80,77,64,35,29
C5120ST,13,0,State-NAGALAND,Urban,30-39,530,283,247,61,34,27,122,63,59,48,26,22,83,51,32,31,18,13,40,23,17,96,45,51,49,23,26
C5120ST,13,0,State-NAGALAND,Urban,40-49,466,259,207,58,23,35,122,73,49,34,22,12,72,47,25,29,18,11,33,16,17,80,39,41,38,21,17
C5120ST,13,0,State-NAGALAND,Urban,50-59,392,221,171,70,37,33,96,55,41,31,16,15,84,51,33,14,5,9,7,6,1,54,32,22,36,19,17
C5120ST,13,0,State-NAGALAND,Urban,60-69,317,178,139,68,34,34,86,51,35,15,10,5,64,37,27,13,10,3,10,1,9,28,20,8,33,15,18
C5120ST,13,0,State-NAGALAND,Urban,70-79,231,99,132,44,15,29,76,42,34,4,1,3,37,14,23,2,0,2,2,2,0,19,8,11,47,17,30
C5120ST,13,0,State-NAGALAND,Urban,80-89,178,90,88,24,9,15,81,50,31,2,0,2,18,7,11,4,0,4,4,1,3,11,5,6,34,18,16
C5120ST,13,0,State-NAGALAND,Urban,90+,74,36,38,13,5,8,32,17,15,2,1,1,6,2,4,1,1,0,0,0,0,1,0,1,19,10,9
C5120ST,13,0,State-NAGALAND,Urban,Age Not Stated,5,3,2,0,0,0,2,1,1,1,0,1,0,0,0,0,0,0,1,1,0,1,1,0,0,0,0
C5120ST,14,0,State-MANIPUR,Total,Total,23715,12385,11330,8424,4282,4142,6285,3275,3010,765,429,336,1672,970,702,1536,787,749,471,272,199,3199,1649,1550,1363,721,642
C5120ST,14,0,State-MANIPUR,Total,0-4,1496,776,720,634,315,319,414,223,191,9,2,7,42,24,18,100,53,47,7,6,1,243,128,115,47,25,22
C5120ST,14,0,State-MANIPUR,Total,5-9,1909,1014,895,745,367,378,462,263,199,101,57,44,81,47,34,115,69,46,17,12,5,298,155,143,90,44,46
C5120ST,14,0,State-MANIPUR,Total,10-19,4568,2360,2208,1724,871,853,1158,574,584,178,100,78,229,143,86,339,164,175,66,35,31,653,355,298,221,118,103
C5120ST,14,0,State-MANIPUR,Total,20-29,4243,2131,2112,1515,747,768,1041,497,544,143,81,62,324,187,137,299,148,151,112,69,43,640,314,326,169,88,81
C5120ST,14,0,State-MANIPUR,Total,30-39,3157,1679,1478,1081,553,528,811,422,389,117,69,48,214,121,93,271,149,122,95,61,34,439,222,217,129,82,47
C5120ST,14,0,State-MANIPUR,Total,40-49,2634,1406,1228,950,487,463,670,359,311,87,48,39,212,127,85,171,89,82,75,45,30,344,175,169,125,76,49
C5120ST,14,0,State-MANIPUR,Total,50-59,2160,1161,999,752,407,345,592,323,269,68,32,36,201,123,78,130,63,67,49,19,30,251,134,117,117,60,57
C5120ST,14,0,State-MANIPUR,Total,60-69,1725,906,819,544,290,254,542,295,247,41,26,15,164,87,77,67,34,33,34,16,18,156,79,77,177,79,98
C5120ST,14,0,State-MANIPUR,Total,70-79,1067,561,506,316,152,164,349,184,165,10,6,4,114,65,49,26,12,14,7,4,3,100,53,47,145,85,60
C5120ST,14,0,State-MANIPUR,Total,80-89,525,272,253,103,56,47,183,101,82,9,7,2,64,34,30,12,5,7,6,4,2,52,28,24,96,37,59
C5120ST,14,0,State-MANIPUR,Total,90+,170,85,85,30,18,12,52,29,23,0,0,0,26,11,15,1,0,1,1,0,1,17,3,14,43,24,19
C5120ST,14,0,State-MANIPUR,Total,Age Not Stated,61,34,27,30,19,11,11,5,6,2,1,1,1,1,0,5,1,4,2,1,1,6,3,3,4,3,1
C5120ST,14,0,State-MANIPUR,Rural,Total,21464,11258,10206,7529,3826,3703,5903,3086,2817,701,389,312,1500,879,621,1383,712,671,420,240,180,2826,1484,1342,1202,642,560
C5120ST,14,0,State-MANIPUR,Rural,0-4,1372,710,662,577,285,292,392,209,183,8,2,6,41,24,17,91,51,40,7,6,1,217,113,104,39,20,19
C5120ST,14,0,State-MANIPUR,Rural,5-9,1733,917,816,654,324,330,433,241,192,98,54,44,78,46,32,109,64,45,15,12,3,266,138,128,80,38,42
C5120ST,14,0,State-MANIPUR,Rural,10-19,4128,2130,1998,1527,772,755,1085,542,543,162,89,73,215,134,81,304,144,160,58,30,28,589,323,266,188,96,92
C5120ST,14,0,State-MANIPUR,Rural,20-29,3876,1955,1921,1381,684,697,992,475,517,129,72,57,295,177,118,263,129,134,97,57,40,568,284,284,151,77,74
C5120ST,14,0,State-MANIPUR,Rural,30-39,2844,1525,1319,962,491,471,759,399,360,107,65,42,192,107,85,238,136,102,83,53,30,384,197,187,119,77,42
C5120ST,14,0,State-MANIPUR,Rural,40-49,2411,1294,1117,855,440,415,634,339,295,81,44,37,186,113,73,161,84,77,71,43,28,304,160,144,119,71,48
C5120ST,14,0,State-MANIPUR,Rural,50-59,1941,1050,891,660,363,297,562,310,252,58,26,32,175,107,68,118,56,62,42,14,28,221,118,103,105,56,49
C5120ST,14,0,State-MANIPUR,Rural,60-69,1553,826,727,489,258,231,503,275,228,38,24,14,145,80,65,60,31,29,31,16,15,131,69,62,156,73,83
C5120ST,14,0,State-MANIPUR,Rural,70-79,958,512,446,283,134,149,321,173,148,9,5,4,99,56,43,23,11,12,7,4,3,87,51,36,129,78,51
C5120ST,14,0,State-MANIPUR,Rural,80-89,453,234,219,90,45,45,165,90,75,9,7,2,50,24,26,11,5,6,6,4,2,42,26,16,80,33,47
C5120ST,14,0,State-MANIPUR,Rural,90+,144,78,66,29,18,11,47,28,19,0,0,0,23,10,13,1,0,1,1,0,1,11,2,9,32,20,12
C5120ST,14,0,State-MANIPUR,Rural,Age Not Stated,51,27,24,22,12,10,10,5,5,2,1,1,1,1,0,4,1,3,2,1,1,6,3,3,4,3,1
C5120ST,14,0,State-MANIPUR,Urban,Total,2251,1127,1124,895,456,439,382,189,193,64,40,24,172,91,81,153,75,78,51,32,19,373,165,208,161,79,82
C5120ST,14,0,State-MANIPUR,Urban,0-4,124,66,58,57,30,27,22,14,8,1,0,1,1,0,1,9,2,7,0,0,0,26,15,11,8,5,3
C5120ST,14,0,State-MANIPUR,Urban,5-9,176,97,79,91,43,48,29,22,7,3,3,0,3,1,2,6,5,1,2,0,2,32,17,15,10,6,4
C5120ST,14,0,State-MANIPUR,Urban,10-19,440,230,210,197,99,98,73,32,41,16,11,5,14,9,5,35,20,15,8,5,3,64,32,32,33,22,11
C5120ST,14,0,State-MANIPUR,Urban,20-29,367,176,191,134,63,71,49,22,27,14,9,5,29,10,19,36,19,17,15,12,3,72,30,42,18,11,7
C5120ST,14,0,State-MANIPUR,Urban,30-39,313,154,159,119,62,57,52,23,29,10,4,6,22,14,8,33,13,20,12,8,4,55,25,30,10,5,5
C5120ST,14,0,State-MANIPUR,Urban,40-49,223,112,111,95,47,48,36,20,16,6,4,2,26,14,12,10,5,5,4,2,2,40,15,25,6,5,1
C5120ST,14,0,State-MANIPUR,Urban,50-59,219,111,108,92,44,48,30,13,17,10,6,4,26,16,10,12,7,5,7,5,2,30,16,14,12,4,8
C5120ST,14,0,State-MANIPUR,Urban,60-69,172,80,92,55,32,23,39,20,19,3,2,1,19,7,12,7,3,4,3,0,3,25,10,15,21,6,15
C5120ST,14,0,State-MANIPUR,Urban,70-79,109,49,60,33,18,15,28,11,17,1,1,0,15,9,6,3,1,2,0,0,0,13,2,11,16,7,9
C5120ST,14,0,State-MANIPUR,Urban,80-89,72,38,34,13,11,2,18,11,7,0,0,0,14,10,4,1,0,1,0,0,0,10,2,8,16,4,12
C5120ST,14,0,State-MANIPUR,Urban,90+,26,7,19,1,0,1,5,1,4,0,0,0,3,1,2,0,0,0,0,0,0,6,1,5,11,4,7
C5120ST,14,0,State-MANIPUR,Urban,Age Not Stated,10,7,3,8,7,1,1,0,1,0,0,0,0,0,0,1,0,1,0,0,0,0,0,0,0,0,0
C5120ST,15,0,State-MIZORAM,Total,Total,14345,7647,6698,1964,1032,932,3200,1719,1481,1107,570,537,1911,1116,795,1529,813,716,777,383,394,1818,950,868,2039,1064,975
C5120ST,15,0,State-MIZORAM,Total,0-4,519,271,248,80,36,44,85,48,37,15,6,9,62,37,25,31,16,15,5,4,1,178,91,87,63,33,30
C5120ST,15,0,State-MIZORAM,Total,5-9,958,544,414,156,90,66,151,83,68,108,60,48,92,51,41,89,59,30,37,19,18,168,93,75,157,89,68
C5120ST,15,0,State-MIZORAM,Total,10-19,2133,1169,964,312,171,141,344,186,158,206,125,81,245,136,109,293,159,134,122,60,62,292,157,135,319,175,144
C5120ST,15,0,State-MIZORAM,Total,20-29,2058,1071,987,246,127,119,334,169,165,166,83,83,298,167,131,311,168,143,130,79,51,304,135,169,269,143,126
C5120ST,15,0,State-MIZORAM,Total,30-39,1995,1081,914,239,131,108,369,185,184,162,79,83,294,189,105,270,156,114,155,82,73,254,127,127,252,132,120
C5120ST,15,0,State-MIZORAM,Total,40-49,1994,1062,932,235,132,103,426,219,207,162,81,81,295,180,115,226,108,118,143,62,81,229,131,98,278,149,129
C5120ST,15,0,State-MIZORAM,Total,50-59,1876,1006,870,245,141,104,499,259,240,168,86,82,239,146,93,167,79,88,100,43,57,176,101,75,282,151,131
C5120ST,15,0,State-MIZORAM,Total,60-69,1348,713,635,208,103,105,412,234,178,77,35,42,200,122,78,90,47,43,55,23,32,112,58,54,194,91,103
C5120ST,15,0,State-MIZORAM,Total,70-79,905,451,454,145,60,85,338,196,142,32,9,23,122,59,63,35,11,24,21,7,14,78,44,34,134,65,69
C5120ST,15,0,State-MIZORAM,Total,80-89,457,234,223,84,33,51,193,118,75,10,6,4,59,27,32,13,6,7,7,3,4,23,11,12,68,30,38
C5120ST,15,0,State-MIZORAM,Total,90+,91,38,53,11,6,5,49,22,27,0,0,0,4,1,3,1,1,0,1,1,0,3,1,2,22,6,16
C5120ST,15,0,State-MIZORAM,Total,Age Not Stated,11,7,4,3,2,1,0,0,0,1,0,1,1,1,0,3,3,0,1,0,1,1,1,0,1,0,1
C5120ST,15,0,State-MIZORAM,Rural,Total,8424,4446,3978,1199,639,560,1930,1017,913,715,387,328,1120,637,483,759,399,360,417,194,223,1091,568,523,1193,605,588
C5120ST,15,0,State-MIZORAM,Rural,0-4,296,157,139,42,16,26,47,26,21,11,4,7,38,25,13,17,9,8,3,2,1,100,56,44,38,19,19
C5120ST,15,0,State-MIZORAM,Rural,5-9,559,316,243,88,48,40,89,48,41,62,36,26,63,36,27,47,31,16,24,10,14,109,60,49,77,47,30
C5120ST,15,0,State-MIZORAM,Rural,10-19,1253,701,552,180,103,77,207,116,91,143,88,55,160,92,68,149,79,70,69,38,31,172,95,77,173,90,83
C5120ST,15,0,State-MIZORAM,Rural,20-29,1202,601,601,131,70,61,209,98,111,115,63,52,172,90,82,166,85,81,71,40,31,186,76,110,152,79,73
C5120ST,15,0,State-MIZORAM,Rural,30-39,1112,592,520,156,89,67,222,109,113,101,53,48,133,83,50,130,74,56,76,36,40,143,70,73,151,78,73
C5120ST,15,0,State-MIZORAM,Rural,40-49,1142,609,533,145,83,62,248,128,120,100,53,47,167,96,71,104,51,53,76,32,44,136,77,59,166,89,77
C5120ST,15,0,State-MIZORAM,Rural,50-59,1113,586,527,156,92,64,299,146,153,109,58,51,149,89,60,74,36,38,48,18,30,111,65,46,167,82,85
C5120ST,15,0,State-MIZORAM,Rural,60-69,838,445,393,146,70,76,257,150,107,49,22,27,124,76,48,44,24,20,34,13,21,69,36,33,115,54,61
C5120ST,15,0,State-MIZORAM,Rural,70-79,571,276,295,94,42,52,214,120,94,19,6,13,77,35,42,19,5,14,12,4,8,47,24,23,89,40,49
C5120ST,15,0,State-MIZORAM,Rural,80-89,279,139,140,53,22,31,111,64,47,6,4,2,35,14,21,7,3,4,3,1,2,16,8,8,48,23,25
C5120ST,15,0,State-MIZORAM,Rural,90+,53,20,33,6,3,3,27,12,15,0,0,0,2,1,1,0,0,0,0,0,0,1,0,1,17,4,13
C5120ST,15,0,State-MIZORAM,Rural,Age Not Stated,6,4,2,2,1,1,0,0,0,0,0,0,0,0,0,2,2,0,1,0,1,1,1,0,0,0,0
C5120ST,15,0,State-MIZORAM,Urban,Total,5921,3201,2720,765,393,372,1270,702,568,392,183,209,791,479,312,770,414,356,360,189,171,727,382,345,846,459,387
C5120ST,15,0,State-MIZORAM,Urban,0-4,223,114,109,38,20,18,38,22,16,4,2,2,24,12,12,14,7,7,2,2,0,78,35,43,25,14,11
C5120ST,15,0,State-MIZORAM,Urban,5-9,399,228,171,68,42,26,62,35,27,46,24,22,29,15,14,42,28,14,13,9,4,59,33,26,80,42,38
C5120ST,15,0,State-MIZORAM,Urban,10-19,880,468,412,132,68,64,137,70,67,63,37,26,85,44,41,144,80,64,53,22,31,120,62,58,146,85,61
C5120ST,15,0,State-MIZORAM,Urban,20-29,856,470,386,115,57,58,125,71,54,51,20,31,126,77,49,145,83,62,59,39,20,118,59,59,117,64,53
C5120ST,15,0,State-MIZORAM,Urban,30-39,883,489,394,83,42,41,147,76,71,61,26,35,161,106,55,140,82,58,79,46,33,111,57,54,101,54,47
C5120ST,15,0,State-MIZORAM,Urban,40-49,852,453,399,90,49,41,178,91,87,62,28,34,128,84,44,122,57,65,67,30,37,93,54,39,112,60,52
C5120ST,15,0,State-MIZORAM,Urban,50-59,763,420,343,89,49,40,200,113,87,59,28,31,90,57,33,93,43,50,52,25,27,65,36,29,115,69,46
C5120ST,15,0,State-MIZORAM,Urban,60-69,510,268,242,62,33,29,155,84,71,28,13,15,76,46,30,46,23,23,21,10,11,43,22,21,79,37,42
C5120ST,15,0,State-MIZORAM,Urban,70-79,334,175,159,51,18,33,124,76,48,13,3,10,45,24,21,16,6,10,9,3,6,31,20,11,45,25,20
C5120ST,15,0,State-MIZORAM,Urban,80-89,178,95,83,31,11,20,82,54,28,4,2,2,24,13,11,6,3,3,4,2,2,7,3,4,20,7,13
C5120ST,15,0,State-MIZORAM,Urban,90+,38,18,20,5,3,2,22,10,12,0,0,0,2,0,2,1,1,0,1,1,0,2,1,1,5,2,3
C5120ST,15,0,State-MIZORAM,Urban,Age Not Stated,5,3,2,1,1,0,0,0,0,1,0,1,1,1,0,1,1,0,0,0,0,0,0,0,1,0,1
C5120ST,16,0,State-TRIPURA,Total,Total,16508,8684,7824,2688,1396,1292,3716,1933,1783,986,510,476,2385,1365,1020,1325,683,642,640,327,313,3436,1803,1633,1332,667,665
C5120ST,16,0,State-TRIPURA,Total,0-4,885,440,445,123,61,62,228,109,119,17,8,9,64,36,28,72,43,29,12,5,7,316,149,167,53,29,24
C5120ST,16,0,State-TRIPURA,Total,5-9,1251,699,552,173,95,78,247,129,118,121,69,52,120,76,44,93,53,40,25,10,15,366,205,161,106,62,44
C5120ST,16,0,State-TRIPURA,Total,10-19,2875,1491,1384,367,189,178,560,288,272,264,130,134,388,218,170,278,137,141,91,43,48,690,350,340,237,136,101
C5120ST,16,0,State-TRIPURA,Total,20-29,2650,1386,1264,314,155,159,576,314,262,217,103,114,357,201,156,282,140,142,115,55,60,630,333,297,159,85,74
C5120ST,16,0,State-TRIPURA,Total,30-39,2130,1193,937,271,151,120,476,277,199,137,72,65,288,186,102,229,120,109,111,71,40,489,256,233,129,60,69
C5120ST,16,0,State-TRIPURA,Total,40-49,1803,985,818,291,177,114,392,203,189,105,53,52,281,166,115,174,95,79,121,60,61,336,182,154,103,49,54
C5120ST,16,0,State-TRIPURA,Total,50-59,1426,792,634,303,157,146,340,188,152,57,33,24,249,166,83,96,43,53,50,24,26,243,133,110,88,48,40
C5120ST,16,0,State-TRIPURA,Total,60-69,1439,723,716,364,165,199,383,184,199,42,27,15,249,131,118,75,39,36,44,25,19,180,99,81,102,53,49
C5120ST,16,0,State-TRIPURA,Total,70-79,1088,538,550,265,131,134,294,140,154,17,12,5,213,112,101,12,7,5,33,16,17,119,64,55,135,56,79
C5120ST,16,0,State-TRIPURA,Total,80-89,618,294,324,145,77,68,154,71,83,6,1,5,116,50,66,8,4,4,25,16,9,42,21,21,122,54,68
C5120ST,16,0,State-TRIPURA,Total,90+,330,136,194,68,35,33,64,28,36,3,2,1,60,23,37,5,2,3,11,2,9,23,10,13,96,34,62
C5120ST,16,0,State-TRIPURA,Total,Age Not Stated,13,7,6,4,3,1,2,2,0,0,0,0,0,0,0,1,0,1,2,0,2,2,1,1,2,1,1
C5120ST,16,0,State-TRIPURA,Rural,Total,15726,8273,7453,2576,1341,1235,3558,1836,1722,898,469,429,2279,1302,977,1272,658,614,591,303,288,3279,1726,1553,1273,638,635
C5120ST,16,0,State-TRIPURA,Rural,0-4,862,425,437,122,60,62,221,105,116,16,8,8,63,35,28,71,43,28,12,5,7,305,141,164,52,28,24
C5120ST,16,0,State-TRIPURA,Rural,5-9,1212,684,528,168,95,73,243,126,117,117,69,48,116,73,43,93,53,40,24,10,14,349,198,151,102,60,42
C5120ST,16,0,State-TRIPURA,Rural,10-19,2725,1415,1310,350,177,173,534,271,263,240,114,126,380,215,165,267,132,135,85,42,43,647,335,312,222,129,93
C5120ST,16,0,State-TRIPURA,Rural,20-29,2505,1310,1195,302,150,152,538,289,249,199,98,101,341,194,147,269,135,134,104,48,56,602,316,286,150,80,70
C5120ST,16,0,State-TRIPURA,Rural,30-39,2010,1120,890,257,143,114,445,256,189,123,64,59,276,174,102,216,112,104,97,64,33,473,250,223,123,57,66
C5120ST,16,0,State-TRIPURA,Rural,40-49,1687,930,757,264,164,100,371,194,177,91,47,44,266,158,108,166,92,74,115,56,59,317,173,144,97,46,51
C5120ST,16,0,State-TRIPURA,Rural,50-59,1362,749,613,294,153,141,332,181,151,48,27,21,233,153,80,93,42,51,46,23,23,229,123,106,87,47,40
C5120ST,16,0,State-TRIPURA,Rural,60-69,1381,687,694,348,155,193,377,181,196,39,27,12,237,122,115,71,36,35,41,22,19,174,96,78,94,48,46
C5120ST,16,0,State-TRIPURA,Rural,70-79,1053,523,530,260,130,130,284,135,149,17,12,5,198,106,92,12,7,5,32,15,17,118,63,55,132,55,77
C5120ST,16,0,State-TRIPURA,Rural,80-89,601,291,310,142,77,65,150,70,80,5,1,4,113,49,64,8,4,4,24,16,8,42,21,21,117,53,64
C5120ST,16,0,State-TRIPURA,Rural,90+,317,132,185,65,34,31,61,26,35,3,2,1,56,23,33,5,2,3,11,2,9,21,9,12,95,34,61
C5120ST,16,0,State-TRIPURA,Rural,Age Not Stated,11,7,4,4,3,1,2,2,0,0,0,0,0,0,0,1,0,1,0,0,0,2,1,1,2,1,1
C5120ST,16,0,State-TRIPURA,Urban,Total,782,411,371,112,55,57,158,97,61,88,41,47,106,63,43,53,25,28,49,24,25,157,77,80,59,29,30
C5120ST,16,0,State-TRIPURA,Urban,0-4,23,15,8,1,1,0,7,4,3,1,0,1,1,1,0,1,0,1,0,0,0,11,8,3,1,1,0
C5120ST,16,0,State-TRIPURA,Urban,5-9,39,15,24,5,0,5,4,3,1,4,0,4,4,3,1,0,0,0,1,0,1,17,7,10,4,2,2
C5120ST,16,0,State-TRIPURA,Urban,10-19,150,76,74,17,12,5,26,17,9,24,16,8,8,3,5,11,5,6,6,1,5,43,15,28,15,7,8
C5120ST,16,0,State-TRIPURA,Urban,20-29,145,76,69,12,5,7,38,25,13,18,5,13,16,7,9,13,5,8,11,7,4,28,17,11,9,5,4
C5120ST,16,0,State-TRIPURA,Urban,30-39,120,73,47,14,8,6,31,21,10,14,8,6,12,12,0,13,8,5,14,7,7,16,6,10,6,3,3
C5120ST,16,0,State-TRIPURA,Urban,40-49,116,55,61,27,13,14,21,9,12,14,6,8,15,8,7,8,3,5,6,4,2,19,9,10,6,3,3
C5120ST,16,0,State-TRIPURA,Urban,50-59,64,43,21,9,4,5,8,7,1,9,6,3,16,13,3,3,1,2,4,1,3,14,10,4,1,1,0
C5120ST,16,0,State-TRIPURA,Urban,60-69,58,36,22,16,10,6,6,3,3,3,0,3,12,9,3,4,3,1,3,3,0,6,3,3,8,5,3
C5120ST,16,0,State-TRIPURA,Urban,70-79,35,15,20,5,1,4,10,5,5,0,0,0,15,6,9,0,0,0,1,1,0,1,1,0,3,1,2
C5120ST,16,0,State-TRIPURA,Urban,80-89,17,3,14,3,0,3,4,1,3,1,0,1,3,1,2,0,0,0,1,0,1,0,0,0,5,1,4
C5120ST,16,0,State-TRIPURA,Urban,90+,13,4,9,3,1,2,3,2,1,0,0,0,4,0,4,0,0,0,0,0,0,2,1,1,1,0,1
C5120ST,16,0,State-TRIPURA,Urban,Age Not Stated,2,0,2,0,0,0,0,0,0,0,0,0,0,0,0,0,0,0,2,0,2,0,0,0,0,0,0
C5120ST,17,0,State-MEGHALAYA,Total,Total,38116,19662,18454,6013,2980,3033,10521,5368,5153,2391,1238,1153,4626,2555,2071,2000,1042,958,1994,977,1017,7422,3840,3582,3149,1662,1487
C5120ST,17,0,State-MEGHALAYA,Total,0-4,3015,1557,1458,439,220,219,894,447,447,62,29,33,335,172,163,73,33,40,45,29,16,935,485,450,232,142,90
C5120ST,17,0,State-MEGHALAYA,Total,5-9,4016,2227,1789,573,314,259,1073,593,480,391,201,190,463,271,192,148,81,67,117,70,47,868,465,403,383,232,151
C5120ST,17,0,State-MEGHALAYA,Total,10-19,8566,4485,4081,1180,608,572,2333,1211,1122,674,362,312,985,554,431,572,289,283,464,244,220,1601,822,779,757,395,362
C5120ST,17,0,State-MEGHALAYA,Total,20-29,6269,3213,3056,743,377,366,1619,812,807,452,225,227,829,443,386,467,260,207,421,219,202,1262,633,629,476,244,232
C5120ST,17,0,State-MEGHALAYA,Total,30-39,4483,2295,2188,544,261,283,1196,605,591,352,180,172,508,285,223,312,176,136,380,170,210,891,448,443,300,170,130
C5120ST,17,0,State-MEGHALAYA,Total,40-49,4101,2116,1985,685,341,344,1072,558,514,238,125,113,506,294,212,201,98,103,295,140,155,811,419,392,293,141,152
C5120ST,17,0,State-MEGHALAYA,Total,50-59,2909,1481,1428,663,335,328,820,411,409,114,59,55,373,212,161,131,61,70,143,52,91,481,262,219,184,89,95
C5120ST,17,0,State-MEGHALAYA,Total,60-69,2498,1249,1249,650,286,364,731,371,360,65,39,26,337,192,145,59,29,30,81,36,45,356,192,164,219,104,115
C5120ST,17,0,State-MEGHALAYA,Total,70-79,1362,636,726,344,153,191,431,195,236,31,14,17,195,97,98,23,9,14,35,10,25,136,76,60,167,82,85
C5120ST,17,0,State-MEGHALAYA,Total,80-89,537,238,299,135,56,79,177,86,91,6,1,5,67,26,41,8,4,4,6,3,3,47,24,23,91,38,53
C5120ST,17,0,State-MEGHALAYA,Total,90+,201,84,117,46,23,23,65,23,42,5,3,2,21,6,15,1,1,0,4,1,3,22,9,13,37,18,19
C5120ST,17,0,State-MEGHALAYA,Total,Age Not Stated,159,81,78,11,6,5,110,56,54,1,0,1,7,3,4,5,1,4,3,3,0,12,5,7,10,7,3
C5120ST,17,0,State-MEGHALAYA,Rural,Total,33753,17485,16268,5411,2699,2712,9570,4935,4635,2120,1111,1009,4062,2253,1809,1598,817,781,1640,782,858,6589,3425,3164,2763,1463,1300
C5120ST,17,0,State-MEGHALAYA,Rural,0-4,2775,1442,1333,405,205,200,838,414,424,55,27,28,293,155,138,61,27,34,41,27,14,870,456,414,212,131,81
C5120ST,17,0,State-MEGHALAYA,Rural,5-9,3629,2031,1598,527,292,235,993,560,433,346,177,169,412,242,170,130,73,57,106,63,43,791,428,363,324,196,128
C5120ST,17,0,State-MEGHALAYA,Rural,10-19,7524,3955,3569,1029,533,496,2114,1111,1003,587,319,268,863,479,384,465,240,225,384,196,188,1417,733,684,665,344,321
C5120ST,17,0,State-MEGHALAYA,Rural,20-29,5397,2757,2640,651,328,323,1436,717,719,410,206,204,726,396,330,345,181,164,341,176,165,1075,540,535,413,213,200
C5120ST,17,0,State-MEGHALAYA,Rural,30-39,3906,1995,1911,479,230,249,1088,556,532,312,164,148,444,250,194,241,130,111,308,129,179,773,386,387,261,150,111
C5120ST,17,0,State-MEGHALAYA,Rural,40-49,3609,1886,1723,613,317,296,960,507,453,211,115,96,433,253,180,168,82,86,233,108,125,732,376,356,259,128,131
C5120ST,17,0,State-MEGHALAYA,Rural,50-59,2624,1328,1296,615,311,304,758,384,374,100,53,47,330,186,144,107,46,61,119,39,80,435,234,201,160,75,85
C5120ST,17,0,State-MEGHALAYA,Rural,60-69,2256,1139,1117,601,264,337,673,349,324,58,33,25,303,174,129,52,27,25,69,30,39,305,167,138,195,95,100
C5120ST,17,0,State-MEGHALAYA,Rural,70-79,1222,578,644,313,138,175,388,182,206,30,13,17,177,87,90,18,6,12,30,8,22,118,71,47,148,73,75
C5120ST,17,0,State-MEGHALAYA,Rural,80-89,472,213,259,123,53,70,155,77,78,5,1,4,58,22,36,5,3,2,4,3,1,41,20,21,81,34,47
C5120ST,17,0,State-MEGHALAYA,Rural,90+,182,81,101,44,22,22,57,22,35,5,3,2,17,6,11,1,1,0,3,1,2,20,9,11,35,17,18
C5120ST,17,0,State-MEGHALAYA,Rural,Age Not Stated,157,80,77,11,6,5,110,56,54,1,0,1,6,3,3,5,1,4,2,2,0,12,5,7,10,7,3
C5120ST,17,0,State-MEGHALAYA,Urban,Total,4363,2177,2186,602,281,321,951,433,518,271,127,144,564,302,262,402,225,177,354,195,159,833,415,418,386,199,187
C5120ST,17,0,State-MEGHALAYA,Urban,0-4,240,115,125,34,15,19,56,33,23,7,2,5,42,17,25,12,6,6,4,2,2,65,29,36,20,11,9
C5120ST,17,0,State-MEGHALAYA,Urban,5-9,387,196,191,46,22,24,80,33,47,45,24,21,51,29,22,18,8,10,11,7,4,77,37,40,59,36,23
C5120ST,17,0,State-MEGHALAYA,Urban,10-19,1042,530,512,151,75,76,219,100,119,87,43,44,122,75,47,107,49,58,80,48,32,184,89,95,92,51,41
C5120ST,17,0,State-MEGHALAYA,Urban,20-29,872,456,416,92,49,43,183,95,88,42,19,23,103,47,56,122,79,43,80,43,37,187,93,94,63,31,32
C5120ST,17,0,State-MEGHALAYA,Urban,30-39,577,300,277,65,31,34,108,49,59,40,16,24,64,35,29,71,46,25,72,41,31,118,62,56,39,20,19
C5120ST,17,0,State-MEGHALAYA,Urban,40-49,492,230,262,72,24,48,112,51,61,27,10,17,73,41,32,33,16,17,62,32,30,79,43,36,34,13,21
C5120ST,17,0,State-MEGHALAYA,Urban,50-59,285,153,132,48,24,24,62,27,35,14,6,8,43,26,17,24,15,9,24,13,11,46,28,18,24,14,10
C5120ST,17,0,State-MEGHALAYA,Urban,60-69,242,110,132,49,22,27,58,22,36,7,6,1,34,18,16,7,2,5,12,6,6,51,25,26,24,9,15
C5120ST,17,0,State-MEGHALAYA,Urban,70-79,140,58,82,31,15,16,43,13,30,1,1,0,18,10,8,5,3,2,5,2,3,18,5,13,19,9,10
C5120ST,17,0,State-MEGHALAYA,Urban,80-89,65,25,40,12,3,9,22,9,13,1,0,1,9,4,5,3,1,2,2,0,2,6,4,2,10,4,6
C5120ST,17,0,State-MEGHALAYA,Urban,90+,19,3,16,2,1,1,8,1,7,0,0,0,4,0,4,0,0,0,1,0,1,2,0,2,2,1,1
C5120ST,17,0,State-MEGHALAYA,Urban,Age Not Stated,2,1,1,0,0,0,0,0,0,0,0,0,1,0,1,0,0,0,1,1,0,0,0,0,0,0,0
C5120ST,18,0,State-ASSAM,Total,Total,53667,28106,25561,8750,4410,4340,13187,6840,6347,3641,1932,1709,7568,4293,3275,2729,1439,1290,1517,838,679,11460,5930,5530,4815,2424,2391
C5120ST,18,0,State-ASSAM,Total,0-4,2415,1275,1140,364,191,173,602,312,290,44,26,18,193,111,82,135,71,64,14,10,4,915,474,441,148,80,68
C5120ST,18,0,State-ASSAM,Total,5-9,3608,1882,1726,510,258,252,890,452,438,397,225,172,317,167,150,186,95,91,33,16,17,955,493,462,320,176,144
C5120ST,18,0,State-ASSAM,Total,10-19,8418,4433,3985,1128,554,574,1953,1008,945,887,490,397,895,510,385,511,269,242,195,104,91,2123,1095,1028,726,403,323
C5120ST,18,0,State-ASSAM,Total,20-29,7978,4110,3868,956,495,461,1766,894,872,800,386,414,978,575,403,578,296,282,286,158,128,1995,973,1022,619,333,286
C5120ST,18,0,State-ASSAM,Total,30-39,7153,3909,3244,931,502,429,1618,858,760,587,321,266,956,580,376,501,277,224,360,205,155,1759,928,831,441,238,203
C5120ST,18,0,State-ASSAM,Total,40-49,6435,3644,2791,1014,576,438,1606,864,742,412,215,197,956,614,342,402,219,183,282,167,115,1380,770,610,383,219,164
C5120ST,18,0,State-ASSAM,Total,50-59,5399,2859,2540,1091,521,570,1386,733,653,256,127,129,958,559,399,220,116,104,177,90,87,920,516,404,391,197,194
C5120ST,18,0,State-ASSAM,Total,60-69,5579,2726,2853,1338,627,711,1557,754,803,152,85,67,1024,556,468,111,52,59,97,51,46,710,329,381,590,272,318
C5120ST,18,0,State-ASSAM,Total,70-79,4101,2005,2096,952,466,486,1102,573,529,70,40,30,790,398,392,64,35,29,48,23,25,468,230,238,607,240,367
C5120ST,18,0,State-ASSAM,Total,80-89,1798,870,928,342,158,184,501,275,226,28,13,15,349,152,197,14,6,8,16,9,7,150,77,73,398,180,218
C5120ST,18,0,State-ASSAM,Total,90+,703,351,352,115,58,57,162,95,67,8,4,4,145,67,78,6,2,4,7,4,3,70,36,34,190,85,105
C5120ST,18,0,State-ASSAM,Total,Age Not Stated,80,42,38,9,4,5,44,22,22,0,0,0,7,4,3,1,1,0,2,1,1,15,9,6,2,1,1
C5120ST,18,0,State-ASSAM,Rural,Total,50879,26648,24231,8281,4198,4083,12563,6515,6048,3379,1782,1597,7270,4113,3157,2569,1354,1215,1431,784,647,10766,5584,5182,4620,2318,2302
C5120ST,18,0,State-ASSAM,Rural,0-4,2294,1215,1079,346,184,162,572,298,274,38,24,14,184,103,81,130,69,61,13,9,4,867,451,416,144,77,67
C5120ST,18,0,State-ASSAM,Rural,5-9,3416,1770,1646,480,244,236,838,424,414,376,208,168,303,158,145,175,90,85,31,15,16,909,467,442,304,164,140
C5120ST,18,0,State-ASSAM,Rural,10-19,7892,4152,3740,1034,512,522,1823,938,885,813,446,367,863,492,371,473,243,230,186,97,89,2006,1039,967,694,385,309
C5120ST,18,0,State-ASSAM,Rural,20-29,7442,3824,3618,896,460,436,1660,836,824,740,355,385,933,556,377,532,269,263,267,146,121,1834,895,939,580,307,273
C5120ST,18,0,State-ASSAM,Rural,30-39,6736,3690,3046,861,465,396,1514,803,711,548,296,252,913,549,364,480,269,211,341,193,148,1655,882,773,424,233,191
C5120ST,18,0,State-ASSAM,Rural,40-49,6080,3452,2628,954,549,405,1541,830,711,379,198,181,916,586,330,379,206,173,262,152,110,1287,722,565,362,209,153
C5120ST,18,0,State-ASSAM,Rural,50-59,5142,2725,2417,1039,506,533,1341,712,629,236,119,117,914,528,386,213,113,100,169,86,83,854,473,381,376,188,188
C5120ST,18,0,State-ASSAM,Rural,60-69,5395,2635,2760,1297,606,691,1510,730,780,145,79,66,988,537,451,106,52,54,92,50,42,681,315,366,576,266,310
C5120ST,18,0,State-ASSAM,Rural,70-79,3995,1960,2035,928,459,469,1076,561,515,69,40,29,769,387,382,62,34,28,47,23,24,451,222,229,593,234,359
C5120ST,18,0,State-ASSAM,Rural,80-89,1725,841,884,327,152,175,483,266,217,27,13,14,338,149,189,12,6,6,14,8,6,141,74,67,383,173,210
C5120ST,18,0,State-ASSAM,Rural,90+,685,344,341,110,57,53,161,95,66,8,4,4,144,66,78,6,2,4,7,4,3,67,35,32,182,81,101
C5120ST,18,0,State-ASSAM,Rural,Age Not Stated,77,40,37,9,4,5,44,22,22,0,0,0,5,2,3,1,1,0,2,1,1,14,9,5,2,1,1
C5120ST,18,0,State-ASSAM,Urban,Total,2788,1458,1330,469,212,257,624,325,299,262,150,112,298,180,118,160,85,75,86,54,32,694,346,348,195,106,89
C5120ST,18,0,State-ASSAM,Urban,0-4,121,60,61,18,7,11,30,14,16,6,2,4,9,8,1,5,2,3,1,1,0,48,23,25,4,3,1
C5120ST,18,0,State-ASSAM,Urban,5-9,192,112,80,30,14,16,52,28,24,21,17,4,14,9,5,11,5,6,2,1,1,46,26,20,16,12,4
C5120ST,18,0,State-ASSAM,Urban,10-19,526,281,245,94,42,52,130,70,60,74,44,30,32,18,14,38,26,12,9,7,2,117,56,61,32,18,14
C5120ST,18,0,State-ASSAM,Urban,20-29,536,286,250,60,35,25,106,58,48,60,31,29,45,19,26,46,27,19,19,12,7,161,78,83,39,26,13
C5120ST,18,0,State-ASSAM,Urban,30-39,417,219,198,70,37,33,104,55,49,39,25,14,43,31,12,21,8,13,19,12,7,104,46,58,17,5,12
C5120ST,18,0,State-ASSAM,Urban,40-49,355,192,163,60,27,33,65,34,31,33,17,16,40,28,12,23,13,10,20,15,5,93,48,45,21,10,11
C5120ST,18,0,State-ASSAM,Urban,50-59,257,134,123,52,15,37,45,21,24,20,8,12,44,31,13,7,3,4,8,4,4,66,43,23,15,9,6
C5120ST,18,0,State-ASSAM,Urban,60-69,184,91,93,41,21,20,47,24,23,7,6,1,36,19,17,5,0,5,5,1,4,29,14,15,14,6,8
C5120ST,18,0,State-ASSAM,Urban,70-79,106,45,61,24,7,17,26,12,14,1,0,1,21,11,10,2,1,1,1,0,1,17,8,9,14,6,8
C5120ST,18,0,State-ASSAM,Urban,80-89,73,29,44,15,6,9,18,9,9,1,0,1,11,3,8,2,0,2,2,1,1,9,3,6,15,7,8
C5120ST,18,0,State-ASSAM,Urban,90+,18,7,11,5,1,4,1,0,1,0,0,0,1,1,0,0,0,0,0,0,0,3,1,2,8,4,4
C5120ST,18,0,State-ASSAM,Urban,Age Not Stated,3,2,1,0,0,0,0,0,0,0,0,0,2,2,0,0,0,0,0,0,0,1,0,1,0,0,0
C5120ST,19,0,State-WEST BENGAL,Total,Total,110155,58544,51611,23354,11942,11412,20342,10409,9933,8302,4509,3793,18354,10733,7621,6314,3238,3076,3312,1745,1567,18739,10099,8640,11438,5869,5569
C5120ST,19,0,State-WEST BENGAL,Total,0-4,4454,2380,2074,1028,505,523,873,464,409,125,79,46,461,274,187,248,139,109,25,13,12,1285,674,611,409,232,177
C5120ST,19,0,State-WEST BENGAL,Total,5-9,7775,4166,3609,1520,813,707,1279,646,633,944,531,413,807,463,344,455,226,229,100,54,46,1757,901,856,913,532,381
C5120ST,19,0,State-WEST BENGAL,Total,10-19,18694,9920,8774,3456,1829,1627,3089,1606,1483,2062,1127,935,2504,1356,1148,1385,698,687,521,270,251,3656,1951,1705,2021,1083,938
C5120ST,19,0,State-WEST BENGAL,Total,20-29,16335,8833,7502,2785,1489,1296,2705,1386,1319,1391,744,647,2886,1736,1150,1254,642,612,631,359,272,3299,1764,1535,1384,713,671
C5120ST,19,0,State-WEST BENGAL,Total,30-39,14352,7808,6544,2537,1359,1178,2535,1330,1205,1326,654,672,2368,1428,940,1069,570,499,697,379,318,2677,1467,1210,1143,621,522
C5120ST,19,0,State-WEST BENGAL,Total,40-49,15205,8386,6819,3022,1607,1415,3019,1589,1430,1217,681,536,2688,1674,1014,930,474,456,600,317,283,2460,1413,1047,1269,631,638
C5120ST,19,0,State-WEST BENGAL,Total,50-59,12712,7020,5692,3045,1585,1460,2591,1368,1223,681,375,306,2639,1658,981,505,260,245,401,200,201,1753,972,781,1097,602,495
C5120ST,19,0,State-WEST BENGAL,Total,60-69,11569,5823,5746,3373,1619,1754,2386,1150,1236,352,219,133,2376,1321,1055,323,163,160,215,94,121,1157,606,551,1387,651,736
C5120ST,19,0,State-WEST BENGAL,Total,70-79,6323,2934,3389,1844,808,1036,1339,609,730,123,50,73,1171,593,578,101,42,59,91,43,48,481,254,227,1173,535,638
C5120ST,19,0,State-WEST BENGAL,Total,80-89,1954,913,1041,560,248,312,379,189,190,38,23,15,335,171,164,22,10,12,26,14,12,126,54,72,468,204,264
C5120ST,19,0,State-WEST BENGAL,Total,90+,620,268,352,150,59,91,114,57,57,23,12,11,104,51,53,14,9,5,3,0,3,47,22,25,165,58,107
C5120ST,19,0,State-WEST BENGAL,Total,Age Not Stated,162,93,69,34,21,13,33,15,18,20,14,6,15,8,7,8,5,3,2,2,0,41,21,20,9,7,2
C5120ST,19,0,State-WEST BENGAL,Rural,Total,99439,52787,46652,21502,10952,10550,18217,9324,8893,6326,3470,2856,17032,9933,7099,5843,2992,2851,3071,1606,1465,16670,8992,7678,10778,5518,5260
C5120ST,19,0,State-WEST BENGAL,Rural,0-4,4024,2168,1856,938,465,473,761,407,354,113,71,42,426,249,177,238,135,103,23,12,11,1138,604,534,387,225,162
C5120ST,19,0,State-WEST BENGAL,Rural,5-9,7071,3804,3267,1396,745,651,1147,578,569,762,442,320,760,434,326,429,213,216,90,50,40,1629,837,792,858,505,353
C5120ST,19,0,State-WEST BENGAL,Rural,10-19,16969,8980,7989,3167,1682,1485,2753,1438,1315,1698,917,781,2347,1263,1084,1295,644,651,486,248,238,3308,1765,1543,1915,1023,892
C5120ST,19,0,State-WEST BENGAL,Rural,20-29,14449,7823,6626,2489,1326,1163,2357,1205,1152,1033,560,473,2643,1591,1052,1167,603,564,588,331,257,2867,1534,1333,1305,673,632
C5120ST,19,0,State-WEST BENGAL,Rural,30-39,12680,6917,5763,2296,1218,1078,2220,1163,1057,964,498,466,2177,1311,866,958,506,452,649,348,301,2351,1291,1060,1065,582,483
C5120ST,19,0,State-WEST BENGAL,Rural,40-49,13683,7554,6129,2759,1464,1295,2708,1428,1280,923,516,407,2508,1558,950,862,438,424,549,291,258,2186,1266,920,1188,593,595
C5120ST,19,0,State-WEST BENGAL,Rural,50-59,11520,6341,5179,2827,1459,1368,2362,1240,1122,477,259,218,2450,1543,907,462,240,222,379,190,189,1553,861,692,1010,549,461
C5120ST,19,0,State-WEST BENGAL,Rural,60-69,10770,5389,5381,3211,1538,1673,2231,1082,1149,245,157,88,2225,1227,998,302,151,151,197,84,113,1035,537,498,1324,613,711
C5120ST,19,0,State-WEST BENGAL,Rural,70-79,5828,2692,3136,1742,756,986,1216,558,658,76,29,47,1083,549,534,92,40,52,86,40,46,417,214,203,1116,506,610
C5120ST,19,0,State-WEST BENGAL,Rural,80-89,1785,828,957,521,233,288,340,168,172,23,14,9,306,156,150,18,9,9,20,10,10,112,48,64,445,190,255
C5120ST,19,0,State-WEST BENGAL,Rural,90+,541,227,314,129,49,80,96,47,49,8,5,3,95,46,49,12,8,4,2,0,2,43,20,23,156,52,104
C5120ST,19,0,State-WEST BENGAL,Rural,Age Not Stated,119,64,55,27,17,10,26,10,16,4,2,2,12,6,6,8,5,3,2,2,0,31,15,16,9,7,2
C5120ST,19,0,State-WEST BENGAL,Urban,Total,10716,5757,4959,1852,990,862,2125,1085,1040,1976,1039,937,1322,800,522,471,246,225,241,139,102,2069,1107,962,660,351,309
C5120ST,19,0,State-WEST BENGAL,Urban,0-4,430,212,218,90,40,50,112,57,55,12,8,4,35,25,10,10,4,6,2,1,1,147,70,77,22,7,15
C5120ST,19,0,State-WEST BENGAL,Urban,5-9,704,362,342,124,68,56,132,68,64,182,89,93,47,29,18,26,13,13,10,4,6,128,64,64,55,27,28
C5120ST,19,0,State-WEST BENGAL,Urban,10-19,1725,940,785,289,147,142,336,168,168,364,210,154,157,93,64,90,54,36,35,22,13,348,186,162,106,60,46
C5120ST,19,0,State-WEST BENGAL,Urban,20-29,1886,1010,876,296,163,133,348,181,167,358,184,174,243,145,98,87,39,48,43,28,15,432,230,202,79,40,39
C5120ST,19,0,State-WEST BENGAL,Urban,30-39,1672,891,781,241,141,100,315,167,148,362,156,206,191,117,74,111,64,47,48,31,17,326,176,150,78,39,39
C5120ST,19,0,State-WEST BENGAL,Urban,40-49,1522,832,690,263,143,120,311,161,150,294,165,129,180,116,64,68,36,32,51,26,25,274,147,127,81,38,43
C5120ST,19,0,State-WEST BENGAL,Urban,50-59,1192,679,513,218,126,92,229,128,101,204,116,88,189,115,74,43,20,23,22,10,12,200,111,89,87,53,34
C5120ST,19,0,State-WEST BENGAL,Urban,60-69,799,434,365,162,81,81,155,68,87,107,62,45,151,94,57,21,12,9,18,10,8,122,69,53,63,38,25
C5120ST,19,0,State-WEST BENGAL,Urban,70-79,495,242,253,102,52,50,123,51,72,47,21,26,88,44,44,9,2,7,5,3,2,64,40,24,57,29,28
C5120ST,19,0,State-WEST BENGAL,Urban,80-89,169,85,84,39,15,24,39,21,18,15,9,6,29,15,14,4,1,3,6,4,2,14,6,8,23,14,9
C5120ST,19,0,State-WEST BENGAL,Urban,90+,79,41,38,21,10,11,18,10,8,15,7,8,9,5,4,2,1,1,1,0,1,4,2,2,9,6,3
C5120ST,19,0,State-WEST BENGAL,Urban,Age Not Stated,43,29,14,7,4,3,7,5,2,16,12,4,3,2,1,0,0,0,0,0,0,10,6,4,0,0,0
C5120ST,20,0,State-JHARKHAND,Total,Total,180193,94420,85773,43248,22074,21174,41351,21100,20251,7470,3938,3532,37142,20696,16446,8111,4322,3789,4647,2472,2175,25595,13563,12032,12629,6255,6374
C5120ST,20,0,State-JHARKHAND,Total,0-4,10830,5593,5237,3352,1700,1652,3099,1537,1562,182,97,85,939,545,394,386,209,177,40,22,18,2240,1174,1066,592,309,283
C5120ST,20,0,State-JHARKHAND,Total,5-9,15617,8273,7344,4224,2179,2045,4063,2097,1966,1105,574,531,1520,870,650,829,453,376,187,108,79,2557,1335,1222,1132,657,475
C5120ST,20,0,State-JHARKHAND,Total,10-19,33033,17295,15738,7490,3819,3671,7251,3717,3534,2105,1092,1013,5742,3105,2637,2269,1208,1061,773,423,350,5043,2652,2391,2360,1279,1081
C5120ST,20,0,State-JHARKHAND,Total,20-29,24705,13367,11338,5441,2816,2625,5451,2800,2651,1311,715,596,4859,2945,1914,1445,763,682,985,539,446,3894,2048,1846,1319,741,578
C5120ST,20,0,State-JHARKHAND,Total,30-39,21299,11970,9329,4916,2747,2169,4993,2698,2295,1004,527,477,3896,2430,1466,1145,627,518,911,477,434,3480,1918,1562,954,546,408
C5120ST,20,0,State-JHARKHAND,Total,40-49,20298,11502,8796,4840,2685,2155,4649,2561,2088,724,384,340,4483,2778,1705,944,515,429,807,441,366,3022,1663,1359,829,475,354
C5120ST,20,0,State-JHARKHAND,Total,50-59,17519,9411,8108,4274,2229,2045,4003,2070,1933,473,254,219,4653,2733,1920,539,289,250,476,240,236,2159,1144,1015,942,452,490
C5120ST,20,0,State-JHARKHAND,Total,60-69,21557,10064,11493,5304,2379,2925,4765,2156,2609,358,179,179,6346,3142,3204,394,175,219,331,150,181,2069,1069,1000,1990,814,1176
C5120ST,20,0,State-JHARKHAND,Total,70-79,10889,4882,6007,2463,1091,1372,2204,1042,1162,138,74,64,3426,1542,1884,100,50,50,103,53,50,790,388,402,1665,642,1023
C5120ST,20,0,State-JHARKHAND,Total,80-89,3061,1409,1652,638,289,349,575,274,301,41,23,18,986,466,520,30,14,16,21,11,10,144,76,68,626,256,370
C5120ST,20,0,State-JHARKHAND,Total,90+,777,337,440,146,65,81,144,62,82,4,4,0,215,99,116,11,6,5,9,6,3,53,22,31,195,73,122
C5120ST,20,0,State-JHARKHAND,Total,Age Not Stated,608,317,291,160,75,85,154,86,68,25,15,10,77,41,36,19,13,6,4,2,2,144,74,70,25,11,14
C5120ST,20,0,State-JHARKHAND,Rural,Total,165071,86399,78672,39838,20300,19538,37938,19379,18559,6697,3557,3140,34232,19040,15192,7394,3906,3488,4203,2211,1992,23120,12264,10856,11649,5742,5907
C5120ST,20,0,State-JHARKHAND,Rural,0-4,10100,5211,4889,3156,1595,1561,2883,1436,1447,166,88,78,893,516,377,366,194,172,38,20,18,2048,1069,979,550,293,257
C5120ST,20,0,State-JHARKHAND,Rural,5-9,14527,7695,6832,3924,2021,1903,3810,1964,1846,1014,527,487,1426,820,606,769,426,343,172,98,74,2366,1233,1133,1046,606,440
C5120ST,20,0,State-JHARKHAND,Rural,10-19,30182,15838,14344,6765,3456,3309,6625,3425,3200,1901,993,908,5364,2898,2466,2070,1092,978,710,388,322,4606,2431,2175,2141,1155,986
C5120ST,20,0,State-JHARKHAND,Rural,20-29,22053,11923,10130,4888,2523,2365,4857,2490,2367,1169,643,526,4361,2659,1702,1295,673,622,882,474,408,3410,1790,1620,1191,671,520
C5120ST,20,0,State-JHARKHAND,Rural,30-39,19227,10766,8461,4496,2497,1999,4488,2420,2068,886,470,416,3539,2189,1350,1029,559,470,814,419,395,3116,1714,1402,859,498,361
C5120ST,20,0,State-JHARKHAND,Rural,40-49,18372,10440,7932,4417,2459,1958,4212,2330,1882,637,339,298,4098,2562,1536,853,460,393,727,393,334,2678,1469,1209,750,428,322
C5120ST,20,0,State-JHARKHAND,Rural,50-59,16068,8644,7424,3979,2088,1891,3718,1917,1801,414,228,186,4230,2476,1754,491,261,230,432,218,214,1956,1048,908,848,408,440
C5120ST,20,0,State-JHARKHAND,Rural,60-69,20266,9427,10839,5043,2253,2790,4481,2025,2456,327,167,160,5913,2913,3000,369,164,205,307,141,166,1929,1003,926,1897,761,1136
C5120ST,20,0,State-JHARKHAND,Rural,70-79,10254,4590,5664,2321,1018,1303,2091,997,1094,124,64,60,3223,1446,1777,96,48,48,92,44,48,723,359,364,1584,614,970
C5120ST,20,0,State-JHARKHAND,Rural,80-89,2828,1303,1525,586,268,318,523,250,273,36,21,15,924,436,488,30,14,16,19,11,8,129,68,61,581,235,346
C5120ST,20,0,State-JHARKHAND,Rural,90+,716,310,406,133,59,74,127,57,70,4,4,0,202,95,107,10,5,5,7,4,3,48,20,28,185,66,119
C5120ST,20,0,State-JHARKHAND,Rural,Age Not Stated,478,252,226,130,63,67,123,68,55,19,13,6,59,30,29,16,10,6,3,1,2,111,60,51,17,7,10
C5120ST,20,0,State-JHARKHAND,Urban,Total,15122,8021,7101,3410,1774,1636,3413,1721,1692,773,381,392,2910,1656,1254,717,416,301,444,261,183,2475,1299,1176,980,513,467
C5120ST,20,0,State-JHARKHAND,Urban,0-4,730,382,348,196,105,91,216,101,115,16,9,7,46,29,17,20,15,5,2,2,0,192,105,87,42,16,26
C5120ST,20,0,State-JHARKHAND,Urban,5-9,1090,578,512,300,158,142,253,133,120,91,47,44,94,50,44,60,27,33,15,10,5,191,102,89,86,51,35
C5120ST,20,0,State-JHARKHAND,Urban,10-19,2851,1457,1394,725,363,362,626,292,334,204,99,105,378,207,171,199,116,83,63,35,28,437,221,216,219,124,95
C5120ST,20,0,State-JHARKHAND,Urban,20-29,2652,1444,1208,553,293,260,594,310,284,142,72,70,498,286,212,150,90,60,103,65,38,484,258,226,128,70,58
C5120ST,20,0,State-JHARKHAND,Urban,30-39,2072,1204,868,420,250,170,505,278,227,118,57,61,357,241,116,116,68,48,97,58,39,364,204,160,95,48,47
C5120ST,20,0,State-JHARKHAND,Urban,40-49,1926,1062,864,423,226,197,437,231,206,87,45,42,385,216,169,91,55,36,80,48,32,344,194,150,79,47,32
C5120ST,20,0,State-JHARKHAND,Urban,50-59,1451,767,684,295,141,154,285,153,132,59,26,33,423,257,166,48,28,20,44,22,22,203,96,107,94,44,50
C5120ST,20,0,State-JHARKHAND,Urban,60-69,1291,637,654,261,126,135,284,131,153,31,12,19,433,229,204,25,11,14,24,9,15,140,66,74,93,53,40
C5120ST,20,0,State-JHARKHAND,Urban,70-79,635,292,343,142,73,69,113,45,68,14,10,4,203,96,107,4,2,2,11,9,2,67,29,38,81,28,53
C5120ST,20,0,State-JHARKHAND,Urban,80-89,233,106,127,52,21,31,52,24,28,5,2,3,62,30,32,0,0,0,2,0,2,15,8,7,45,21,24
C5120ST,20,0,State-JHARKHAND,Urban,90+,61,27,34,13,6,7,17,5,12,0,0,0,13,4,9,1,1,0,2,2,0,5,2,3,10,7,3
C5120ST,20,0,State-JHARKHAND,Urban,Age Not Stated,130,65,65,30,12,18,31,18,13,6,2,4,18,11,7,3,3,0,1,1,0,33,14,19,8,4,4
C5120ST,21,0,State-ODISHA,Total,Total,253779,130588,123191,57589,28998,28591,55642,27858,27784,9845,5313,4532,51537,28237,23300,12105,6310,5795,7506,3688,3818,35641,18622,17019,23914,11562,12352
C5120ST,21,0,State-ODISHA,Total,0-4,13282,6979,6303,3399,1741,1658,3110,1614,1496,238,132,106,1453,804,649,603,326,277,80,44,36,3372,1747,1625,1027,571,456
C5120ST,21,0,State-ODISHA,Total,5-9,22584,12081,10503,4828,2539,2289,5424,2761,2663,1624,919,705,2405,1391,1014,1673,918,755,279,173,106,4206,2170,2036,2145,1210,935
C5120ST,21,0,State-ODISHA,Total,10-19,41511,21749,19762,7911,4128,3783,9483,4702,4781,2592,1343,1249,6218,3471,2747,3283,1802,1481,934,469,465,6964,3599,3365,4126,2235,1891
C5120ST,21,0,State-ODISHA,Total,20-29,31883,16911,14972,5609,2941,2668,6694,3361,3333,1777,947,830,6692,3887,2805,2149,1088,1061,1432,744,688,5100,2707,2393,2430,1236,1194
C5120ST,21,0,State-ODISHA,Total,30-39,27646,15008,12638,5306,2883,2423,6173,3226,2947,1203,666,537,5763,3423,2340,1622,823,799,1639,831,808,4218,2276,1942,1722,880,842
C5120ST,21,0,State-ODISHA,Total,40-49,28315,15680,12635,6196,3545,2651,6308,3317,2991,975,545,430,6511,3881,2630,1321,687,634,1528,732,796,3896,2153,1743,1580,820,760
C5120ST,21,0,State-ODISHA,Total,50-59,25830,13349,12481,6595,3303,3292,5662,2841,2821,652,372,280,6571,3659,2912,743,345,398,874,386,488,2884,1555,1329,1849,888,961
C5120ST,21,0,State-ODISHA,Total,60-69,34961,16512,18449,10252,4660,5592,7375,3508,3867,532,270,262,8871,4511,4360,497,223,274,528,219,309,2999,1463,1536,3907,1658,2249
C5120ST,21,0,State-ODISHA,Total,70-79,19615,8659,10956,5479,2356,3123,3903,1793,2110,177,90,87,5070,2306,2764,145,62,83,159,68,91,1323,623,700,3359,1361,1998
C5120ST,21,0,State-ODISHA,Total,80-89,5748,2522,3226,1465,634,831,1060,515,545,40,11,29,1496,677,819,33,18,15,29,10,19,328,144,184,1297,513,784
C5120ST,21,0,State-ODISHA,Total,90+,1503,699,804,340,156,184,255,141,114,11,5,6,357,170,187,12,8,4,8,6,2,102,47,55,418,166,252
C5120ST,21,0,State-ODISHA,Total,Age Not Stated,901,439,462,209,112,97,195,79,116,24,13,11,130,57,73,24,10,14,16,6,10,249,138,111,54,24,30
C5120ST,21,0,State-ODISHA,Rural,Total,239840,123298,116542,54686,27527,27159,52646,26409,26237,9236,4988,4248,48707,26631,22076,11405,5922,5483,7123,3488,3635,33181,17322,15859,22856,11011,11845
C5120ST,21,0,State-ODISHA,Rural,0-4,12637,6652,5985,3241,1667,1574,2947,1534,1413,227,129,98,1401,775,626,573,313,260,77,41,36,3187,1650,1537,984,543,441
C5120ST,21,0,State-ODISHA,Rural,5-9,21402,11450,9952,4553,2389,2164,5146,2619,2527,1542,879,663,2308,1341,967,1595,866,729,263,167,96,3964,2042,1922,2031,1147,884
C5120ST,21,0,State-ODISHA,Rural,10-19,38918,20395,18523,7346,3821,3525,8948,4450,4498,2449,1271,1178,5915,3298,2617,3077,1683,1394,888,445,443,6422,3337,3085,3873,2090,1783
C5120ST,21,0,State-ODISHA,Rural,20-29,29701,15712,13989,5216,2739,2477,6232,3134,3098,1658,883,775,6296,3646,2650,1983,1001,982,1352,692,660,4652,2455,2197,2312,1162,1150
C5120ST,21,0,State-ODISHA,Rural,30-39,26003,14122,11881,5003,2712,2291,5797,3037,2760,1105,615,490,5447,3238,2209,1530,765,765,1557,790,767,3912,2117,1795,1652,848,804
C5120ST,21,0,State-ODISHA,Rural,40-49,26641,14758,11883,5881,3369,2512,5952,3125,2827,902,501,401,6073,3620,2453,1258,658,600,1449,698,751,3614,2004,1610,1512,783,729
C5120ST,21,0,State-ODISHA,Rural,50-59,24395,12554,11841,6307,3158,3149,5377,2696,2681,611,344,267,6122,3384,2738,703,326,377,824,361,463,2671,1435,1236,1780,850,930
C5120ST,21,0,State-ODISHA,Rural,60-69,33523,15824,17699,9923,4512,5411,7075,3387,3688,503,253,250,8424,4272,4152,479,216,263,511,209,302,2850,1381,1469,3758,1594,2164
C5120ST,21,0,State-ODISHA,Rural,70-79,18789,8309,10480,5272,2284,2988,3731,1722,2009,170,86,84,4817,2187,2630,142,60,82,152,65,87,1256,587,669,3249,1318,1931
C5120ST,21,0,State-ODISHA,Rural,80-89,5538,2428,3110,1419,614,805,1010,492,518,39,10,29,1440,654,786,30,16,14,28,9,19,316,137,179,1256,496,760
C5120ST,21,0,State-ODISHA,Rural,90+,1436,673,763,326,152,174,246,137,109,8,5,3,342,163,179,12,8,4,8,6,2,97,46,51,397,156,241
C5120ST,21,0,State-ODISHA,Rural,Age Not Stated,857,421,436,199,110,89,185,76,109,22,12,10,122,53,69,23,10,13,14,5,9,240,131,109,52,24,28
C5120ST,21,0,State-ODISHA,Urban,Total,13939,7290,6649,2903,1471,1432,2996,1449,1547,609,325,284,2830,1606,1224,700,388,312,383,200,183,2460,1300,1160,1058,551,507
C5120ST,21,0,State-ODISHA,Urban,0-4,645,327,318,158,74,84,163,80,83,11,3,8,52,29,23,30,13,17,3,3,0,185,97,88,43,28,15
C5120ST,21,0,State-ODISHA,Urban,5-9,1182,631,551,275,150,125,278,142,136,82,40,42,97,50,47,78,52,26,16,6,10,242,128,114,114,63,51
C5120ST,21,0,State-ODISHA,Urban,10-19,2593,1354,1239,565,307,258,535,252,283,143,72,71,303,173,130,206,119,87,46,24,22,542,262,280,253,145,108
C5120ST,21,0,State-ODISHA,Urban,20-29,2182,1199,983,393,202,191,462,227,235,119,64,55,396,241,155,166,87,79,80,52,28,448,252,196,118,74,44
C5120ST,21,0,State-ODISHA,Urban,30-39,1643,886,757,303,171,132,376,189,187,98,51,47,316,185,131,92,58,34,82,41,41,306,159,147,70,32,38
C5120ST,21,0,State-ODISHA,Urban,40-49,1674,922,752,315,176,139,356,192,164,73,44,29,438,261,177,63,29,34,79,34,45,282,149,133,68,37,31
C5120ST,21,0,State-ODISHA,Urban,50-59,1435,795,640,288,145,143,285,145,140,41,28,13,449,275,174,40,19,21,50,25,25,213,120,93,69,38,31
C5120ST,21,0,State-ODISHA,Urban,60-69,1438,688,750,329,148,181,300,121,179,29,17,12,447,239,208,18,7,11,17,10,7,149,82,67,149,64,85
C5120ST,21,0,State-ODISHA,Urban,70-79,826,350,476,207,72,135,172,71,101,7,4,3,253,119,134,3,2,1,7,3,4,67,36,31,110,43,67
C5120ST,21,0,State-ODISHA,Urban,80-89,210,94,116,46,20,26,50,23,27,1,1,0,56,23,33,3,2,1,1,1,0,12,7,5,41,17,24
C5120ST,21,0,State-ODISHA,Urban,90+,67,26,41,14,4,10,9,4,5,3,0,3,15,7,8,0,0,0,0,0,0,5,1,4,21,10,11
C5120ST,21,0,State-ODISHA,Urban,Age Not Stated,44,18,26,10,2,8,10,3,7,2,1,1,8,4,4,1,0,1,2,1,1,9,7,2,2,0,2
C5120ST,22,0,State-CHHATTISGARH,Total,Total,171397,89004,82393,29507,14496,15011,26247,13382,12865,7333,3871,3462,54329,29963,24366,8364,4277,4087,6050,3048,3002,19804,10389,9415,19763,9578,10185
C5120ST,22,0,State-CHHATTISGARH,Total,0-4,6067,3228,2839,1198,568,630,803,426,377,181,93,88,1373,809,564,217,116,101,59,30,29,1516,782,734,720,404,316
C5120ST,22,0,State-CHHATTISGARH,Total,5-9,11237,6283,4954,1807,970,837,1553,837,716,1102,593,509,2296,1381,915,879,496,383,232,142,90,1801,975,826,1567,889,678
C5120ST,22,0,State-CHHATTISGARH,Total,10-19,25789,13846,11943,3688,1959,1729,3430,1829,1601,1992,1050,942,6339,3606,2733,2416,1201,1215,929,488,441,3847,2021,1826,3148,1692,1456
C5120ST,22,0,State-CHHATTISGARH,Total,20-29,22081,12357,9724,2469,1382,1087,2700,1457,1243,1307,671,636,7780,4691,3089,1613,800,813,1168,597,571,3046,1705,1341,1998,1054,944
C5120ST,22,0,State-CHHATTISGARH,Total,30-39,18817,10639,8178,2210,1255,955,2591,1423,1168,933,483,450,6415,3916,2499,1291,661,630,1376,721,655,2553,1399,1154,1448,781,667
C5120ST,22,0,State-CHHATTISGARH,Total,40-49,18714,10523,8191,2812,1560,1252,2859,1585,1274,772,411,361,6394,3822,2572,1009,514,495,1176,591,585,2420,1335,1085,1272,705,567
C5120ST,22,0,State-CHHATTISGARH,Total,50-59,18086,9669,8417,3586,1782,1804,3192,1698,1494,461,254,207,6495,3744,2751,504,271,233,618,284,334,1861,924,937,1369,712,657
C5120ST,22,0,State-CHHATTISGARH,Total,60-69,25276,11567,13709,6277,2702,3575,4686,2136,2550,388,215,173,8754,4261,4493,290,139,151,344,137,207,1634,748,886,2903,1229,1674
C5120ST,22,0,State-CHHATTISGARH,Total,70-79,17324,7413,9911,3984,1682,2302,3158,1402,1756,149,82,67,5860,2561,3299,113,62,51,105,39,66,772,337,435,3183,1248,1935
C5120ST,22,0,State-CHHATTISGARH,Total,80-89,6083,2599,3484,1180,488,692,1003,460,543,26,6,20,2023,893,1130,15,7,8,32,15,17,238,107,131,1566,623,943
C5120ST,22,0,State-CHHATTISGARH,Total,90+,1813,820,993,281,141,140,252,120,132,14,7,7,569,261,308,13,9,4,11,4,7,95,41,54,578,237,341
C5120ST,22,0,State-CHHATTISGARH,Total,Age Not Stated,110,60,50,15,7,8,20,9,11,8,6,2,31,18,13,4,1,3,0,0,0,21,15,6,11,4,7
C5120ST,22,0,State-CHHATTISGARH,Rural,Total,159902,82844,77058,27582,13480,14102,24538,12568,11970,6672,3515,3157,50906,27933,22973,7750,3969,3781,5628,2834,2794,18189,9536,8653,18637,9009,9628
C5120ST,22,0,State-CHHATTISGARH,Rural,0-4,5689,3051,2638,1110,524,586,751,408,343,165,86,79,1316,777,539,201,109,92,57,30,27,1416,734,682,673,383,290
C5120ST,22,0,State-CHHATTISGARH,Rural,5-9,10432,5852,4580,1670,901,769,1426,772,654,1014,545,469,2156,1291,865,824,468,356,220,136,84,1669,908,761,1453,831,622
C5120ST,22,0,State-CHHATTISGARH,Rural,10-19,23706,12736,10970,3324,1764,1560,3097,1674,1423,1803,944,859,5918,3366,2552,2246,1121,1125,865,451,414,3534,1852,1682,2919,1564,1355
C5120ST,22,0,State-CHHATTISGARH,Rural,20-29,20146,11302,8844,2204,1231,973,2444,1336,1108,1177,611,566,7174,4333,2841,1470,726,744,1082,559,523,2749,1537,1212,1846,969,877
C5120ST,22,0,State-CHHATTISGARH,Rural,30-39,17318,9792,7526,2015,1144,871,2385,1320,1065,849,436,413,5915,3601,2314,1188,609,579,1260,656,604,2340,1288,1052,1366,738,628
C5120ST,22,0,State-CHHATTISGARH,Rural,40-49,17332,9704,7628,2613,1437,1176,2661,1485,1176,699,367,332,5913,3517,2396,949,484,465,1102,550,552,2188,1203,985,1207,661,546
C5120ST,22,0,State-CHHATTISGARH,Rural,50-59,16860,8950,7910,3376,1658,1718,3003,1601,1402,421,230,191,6021,3444,2577,466,249,217,585,266,319,1704,840,864,1284,662,622
C5120ST,22,0,State-CHHATTISGARH,Rural,60-69,24169,11021,13148,6036,2591,3445,4520,2060,2460,363,202,161,8351,4032,4319,268,128,140,321,130,191,1527,705,822,2783,1173,1610
C5120ST,22,0,State-CHHATTISGARH,Rural,70-79,16592,7104,9488,3835,1630,2205,3028,1347,1681,139,77,62,5603,2436,3167,107,58,49,95,38,57,730,317,413,3055,1201,1854
C5120ST,22,0,State-CHHATTISGARH,Rural,80-89,5814,2487,3327,1120,461,659,961,441,520,22,4,18,1957,866,1091,15,7,8,31,15,16,221,100,121,1487,593,894
C5120ST,22,0,State-CHHATTISGARH,Rural,90+,1748,792,956,265,132,133,243,116,127,13,7,6,555,253,302,13,9,4,10,3,7,94,41,53,555,231,324
C5120ST,22,0,State-CHHATTISGARH,Rural,Age Not Stated,96,53,43,14,7,7,19,8,11,7,6,1,27,17,10,3,1,2,0,0,0,17,11,6,9,3,6
C5120ST,22,0,State-CHHATTISGARH,Urban,Total,11495,6160,5335,1925,1016,909,1709,814,895,661,356,305,3423,2030,1393,614,308,306,422,214,208,1615,853,762,1126,569,557
C5120ST,22,0,State-CHHATTISGARH,Urban,0-4,378,177,201,88,44,44,52,18,34,16,7,9,57,32,25,16,7,9,2,0,2,100,48,52,47,21,26
C5120ST,22,0,State-CHHATTISGARH,Urban,5-9,805,431,374,137,69,68,127,65,62,88,48,40,140,90,50,55,28,27,12,6,6,132,67,65,114,58,56
C5120ST,22,0,State-CHHATTISGARH,Urban,10-19,2083,1110,973,364,195,169,333,155,178,189,106,83,421,240,181,170,80,90,64,37,27,313,169,144,229,128,101
C5120ST,22,0,State-CHHATTISGARH,Urban,20-29,1935,1055,880,265,151,114,256,121,135,130,60,70,606,358,248,143,74,69,86,38,48,297,168,129,152,85,67
C5120ST,22,0,State-CHHATTISGARH,Urban,30-39,1499,847,652,195,111,84,206,103,103,84,47,37,500,315,185,103,52,51,116,65,51,213,111,102,82,43,39
C5120ST,22,0,State-CHHATTISGARH,Urban,40-49,1382,819,563,199,123,76,198,100,98,73,44,29,481,305,176,60,30,30,74,41,33,232,132,100,65,44,21
C5120ST,22,0,State-CHHATTISGARH,Urban,50-59,1226,719,507,210,124,86,189,97,92,40,24,16,474,300,174,38,22,16,33,18,15,157,84,73,85,50,35
C5120ST,22,0,State-CHHATTISGARH,Urban,60-69,1107,546,561,241,111,130,166,76,90,25,13,12,403,229,174,22,11,11,23,7,16,107,43,64,120,56,64
C5120ST,22,0,State-CHHATTISGARH,Urban,70-79,732,309,423,149,52,97,130,55,75,10,5,5,257,125,132,6,4,2,10,1,9,42,20,22,128,47,81
C5120ST,22,0,State-CHHATTISGARH,Urban,80-89,269,112,157,60,27,33,42,19,23,4,2,2,66,27,39,0,0,0,1,0,1,17,7,10,79,30,49
C5120ST,22,0,State-CHHATTISGARH,Urban,90+,65,28,37,16,9,7,9,4,5,1,0,1,14,8,6,0,0,0,1,1,0,1,0,1,23,6,17
C5120ST,22,0,State-CHHATTISGARH,Urban,Age Not Stated,14,7,7,1,0,1,1,1,0,1,0,1,4,1,3,1,0,1,0,0,0,4,4,0,2,1,1
C5120ST,23,0,State-MADHYA PRADESH,Total,Total,292850,160709,132141,53520,27858,25662,53446,28540,24906,9674,5465,4209,81166,47780,33386,12553,6978,5575,6428,3698,2730,53116,28577,24539,22947,11813,11134
C5120ST,23,0,State-MADHYA PRADESH,Total,0-4,17500,9172,8328,3755,1951,1804,4089,2086,2003,244,142,102,2547,1434,1113,572,296,276,97,50,47,5202,2661,2541,994,552,442
C5120ST,23,0,State-MADHYA PRADESH,Total,5-9,26225,14120,12105,4989,2628,2361,5359,2820,2539,1590,912,678,4145,2407,1738,1313,720,593,406,223,183,6076,3121,2955,2347,1289,1058
C5120ST,23,0,State-MADHYA PRADESH,Total,10-19,58496,32147,26349,9860,5391,4469,10574,5634,4940,2704,1503,1201,14681,8497,6184,3409,1811,1598,1337,734,603,11455,6032,5423,4476,2545,1931
C5120ST,23,0,State-MADHYA PRADESH,Total,20-29,43415,25626,17789,5769,3379,2390,7292,4066,3226,1571,923,648,14844,9332,5512,2250,1294,956,1306,806,500,7985,4446,3539,2398,1380,1018
C5120ST,23,0,State-MADHYA PRADESH,Total,30-39,34775,20712,14063,5000,2900,2100,6228,3560,2668,1231,700,531,10424,6700,3724,1941,1112,829,1293,786,507,6920,3943,2977,1738,1011,727
C5120ST,23,0,State-MADHYA PRADESH,Total,40-49,30107,17847,12260,4916,2797,2119,5595,3208,2387,925,513,412,8824,5612,3212,1481,897,584,970,567,403,5864,3349,2515,1532,904,628
C5120ST,23,0,State-MADHYA PRADESH,Total,50-59,23862,13603,10259,4686,2465,2221,4346,2389,1957,595,351,244,7586,4653,2933,828,478,350,535,299,236,3910,2176,1734,1376,792,584
C5120ST,23,0,State-MADHYA PRADESH,Total,60-69,28623,14079,14544,6943,3128,3815,5012,2455,2557,490,256,234,9240,4931,4309,490,246,244,314,158,156,3325,1718,1607,2809,1187,1622
C5120ST,23,0,State-MADHYA PRADESH,Total,70-79,20070,9080,10990,5261,2230,3031,3332,1536,1796,222,113,109,6170,2988,3182,178,84,94,127,53,74,1589,760,829,3191,1316,1875
C5120ST,23,0,State-MADHYA PRADESH,Total,80-89,7139,3139,4000,1780,736,1044,1192,567,625,64,30,34,2025,911,1114,52,26,26,30,14,16,488,229,259,1508,626,882
C5120ST,23,0,State-MADHYA PRADESH,Total,90+,2250,979,1271,504,227,277,361,180,181,28,15,13,612,279,333,26,7,19,5,2,3,151,65,86,563,204,359
C5120ST,23,0,State-MADHYA PRADESH,Total,Age Not Stated,388,205,183,57,26,31,66,39,27,10,7,3,68,36,32,13,7,6,8,6,2,151,77,74,15,7,8
C5120ST,23,0,State-MADHYA PRADESH,Rural,Total,270787,148165,122622,49624,25753,23871,49521,26418,23103,8593,4857,3736,75843,44487,31356,11544,6385,5159,5926,3402,2524,48455,26028,22427,21281,10835,10446
C5120ST,23,0,State-MADHYA PRADESH,Rural,0-4,16254,8531,7723,3453,1796,1657,3804,1948,1856,222,128,94,2423,1359,1064,532,274,258,95,49,46,4802,2465,2337,923,512,411
C5120ST,23,0,State-MADHYA PRADESH,Rural,5-9,24407,13116,11291,4632,2433,2199,5023,2620,2403,1456,830,626,3927,2283,1644,1240,682,558,380,213,167,5602,2886,2716,2147,1169,978
C5120ST,23,0,State-MADHYA PRADESH,Rural,10-19,53757,29422,24335,9016,4911,4105,9730,5190,4540,2399,1329,1070,13727,7901,5826,3127,1651,1476,1231,669,562,10481,5499,4982,4046,2272,1774
C5120ST,23,0,State-MADHYA PRADESH,Rural,20-29,39328,23270,16058,5163,3029,2134,6572,3694,2878,1358,806,552,13636,8595,5041,2035,1162,873,1178,730,448,7191,3991,3200,2195,1263,932
C5120ST,23,0,State-MADHYA PRADESH,Rural,30-39,31739,18888,12851,4526,2607,1919,5686,3245,2441,1079,626,453,9627,6191,3436,1778,1013,765,1189,719,470,6241,3561,2680,1613,926,687
C5120ST,23,0,State-MADHYA PRADESH,Rural,40-49,27724,16385,11339,4541,2602,1939,5132,2930,2202,825,457,368,8206,5186,3020,1373,829,544,897,523,374,5326,3029,2297,1424,829,595
C5120ST,23,0,State-MADHYA PRADESH,Rural,50-59,22136,12582,9554,4394,2306,2088,4078,2237,1841,516,300,216,7091,4337,2754,760,437,323,501,280,221,3546,1970,1576,1250,715,535
C5120ST,23,0,State-MADHYA PRADESH,Rural,60-69,27008,13210,13798,6614,2971,3643,4786,2347,2439,443,229,214,8735,4622,4113,451,223,228,293,149,144,3051,1574,1477,2635,1095,1540
C5120ST,23,0,State-MADHYA PRADESH,Rural,70-79,19108,8627,10481,5039,2142,2897,3174,1458,1716,199,101,98,5884,2844,3040,166,79,87,121,50,71,1486,704,782,3039,1249,1790
C5120ST,23,0,State-MADHYA PRADESH,Rural,80-89,6832,3012,3820,1713,715,998,1130,538,592,61,29,32,1941,869,1072,47,24,23,29,13,16,459,220,239,1452,604,848
C5120ST,23,0,State-MADHYA PRADESH,Rural,90+,2151,941,1210,482,218,264,347,178,169,26,15,11,583,266,317,24,6,18,5,2,3,140,60,80,544,196,348
C5120ST,23,0,State-MADHYA PRADESH,Rural,Age Not Stated,343,181,162,51,23,28,59,33,26,9,7,2,63,34,29,11,5,6,7,5,2,130,69,61,13,5,8
C5120ST,23,0,State-MADHYA PRADESH,Urban,Total,22063,12544,9519,3896,2105,1791,3925,2122,1803,1081,608,473,5323,3293,2030,1009,593,416,502,296,206,4661,2549,2112,1666,978,688
C5120ST,23,0,State-MADHYA PRADESH,Urban,0-4,1246,641,605,302,155,147,285,138,147,22,14,8,124,75,49,40,22,18,2,1,1,400,196,204,71,40,31
C5120ST,23,0,State-MADHYA PRADESH,Urban,5-9,1818,1004,814,357,195,162,336,200,136,134,82,52,218,124,94,73,38,35,26,10,16,474,235,239,200,120,80
C5120ST,23,0,State-MADHYA PRADESH,Urban,10-19,4739,2725,2014,844,480,364,844,444,400,305,174,131,954,596,358,282,160,122,106,65,41,974,533,441,430,273,157
C5120ST,23,0,State-MADHYA PRADESH,Urban,20-29,4087,2356,1731,606,350,256,720,372,348,213,117,96,1208,737,471,215,132,83,128,76,52,794,455,339,203,117,86
C5120ST,23,0,State-MADHYA PRADESH,Urban,30-39,3036,1824,1212,474,293,181,542,315,227,152,74,78,797,509,288,163,99,64,104,67,37,679,382,297,125,85,40
C5120ST,23,0,State-MADHYA PRADESH,Urban,40-49,2383,1462,921,375,195,180,463,278,185,100,56,44,618,426,192,108,68,40,73,44,29,538,320,218,108,75,33
C5120ST,23,0,State-MADHYA PRADESH,Urban,50-59,1726,1021,705,292,159,133,268,152,116,79,51,28,495,316,179,68,41,27,34,19,15,364,206,158,126,77,49
C5120ST,23,0,State-MADHYA PRADESH,Urban,60-69,1615,869,746,329,157,172,226,108,118,47,27,20,505,309,196,39,23,16,21,9,12,274,144,130,174,92,82
C5120ST,23,0,State-MADHYA PRADESH,Urban,70-79,962,453,509,222,88,134,158,78,80,23,12,11,286,144,142,12,5,7,6,3,3,103,56,47,152,67,85
C5120ST,23,0,State-MADHYA PRADESH,Urban,80-89,307,127,180,67,21,46,62,29,33,3,1,2,84,42,42,5,2,3,1,1,0,29,9,20,56,22,34
C5120ST,23,0,State-MADHYA PRADESH,Urban,90+,99,38,61,22,9,13,14,2,12,2,0,2,29,13,16,2,1,1,0,0,0,11,5,6,19,8,11
C5120ST,23,0,State-MADHYA PRADESH,Urban,Age Not Stated,45,24,21,6,3,3,7,6,1,1,0,1,5,2,3,2,2,0,1,1,0,21,8,13,2,2,0
C5120ST,24,0,State-GUJARAT,Total,Total,129483,70604,58879,24076,12311,11765,23188,12000,11188,5400,3146,2254,27504,16562,10942,6639,3760,2879,4297,2373,1924,29651,15682,13969,8728,4770,3958
C5120ST,24,0,State-GUJARAT,Total,0-4,7653,4060,3593,1518,799,719,1470,748,722,140,86,54,825,468,357,174,94,80,56,31,25,3049,1590,1459,421,244,177
C5120ST,24,0,State-GUJARAT,Total,5-9,11588,6355,5233,1998,1043,955,2040,1072,968,852,539,313,1440,836,604,1064,603,461,194,104,90,2826,1471,1355,1174,687,487
C5120ST,24,0,State-GUJARAT,Total,10-19,24850,13556,11294,4165,2097,2068,3934,2145,1789,1449,874,575,4442,2504,1938,2339,1319,1020,623,361,262,5727,3020,2707,2171,1236,935
C5120ST,24,0,State-GUJARAT,Total,20-29,19379,10983,8396,2780,1518,1262,2767,1480,1287,974,534,440,5110,3143,1967,1151,671,480,809,469,340,4567,2449,2118,1221,719,502
C5120ST,24,0,State-GUJARAT,Total,30-39,17182,9945,7237,2529,1411,1118,2669,1467,1202,716,402,314,4476,2911,1565,851,462,389,963,559,404,4286,2331,1955,692,402,290
C5120ST,24,0,State-GUJARAT,Total,40-49,14680,8485,6195,2660,1491,1169,2481,1372,1109,541,307,234,3438,2249,1189,563,322,241,797,427,370,3601,1956,1645,599,361,238
C5120ST,24,0,State-GUJARAT,Total,50-59,11866,6660,5206,2536,1321,1215,2324,1240,1084,345,198,147,2902,1885,1017,287,162,125,478,252,226,2514,1338,1176,480,264,216
C5120ST,24,0,State-GUJARAT,Total,60-69,11209,5618,5591,2987,1398,1589,2542,1193,1349,228,126,102,2595,1464,1131,119,81,38,245,120,125,1769,884,885,724,352,372
C5120ST,24,0,State-GUJARAT,Total,70-79,7292,3241,4051,1968,832,1136,2006,867,1139,97,46,51,1567,769,798,51,26,25,85,33,52,807,374,433,711,294,417
C5120ST,24,0,State-GUJARAT,Total,80-89,2333,1018,1315,643,272,371,636,280,356,24,15,9,456,205,251,13,8,5,21,7,14,191,94,97,349,137,212
C5120ST,24,0,State-GUJARAT,Total,90+,757,325,432,172,64,108,185,76,109,11,7,4,129,61,68,4,0,4,7,2,5,99,59,40,150,56,94
C5120ST,24,0,State-GUJARAT,Total,Age Not Stated,694,358,336,120,65,55,134,60,74,23,12,11,124,67,57,23,12,11,19,8,11,215,116,99,36,18,18
C5120ST,24,0,State-GUJARAT,Rural,Total,112484,61293,51191,20282,10348,9934,19710,10186,9524,4545,2671,1874,24798,14941,9857,5975,3365,2610,3825,2095,1730,25561,13450,12111,7788,4237,3551
C5120ST,24,0,State-GUJARAT,Rural,0-4,6677,3553,3124,1268,672,596,1237,632,605,125,77,48,769,430,339,158,85,73,50,29,21,2688,1407,1281,382,221,161
C5120ST,24,0,State-GUJARAT,Rural,5-9,10391,5713,4678,1725,898,827,1764,948,816,782,503,279,1344,782,562,1002,566,436,175,90,85,2506,1294,1212,1093,632,461
C5120ST,24,0,State-GUJARAT,Rural,10-19,21541,11698,9843,3437,1730,1707,3275,1770,1505,1239,751,488,4098,2309,1789,2148,1213,935,532,313,219,4938,2558,2380,1874,1054,820
C5120ST,24,0,State-GUJARAT,Rural,20-29,16279,9251,7028,2135,1174,961,2202,1178,1024,765,427,338,4601,2839,1762,992,566,426,715,407,308,3800,2026,1774,1069,634,435
C5120ST,24,0,State-GUJARAT,Rural,30-39,14646,8478,6168,2019,1140,879,2174,1194,980,600,334,266,3990,2596,1394,749,398,351,863,495,368,3640,1970,1670,611,351,260
C5120ST,24,0,State-GUJARAT,Rural,40-49,12552,7279,5273,2191,1235,956,2045,1141,904,436,245,191,3074,2011,1063,499,288,211,711,377,334,3051,1654,1397,545,328,217
C5120ST,24,0,State-GUJARAT,Rural,50-59,10325,5771,4554,2172,1117,1055,2016,1069,947,281,164,117,2557,1654,903,242,138,104,434,224,210,2206,1177,1029,417,228,189
C5120ST,24,0,State-GUJARAT,Rural,60-69,10070,5049,5021,2686,1247,1439,2306,1079,1227,188,102,86,2323,1318,1005,105,70,35,224,113,111,1570,794,776,668,326,342
C5120ST,24,0,State-GUJARAT,Rural,70-79,6632,2977,3655,1807,773,1034,1838,799,1039,81,38,43,1400,697,703,48,23,25,80,33,47,727,339,388,651,275,376
C5120ST,24,0,State-GUJARAT,Rural,80-89,2119,929,1190,589,252,337,586,260,326,21,15,6,415,187,228,11,7,4,19,5,14,170,83,87,308,120,188
C5120ST,24,0,State-GUJARAT,Rural,90+,668,291,377,151,57,94,160,65,95,7,4,3,113,55,58,3,0,3,7,2,5,89,56,33,138,52,86
C5120ST,24,0,State-GUJARAT,Rural,Age Not Stated,584,304,280,102,53,49,107,51,56,20,11,9,114,63,51,18,11,7,15,7,8,176,92,84,32,16,16
C5120ST,24,0,State-GUJARAT,Urban,Total,16999,9311,7688,3794,1963,1831,3478,1814,1664,855,475,380,2706,1621,1085,664,395,269,472,278,194,4090,2232,1858,940,533,407
C5120ST,24,0,State-GUJARAT,Urban,0-4,976,507,469,250,127,123,233,116,117,15,9,6,56,38,18,16,9,7,6,2,4,361,183,178,39,23,16
C5120ST,24,0,State-GUJARAT,Urban,5-9,1197,642,555,273,145,128,276,124,152,70,36,34,96,54,42,62,37,25,19,14,5,320,177,143,81,55,26
C5120ST,24,0,State-GUJARAT,Urban,10-19,3309,1858,1451,728,367,361,659,375,284,210,123,87,344,195,149,191,106,85,91,48,43,789,462,327,297,182,115
C5120ST,24,0,State-GUJARAT,Urban,20-29,3100,1732,1368,645,344,301,565,302,263,209,107,102,509,304,205,159,105,54,94,62,32,767,423,344,152,85,67
C5120ST,24,0,State-GUJARAT,Urban,30-39,2536,1467,1069,510,271,239,495,273,222,116,68,48,486,315,171,102,64,38,100,64,36,646,361,285,81,51,30
C5120ST,24,0,State-GUJARAT,Urban,40-49,2128,1206,922,469,256,213,436,231,205,105,62,43,364,238,126,64,34,30,86,50,36,550,302,248,54,33,21
C5120ST,24,0,State-GUJARAT,Urban,50-59,1541,889,652,364,204,160,308,171,137,64,34,30,345,231,114,45,24,21,44,28,16,308,161,147,63,36,27
C5120ST,24,0,State-GUJARAT,Urban,60-69,1139,569,570,301,151,150,236,114,122,40,24,16,272,146,126,14,11,3,21,7,14,199,90,109,56,26,30
C5120ST,24,0,State-GUJARAT,Urban,70-79,660,264,396,161,59,102,168,68,100,16,8,8,167,72,95,3,3,0,5,0,5,80,35,45,60,19,41
C5120ST,24,0,State-GUJARAT,Urban,80-89,214,89,125,54,20,34,50,20,30,3,0,3,41,18,23,2,1,1,2,2,0,21,11,10,41,17,24
C5120ST,24,0,State-GUJARAT,Urban,90+,89,34,55,21,7,14,25,11,14,4,3,1,16,6,10,1,0,1,0,0,0,10,3,7,12,4,8
C5120ST,24,0,State-GUJARAT,Urban,Age Not Stated,110,54,56,18,12,6,27,9,18,3,1,2,10,4,6,5,1,4,4,1,3,39,24,15,4,2,2
C5120ST,25,0,State-DAMAN & DIU,Total,Total,200,100,100,43,25,18,39,11,28,16,9,7,55,30,25,12,6,6,8,4,4,15,12,3,12,3,9
C5120ST,25,0,State-DAMAN & DIU,Total,0-4,6,3,3,1,1,0,2,0,2,0,0,0,1,0,1,0,0,0,0,0,0,2,2,0,0,0,0
C5120ST,25,0,State-DAMAN & DIU,Total,5-9,8,6,2,0,0,0,2,2,0,3,2,1,0,0,0,0,0,0,1,1,0,0,0,0,2,1,1
C5120ST,25,0,State-DAMAN & DIU,Total,10-19,32,16,16,3,2,1,6,1,5,5,3,2,7,4,3,6,3,3,1,1,0,3,2,1,1,0,1
C5120ST,25,0,State-DAMAN & DIU,Total,20-29,34,14,20,4,2,2,10,4,6,2,1,1,13,5,8,1,0,1,1,0,1,2,1,1,1,1,0
C5120ST,25,0,State-DAMAN & DIU,Total,30-39,35,20,15,5,4,1,6,0,6,1,1,0,14,9,5,4,2,2,1,1,0,3,3,0,1,0,1
C5120ST,25,0,State-DAMAN & DIU,Total,40-49,24,15,9,9,5,4,3,1,2,2,2,0,4,3,1,1,1,0,1,0,1,3,3,0,1,0,1
C5120ST,25,0,State-DAMAN & DIU,Total,50-59,21,9,12,8,3,5,2,1,1,1,0,1,6,4,2,0,0,0,2,0,2,1,1,0,1,0,1
C5120ST,25,0,State-DAMAN & DIU,Total,60-69,25,14,11,12,7,5,4,2,2,1,0,1,5,3,2,0,0,0,1,1,0,1,0,1,1,1,0
C5120ST,25,0,State-DAMAN & DIU,Total,70-79,9,2,7,1,1,0,3,0,3,1,0,1,3,1,2,0,0,0,0,0,0,0,0,0,1,0,1
C5120ST,25,0,State-DAMAN & DIU,Total,80-89,2,0,2,0,0,0,1,0,1,0,0,0,1,0,1,0,0,0,0,0,0,0,0,0,0,0,0
C5120ST,25,0,State-DAMAN & DIU,Total,90+,4,1,3,0,0,0,0,0,0,0,0,0,1,1,0,0,0,0,0,0,0,0,0,0,3,0,3
C5120ST,25,0,State-DAMAN & DIU,Total,Age Not Stated,0,0,0,0,0,0,0,0,0,0,0,0,0,0,0,0,0,0,0,0,0,0,0,0,0,0,0
C5120ST,25,0,State-DAMAN & DIU,Rural,Total,91,45,46,28,15,13,13,4,9,9,4,5,25,13,12,7,3,4,3,1,2,5,5,0,1,0,1
C5120ST,25,0,State-DAMAN & DIU,Rural,0-4,3,3,0,1,1,0,0,0,0,0,0,0,0,0,0,0,0,0,0,0,0,2,2,0,0,0,0
C5120ST,25,0,State-DAMAN & DIU,Rural,5-9,2,2,0,0,0,0,1,1,0,1,1,0,0,0,0,0,0,0,0,0,0,0,0,0,0,0,0
C5120ST,25,0,State-DAMAN & DIU,Rural,10-19,15,7,8,3,2,1,2,0,2,3,1,2,4,3,1,3,1,2,0,0,0,0,0,0,0,0,0
C5120ST,25,0,State-DAMAN & DIU,Rural,20-29,13,2,11,2,0,2,2,1,1,1,0,1,6,1,5,1,0,1,1,0,1,0,0,0,0,0,0
C5120ST,25,0,State-DAMAN & DIU,Rural,30-39,15,10,5,2,2,0,1,0,1,0,0,0,7,4,3,2,1,1,1,1,0,2,2,0,0,0,0
C5120ST,25,0,State-DAMAN & DIU,Rural,40-49,14,10,4,6,4,2,2,1,1,2,2,0,2,1,1,1,1,0,0,0,0,1,1,0,0,0,0
C5120ST,25,0,State-DAMAN & DIU,Rural,50-59,14,6,8,8,3,5,1,0,1,0,0,0,4,3,1,0,0,0,1,0,1,0,0,0,0,0,0
C5120ST,25,0,State-DAMAN & DIU,Rural,60-69,10,5,5,6,3,3,2,1,1,1,0,1,1,1,0,0,0,0,0,0,0,0,0,0,0,0,0
C5120ST,25,0,State-DAMAN & DIU,Rural,70-79,4,0,4,0,0,0,2,0,2,1,0,1,1,0,1,0,0,0,0,0,0,0,0,0,0,0,0
C5120ST,25,0,State-DAMAN & DIU,Rural,80-89,0,0,0,0,0,0,0,0,0,0,0,0,0,0,0,0,0,0,0,0,0,0,0,0,0,0,0
C5120ST,25,0,State-DAMAN & DIU,Rural,90+,1,0,1,0,0,0,0,0,0,0,0,0,0,0,0,0,0,0,0,0,0,0,0,0,1,0,1
C5120ST,25,0,State-DAMAN & DIU,Rural,Age Not Stated,0,0,0,0,0,0,0,0,0,0,0,0,0,0,0,0,0,0,0,0,0,0,0,0,0,0,0
C5120ST,25,0,State-DAMAN & DIU,Urban,Total,109,55,54,15,10,5,26,7,19,7,5,2,30,17,13,5,3,2,5,3,2,10,7,3,11,3,8
C5120ST,25,0,State-DAMAN & DIU,Urban,0-4,3,0,3,0,0,0,2,0,2,0,0,0,1,0,1,0,0,0,0,0,0,0,0,0,0,0,0
C5120ST,25,0,State-DAMAN & DIU,Urban,5-9,6,4,2,0,0,0,1,1,0,2,1,1,0,0,0,0,0,0,1,1,0,0,0,0,2,1,1
C5120ST,25,0,State-DAMAN & DIU,Urban,10-19,17,9,8,0,0,0,4,1,3,2,2,0,3,1,2,3,2,1,1,1,0,3,2,1,1,0,1
C5120ST,25,0,State-DAMAN & DIU,Urban,20-29,21,12,9,2,2,0,8,3,5,1,1,0,7,4,3,0,0,0,0,0,0,2,1,1,1,1,0
C5120ST,25,0,State-DAMAN & DIU,Urban,30-39,20,10,10,3,2,1,5,0,5,1,1,0,7,5,2,2,1,1,0,0,0,1,1,0,1,0,1
C5120ST,25,0,State-DAMAN & DIU,Urban,40-49,10,5,5,3,1,2,1,0,1,0,0,0,2,2,0,0,0,0,1,0,1,2,2,0,1,0,1
C5120ST,25,0,State-DAMAN & DIU,Urban,50-59,7,3,4,0,0,0,1,1,0,1,0,1,2,1,1,0,0,0,1,0,1,1,1,0,1,0,1
C5120ST,25,0,State-DAMAN & DIU,Urban,60-69,15,9,6,6,4,2,2,1,1,0,0,0,4,2,2,0,0,0,1,1,0,1,0,1,1,1,0
C5120ST,25,0,State-DAMAN & DIU,Urban,70-79,5,2,3,1,1,0,1,0,1,0,0,0,2,1,1,0,0,0,0,0,0,0,0,0,1,0,1
C5120ST,25,0,State-DAMAN & DIU,Urban,80-89,2,0,2,0,0,0,1,0,1,0,0,0,1,0,1,0,0,0,0,0,0,0,0,0,0,0,0
C5120ST,25,0,State-DAMAN & DIU,Urban,90+,3,1,2,0,0,0,0,0,0,0,0,0,1,1,0,0,0,0,0,0,0,0,0,0,2,0,2
C5120ST,25,0,State-DAMAN & DIU,Urban,Age Not Stated,0,0,0,0,0,0,0,0,0,0,0,0,0,0,0,0,0,0,0,0,0,0,0,0,0,0,0
C5120ST,26,0,State-DADRA & NAGAR HAVELI,Total,Total,2077,1140,937,291,147,144,416,227,189,131,71,60,413,259,154,128,70,58,92,54,38,246,127,119,360,185,175
C5120ST,26,0,State-DADRA & NAGAR HAVELI,Total,0-4,110,64,46,15,9,6,26,17,9,5,2,3,11,9,2,3,2,1,1,1,0,18,7,11,31,17,14
C5120ST,26,0,State-DADRA & NAGAR HAVELI,Total,5-9,177,94,83,17,7,10,29,13,16,15,11,4,19,11,8,18,12,6,2,1,1,25,10,15,52,29,23
C5120ST,26,0,State-DADRA & NAGAR HAVELI,Total,10-19,428,248,180,39,20,19,62,42,20,36,18,18,58,41,17,51,26,25,15,7,8,55,32,23,112,62,50
C5120ST,26,0,State-DADRA & NAGAR HAVELI,Total,20-29,345,179,166,51,27,24,52,29,23,27,13,14,71,39,32,31,14,17,19,9,10,45,21,24,49,27,22
C5120ST,26,0,State-DADRA & NAGAR HAVELI,Total,30-39,268,167,101,29,19,10,50,34,16,20,12,8,73,49,24,7,3,4,22,16,6,30,16,14,37,18,19
C5120ST,26,0,State-DADRA & NAGAR HAVELI,Total,40-49,248,144,104,42,24,18,42,21,21,15,8,7,59,36,23,8,6,2,20,12,8,37,24,13,25,13,12
C5120ST,26,0,State-DADRA & NAGAR HAVELI,Total,50-59,154,87,67,25,15,10,34,15,19,7,4,3,43,30,13,5,3,2,5,3,2,19,10,9,16,7,9
C5120ST,26,0,State-DADRA & NAGAR HAVELI,Total,60-69,183,95,88,37,13,24,52,29,23,4,3,1,47,32,15,4,3,1,6,4,2,9,4,5,24,7,17
C5120ST,26,0,State-DADRA & NAGAR HAVELI,Total,70-79,125,48,77,29,9,20,51,20,31,1,0,1,27,10,17,0,0,0,2,1,1,6,3,3,9,5,4
C5120ST,26,0,State-DADRA & NAGAR HAVELI,Total,80-89,28,9,19,5,3,2,12,4,8,1,0,1,5,2,3,0,0,0,0,0,0,2,0,2,3,0,3
C5120ST,26,0,State-DADRA & NAGAR HAVELI,Total,90+,5,2,3,2,1,1,0,0,0,0,0,0,0,0,0,1,1,0,0,0,0,0,0,0,2,0,2
C5120ST,26,0,State-DADRA & NAGAR HAVELI,Total,Age Not Stated,6,3,3,0,0,0,6,3,3,0,0,0,0,0,0,0,0,0,0,0,0,0,0,0,0,0,0
C5120ST,26,0,State-DADRA & NAGAR HAVELI,Rural,Total,1779,968,811,239,119,120,359,195,164,105,59,46,342,210,132,109,61,48,82,47,35,214,111,103,329,166,163
C5120ST,26,0,State-DADRA & NAGAR HAVELI,Rural,0-4,100,57,43,11,6,5,23,15,8,5,2,3,9,7,2,3,2,1,1,1,0,17,7,10,31,17,14
C5120ST,26,0,State-DADRA & NAGAR HAVELI,Rural,5-9,157,83,74,12,5,7,27,13,14,13,9,4,15,9,6,14,8,6,2,1,1,24,10,14,50,28,22
C5120ST,26,0,State-DADRA & NAGAR HAVELI,Rural,10-19,372,217,155,32,18,14,53,35,18,26,14,12,48,33,15,46,26,20,14,6,8,48,29,19,105,56,49
C5120ST,26,0,State-DADRA & NAGAR HAVELI,Rural,20-29,279,143,136,40,22,18,45,25,20,19,9,10,56,32,24,25,11,14,18,8,10,34,13,21,42,23,19
C5120ST,26,0,State-DADRA & NAGAR HAVELI,Rural,30-39,221,139,82,23,14,9,38,25,13,19,12,7,58,40,18,5,3,2,20,14,6,25,14,11,33,17,16
C5120ST,26,0,State-DADRA & NAGAR HAVELI,Rural,40-49,210,120,90,36,21,15,35,16,19,12,6,6,50,29,21,7,5,2,16,10,6,32,22,10,22,11,11
C5120ST,26,0,State-DADRA & NAGAR HAVELI,Rural,50-59,132,73,59,20,12,8,32,14,18,5,4,1,36,23,13,5,3,2,4,3,1,18,9,9,12,5,7
C5120ST,26,0,State-DADRA & NAGAR HAVELI,Rural,60-69,164,80,84,34,11,23,46,25,21,4,3,1,40,26,14,3,2,1,6,4,2,9,4,5,22,5,17
C5120ST,26,0,State-DADRA & NAGAR HAVELI,Rural,70-79,111,43,68,25,7,18,44,20,24,1,0,1,26,9,17,0,0,0,1,0,1,6,3,3,8,4,4
C5120ST,26,0,State-DADRA & NAGAR HAVELI,Rural,80-89,24,9,15,5,3,2,10,4,6,1,0,1,4,2,2,0,0,0,0,0,0,1,0,1,3,0,3
C5120ST,26,0,State-DADRA & NAGAR HAVELI,Rural,90+,3,1,2,1,0,1,0,0,0,0,0,0,0,0,0,1,1,0,0,0,0,0,0,0,1,0,1
C5120ST,26,0,State-DADRA & NAGAR HAVELI,Rural,Age Not Stated,6,3,3,0,0,0,6,3,3,0,0,0,0,0,0,0,0,0,0,0,0,0,0,0,0,0,0
C5120ST,26,0,State-DADRA & NAGAR HAVELI,Urban,Total,298,172,126,52,28,24,57,32,25,26,12,14,71,49,22,19,9,10,10,7,3,32,16,16,31,19,12
C5120ST,26,0,State-DADRA & NAGAR HAVELI,Urban,0-4,10,7,3,4,3,1,3,2,1,0,0,0,2,2,0,0,0,0,0,0,0,1,0,1,0,0,0
C5120ST,26,0,State-DADRA & NAGAR HAVELI,Urban,5-9,20,11,9,5,2,3,2,0,2,2,2,0,4,2,2,4,4,0,0,0,0,1,0,1,2,1,1
C5120ST,26,0,State-DADRA & NAGAR HAVELI,Urban,10-19,56,31,25,7,2,5,9,7,2,10,4,6,10,8,2,5,0,5,1,1,0,7,3,4,7,6,1
C5120ST,26,0,State-DADRA & NAGAR HAVELI,Urban,20-29,66,36,30,11,5,6,7,4,3,8,4,4,15,7,8,6,3,3,1,1,0,11,8,3,7,4,3
C5120ST,26,0,State-DADRA & NAGAR HAVELI,Urban,30-39,47,28,19,6,5,1,12,9,3,1,0,1,15,9,6,2,0,2,2,2,0,5,2,3,4,1,3
C5120ST,26,0,State-DADRA & NAGAR HAVELI,Urban,40-49,38,24,14,6,3,3,7,5,2,3,2,1,9,7,2,1,1,0,4,2,2,5,2,3,3,2,1
C5120ST,26,0,State-DADRA & NAGAR HAVELI,Urban,50-59,22,14,8,5,3,2,2,1,1,2,0,2,7,7,0,0,0,0,1,0,1,1,1,0,4,2,2
C5120ST,26,0,State-DADRA & NAGAR HAVELI,Urban,60-69,19,15,4,3,2,1,6,4,2,0,0,0,7,6,1,1,1,0,0,0,0,0,0,0,2,2,0
C5120ST,26,0,State-DADRA & NAGAR HAVELI,Urban,70-79,14,5,9,4,2,2,7,0,7,0,0,0,1,1,0,0,0,0,1,1,0,0,0,0,1,1,0
C5120ST,26,0,State-DADRA & NAGAR HAVELI,Urban,80-89,4,0,4,0,0,0,2,0,2,0,0,0,1,0,1,0,0,0,0,0,0,1,0,1,0,0,0
C5120ST,26,0,State-DADRA & NAGAR HAVELI,Urban,90+,2,1,1,1,1,0,0,0,0,0,0,0,0,0,0,0,0,0,0,0,0,0,0,0,1,0,1
C5120ST,26,0,State-DADRA & NAGAR HAVELI,Urban,Age Not Stated,0,0,0,0,0,0,0,0,0,0,0,0,0,0,0,0,0,0,0,0,0,0,0,0,0,0,0
C5120ST,27,0,State-MAHARASHTRA,Total,Total,216706,120466,96240,45688,24125,21563,38118,20776,17342,19237,10462,8775,44336,28088,16248,10751,5739,5012,4320,2283,2037,41088,21652,19436,13168,7341,5827
C5120ST,27,0,State-MAHARASHTRA,Total,0-4,12753,6799,5954,2906,1532,1374,2254,1161,1093,302,157,145,1393,802,591,531,290,241,54,29,25,4665,2457,2208,648,371,277
C5120ST,27,0,State-MAHARASHTRA,Total,5-9,19185,10488,8697,4054,2150,1904,3195,1718,1477,1989,1083,906,2303,1385,918,1487,827,660,131,79,52,4463,2329,2134,1563,917,646
C5120ST,27,0,State-MAHARASHTRA,Total,10-19,42663,23578,19085,8688,4786,3902,7386,4096,3290,3941,2118,1823,6379,3786,2593,3873,2127,1746,438,234,204,8698,4606,4092,3260,1825,1435
C5120ST,27,0,State-MAHARASHTRA,Total,20-29,34313,19370,14943,5889,3273,2616,5309,2923,2386,3610,1927,1683,8278,5261,3017,2029,1007,1022,787,430,357,6506,3447,3059,1905,1102,803
C5120ST,27,0,State-MAHARASHTRA,Total,30-39,28704,16843,11861,4975,2891,2084,4731,2765,1966,3298,1811,1487,6969,4638,2331,1227,660,567,1008,554,454,5245,2789,2456,1251,735,516
C5120ST,27,0,State-MAHARASHTRA,Total,40-49,23814,14210,9604,4540,2653,1887,4156,2448,1708,2512,1438,1074,5636,3841,1795,792,409,383,889,484,405,4269,2325,1944,1020,612,408
C5120ST,27,0,State-MAHARASHTRA,Total,50-59,18401,10871,7530,3904,2105,1799,3376,1940,1436,1660,925,735,4817,3371,1446,411,224,187,521,261,260,2975,1595,1380,737,450,287
C5120ST,27,0,State-MAHARASHTRA,Total,60-69,19092,9710,9382,5274,2352,2922,3788,1844,1944,1127,608,519,4902,2956,1946,227,114,113,315,134,181,2402,1165,1237,1057,537,520
C5120ST,27,0,State-MAHARASHTRA,Total,70-79,11847,5778,6069,3746,1617,2129,2699,1281,1418,458,228,230,2643,1538,1105,92,42,50,123,56,67,1039,513,526,1047,503,544
C5120ST,27,0,State-MAHARASHTRA,Total,80-89,3433,1563,1870,1079,465,614,756,357,399,134,60,74,679,340,339,23,8,15,35,16,19,268,118,150,459,199,260
C5120ST,27,0,State-MAHARASHTRA,Total,90+,1100,486,614,315,127,188,215,106,109,57,32,25,197,89,108,17,6,11,8,3,5,121,59,62,170,64,106
C5120ST,27,0,State-MAHARASHTRA,Total,Age Not Stated,1401,770,631,318,174,144,253,137,116,149,75,74,140,81,59,42,25,17,11,3,8,437,249,188,51,26,25
C5120ST,27,0,State-MAHARASHTRA,Rural,Total,180280,99771,80509,38592,20219,18373,31769,17181,14588,14250,7762,6488,38179,24151,14028,8916,4703,4213,3753,1963,1790,33767,17657,16110,11054,6135,4919
C5120ST,27,0,State-MAHARASHTRA,Rural,0-4,10864,5769,5095,2474,1302,1172,1889,960,929,230,120,110,1264,732,532,445,240,205,49,25,24,3962,2071,1891,551,319,232
C5120ST,27,0,State-MAHARASHTRA,Rural,5-9,16436,9018,7418,3519,1878,1641,2692,1457,1235,1590,881,709,2028,1215,813,1285,712,573,108,67,41,3915,2043,1872,1299,765,534
C5120ST,27,0,State-MAHARASHTRA,Rural,10-19,35741,19697,16044,7354,4037,3317,6162,3399,2763,3032,1640,1392,5524,3271,2253,3249,1767,1482,386,204,182,7349,3877,3472,2685,1502,1183
C5120ST,27,0,State-MAHARASHTRA,Rural,20-29,27569,15578,11991,4669,2572,2097,4170,2290,1880,2610,1395,1215,7127,4557,2570,1646,813,833,684,376,308,5112,2676,2436,1551,899,652
C5120ST,27,0,State-MAHARASHTRA,Rural,30-39,22792,13448,9344,3969,2324,1645,3731,2183,1548,2315,1283,1032,5847,3900,1947,980,515,465,872,473,399,4066,2164,1902,1012,606,406
C5120ST,27,0,State-MAHARASHTRA,Rural,40-49,19182,11350,7832,3682,2130,1552,3354,1958,1396,1775,1009,766,4749,3210,1539,647,324,323,783,426,357,3366,1801,1565,826,492,334
C5120ST,27,0,State-MAHARASHTRA,Rural,50-59,15290,8925,6365,3288,1747,1541,2876,1624,1252,1204,658,546,4132,2880,1252,331,180,151,436,207,229,2403,1262,1141,620,367,253
C5120ST,27,0,State-MAHARASHTRA,Rural,60-69,16709,8433,8276,4673,2071,2602,3415,1650,1765,880,471,409,4306,2588,1718,189,90,99,284,115,169,2009,971,1038,953,477,476
C5120ST,27,0,State-MAHARASHTRA,Rural,70-79,10588,5116,5472,3439,1475,1964,2414,1132,1282,366,178,188,2336,1361,975,79,35,44,103,48,55,897,436,461,954,451,503
C5120ST,27,0,State-MAHARASHTRA,Rural,80-89,3025,1389,1636,989,426,563,665,321,344,101,48,53,577,292,285,21,7,14,32,16,16,223,99,124,417,180,237
C5120ST,27,0,State-MAHARASHTRA,Rural,90+,954,421,533,282,111,171,189,94,95,45,26,19,170,76,94,17,6,11,7,3,4,99,48,51,145,57,88
C5120ST,27,0,State-MAHARASHTRA,Rural,Age Not Stated,1130,627,503,254,146,108,212,113,99,102,53,49,119,69,50,27,14,13,9,3,6,366,209,157,41,20,21
C5120ST,27,0,State-MAHARASHTRA,Urban,Total,36426,20695,15731,7096,3906,3190,6349,3595,2754,4987,2700,2287,6157,3937,2220,1835,1036,799,567,320,247,7321,3995,3326,2114,1206,908
C5120ST,27,0,State-MAHARASHTRA,Urban,0-4,1889,1030,859,432,230,202,365,201,164,72,37,35,129,70,59,86,50,36,5,4,1,703,386,317,97,52,45
C5120ST,27,0,State-MAHARASHTRA,Urban,5-9,2749,1470,1279,535,272,263,503,261,242,399,202,197,275,170,105,202,115,87,23,12,11,548,286,262,264,152,112
C5120ST,27,0,State-MAHARASHTRA,Urban,10-19,6922,3881,3041,1334,749,585,1224,697,527,909,478,431,855,515,340,624,360,264,52,30,22,1349,729,620,575,323,252
C5120ST,27,0,State-MAHARASHTRA,Urban,20-29,6744,3792,2952,1220,701,519,1139,633,506,1000,532,468,1151,704,447,383,194,189,103,54,49,1394,771,623,354,203,151
C5120ST,27,0,State-MAHARASHTRA,Urban,30-39,5912,3395,2517,1006,567,439,1000,582,418,983,528,455,1122,738,384,247,145,102,136,81,55,1179,625,554,239,129,110
C5120ST,27,0,State-MAHARASHTRA,Urban,40-49,4632,2860,1772,858,523,335,802,490,312,737,429,308,887,631,256,145,85,60,106,58,48,903,524,379,194,120,74
C5120ST,27,0,State-MAHARASHTRA,Urban,50-59,3111,1946,1165,616,358,258,500,316,184,456,267,189,685,491,194,80,44,36,85,54,31,572,333,239,117,83,34
C5120ST,27,0,State-MAHARASHTRA,Urban,60-69,2383,1277,1106,601,281,320,373,194,179,247,137,110,596,368,228,38,24,14,31,19,12,393,194,199,104,60,44
C5120ST,27,0,State-MAHARASHTRA,Urban,70-79,1259,662,597,307,142,165,285,149,136,92,50,42,307,177,130,13,7,6,20,8,12,142,77,65,93,52,41
C5120ST,27,0,State-MAHARASHTRA,Urban,80-89,408,174,234,90,39,51,91,36,55,33,12,21,102,48,54,2,1,1,3,0,3,45,19,26,42,19,23
C5120ST,27,0,State-MAHARASHTRA,Urban,90+,146,65,81,33,16,17,26,12,14,12,6,6,27,13,14,0,0,0,1,0,1,22,11,11,25,7,18
C5120ST,27,0,State-MAHARASHTRA,Urban,Age Not Stated,271,143,128,64,28,36,41,24,17,47,22,25,21,12,9,15,11,4,2,0,2,71,40,31,10,6,4
C5120ST,28,0,State-ANDHRA PRADESH,Total,Total,148193,78920,69273,26742,13418,13324,25082,12559,12523,9462,5254,4208,36962,22158,14804,7548,3943,3605,2706,1357,1349,27727,13857,13870,11964,6374,5590
C5120ST,28,0,State-ANDHRA PRADESH,Total,0-4,6223,3356,2867,865,445,420,1282,646,636,190,114,76,911,554,357,268,148,120,56,32,24,2123,1116,1007,528,301,227
C5120ST,28,0,State-ANDHRA PRADESH,Total,5-9,11476,6298,5178,1446,797,649,2117,1075,1042,1458,867,591,1628,951,677,937,515,422,181,100,81,2393,1240,1153,1316,753,563
C5120ST,28,0,State-ANDHRA PRADESH,Total,10-19,26915,14300,12615,3228,1781,1447,4998,2581,2417,2553,1365,1188,5268,3047,2221,2255,1161,1094,527,266,261,5410,2617,2793,2676,1482,1194
C5120ST,28,0,State-ANDHRA PRADESH,Total,20-29,24197,13159,11038,2658,1449,1209,3757,1823,1934,1898,1016,882,7351,4509,2842,1557,813,744,521,243,278,4775,2381,2394,1680,925,755
C5120ST,28,0,State-ANDHRA PRADESH,Total,30-39,18823,10424,8399,2510,1386,1124,3409,1670,1739,1286,710,576,5266,3381,1885,1025,518,507,488,252,236,3804,1933,1871,1035,574,461
C5120ST,28,0,State-ANDHRA PRADESH,Total,40-49,15965,8998,6967,2811,1498,1313,2882,1531,1351,842,502,340,4464,2863,1601,718,383,335,399,195,204,3050,1571,1479,799,455,344
C5120ST,28,0,State-ANDHRA PRADESH,Total,50-59,13433,7094,6339,3211,1553,1658,2158,1092,1066,531,286,245,4007,2375,1632,355,186,169,228,110,118,2164,1086,1078,779,406,373
C5120ST,28,0,State-ANDHRA PRADESH,Total,60-69,17484,8529,8955,5586,2462,3124,2605,1216,1389,432,235,197,4843,2744,2099,267,137,130,191,91,100,2104,971,1133,1456,673,783
C5120ST,28,0,State-ANDHRA PRADESH,Total,70-79,8656,4413,4243,3050,1452,1598,1169,573,596,142,82,60,2193,1234,959,91,45,46,73,45,28,889,444,445,1049,538,511
C5120ST,28,0,State-ANDHRA PRADESH,Total,80-89,2640,1140,1500,918,388,530,341,147,194,38,22,16,671,312,359,19,7,12,13,5,8,224,91,133,416,168,248
C5120ST,28,0,State-ANDHRA PRADESH,Total,90+,743,298,445,206,78,128,99,41,58,11,10,1,151,61,90,8,3,5,4,2,2,95,33,62,169,70,99
C5120ST,28,0,State-ANDHRA PRADESH,Total,Age Not Stated,1638,911,727,253,129,124,265,164,101,81,45,36,209,127,82,48,27,21,25,16,9,696,374,322,61,29,32
C5120ST,28,0,State-ANDHRA PRADESH,Rural,Total,130917,69437,61480,24006,11977,12029,21429,10569,10860,7811,4360,3451,33764,20206,13558,6751,3493,3258,2470,1240,1230,23708,11761,11947,10978,5831,5147
C5120ST,28,0,State-ANDHRA PRADESH,Rural,0-4,5245,2844,2401,671,344,327,1045,530,515,166,103,63,842,517,325,235,127,108,50,29,21,1769,927,842,467,267,200
C5120ST,28,0,State-ANDHRA PRADESH,Rural,5-9,10059,5526,4533,1204,661,543,1811,916,895,1263,757,506,1490,876,614,865,471,394,164,93,71,2057,1066,991,1205,686,519
C5120ST,28,0,State-ANDHRA PRADESH,Rural,10-19,23177,12170,11007,2656,1462,1194,4072,1972,2100,2142,1158,984,4797,2779,2018,2000,1020,980,475,237,238,4624,2210,2414,2411,1332,1079
C5120ST,28,0,State-ANDHRA PRADESH,Rural,20-29,20730,11416,9314,2218,1245,973,3096,1530,1566,1554,840,714,6556,4024,2532,1373,723,650,476,227,249,3960,1998,1962,1497,829,668
C5120ST,28,0,State-ANDHRA PRADESH,Rural,30-39,16144,8883,7261,2149,1168,981,2882,1389,1493,993,561,432,4725,3029,1696,898,441,457,432,221,211,3140,1554,1586,925,520,405
C5120ST,28,0,State-ANDHRA PRADESH,Rural,40-49,14174,7926,6248,2542,1354,1188,2532,1332,1200,665,381,284,4055,2581,1474,656,345,311,369,178,191,2621,1339,1282,734,416,318
C5120ST,28,0,State-ANDHRA PRADESH,Rural,50-59,12203,6405,5798,2994,1448,1546,1914,968,946,422,222,200,3702,2185,1517,333,174,159,210,102,108,1905,930,975,723,376,347
C5120ST,28,0,State-ANDHRA PRADESH,Rural,60-69,16487,8019,8468,5353,2354,2999,2446,1140,1306,374,202,172,4559,2580,1979,243,121,122,188,90,98,1929,894,1035,1395,638,757
C5120ST,28,0,State-ANDHRA PRADESH,Rural,70-79,8194,4162,4032,2924,1386,1538,1078,528,550,129,72,57,2088,1174,914,81,37,44,68,43,25,823,410,413,1003,512,491
C5120ST,28,0,State-ANDHRA PRADESH,Rural,80-89,2483,1080,1403,887,376,511,300,136,164,29,20,9,631,294,337,16,5,11,13,5,8,206,83,123,401,161,240
C5120ST,28,0,State-ANDHRA PRADESH,Rural,90+,669,265,404,193,74,119,88,34,54,6,5,1,134,56,78,7,3,4,4,2,2,74,25,49,163,66,97
C5120ST,28,0,State-ANDHRA PRADESH,Rural,Age Not Stated,1352,741,611,215,105,110,165,94,71,68,39,29,185,111,74,44,26,18,21,13,8,600,325,275,54,28,26
C5120ST,28,0,State-ANDHRA PRADESH,Urban,Total,17276,9483,7793,2736,1441,1295,3653,1990,1663,1651,894,757,3198,1952,1246,797,450,347,236,117,119,4019,2096,1923,986,543,443
C5120ST,28,0,State-ANDHRA PRADESH,Urban,0-4,978,512,466,194,101,93,237,116,121,24,11,13,69,37,32,33,21,12,6,3,3,354,189,165,61,34,27
C5120ST,28,0,State-ANDHRA PRADESH,Urban,5-9,1417,772,645,242,136,106,306,159,147,195,110,85,138,75,63,72,44,28,17,7,10,336,174,162,111,67,44
C5120ST,28,0,State-ANDHRA PRADESH,Urban,10-19,3738,2130,1608,572,319,253,926,609,317,411,207,204,471,268,203,255,141,114,52,29,23,786,407,379,265,150,115
C5120ST,28,0,State-ANDHRA PRADESH,Urban,20-29,3467,1743,1724,440,204,236,661,293,368,344,176,168,795,485,310,184,90,94,45,16,29,815,383,432,183,96,87
C5120ST,28,0,State-ANDHRA PRADESH,Urban,30-39,2679,1541,1138,361,218,143,527,281,246,293,149,144,541,352,189,127,77,50,56,31,25,664,379,285,110,54,56
C5120ST,28,0,State-ANDHRA PRADESH,Urban,40-49,1791,1072,719,269,144,125,350,199,151,177,121,56,409,282,127,62,38,24,30,17,13,429,232,197,65,39,26
C5120ST,28,0,State-ANDHRA PRADESH,Urban,50-59,1230,689,541,217,105,112,244,124,120,109,64,45,305,190,115,22,12,10,18,8,10,259,156,103,56,30,26
C5120ST,28,0,State-ANDHRA PRADESH,Urban,60-69,997,510,487,233,108,125,159,76,83,58,33,25,284,164,120,24,16,8,3,1,2,175,77,98,61,35,26
C5120ST,28,0,State-ANDHRA PRADESH,Urban,70-79,462,251,211,126,66,60,91,45,46,13,10,3,105,60,45,10,8,2,5,2,3,66,34,32,46,26,20
C5120ST,28,0,State-ANDHRA PRADESH,Urban,80-89,157,60,97,31,12,19,41,11,30,9,2,7,40,18,22,3,2,1,0,0,0,18,8,10,15,7,8
C5120ST,28,0,State-ANDHRA PRADESH,Urban,90+,74,33,41,13,4,9,11,7,4,5,5,0,17,5,12,1,0,1,0,0,0,21,8,13,6,4,2
C5120ST,28,0,State-ANDHRA PRADESH,Urban,Age Not Stated,286,170,116,38,24,14,100,70,30,13,6,7,24,16,8,4,1,3,4,3,1,96,49,47,7,1,6
C5120ST,29,0,State-KARNATAKA,Total,Total,93102,50386,42716,17139,8316,8823,16451,8502,7949,8552,4575,3977,21025,13100,7925,5751,2975,2776,1272,636,636,15543,8234,7309,7369,4048,3321
C5120ST,29,0,State-KARNATAKA,Total,0-4,4456,2363,2093,797,389,408,999,516,483,134,75,59,562,338,224,246,135,111,20,13,7,1331,697,634,367,200,167
C5120ST,29,0,State-KARNATAKA,Total,5-9,7582,4243,3339,1054,550,504,1318,724,594,1094,605,489,1091,650,441,688,401,287,29,13,16,1361,719,642,947,581,366
C5120ST,29,0,State-KARNATAKA,Total,10-19,19272,10446,8826,2862,1549,1313,3143,1678,1465,2401,1320,1081,3730,2107,1623,1839,969,870,205,110,95,3170,1649,1521,1922,1064,858
C5120ST,29,0,State-KARNATAKA,Total,20-29,16789,9182,7607,2215,1167,1048,2750,1437,1313,1748,922,826,4725,2859,1866,1187,594,593,231,120,111,2834,1503,1331,1099,580,519
C5120ST,29,0,State-KARNATAKA,Total,30-39,12172,6750,5422,1771,919,852,2173,1122,1051,1180,572,608,3198,2104,1094,733,364,369,262,123,139,2141,1138,1003,714,408,306
C5120ST,29,0,State-KARNATAKA,Total,40-49,9725,5662,4063,1594,848,746,1869,1007,862,863,458,405,2451,1678,773,497,258,239,226,120,106,1708,973,735,517,320,197
C5120ST,29,0,State-KARNATAKA,Total,50-59,7424,4191,3233,1502,682,820,1390,732,658,507,290,217,1960,1337,623,290,135,155,156,72,84,1217,690,527,402,253,149
C5120ST,29,0,State-KARNATAKA,Total,60-69,8017,4137,3880,2414,1044,1370,1411,676,735,381,208,173,1944,1287,657,197,90,107,96,46,50,1059,524,535,515,262,253
C5120ST,29,0,State-KARNATAKA,Total,70-79,5026,2348,2678,1938,786,1152,904,405,499,165,88,77,961,567,394,50,18,32,27,10,17,493,239,254,488,235,253
C5120ST,29,0,State-KARNATAKA,Total,80-89,1969,790,1179,781,300,481,355,149,206,59,27,32,304,135,169,15,6,9,14,5,9,164,71,93,277,97,180
C5120ST,29,0,State-KARNATAKA,Total,90+,584,220,364,195,72,123,114,42,72,12,6,6,91,33,58,6,2,4,4,3,1,50,20,30,112,42,70
C5120ST,29,0,State-KARNATAKA,Total,Age Not Stated,86,54,32,16,10,6,25,14,11,8,4,4,8,5,3,3,3,0,2,1,1,15,11,4,9,6,3
C5120ST,29,0,State-KARNATAKA,Rural,Total,73004,39604,33400,13484,6503,6981,12269,6323,5946,5757,3125,2632,17871,11136,6735,4681,2427,2254,1061,520,541,11616,6155,5461,6265,3415,2850
C5120ST,29,0,State-KARNATAKA,Rural,0-4,3311,1797,1514,558,284,274,722,370,352,87,52,35,485,297,188,186,102,84,18,12,6,942,509,433,313,171,142
C5120ST,29,0,State-KARNATAKA,Rural,5-9,5943,3329,2614,777,407,370,978,526,452,819,451,368,933,563,370,565,333,232,24,10,14,1039,543,496,808,496,312
C5120ST,29,0,State-KARNATAKA,Rural,10-19,15315,8330,6985,2190,1200,990,2353,1269,1084,1768,970,798,3214,1807,1407,1517,798,719,167,93,74,2475,1294,1181,1631,899,732
C5120ST,29,0,State-KARNATAKA,Rural,20-29,12449,6890,5559,1485,802,683,1833,967,866,1117,602,515,3937,2391,1546,967,489,478,193,94,99,2005,1066,939,912,479,433
C5120ST,29,0,State-KARNATAKA,Rural,30-39,8964,5022,3942,1214,625,589,1529,771,758,687,336,351,2652,1769,883,587,293,294,212,97,115,1514,807,707,569,324,245
C5120ST,29,0,State-KARNATAKA,Rural,40-49,7534,4410,3124,1214,651,563,1408,761,647,555,310,245,2057,1397,660,409,209,200,191,99,92,1262,717,545,438,266,172
C5120ST,29,0,State-KARNATAKA,Rural,50-59,5870,3295,2575,1233,552,681,1056,560,496,330,183,147,1663,1131,532,228,105,123,132,61,71,899,497,402,329,206,123
C5120ST,29,0,State-KARNATAKA,Rural,60-69,6877,3542,3335,2136,919,1217,1212,584,628,258,151,107,1700,1114,586,161,74,87,84,38,46,872,437,435,454,225,229
C5120ST,29,0,State-KARNATAKA,Rural,70-79,4443,2076,2367,1772,722,1050,769,351,418,99,52,47,875,512,363,41,16,25,21,7,14,421,201,220,445,215,230
C5120ST,29,0,State-KARNATAKA,Rural,80-89,1742,692,1050,722,276,446,309,125,184,28,12,16,266,121,145,12,4,8,13,5,8,138,58,80,254,91,163
C5120ST,29,0,State-KARNATAKA,Rural,90+,511,193,318,175,62,113,95,37,58,7,5,2,82,29,53,6,2,4,4,3,1,39,18,21,103,37,66
C5120ST,29,0,State-KARNATAKA,Rural,Age Not Stated,45,28,17,8,3,5,5,2,3,2,1,1,7,5,2,2,2,0,2,1,1,10,8,2,9,6,3
C5120ST,29,0,State-KARNATAKA,Urban,Total,20098,10782,9316,3655,1813,1842,4182,2179,2003,2795,1450,1345,3154,1964,1190,1070,548,522,211,116,95,3927,2079,1848,1104,633,471
C5120ST,29,0,State-KARNATAKA,Urban,0-4,1145,566,579,239,105,134,277,146,131,47,23,24,77,41,36,60,33,27,2,1,1,389,188,201,54,29,25
C5120ST,29,0,State-KARNATAKA,Urban,5-9,1639,914,725,277,143,134,340,198,142,275,154,121,158,87,71,123,68,55,5,3,2,322,176,146,139,85,54
C5120ST,29,0,State-KARNATAKA,Urban,10-19,3957,2116,1841,672,349,323,790,409,381,633,350,283,516,300,216,322,171,151,38,17,21,695,355,340,291,165,126
C5120ST,29,0,State-KARNATAKA,Urban,20-29,4340,2292,2048,730,365,365,917,470,447,631,320,311,788,468,320,220,105,115,38,26,12,829,437,392,187,101,86
C5120ST,29,0,State-KARNATAKA,Urban,30-39,3208,1728,1480,557,294,263,644,351,293,493,236,257,546,335,211,146,71,75,50,26,24,627,331,296,145,84,61
C5120ST,29,0,State-KARNATAKA,Urban,40-49,2191,1252,939,380,197,183,461,246,215,308,148,160,394,281,113,88,49,39,35,21,14,446,256,190,79,54,25
C5120ST,29,0,State-KARNATAKA,Urban,50-59,1554,896,658,269,130,139,334,172,162,177,107,70,297,206,91,62,30,32,24,11,13,318,193,125,73,47,26
C5120ST,29,0,State-KARNATAKA,Urban,60-69,1140,595,545,278,125,153,199,92,107,123,57,66,244,173,71,36,16,20,12,8,4,187,87,100,61,37,24
C5120ST,29,0,State-KARNATAKA,Urban,70-79,583,272,311,166,64,102,135,54,81,66,36,30,86,55,31,9,2,7,6,3,3,72,38,34,43,20,23
C5120ST,29,0,State-KARNATAKA,Urban,80-89,227,98,129,59,24,35,46,24,22,31,15,16,38,14,24,3,2,1,1,0,1,26,13,13,23,6,17
C5120ST,29,0,State-KARNATAKA,Urban,90+,73,27,46,20,10,10,19,5,14,5,1,4,9,4,5,0,0,0,0,0,0,11,2,9,9,5,4
C5120ST,29,0,State-KARNATAKA,Urban,Age Not Stated,41,26,15,8,7,1,20,12,8,6,3,3,1,0,1,1,1,0,0,0,0,5,3,2,0,0,0
C5120ST,30,0,State-GOA,Total,Total,3546,1795,1751,564,270,294,595,274,321,360,182,178,702,419,283,156,84,72,183,102,81,673,324,349,313,140,173
C5120ST,30,0,State-GOA,Total,0-4,101,44,57,13,6,7,17,6,11,6,3,3,8,3,5,3,1,2,3,2,1,43,21,22,8,2,6
C5120ST,30,0,State-GOA,Total,5-9,146,81,65,8,6,2,23,12,11,34,17,17,15,9,6,11,7,4,3,2,1,37,18,19,15,10,5
C5120ST,30,0,State-GOA,Total,10-19,350,190,160,49,29,20,49,19,30,58,33,25,39,26,13,32,22,10,8,6,2,81,41,40,34,14,20
C5120ST,30,0,State-GOA,Total,20-29,412,214,198,39,20,19,56,32,24,57,25,32,66,35,31,35,20,15,34,15,19,84,43,41,41,24,17
C5120ST,30,0,State-GOA,Total,30-39,615,345,270,63,28,35,98,55,43,76,36,40,139,89,50,30,16,14,45,33,12,122,69,53,42,19,23
C5120ST,30,0,State-GOA,Total,40-49,535,325,210,89,53,36,83,50,33,49,28,21,109,87,22,23,10,13,46,28,18,104,49,55,32,20,12
C5120ST,30,0,State-GOA,Total,50-59,446,244,202,101,49,52,60,32,28,37,23,14,96,65,31,6,4,2,20,8,12,86,41,45,40,22,18
C5120ST,30,0,State-GOA,Total,60-69,522,217,305,124,49,75,115,34,81,32,14,18,117,68,49,9,2,7,15,5,10,72,29,43,38,16,22
C5120ST,30,0,State-GOA,Total,70-79,270,86,184,52,19,33,66,24,42,7,2,5,74,29,45,6,2,4,5,2,3,25,4,21,35,4,31
C5120ST,30,0,State-GOA,Total,80-89,117,35,82,19,8,11,21,7,14,4,1,3,35,8,27,1,0,1,2,0,2,15,6,9,20,5,15
C5120ST,30,0,State-GOA,Total,90+,27,10,17,7,3,4,7,3,4,0,0,0,3,0,3,0,0,0,1,0,1,2,1,1,7,3,4
C5120ST,30,0,State-GOA,Total,Age Not Stated,5,4,1,0,0,0,0,0,0,0,0,0,1,0,1,0,0,0,1,1,0,2,2,0,1,1,0
C5120ST,30,0,State-GOA,Rural,Total,2217,1144,1073,350,169,181,398,190,208,211,113,98,409,250,159,94,53,41,102,56,46,444,222,222,209,91,118
C5120ST,30,0,State-GOA,Rural,0-4,63,27,36,4,3,1,16,5,11,3,1,2,5,3,2,2,1,1,0,0,0,25,12,13,8,2,6
C5120ST,30,0,State-GOA,Rural,5-9,94,56,38,4,3,1,18,10,8,18,9,9,10,8,2,6,4,2,1,0,1,27,15,12,10,7,3
C5120ST,30,0,State-GOA,Rural,10-19,223,125,98,31,19,12,30,10,20,35,22,13,26,20,6,19,13,6,4,3,1,58,32,26,20,6,14
C5120ST,30,0,State-GOA,Rural,20-29,240,124,116,23,9,14,36,21,15,31,15,16,43,25,18,20,13,7,19,7,12,48,25,23,20,9,11
C5120ST,30,0,State-GOA,Rural,30-39,377,217,160,39,17,22,72,39,33,46,25,21,75,48,27,20,10,10,24,20,4,77,46,31,24,12,12
C5120ST,30,0,State-GOA,Rural,40-49,342,206,136,59,35,24,52,34,18,32,18,14,56,46,10,17,7,10,28,16,12,69,32,37,29,18,11
C5120ST,30,0,State-GOA,Rural,50-59,269,143,126,62,29,33,38,22,16,16,11,5,54,34,20,1,1,0,14,4,10,57,28,29,27,14,13
C5120ST,30,0,State-GOA,Rural,60-69,340,146,194,76,31,45,76,24,52,22,11,11,73,41,32,6,2,4,6,4,2,52,22,30,29,11,18
C5120ST,30,0,State-GOA,Rural,70-79,167,60,107,31,14,17,43,17,26,5,1,4,43,18,25,3,2,1,3,1,2,16,3,13,23,4,19
C5120ST,30,0,State-GOA,Rural,80-89,78,28,50,15,7,8,11,5,6,3,0,3,23,7,16,0,0,0,1,0,1,12,4,8,13,5,8
C5120ST,30,0,State-GOA,Rural,90+,20,8,12,6,2,4,6,3,3,0,0,0,1,0,1,0,0,0,1,0,1,1,1,0,5,2,3
C5120ST,30,0,State-GOA,Rural,Age Not Stated,4,4,0,0,0,0,0,0,0,0,0,0,0,0,0,0,0,0,1,1,0,2,2,0,1,1,0
C5120ST,30,0,State-GOA,Urban,Total,1329,651,678,214,101,113,197,84,113,149,69,80,293,169,124,62,31,31,81,46,35,229,102,127,104,49,55
C5120ST,30,0,State-GOA,Urban,0-4,38,17,21,9,3,6,1,1,0,3,2,1,3,0,3,1,0,1,3,2,1,18,9,9,0,0,0
C5120ST,30,0,State-GOA,Urban,5-9,52,25,27,4,3,1,5,2,3,16,8,8,5,1,4,5,3,2,2,2,0,10,3,7,5,3,2
C5120ST,30,0,State-GOA,Urban,10-19,127,65,62,18,10,8,19,9,10,23,11,12,13,6,7,13,9,4,4,3,1,23,9,14,14,8,6
C5120ST,30,0,State-GOA,Urban,20-29,172,90,82,16,11,5,20,11,9,26,10,16,23,10,13,15,7,8,15,8,7,36,18,18,21,15,6
C5120ST,30,0,State-GOA,Urban,30-39,238,128,110,24,11,13,26,16,10,30,11,19,64,41,23,10,6,4,21,13,8,45,23,22,18,7,11
C5120ST,30,0,State-GOA,Urban,40-49,193,119,74,30,18,12,31,16,15,17,10,7,53,41,12,6,3,3,18,12,6,35,17,18,3,2,1
C5120ST,30,0,State-GOA,Urban,50-59,177,101,76,39,20,19,22,10,12,21,12,9,42,31,11,5,3,2,6,4,2,29,13,16,13,8,5
C5120ST,30,0,State-GOA,Urban,60-69,182,71,111,48,18,30,39,10,29,10,3,7,44,27,17,3,0,3,9,1,8,20,7,13,9,5,4
C5120ST,30,0,State-GOA,Urban,70-79,103,26,77,21,5,16,23,7,16,2,1,1,31,11,20,3,0,3,2,1,1,9,1,8,12,0,12
C5120ST,30,0,State-GOA,Urban,80-89,39,7,32,4,1,3,10,2,8,1,1,0,12,1,11,1,0,1,1,0,1,3,2,1,7,0,7
C5120ST,30,0,State-GOA,Urban,90+,7,2,5,1,1,0,1,0,1,0,0,0,2,0,2,0,0,0,0,0,0,1,0,1,2,1,1
C5120ST,30,0,State-GOA,Urban,Age Not Stated,1,0,1,0,0,0,0,0,0,0,0,0,1,0,1,0,0,0,0,0,0,0,0,0,0,0,0
C5120ST,31,0,State-LAKSHADWEEP,Total,Total,1569,810,759,328,145,183,216,101,115,71,46,25,345,200,145,112,75,37,95,34,61,174,92,82,228,117,111
C5120ST,31,0,State-LAKSHADWEEP,Total,0-4,43,25,18,2,2,0,8,4,4,2,1,1,11,5,6,1,1,0,0,0,0,12,8,4,7,4,3
C5120ST,31,0,State-LAKSHADWEEP,Total,5-9,99,50,49,15,6,9,11,3,8,4,4,0,13,7,6,13,10,3,0,0,0,20,11,9,23,9,14
C5120ST,31,0,State-LAKSHADWEEP,Total,10-19,231,120,111,50,28,22,38,19,19,13,7,6,24,11,13,34,18,16,0,0,0,26,13,13,46,24,22
C5120ST,31,0,State-LAKSHADWEEP,Total,20-29,246,135,111,40,19,21,42,19,23,18,10,8,40,27,13,28,21,7,10,3,7,29,14,15,39,22,17
C5120ST,31,0,State-LAKSHADWEEP,Total,30-39,239,127,112,30,8,22,27,13,14,14,10,4,74,45,29,19,15,4,23,9,14,18,8,10,34,19,15
C5120ST,31,0,State-LAKSHADWEEP,Total,40-49,204,99,105,43,16,27,30,16,14,9,7,2,41,26,15,8,4,4,28,8,20,22,13,9,23,9,14
C5120ST,31,0,State-LAKSHADWEEP,Total,50-59,194,103,91,56,24,32,18,9,9,4,2,2,46,28,18,6,5,1,22,9,13,27,16,11,15,10,5
C5120ST,31,0,State-LAKSHADWEEP,Total,60-69,170,84,86,50,23,27,20,9,11,6,4,2,55,28,27,2,0,2,11,5,6,10,5,5,16,10,6
C5120ST,31,0,State-LAKSHADWEEP,Total,70-79,92,45,47,29,12,17,13,5,8,1,1,0,24,15,9,1,1,0,1,0,1,10,4,6,13,7,6
C5120ST,31,0,State-LAKSHADWEEP,Total,80-89,41,21,20,12,7,5,8,4,4,0,0,0,15,8,7,0,0,0,0,0,0,0,0,0,6,2,4
C5120ST,31,0,State-LAKSHADWEEP,Total,90+,10,1,9,1,0,1,1,0,1,0,0,0,2,0,2,0,0,0,0,0,0,0,0,0,6,1,5
C5120ST,31,0,State-LAKSHADWEEP,Total,Age Not Stated,0,0,0,0,0,0,0,0,0,0,0,0,0,0,0,0,0,0,0,0,0,0,0,0,0,0,0
C5120ST,31,0,State-LAKSHADWEEP,Rural,Total,387,184,203,102,45,57,45,21,24,10,7,3,76,42,34,24,13,11,38,12,26,34,15,19,58,29,29
C5120ST,31,0,State-LAKSHADWEEP,Rural,0-4,6,3,3,0,0,0,2,1,1,0,0,0,3,1,2,0,0,0,0,0,0,0,0,0,1,1,0
C5120ST,31,0,State-LAKSHADWEEP,Rural,5-9,20,7,13,1,0,1,4,2,2,1,1,0,4,1,3,1,1,0,0,0,0,0,0,0,9,2,7
C5120ST,31,0,State-LAKSHADWEEP,Rural,10-19,50,22,28,15,4,11,8,5,3,1,0,1,5,2,3,10,4,6,0,0,0,3,2,1,8,5,3
C5120ST,31,0,State-LAKSHADWEEP,Rural,20-29,49,24,25,10,7,3,8,2,6,1,0,1,4,3,1,7,4,3,5,1,4,6,2,4,8,5,3
C5120ST,31,0,State-LAKSHADWEEP,Rural,30-39,55,26,29,7,1,6,6,3,3,2,1,1,13,8,5,3,2,1,11,5,6,7,3,4,6,3,3
C5120ST,31,0,State-LAKSHADWEEP,Rural,40-49,53,23,30,20,5,15,4,3,1,2,2,0,6,3,3,2,1,1,10,3,7,7,4,3,2,2,0
C5120ST,31,0,State-LAKSHADWEEP,Rural,50-59,51,26,25,18,12,6,5,2,3,1,1,0,7,3,4,1,1,0,7,1,6,7,3,4,5,3,2
C5120ST,31,0,State-LAKSHADWEEP,Rural,60-69,58,28,30,17,8,9,4,1,3,1,1,0,22,11,11,0,0,0,5,2,3,2,1,1,7,4,3
C5120ST,31,0,State-LAKSHADWEEP,Rural,70-79,29,13,16,10,5,5,2,0,2,1,1,0,8,6,2,0,0,0,0,0,0,2,0,2,6,1,5
C5120ST,31,0,State-LAKSHADWEEP,Rural,80-89,14,11,3,4,3,1,2,2,0,0,0,0,4,4,0,0,0,0,0,0,0,0,0,0,4,2,2
C5120ST,31,0,State-LAKSHADWEEP,Rural,90+,2,1,1,0,0,0,0,0,0,0,0,0,0,0,0,0,0,0,0,0,0,0,0,0,2,1,1
C5120ST,31,0,State-LAKSHADWEEP,Rural,Age Not Stated,0,0,0,0,0,0,0,0,0,0,0,0,0,0,0,0,0,0,0,0,0,0,0,0,0,0,0
C5120ST,31,0,State-LAKSHADWEEP,Urban,Total,1182,626,556,226,100,126,171,80,91,61,39,22,269,158,111,88,62,26,57,22,35,140,77,63,170,88,82
C5120ST,31,0,State-LAKSHADWEEP,Urban,0-4,37,22,15,2,2,0,6,3,3,2,1,1,8,4,4,1,1,0,0,0,0,12,8,4,6,3,3
C5120ST,31,0,State-LAKSHADWEEP,Urban,5-9,79,43,36,14,6,8,7,1,6,3,3,0,9,6,3,12,9,3,0,0,0,20,11,9,14,7,7
C5120ST,31,0,State-LAKSHADWEEP,Urban,10-19,181,98,83,35,24,11,30,14,16,12,7,5,19,9,10,24,14,10,0,0,0,23,11,12,38,19,19
C5120ST,31,0,State-LAKSHADWEEP,Urban,20-29,197,111,86,30,12,18,34,17,17,17,10,7,36,24,12,21,17,4,5,2,3,23,12,11,31,17,14
C5120ST,31,0,State-LAKSHADWEEP,Urban,30-39,184,101,83,23,7,16,21,10,11,12,9,3,61,37,24,16,13,3,12,4,8,11,5,6,28,16,12
C5120ST,31,0,State-LAKSHADWEEP,Urban,40-49,151,76,75,23,11,12,26,13,13,7,5,2,35,23,12,6,3,3,18,5,13,15,9,6,21,7,14
C5120ST,31,0,State-LAKSHADWEEP,Urban,50-59,143,77,66,38,12,26,13,7,6,3,1,2,39,25,14,5,4,1,15,8,7,20,13,7,10,7,3
C5120ST,31,0,State-LAKSHADWEEP,Urban,60-69,112,56,56,33,15,18,16,8,8,5,3,2,33,17,16,2,0,2,6,3,3,8,4,4,9,6,3
C5120ST,31,0,State-LAKSHADWEEP,Urban,70-79,63,32,31,19,7,12,11,5,6,0,0,0,16,9,7,1,1,0,1,0,1,8,4,4,7,6,1
C5120ST,31,0,State-LAKSHADWEEP,Urban,80-89,27,10,17,8,4,4,6,2,4,0,0,0,11,4,7,0,0,0,0,0,0,0,0,0,2,0,2
C5120ST,31,0,State-LAKSHADWEEP,Urban,90+,8,0,8,1,0,1,1,0,1,0,0,0,2,0,2,0,0,0,0,0,0,0,0,0,4,0,4
C5120ST,31,0,State-LAKSHADWEEP,Urban,Age Not Stated,0,0,0,0,0,0,0,0,0,0,0,0,0,0,0,0,0,0,0,0,0,0,0,0,0,0,0
C5120ST,32,0,State-KERALA,Total,Total,12857,6757,6100,1994,933,1061,2046,972,1074,1263,657,606,2575,1598,977,650,372,278,1131,556,575,1751,910,841,1447,759,688
C5120ST,32,0,State-KERALA,Total,0-4,342,194,148,31,16,15,67,31,36,24,15,9,70,43,27,8,6,2,1,1,0,120,72,48,21,10,11
C5120ST,32,0,State-KERALA,Total,5-9,653,374,279,75,45,30,115,57,58,134,79,55,67,33,34,38,25,13,5,4,1,122,77,45,97,54,43
C5120ST,32,0,State-KERALA,Total,10-19,1436,776,660,186,95,91,250,130,120,217,121,96,165,85,80,156,95,61,19,11,8,230,119,111,213,120,93
C5120ST,32,0,State-KERALA,Total,20-29,1685,870,815,153,84,69,243,112,131,223,107,116,296,172,124,176,96,80,165,86,79,238,119,119,191,94,97
C5120ST,32,0,State-KERALA,Total,30-39,1847,969,878,168,85,83,246,107,139,206,94,112,401,260,141,119,66,53,288,148,140,258,129,129,161,80,81
C5120ST,32,0,State-KERALA,Total,40-49,1937,1033,904,274,134,140,268,115,153,178,92,86,441,297,144,78,39,39,308,151,157,246,123,123,144,82,62
C5120ST,32,0,State-KERALA,Total,50-59,1668,915,753,281,118,163,247,129,118,128,72,56,436,287,149,47,30,17,180,88,92,215,111,104,134,80,54
C5120ST,32,0,State-KERALA,Total,60-69,1559,800,759,390,162,228,257,135,122,92,49,43,383,247,136,18,7,11,102,42,60,168,85,83,149,73,76
C5120ST,32,0,State-KERALA,Total,70-79,1010,489,521,277,124,153,192,85,107,44,21,23,189,106,83,4,3,1,41,13,28,96,50,46,167,87,80
C5120ST,32,0,State-KERALA,Total,80-89,554,262,292,131,59,72,123,60,63,15,6,9,103,54,49,4,4,0,18,9,9,44,18,26,116,52,64
C5120ST,32,0,State-KERALA,Total,90+,152,66,86,27,10,17,36,9,27,1,1,0,22,13,9,1,0,1,3,2,1,8,4,4,54,27,27
C5120ST,32,0,State-KERALA,Total,Age Not Stated,14,9,5,1,1,0,2,2,0,1,0,1,2,1,1,1,1,0,1,1,0,6,3,3,0,0,0
C5120ST,32,0,State-KERALA,Rural,Total,11152,5895,5257,1821,856,965,1787,840,947,849,468,381,2272,1416,856,569,328,241,1025,500,525,1524,796,728,1305,691,614
C5120ST,32,0,State-KERALA,Rural,0-4,276,157,119,29,15,14,54,23,31,13,6,7,63,39,24,8,6,2,0,0,0,90,58,32,19,10,9
C5120ST,32,0,State-KERALA,Rural,5-9,560,320,240,69,43,26,98,45,53,97,60,37,61,30,31,35,23,12,5,4,1,109,69,40,86,46,40
C5120ST,32,0,State-KERALA,Rural,10-19,1219,666,553,171,89,82,206,104,102,153,87,66,151,75,76,138,88,50,18,10,8,189,103,86,193,110,83
C5120ST,32,0,State-KERALA,Rural,20-29,1473,775,698,141,78,63,210,101,109,144,75,69,267,156,111,165,87,78,153,80,73,218,110,108,175,88,87
C5120ST,32,0,State-KERALA,Rural,30-39,1589,842,747,159,80,79,220,96,124,141,68,73,353,232,121,93,53,40,252,128,124,232,114,118,139,71,68
C5120ST,32,0,State-KERALA,Rural,40-49,1678,895,783,251,120,131,232,102,130,112,62,50,384,262,122,66,34,32,290,139,151,215,105,110,128,71,57
C5120ST,32,0,State-KERALA,Rural,50-59,1432,779,653,252,103,149,213,105,108,84,49,35,377,248,129,38,24,14,161,78,83,188,98,90,119,74,45
C5120ST,32,0,State-KERALA,Rural,60-69,1369,707,662,345,144,201,226,119,107,63,38,25,341,220,121,17,6,11,91,38,53,150,75,75,136,67,69
C5120ST,32,0,State-KERALA,Rural,70-79,897,445,452,252,117,135,179,79,100,28,16,12,168,95,73,4,3,1,34,11,23,81,43,38,151,81,70
C5120ST,32,0,State-KERALA,Rural,80-89,504,238,266,124,56,68,113,56,57,12,6,6,87,46,41,3,3,0,17,9,8,40,15,25,108,47,61
C5120ST,32,0,State-KERALA,Rural,90+,142,63,79,27,10,17,34,8,26,1,1,0,18,12,6,1,0,1,3,2,1,7,4,3,51,26,25
C5120ST,32,0,State-KERALA,Rural,Age Not Stated,13,8,5,1,1,0,2,2,0,1,0,1,2,1,1,1,1,0,1,1,0,5,2,3,0,0,0
C5120ST,32,0,State-KERALA,Urban,Total,1705,862,843,173,77,96,259,132,127,414,189,225,303,182,121,81,44,37,106,56,50,227,114,113,142,68,74
C5120ST,32,0,State-KERALA,Urban,0-4,66,37,29,2,1,1,13,8,5,11,9,2,7,4,3,0,0,0,1,1,0,30,14,16,2,0,2
C5120ST,32,0,State-KERALA,Urban,5-9,93,54,39,6,2,4,17,12,5,37,19,18,6,3,3,3,2,1,0,0,0,13,8,5,11,8,3
C5120ST,32,0,State-KERALA,Urban,10-19,217,110,107,15,6,9,44,26,18,64,34,30,14,10,4,18,7,11,1,1,0,41,16,25,20,10,10
C5120ST,32,0,State-KERALA,Urban,20-29,212,95,117,12,6,6,33,11,22,79,32,47,29,16,13,11,9,2,12,6,6,20,9,11,16,6,10
C5120ST,32,0,State-KERALA,Urban,30-39,258,127,131,9,5,4,26,11,15,65,26,39,48,28,20,26,13,13,36,20,16,26,15,11,22,9,13
C5120ST,32,0,State-KERALA,Urban,40-49,259,138,121,23,14,9,36,13,23,66,30,36,57,35,22,12,5,7,18,12,6,31,18,13,16,11,5
C5120ST,32,0,State-KERALA,Urban,50-59,236,136,100,29,15,14,34,24,10,44,23,21,59,39,20,9,6,3,19,10,9,27,13,14,15,6,9
C5120ST,32,0,State-KERALA,Urban,60-69,190,93,97,45,18,27,31,16,15,29,11,18,42,27,15,1,1,0,11,4,7,18,10,8,13,6,7
C5120ST,32,0,State-KERALA,Urban,70-79,113,44,69,25,7,18,13,6,7,16,5,11,21,11,10,0,0,0,7,2,5,15,7,8,16,6,10
C5120ST,32,0,State-KERALA,Urban,80-89,50,24,26,7,3,4,10,4,6,3,0,3,16,8,8,1,1,0,1,0,1,4,3,1,8,5,3
C5120ST,32,0,State-KERALA,Urban,90+,10,3,7,0,0,0,2,1,1,0,0,0,4,1,3,0,0,0,0,0,0,1,0,1,3,1,2
C5120ST,32,0,State-KERALA,Urban,Age Not Stated,1,1,0,0,0,0,0,0,0,0,0,0,0,0,0,0,0,0,0,0,0,1,1,0,0,0,0
C5120ST,33,0,State-TAMIL NADU,Total,Total,11535,6429,5106,1490,788,702,2333,1206,1127,901,486,415,2650,1647,1003,758,406,352,228,123,105,2168,1199,969,1007,574,433
C5120ST,33,0,State-TAMIL NADU,Total,0-4,514,267,247,54,28,26,130,57,73,9,5,4,75,47,28,35,20,15,0,0,0,170,85,85,41,25,16
C5120ST,33,0,State-TAMIL NADU,Total,5-9,946,523,423,88,45,43,180,98,82,139,77,62,108,60,48,100,59,41,5,2,3,196,101,95,130,81,49
C5120ST,33,0,State-TAMIL NADU,Total,10-19,1942,1066,876,232,136,96,399,210,189,207,115,92,296,173,123,213,111,102,13,9,4,343,180,163,239,132,107
C5120ST,33,0,State-TAMIL NADU,Total,20-29,1993,1075,918,180,94,86,350,175,175,185,96,89,522,291,231,171,84,87,47,28,19,400,227,173,138,80,58
C5120ST,33,0,State-TAMIL NADU,Total,30-39,1669,946,723,158,82,76,325,173,152,147,75,72,433,291,142,112,61,51,62,33,29,319,169,150,113,62,51
C5120ST,33,0,State-TAMIL NADU,Total,40-49,1483,877,606,161,88,73,307,174,133,95,49,46,405,265,140,67,38,29,60,28,32,283,177,106,105,58,47
C5120ST,33,0,State-TAMIL NADU,Total,50-59,1216,728,488,222,118,104,247,127,120,53,37,16,335,231,104,33,18,15,28,16,12,222,137,85,76,44,32
C5120ST,33,0,State-TAMIL NADU,Total,60-69,1028,557,471,203,105,98,232,114,118,47,22,25,294,181,113,18,11,7,10,4,6,136,70,66,88,50,38
C5120ST,33,0,State-TAMIL NADU,Total,70-79,536,284,252,138,66,72,120,58,62,12,6,6,135,82,53,7,3,4,3,3,0,62,32,30,59,34,25
C5120ST,33,0,State-TAMIL NADU,Total,80-89,164,90,74,45,22,23,35,18,17,6,4,2,36,20,16,1,1,0,0,0,0,30,19,11,11,6,5
C5120ST,33,0,State-TAMIL NADU,Total,90+,37,13,24,8,4,4,6,1,5,1,0,1,11,6,5,1,0,1,0,0,0,4,0,4,6,2,4
C5120ST,33,0,State-TAMIL NADU,Total,Age Not Stated,7,3,4,1,0,1,2,1,1,0,0,0,0,0,0,0,0,0,0,0,0,3,2,1,1,0,1
C5120ST,33,0,State-TAMIL NADU,Rural,Total,9533,5324,4209,1292,689,603,1959,1013,946,757,405,352,2192,1379,813,601,323,278,177,97,80,1711,939,772,844,479,365
C5120ST,33,0,State-TAMIL NADU,Rural,0-4,431,229,202,45,23,22,107,49,58,8,5,3,67,42,25,30,18,12,0,0,0,137,70,67,37,22,15
C5120ST,33,0,State-TAMIL NADU,Rural,5-9,763,419,344,75,41,34,146,77,69,114,64,50,93,50,43,78,44,34,2,1,1,152,80,72,103,62,41
C5120ST,33,0,State-TAMIL NADU,Rural,10-19,1569,859,710,201,119,82,324,166,158,168,94,74,242,143,99,174,91,83,9,7,2,261,134,127,190,105,85
C5120ST,33,0,State-TAMIL NADU,Rural,20-29,1621,874,747,159,84,75,298,145,153,157,78,79,417,243,174,126,61,65,35,22,13,320,181,139,109,60,49
C5120ST,33,0,State-TAMIL NADU,Rural,30-39,1314,752,562,125,68,57,264,138,126,124,63,61,335,230,105,90,51,39,53,28,25,231,121,110,92,53,39
C5120ST,33,0,State-TAMIL NADU,Rural,40-49,1245,746,499,132,73,59,265,154,111,83,44,39,349,231,118,51,30,21,50,22,28,223,139,84,92,53,39
C5120ST,33,0,State-TAMIL NADU,Rural,50-59,1019,605,414,197,102,95,209,113,96,46,31,15,272,189,83,28,15,13,21,12,9,179,105,74,67,38,29
C5120ST,33,0,State-TAMIL NADU,Rural,60-69,907,489,418,184,96,88,204,99,105,43,19,24,251,153,98,15,9,6,5,3,2,120,62,58,85,48,37
C5120ST,33,0,State-TAMIL NADU,Rural,70-79,489,256,233,129,61,68,106,53,53,9,3,6,126,76,50,7,3,4,2,2,0,57,28,29,53,30,23
C5120ST,33,0,State-TAMIL NADU,Rural,80-89,141,81,60,39,19,20,28,17,11,5,4,1,32,17,15,1,1,0,0,0,0,25,17,8,11,6,5
C5120ST,33,0,State-TAMIL NADU,Rural,90+,29,11,18,6,3,3,6,1,5,0,0,0,8,5,3,1,0,1,0,0,0,3,0,3,5,2,3
C5120ST,33,0,State-TAMIL NADU,Rural,Age Not Stated,5,3,2,0,0,0,2,1,1,0,0,0,0,0,0,0,0,0,0,0,0,3,2,1,0,0,0
C5120ST,33,0,State-TAMIL NADU,Urban,Total,2002,1105,897,198,99,99,374,193,181,144,81,63,458,268,190,157,83,74,51,26,25,457,260,197,163,95,68
C5120ST,33,0,State-TAMIL NADU,Urban,0-4,83,38,45,9,5,4,23,8,15,1,0,1,8,5,3,5,2,3,0,0,0,33,15,18,4,3,1
C5120ST,33,0,State-TAMIL NADU,Urban,5-9,183,104,79,13,4,9,34,21,13,25,13,12,15,10,5,22,15,7,3,1,2,44,21,23,27,19,8
C5120ST,33,0,State-TAMIL NADU,Urban,10-19,373,207,166,31,17,14,75,44,31,39,21,18,54,30,24,39,20,19,4,2,2,82,46,36,49,27,22
C5120ST,33,0,State-TAMIL NADU,Urban,20-29,372,201,171,21,10,11,52,30,22,28,18,10,105,48,57,45,23,22,12,6,6,80,46,34,29,20,9
C5120ST,33,0,State-TAMIL NADU,Urban,30-39,355,194,161,33,14,19,61,35,26,23,12,11,98,61,37,22,10,12,9,5,4,88,48,40,21,9,12
C5120ST,33,0,State-TAMIL NADU,Urban,40-49,238,131,107,29,15,14,42,20,22,12,5,7,56,34,22,16,8,8,10,6,4,60,38,22,13,5,8
C5120ST,33,0,State-TAMIL NADU,Urban,50-59,197,123,74,25,16,9,38,14,24,7,6,1,63,42,21,5,3,2,7,4,3,43,32,11,9,6,3
C5120ST,33,0,State-TAMIL NADU,Urban,60-69,121,68,53,19,9,10,28,15,13,4,3,1,43,28,15,3,2,1,5,1,4,16,8,8,3,2,1
C5120ST,33,0,State-TAMIL NADU,Urban,70-79,47,28,19,9,5,4,14,5,9,3,3,0,9,6,3,0,0,0,1,1,0,5,4,1,6,4,2
C5120ST,33,0,State-TAMIL NADU,Urban,80-89,23,9,14,6,3,3,7,1,6,1,0,1,4,3,1,0,0,0,0,0,0,5,2,3,0,0,0
C5120ST,33,0,State-TAMIL NADU,Urban,90+,8,2,6,2,1,1,0,0,0,1,0,1,3,1,2,0,0,0,0,0,0,1,0,1,1,0,1
C5120ST,33,0,State-TAMIL NADU,Urban,Age Not Stated,2,0,2,1,0,1,0,0,0,0,0,0,0,0,0,0,0,0,0,0,0,0,0,0,1,0,1
C5120ST,35,0,State-ANDAMAN & NICOBAR ISLANDS,Total,Total,551,299,252,98,47,51,93,47,46,26,7,19,154,99,55,15,8,7,34,14,20,60,37,23,71,40,31
C5120ST,35,0,State-ANDAMAN & NICOBAR ISLANDS,Total,0-4,33,18,15,2,0,2,0,0,0,0,0,0,2,0,2,1,1,0,0,0,0,23,14,9,5,3,2
C5120ST,35,0,State-ANDAMAN & NICOBAR ISLANDS,Total,5-9,20,13,7,2,0,2,0,0,0,3,1,2,6,4,2,0,0,0,0,0,0,4,4,0,5,4,1
C5120ST,35,0,State-ANDAMAN & NICOBAR ISLANDS,Total,10-19,48,23,25,5,4,1,5,2,3,11,3,8,9,7,2,0,0,0,5,1,4,4,2,2,9,4,5
C5120ST,35,0,State-ANDAMAN & NICOBAR ISLANDS,Total,20-29,67,35,32,13,9,4,7,5,2,4,0,4,20,10,10,2,1,1,8,4,4,6,4,2,7,2,5
C5120ST,35,0,State-ANDAMAN & NICOBAR ISLANDS,Total,30-39,79,40,39,20,8,12,15,7,8,3,1,2,18,12,6,4,1,3,7,3,4,4,4,0,8,4,4
C5120ST,35,0,State-ANDAMAN & NICOBAR ISLANDS,Total,40-49,75,39,36,14,5,9,10,5,5,1,0,1,29,19,10,5,3,2,5,3,2,6,2,4,5,2,3
C5120ST,35,0,State-ANDAMAN & NICOBAR ISLANDS,Total,50-59,66,41,25,13,9,4,12,7,5,3,1,2,20,13,7,3,2,1,4,2,2,5,3,2,6,4,2
C5120ST,35,0,State-ANDAMAN & NICOBAR ISLANDS,Total,60-69,80,42,38,16,7,9,18,10,8,0,0,0,26,16,10,0,0,0,3,1,2,6,3,3,11,5,6
C5120ST,35,0,State-ANDAMAN & NICOBAR ISLANDS,Total,70-79,53,30,23,10,3,7,19,9,10,0,0,0,15,11,4,0,0,0,0,0,0,1,1,0,8,6,2
C5120ST,35,0,State-ANDAMAN & NICOBAR ISLANDS,Total,80-89,22,14,8,3,2,1,4,0,4,1,1,0,9,7,2,0,0,0,0,0,0,1,0,1,4,4,0
C5120ST,35,0,State-ANDAMAN & NICOBAR ISLANDS,Total,90+,8,4,4,0,0,0,3,2,1,0,0,0,0,0,0,0,0,0,2,0,2,0,0,0,3,2,1
C5120ST,35,0,State-ANDAMAN & NICOBAR ISLANDS,Total,Age Not Stated,0,0,0,0,0,0,0,0,0,0,0,0,0,0,0,0,0,0,0,0,0,0,0,0,0,0,0
C5120ST,35,0,State-ANDAMAN & NICOBAR ISLANDS,Rural,Total,540,293,247,94,45,49,92,46,46,26,7,19,154,99,55,14,7,7,34,14,20,56,36,20,70,39,31
C5120ST,35,0,State-ANDAMAN & NICOBAR ISLANDS,Rural,0-4,30,16,14,1,0,1,0,0,0,0,0,0,2,0,2,0,0,0,0,0,0,23,14,9,4,2,2
C5120ST,35,0,State-ANDAMAN & NICOBAR ISLANDS,Rural,5-9,19,13,6,1,0,1,0,0,0,3,1,2,6,4,2,0,0,0,0,0,0,4,4,0,5,4,1
C5120ST,35,0,State-ANDAMAN & NICOBAR ISLANDS,Rural,10-19,48,23,25,5,4,1,5,2,3,11,3,8,9,7,2,0,0,0,5,1,4,4,2,2,9,4,5
C5120ST,35,0,State-ANDAMAN & NICOBAR ISLANDS,Rural,20-29,65,34,31,12,8,4,7,5,2,4,0,4,20,10,10,2,1,1,8,4,4,5,4,1,7,2,5
C5120ST,35,0,State-ANDAMAN & NICOBAR ISLANDS,Rural,30-39,76,37,39,19,7,12,14,6,8,3,1,2,18,12,6,4,1,3,7,3,4,3,3,0,8,4,4
C5120ST,35,0,State-ANDAMAN & NICOBAR ISLANDS,Rural,40-49,73,39,34,14,5,9,10,5,5,1,0,1,29,19,10,5,3,2,5,3,2,4,2,2,5,2,3
C5120ST,35,0,State-ANDAMAN & NICOBAR ISLANDS,Rural,50-59,66,41,25,13,9,4,12,7,5,3,1,2,20,13,7,3,2,1,4,2,2,5,3,2,6,4,2
C5120ST,35,0,State-ANDAMAN & NICOBAR ISLANDS,Rural,60-69,80,42,38,16,7,9,18,10,8,0,0,0,26,16,10,0,0,0,3,1,2,6,3,3,11,5,6
C5120ST,35,0,State-ANDAMAN & NICOBAR ISLANDS,Rural,70-79,53,30,23,10,3,7,19,9,10,0,0,0,15,11,4,0,0,0,0,0,0,1,1,0,8,6,2
C5120ST,35,0,State-ANDAMAN & NICOBAR ISLANDS,Rural,80-89,22,14,8,3,2,1,4,0,4,1,1,0,9,7,2,0,0,0,0,0,0,1,0,1,4,4,0
C5120ST,35,0,State-ANDAMAN & NICOBAR ISLANDS,Rural,90+,8,4,4,0,0,0,3,2,1,0,0,0,0,0,0,0,0,0,2,0,2,0,0,0,3,2,1
C5120ST,35,0,State-ANDAMAN & NICOBAR ISLANDS,Rural,Age Not Stated,0,0,0,0,0,0,0,0,0,0,0,0,0,0,0,0,0,0,0,0,0,0,0,0,0,0,0
C5120ST,35,0,State-ANDAMAN & NICOBAR ISLANDS,Urban,Total,11,6,5,4,2,2,1,1,0,0,0,0,0,0,0,1,1,0,0,0,0,4,1,3,1,1,0
C5120ST,35,0,State-ANDAMAN & NICOBAR ISLANDS,Urban,0-4,3,2,1,1,0,1,0,0,0,0,0,0,0,0,0,1,1,0,0,0,0,0,0,0,1,1,0
C5120ST,35,0,State-ANDAMAN & NICOBAR ISLANDS,Urban,5-9,1,0,1,1,0,1,0,0,0,0,0,0,0,0,0,0,0,0,0,0,0,0,0,0,0,0,0
C5120ST,35,0,State-ANDAMAN & NICOBAR ISLANDS,Urban,10-19,0,0,0,0,0,0,0,0,0,0,0,0,0,0,0,0,0,0,0,0,0,0,0,0,0,0,0
C5120ST,35,0,State-ANDAMAN & NICOBAR ISLANDS,Urban,20-29,2,1,1,1,1,0,0,0,0,0,0,0,0,0,0,0,0,0,0,0,0,1,0,1,0,0,0
C5120ST,35,0,State-ANDAMAN & NICOBAR ISLANDS,Urban,30-39,3,3,0,1,1,0,1,1,0,0,0,0,0,0,0,0,0,0,0,0,0,1,1,0,0,0,0
C5120ST,35,0,State-ANDAMAN & NICOBAR ISLANDS,Urban,40-49,2,0,2,0,0,0,0,0,0,0,0,0,0,0,0,0,0,0,0,0,0,2,0,2,0,0,0
C5120ST,35,0,State-ANDAMAN & NICOBAR ISLANDS,Urban,50-59,0,0,0,0,0,0,0,0,0,0,0,0,0,0,0,0,0,0,0,0,0,0,0,0,0,0,0
C5120ST,35,0,State-ANDAMAN & NICOBAR ISLANDS,Urban,60-69,0,0,0,0,0,0,0,0,0,0,0,0,0,0,0,0,0,0,0,0,0,0,0,0,0,0,0
C5120ST,35,0,State-ANDAMAN & NICOBAR ISLANDS,Urban,70-79,0,0,0,0,0,0,0,0,0,0,0,0,0,0,0,0,0,0,0,0,0,0,0,0,0,0,0
C5120ST,35,0,State-ANDAMAN & NICOBAR ISLANDS,Urban,80-89,0,0,0,0,0,0,0,0,0,0,0,0,0,0,0,0,0,0,0,0,0,0,0,0,0,0,0
C5120ST,35,0,State-ANDAMAN & NICOBAR ISLANDS,Urban,90+,0,0,0,0,0,0,0,0,0,0,0,0,0,0,0,0,0,0,0,0,0,0,0,0,0,0,0
C5120ST,35,0,State-ANDAMAN & NICOBAR ISLANDS,Urban,Age Not Stated,0,0,0,0,0,0,0,0,0,0,0,0,0,0,0,0,0,0,0,0,0,0,0,0,0,0,0
C5120ST,1,0,State-JAMMU & KASHMIR,Total,Total,41720,23532,18188,8314,4483,3831,8794,4866,3928,2219,1336,883,7408,4412,2996,1634,916,718,1083,621,462,7179,4009,3170,5089,2889,2200
C5120ST,1,0,State-JAMMU & KASHMIR,Total,0-4,2745,1449,1296,596,315,281,745,387,358,59,28,31,265,161,104,97,49,48,24,12,12,736,376,360,223,121,102
C5120ST,1,0,State-JAMMU & KASHMIR,Total,5-9,3930,2124,1806,771,400,371,843,447,396,408,248,160,475,265,210,150,81,69,62,30,32,762,390,372,459,263,196
C5120ST,1,0,State-JAMMU & KASHMIR,Total,10-19,7849,4341,3508,1332,709,623,1559,825,734,684,398,286,1139,650,489,385,210,175,212,133,79,1615,899,716,923,517,406
C5120ST,1,0,State-JAMMU & KASHMIR,Total,20-29,5433,3171,2262,866,465,401,1119,659,460,325,197,128,954,575,379,272,152,120,211,125,86,1110,664,446,576,334,242
C5120ST,1,0,State-JAMMU & KASHMIR,Total,30-39,4760,2722,2038,773,419,354,988,532,456,261,170,91,936,566,370,244,147,97,203,116,87,851,477,374,504,295,209
C5120ST,1,0,State-JAMMU & KASHMIR,Total,40-49,4287,2514,1773,745,424,321,854,489,365,232,141,91,903,572,331,211,128,83,159,77,82,743,426,317,440,257,183
C5120ST,1,0,State-JAMMU & KASHMIR,Total,50-59,3452,1960,1492,712,399,313,759,423,336,98,62,36,805,477,328,127,72,55,103,57,46,506,280,226,342,190,152
C5120ST,1,0,State-JAMMU & KASHMIR,Total,60-69,3878,2160,1718,953,502,451,803,427,376,77,47,30,930,565,365,80,42,38,64,40,24,478,271,207,493,266,227
C5120ST,1,0,State-JAMMU & KASHMIR,Total,70-79,3073,1728,1345,902,469,433,643,372,271,48,29,19,618,371,247,43,24,19,26,18,8,247,143,104,546,302,244
C5120ST,1,0,State-JAMMU & KASHMIR,Total,80-89,1610,927,683,466,263,203,346,213,133,20,12,8,275,151,124,18,10,8,12,8,4,85,55,30,388,215,173
C5120ST,1,0,State-JAMMU & KASHMIR,Total,90+,663,411,252,193,114,79,117,80,37,6,3,3,104,58,46,7,1,6,6,4,2,36,22,14,194,129,65
C5120ST,1,0,State-JAMMU & KASHMIR,Total,Age Not Stated,40,25,15,5,4,1,18,12,6,1,1,0,4,1,3,0,0,0,1,1,0,10,6,4,1,0,1
C5120ST,1,0,State-JAMMU & KASHMIR,Rural,Total,39371,22240,17131,7799,4202,3597,8288,4593,3695,2127,1286,841,7087,4238,2849,1549,869,680,1035,592,443,6791,3801,2990,4695,2659,2036
C5120ST,1,0,State-JAMMU & KASHMIR,Rural,0-4,2622,1386,1236,563,298,265,713,366,347,56,27,29,257,158,99,91,45,46,24,12,12,710,365,345,208,115,93
C5120ST,1,0,State-JAMMU & KASHMIR,Rural,5-9,3749,2025,1724,725,373,352,802,427,375,401,244,157,461,260,201,145,77,68,59,29,30,730,373,357,426,242,184
C5120ST,1,0,State-JAMMU & KASHMIR,Rural,10-19,7424,4104,3320,1227,652,575,1482,785,697,669,390,279,1090,624,466,366,199,167,201,126,75,1535,854,681,854,474,380
C5120ST,1,0,State-JAMMU & KASHMIR,Rural,20-29,5029,2941,2088,791,424,367,1014,604,410,308,186,122,897,542,355,258,146,112,204,122,82,1029,616,413,528,301,227
C5120ST,1,0,State-JAMMU & KASHMIR,Rural,30-39,4410,2538,1872,715,387,328,922,496,426,237,158,79,887,544,343,224,137,87,198,112,86,801,448,353,426,256,170
C5120ST,1,0,State-JAMMU & KASHMIR,Rural,40-49,3944,2316,1628,676,385,291,783,449,334,215,133,82,856,539,317,202,121,81,149,71,78,676,391,285,387,227,160
C5120ST,1,0,State-JAMMU & KASHMIR,Rural,50-59,3246,1849,1397,675,379,296,703,396,307,91,56,35,772,460,312,120,67,53,98,53,45,482,271,211,305,167,138
C5120ST,1,0,State-JAMMU & KASHMIR,Rural,60-69,3742,2087,1655,916,482,434,781,415,366,76,47,29,900,549,351,78,42,36,61,37,24,460,263,197,470,252,218
C5120ST,1,0,State-JAMMU & KASHMIR,Rural,70-79,2967,1677,1290,866,451,415,627,363,264,47,29,18,599,361,238,41,24,17,25,18,7,240,140,100,522,291,231
C5120ST,1,0,State-JAMMU & KASHMIR,Rural,80-89,1556,895,661,450,254,196,332,205,127,20,12,8,266,145,121,18,10,8,9,7,2,82,52,30,379,210,169
C5120ST,1,0,State-JAMMU & KASHMIR,Rural,90+,642,397,245,190,113,77,111,75,36,6,3,3,98,55,43,6,1,5,6,4,2,36,22,14,189,124,65
C5120ST,1,0,State-JAMMU & KASHMIR,Rural,Age Not Stated,40,25,15,5,4,1,18,12,6,1,1,0,4,1,3,0,0,0,1,1,0,10,6,4,1,0,1
C5120ST,1,0,State-JAMMU & KASHMIR,Urban,Total,2349,1292,1057,515,281,234,506,273,233,92,50,42,321,174,147,85,47,38,48,29,19,388,208,180,394,230,164
C5120ST,1,0,State-JAMMU & KASHMIR,Urban,0-4,123,63,60,33,17,16,32,21,11,3,1,2,8,3,5,6,4,2,0,0,0,26,11,15,15,6,9
C5120ST,1,0,State-JAMMU & KASHMIR,Urban,5-9,181,99,82,46,27,19,41,20,21,7,4,3,14,5,9,5,4,1,3,1,2,32,17,15,33,21,12
C5120ST,1,0,State-JAMMU & KASHMIR,Urban,10-19,425,237,188,105,57,48,77,40,37,15,8,7,49,26,23,19,11,8,11,7,4,80,45,35,69,43,26
C5120ST,1,0,State-JAMMU & KASHMIR,Urban,20-29,404,230,174,75,41,34,105,55,50,17,11,6,57,33,24,14,6,8,7,3,4,81,48,33,48,33,15
C5120ST,1,0,State-JAMMU & KASHMIR,Urban,30-39,350,184,166,58,32,26,66,36,30,24,12,12,49,22,27,20,10,10,5,4,1,50,29,21,78,39,39
C5120ST,1,0,State-JAMMU & KASHMIR,Urban,40-49,343,198,145,69,39,30,71,40,31,17,8,9,47,33,14,9,7,2,10,6,4,67,35,32,53,30,23
C5120ST,1,0,State-JAMMU & KASHMIR,Urban,50-59,206,111,95,37,20,17,56,27,29,7,6,1,33,17,16,7,5,2,5,4,1,24,9,15,37,23,14
C5120ST,1,0,State-JAMMU & KASHMIR,Urban,60-69,136,73,63,37,20,17,22,12,10,1,0,1,30,16,14,2,0,2,3,3,0,18,8,10,23,14,9
C5120ST,1,0,State-JAMMU & KASHMIR,Urban,70-79,106,51,55,36,18,18,16,9,7,1,0,1,19,10,9,2,0,2,1,0,1,7,3,4,24,11,13
C5120ST,1,0,State-JAMMU & KASHMIR,Urban,80-89,54,32,22,16,9,7,14,8,6,0,0,0,9,6,3,0,0,0,3,1,2,3,3,0,9,5,4
C5120ST,1,0,State-JAMMU & KASHMIR,Urban,90+,21,14,7,3,1,2,6,5,1,0,0,0,6,3,3,1,0,1,0,0,0,0,0,0,5,5,0
C5120ST,1,0,State-JAMMU & KASHMIR,Urban,Age Not Stated,0,0,0,0,0,0,0,0,0,0,0,0,0,0,0,0,0,0,0,0,0,0,0,0,0,0,0
C5120ST,1,1,District-Kupwara,Total,Total,2360,1308,1052,450,248,202,623,315,308,110,68,42,343,210,133,95,53,42,50,23,27,366,199,167,323,192,131
C5120ST,1,1,District-Kupwara,Total,0-4,223,116,107,55,27,28,91,47,44,2,1,1,10,8,2,5,1,4,2,0,2,47,25,22,11,7,4
C5120ST,1,1,District-Kupwara,Total,5-9,298,155,143,55,28,27,92,42,50,21,16,5,26,16,10,10,5,5,2,0,2,55,22,33,37,26,11
C5120ST,1,1,District-Kupwara,Total,10-19,510,240,270,91,38,53,131,58,73,43,25,18,71,34,37,19,7,12,7,2,5,82,42,40,66,34,32
C5120ST,1,1,District-Kupwara,Total,20-29,264,161,103,33,24,9,65,37,28,13,6,7,31,19,12,17,12,5,13,6,7,58,36,22,34,21,13
C5120ST,1,1,District-Kupwara,Total,30-39,260,147,113,41,28,13,63,28,35,12,9,3,41,23,18,15,10,5,13,8,5,37,23,14,38,18,20
C5120ST,1,1,District-Kupwara,Total,40-49,186,102,84,23,12,11,42,18,24,13,8,5,37,22,15,13,8,5,7,4,3,27,16,11,24,14,10
C5120ST,1,1,District-Kupwara,Total,50-59,159,98,61,27,17,10,35,25,10,3,2,1,40,25,15,9,5,4,2,2,0,21,10,11,22,12,10
C5120ST,1,1,District-Kupwara,Total,60-69,204,128,76,50,29,21,41,22,19,2,0,2,47,33,14,3,3,0,1,0,1,23,14,9,37,27,10
C5120ST,1,1,District-Kupwara,Total,70-79,127,75,52,38,17,21,31,18,13,1,1,0,27,21,6,3,1,2,1,0,1,8,7,1,18,10,8
C5120ST,1,1,District-Kupwara,Total,80-89,89,56,33,29,22,7,23,13,10,0,0,0,8,5,3,1,1,0,1,1,0,4,2,2,23,12,11
C5120ST,1,1,District-Kupwara,Total,90+,36,30,6,8,6,2,7,7,0,0,0,0,5,4,1,0,0,0,1,0,1,3,2,1,12,11,1
C5120ST,1,1,District-Kupwara,Total,Age Not Stated,4,0,4,0,0,0,2,0,2,0,0,0,0,0,0,0,0,0,0,0,0,1,0,1,1,0,1
C5120ST,1,1,District-Kupwara,Rural,Total,2286,1268,1018,432,240,192,607,307,300,106,64,42,337,205,132,92,51,41,48,22,26,362,198,164,302,181,121
C5120ST,1,1,District-Kupwara,Rural,0-4,217,111,106,54,26,28,87,44,43,2,1,1,10,8,2,5,1,4,2,0,2,47,25,22,10,6,4
C5120ST,1,1,District-Kupwara,Rural,5-9,288,151,137,54,28,26,88,40,48,21,16,5,26,16,10,9,4,5,2,0,2,54,22,32,34,25,9
C5120ST,1,1,District-Kupwara,Rural,10-19,492,234,258,85,37,48,126,56,70,42,24,18,69,33,36,19,7,12,7,2,5,81,42,39,63,33,30
C5120ST,1,1,District-Kupwara,Rural,20-29,256,155,101,32,23,9,64,36,28,12,5,7,30,18,12,17,12,5,12,6,6,56,35,21,33,20,13
C5120ST,1,1,District-Kupwara,Rural,30-39,255,145,110,40,28,12,63,28,35,12,9,3,41,23,18,14,9,5,12,7,5,37,23,14,36,18,18
C5120ST,1,1,District-Kupwara,Rural,40-49,179,98,81,22,11,11,40,18,22,12,7,5,35,20,15,13,8,5,7,4,3,27,16,11,23,14,9
C5120ST,1,1,District-Kupwara,Rural,50-59,153,94,59,27,17,10,35,25,10,2,1,1,40,25,15,8,5,3,2,2,0,21,10,11,18,9,9
C5120ST,1,1,District-Kupwara,Rural,60-69,199,124,75,46,26,20,41,22,19,2,0,2,47,33,14,3,3,0,1,0,1,23,14,9,36,26,10
C5120ST,1,1,District-Kupwara,Rural,70-79,124,73,51,37,16,21,31,18,13,1,1,0,26,20,6,3,1,2,1,0,1,8,7,1,17,10,7
C5120ST,1,1,District-Kupwara,Rural,80-89,85,55,30,27,22,5,23,13,10,0,0,0,8,5,3,1,1,0,1,1,0,4,2,2,21,11,10
C5120ST,1,1,District-Kupwara,Rural,90+,34,28,6,8,6,2,7,7,0,0,0,0,5,4,1,0,0,0,1,0,1,3,2,1,10,9,1
C5120ST,1,1,District-Kupwara,Rural,Age Not Stated,4,0,4,0,0,0,2,0,2,0,0,0,0,0,0,0,0,0,0,0,0,1,0,1,1,0,1
C5120ST,1,1,District-Kupwara,Urban,Total,74,40,34,18,8,10,16,8,8,4,4,0,6,5,1,3,2,1,2,1,1,4,1,3,21,11,10
C5120ST,1,1,District-Kupwara,Urban,0-4,6,5,1,1,1,0,4,3,1,0,0,0,0,0,0,0,0,0,0,0,0,0,0,0,1,1,0
C5120ST,1,1,District-Kupwara,Urban,5-9,10,4,6,1,0,1,4,2,2,0,0,0,0,0,0,1,1,0,0,0,0,1,0,1,3,1,2
C5120ST,1,1,District-Kupwara,Urban,10-19,18,6,12,6,1,5,5,2,3,1,1,0,2,1,1,0,0,0,0,0,0,1,0,1,3,1,2
C5120ST,1,1,District-Kupwara,Urban,20-29,8,6,2,1,1,0,1,1,0,1,1,0,1,1,0,0,0,0,1,0,1,2,1,1,1,1,0
C5120ST,1,1,District-Kupwara,Urban,30-39,5,2,3,1,0,1,0,0,0,0,0,0,0,0,0,1,1,0,1,1,0,0,0,0,2,0,2
C5120ST,1,1,District-Kupwara,Urban,40-49,7,4,3,1,1,0,2,0,2,1,1,0,2,2,0,0,0,0,0,0,0,0,0,0,1,0,1
C5120ST,1,1,District-Kupwara,Urban,50-59,6,4,2,0,0,0,0,0,0,1,1,0,0,0,0,1,0,1,0,0,0,0,0,0,4,3,1
C5120ST,1,1,District-Kupwara,Urban,60-69,5,4,1,4,3,1,0,0,0,0,0,0,0,0,0,0,0,0,0,0,0,0,0,0,1,1,0
C5120ST,1,1,District-Kupwara,Urban,70-79,3,2,1,1,1,0,0,0,0,0,0,0,1,1,0,0,0,0,0,0,0,0,0,0,1,0,1
C5120ST,1,1,District-Kupwara,Urban,80-89,4,1,3,2,0,2,0,0,0,0,0,0,0,0,0,0,0,0,0,0,0,0,0,0,2,1,1
C5120ST,1,1,District-Kupwara,Urban,90+,2,2,0,0,0,0,0,0,0,0,0,0,0,0,0,0,0,0,0,0,0,0,0,0,2,2,0
C5120ST,1,1,District-Kupwara,Urban,Age Not Stated,0,0,0,0,0,0,0,0,0,0,0,0,0,0,0,0,0,0,0,0,0,0,0,0,0,0,0
C5120ST,1,2,District-Badgam,Total,Total,734,412,322,180,88,92,147,87,60,26,16,10,146,92,54,31,16,15,14,5,9,107,58,49,83,50,33
C5120ST,1,2,District-Badgam,Total,0-4,41,23,18,4,1,3,13,6,7,1,0,1,6,4,2,4,2,2,0,0,0,12,9,3,1,1,0
C5120ST,1,2,District-Badgam,Total,5-9,57,30,27,6,5,1,10,5,5,2,1,1,13,7,6,2,1,1,3,1,2,19,9,10,2,1,1
C5120ST,1,2,District-Badgam,Total,10-19,126,65,61,25,9,16,28,20,8,7,2,5,11,5,6,6,3,3,2,2,0,31,15,16,16,9,7
C5120ST,1,2,District-Badgam,Total,20-29,66,38,28,13,6,7,16,7,9,3,3,0,13,11,2,3,1,2,2,0,2,10,5,5,6,5,1
C5120ST,1,2,District-Badgam,Total,30-39,86,54,32,26,12,14,12,8,4,5,3,2,14,11,3,4,2,2,1,1,0,15,9,6,9,8,1
C5120ST,1,2,District-Badgam,Total,40-49,84,46,38,29,14,15,10,7,3,3,3,0,20,13,7,6,3,3,2,0,2,7,3,4,7,3,4
C5120ST,1,2,District-Badgam,Total,50-59,66,36,30,16,8,8,10,6,4,5,4,1,21,11,10,0,0,0,2,0,2,7,4,3,5,3,2
C5120ST,1,2,District-Badgam,Total,60-69,104,55,49,33,17,16,31,16,15,0,0,0,22,13,9,3,2,1,2,1,1,4,3,1,9,3,6
C5120ST,1,2,District-Badgam,Total,70-79,73,49,24,19,12,7,14,9,5,0,0,0,17,11,6,3,2,1,0,0,0,1,1,0,19,14,5
C5120ST,1,2,District-Badgam,Total,80-89,27,12,15,9,4,5,2,2,0,0,0,0,7,4,3,0,0,0,0,0,0,1,0,1,8,2,6
C5120ST,1,2,District-Badgam,Total,90+,3,3,0,0,0,0,0,0,0,0,0,0,2,2,0,0,0,0,0,0,0,0,0,0,1,1,0
C5120ST,1,2,District-Badgam,Total,Age Not Stated,1,1,0,0,0,0,1,1,0,0,0,0,0,0,0,0,0,0,0,0,0,0,0,0,0,0,0
C5120ST,1,2,District-Badgam,Rural,Total,724,405,319,177,86,91,144,85,59,25,15,10,146,92,54,31,16,15,14,5,9,104,56,48,83,50,33
C5120ST,1,2,District-Badgam,Rural,0-4,41,23,18,4,1,3,13,6,7,1,0,1,6,4,2,4,2,2,0,0,0,12,9,3,1,1,0
C5120ST,1,2,District-Badgam,Rural,5-9,57,30,27,6,5,1,10,5,5,2,1,1,13,7,6,2,1,1,3,1,2,19,9,10,2,1,1
C5120ST,1,2,District-Badgam,Rural,10-19,125,64,61,24,8,16,28,20,8,7,2,5,11,5,6,6,3,3,2,2,0,31,15,16,16,9,7
C5120ST,1,2,District-Badgam,Rural,20-29,62,35,27,12,5,7,14,6,8,3,3,0,13,11,2,3,1,2,2,0,2,9,4,5,6,5,1
C5120ST,1,2,District-Badgam,Rural,30-39,83,51,32,26,12,14,11,7,4,4,2,2,14,11,3,4,2,2,1,1,0,14,8,6,9,8,1
C5120ST,1,2,District-Badgam,Rural,40-49,82,46,36,28,14,14,10,7,3,3,3,0,20,13,7,6,3,3,2,0,2,6,3,3,7,3,4
C5120ST,1,2,District-Badgam,Rural,50-59,66,36,30,16,8,8,10,6,4,5,4,1,21,11,10,0,0,0,2,0,2,7,4,3,5,3,2
C5120ST,1,2,District-Badgam,Rural,60-69,104,55,49,33,17,16,31,16,15,0,0,0,22,13,9,3,2,1,2,1,1,4,3,1,9,3,6
C5120ST,1,2,District-Badgam,Rural,70-79,73,49,24,19,12,7,14,9,5,0,0,0,17,11,6,3,2,1,0,0,0,1,1,0,19,14,5
C5120ST,1,2,District-Badgam,Rural,80-89,27,12,15,9,4,5,2,2,0,0,0,0,7,4,3,0,0,0,0,0,0,1,0,1,8,2,6
C5120ST,1,2,District-Badgam,Rural,90+,3,3,0,0,0,0,0,0,0,0,0,0,2,2,0,0,0,0,0,0,0,0,0,0,1,1,0
C5120ST,1,2,District-Badgam,Rural,Age Not Stated,1,1,0,0,0,0,1,1,0,0,0,0,0,0,0,0,0,0,0,0,0,0,0,0,0,0,0
C5120ST,1,2,District-Badgam,Urban,Total,10,7,3,3,2,1,3,2,1,1,1,0,0,0,0,0,0,0,0,0,0,3,2,1,0,0,0
C5120ST,1,2,District-Badgam,Urban,0-4,0,0,0,0,0,0,0,0,0,0,0,0,0,0,0,0,0,0,0,0,0,0,0,0,0,0,0
C5120ST,1,2,District-Badgam,Urban,5-9,0,0,0,0,0,0,0,0,0,0,0,0,0,0,0,0,0,0,0,0,0,0,0,0,0,0,0
C5120ST,1,2,District-Badgam,Urban,10-19,1,1,0,1,1,0,0,0,0,0,0,0,0,0,0,0,0,0,0,0,0,0,0,0,0,0,0
C5120ST,1,2,District-Badgam,Urban,20-29,4,3,1,1,1,0,2,1,1,0,0,0,0,0,0,0,0,0,0,0,0,1,1,0,0,0,0
C5120ST,1,2,District-Badgam,Urban,30-39,3,3,0,0,0,0,1,1,0,1,1,0,0,0,0,0,0,0,0,0,0,1,1,0,0,0,0
C5120ST,1,2,District-Badgam,Urban,40-49,2,0,2,1,0,1,0,0,0,0,0,0,0,0,0,0,0,0,0,0,0,1,0,1,0,0,0
C5120ST,1,2,District-Badgam,Urban,50-59,0,0,0,0,0,0,0,0,0,0,0,0,0,0,0,0,0,0,0,0,0,0,0,0,0,0,0
C5120ST,1,2,District-Badgam,Urban,60-69,0,0,0,0,0,0,0,0,0,0,0,0,0,0,0,0,0,0,0,0,0,0,0,0,0,0,0
C5120ST,1,2,District-Badgam,Urban,70-79,0,0,0,0,0,0,0,0,0,0,0,0,0,0,0,0,0,0,0,0,0,0,0,0,0,0,0
C5120ST,1,2,District-Badgam,Urban,80-89,0,0,0,0,0,0,0,0,0,0,0,0,0,0,0,0,0,0,0,0,0,0,0,0,0,0,0
C5120ST,1,2,District-Badgam,Urban,90+,0,0,0,0,0,0,0,0,0,0,0,0,0,0,0,0,0,0,0,0,0,0,0,0,0,0,0
C5120ST,1,2,District-Badgam,Urban,Age Not Stated,0,0,0,0,0,0,0,0,0,0,0,0,0,0,0,0,0,0,0,0,0,0,0,0,0,0,0
C5120ST,1,3,District-Leh(Ladakh),Total,Total,2188,1139,1049,471,233,238,548,292,256,92,54,38,401,206,195,161,82,79,47,29,18,286,148,138,182,95,87
C5120ST,1,3,District-Leh(Ladakh),Total,0-4,68,37,31,21,14,7,15,8,7,1,0,1,2,2,0,7,3,4,0,0,0,13,5,8,9,5,4
C5120ST,1,3,District-Leh(Ladakh),Total,5-9,127,68,59,30,15,15,23,11,12,13,10,3,9,6,3,12,7,5,4,2,2,19,10,9,17,7,10
C5120ST,1,3,District-Leh(Ladakh),Total,10-19,277,154,123,64,35,29,57,30,27,19,12,7,29,17,12,29,15,14,3,1,2,53,28,25,23,16,7
C5120ST,1,3,District-Leh(Ladakh),Total,20-29,359,185,174,68,31,37,95,52,43,13,7,6,44,20,24,29,12,17,15,12,3,63,38,25,32,13,19
C5120ST,1,3,District-Leh(Ladakh),Total,30-39,268,143,125,53,25,28,70,39,31,12,8,4,45,25,20,24,15,9,7,4,3,37,17,20,20,10,10
C5120ST,1,3,District-Leh(Ladakh),Total,40-49,266,143,123,46,26,20,71,38,33,20,9,11,41,23,18,24,11,13,13,8,5,34,20,14,17,8,9
C5120ST,1,3,District-Leh(Ladakh),Total,50-59,231,120,111,45,27,18,69,38,31,9,4,5,47,19,28,16,10,6,2,1,1,25,13,12,18,8,10
C5120ST,1,3,District-Leh(Ladakh),Total,60-69,210,96,114,43,18,25,50,23,27,3,3,0,67,29,38,11,6,5,1,0,1,16,6,10,19,11,8
C5120ST,1,3,District-Leh(Ladakh),Total,70-79,218,111,107,58,26,32,48,26,22,1,1,0,71,37,34,5,2,3,2,1,1,18,7,11,15,11,4
C5120ST,1,3,District-Leh(Ladakh),Total,80-89,124,64,60,31,12,19,38,19,19,1,0,1,36,23,13,1,1,0,0,0,0,7,4,3,10,5,5
C5120ST,1,3,District-Leh(Ladakh),Total,90+,40,18,22,12,4,8,12,8,4,0,0,0,10,5,5,3,0,3,0,0,0,1,0,1,2,1,1
C5120ST,1,3,District-Leh(Ladakh),Total,Age Not Stated,0,0,0,0,0,0,0,0,0,0,0,0,0,0,0,0,0,0,0,0,0,0,0,0,0,0,0
C5120ST,1,3,District-Leh(Ladakh),Rural,Total,1797,940,857,411,198,213,379,203,176,78,48,30,356,184,172,137,70,67,37,26,11,237,127,110,162,84,78
C5120ST,1,3,District-Leh(Ladakh),Rural,0-4,53,30,23,20,13,7,8,4,4,0,0,0,2,2,0,4,1,3,0,0,0,11,5,6,8,5,3
C5120ST,1,3,District-Leh(Ladakh),Rural,5-9,103,60,43,23,12,11,15,9,6,11,9,2,9,6,3,11,6,5,3,2,1,16,9,7,15,7,8
C5120ST,1,3,District-Leh(Ladakh),Rural,10-19,227,128,99,56,31,25,41,22,19,18,12,6,20,12,8,28,14,14,3,1,2,42,23,19,19,13,6
C5120ST,1,3,District-Leh(Ladakh),Rural,20-29,277,139,138,55,23,32,51,27,24,10,6,4,39,16,23,25,11,14,14,12,2,53,32,21,30,12,18
C5120ST,1,3,District-Leh(Ladakh),Rural,30-39,210,114,96,48,22,26,45,26,19,8,6,2,40,23,17,18,13,5,5,3,2,29,13,16,17,8,9
C5120ST,1,3,District-Leh(Ladakh),Rural,40-49,208,110,98,38,20,18,44,23,21,20,9,11,34,19,15,22,10,12,8,6,2,27,17,10,15,6,9
C5120ST,1,3,District-Leh(Ladakh),Rural,50-59,185,96,89,41,24,17,49,28,21,6,2,4,41,18,23,12,6,6,2,1,1,20,11,9,14,6,8
C5120ST,1,3,District-Leh(Ladakh),Rural,60-69,197,92,105,39,18,21,46,22,24,3,3,0,64,27,37,10,6,4,1,0,1,16,6,10,18,10,8
C5120ST,1,3,District-Leh(Ladakh),Rural,70-79,193,101,92,51,21,30,41,21,20,1,1,0,67,37,30,3,2,1,1,1,0,15,7,8,14,11,3
C5120ST,1,3,District-Leh(Ladakh),Rural,80-89,114,59,55,28,10,18,32,17,15,1,0,1,35,22,13,1,1,0,0,0,0,7,4,3,10,5,5
C5120ST,1,3,District-Leh(Ladakh),Rural,90+,30,11,19,12,4,8,7,4,3,0,0,0,5,2,3,3,0,3,0,0,0,1,0,1,2,1,1
C5120ST,1,3,District-Leh(Ladakh),Rural,Age Not Stated,0,0,0,0,0,0,0,0,0,0,0,0,0,0,0,0,0,0,0,0,0,0,0,0,0,0,0
C5120ST,1,3,District-Leh(Ladakh),Urban,Total,391,199,192,60,35,25,169,89,80,14,6,8,45,22,23,24,12,12,10,3,7,49,21,28,20,11,9
C5120ST,1,3,District-Leh(Ladakh),Urban,0-4,15,7,8,1,1,0,7,4,3,1,0,1,0,0,0,3,2,1,0,0,0,2,0,2,1,0,1
C5120ST,1,3,District-Leh(Ladakh),Urban,5-9,24,8,16,7,3,4,8,2,6,2,1,1,0,0,0,1,1,0,1,0,1,3,1,2,2,0,2
C5120ST,1,3,District-Leh(Ladakh),Urban,10-19,50,26,24,8,4,4,16,8,8,1,0,1,9,5,4,1,1,0,0,0,0,11,5,6,4,3,1
C5120ST,1,3,District-Leh(Ladakh),Urban,20-29,82,46,36,13,8,5,44,25,19,3,1,2,5,4,1,4,1,3,1,0,1,10,6,4,2,1,1
C5120ST,1,3,District-Leh(Ladakh),Urban,30-39,58,29,29,5,3,2,25,13,12,4,2,2,5,2,3,6,2,4,2,1,1,8,4,4,3,2,1
C5120ST,1,3,District-Leh(Ladakh),Urban,40-49,58,33,25,8,6,2,27,15,12,0,0,0,7,4,3,2,1,1,5,2,3,7,3,4,2,2,0
C5120ST,1,3,District-Leh(Ladakh),Urban,50-59,46,24,22,4,3,1,20,10,10,3,2,1,6,1,5,4,4,0,0,0,0,5,2,3,4,2,2
C5120ST,1,3,District-Leh(Ladakh),Urban,60-69,13,4,9,4,0,4,4,1,3,0,0,0,3,2,1,1,0,1,0,0,0,0,0,0,1,1,0
C5120ST,1,3,District-Leh(Ladakh),Urban,70-79,25,10,15,7,5,2,7,5,2,0,0,0,4,0,4,2,0,2,1,0,1,3,0,3,1,0,1
C5120ST,1,3,District-Leh(Ladakh),Urban,80-89,10,5,5,3,2,1,6,2,4,0,0,0,1,1,0,0,0,0,0,0,0,0,0,0,0,0,0
C5120ST,1,3,District-Leh(Ladakh),Urban,90+,10,7,3,0,0,0,5,4,1,0,0,0,5,3,2,0,0,0,0,0,0,0,0,0,0,0,0
C5120ST,1,3,District-Leh(Ladakh),Urban,Age Not Stated,0,0,0,0,0,0,0,0,0,0,0,0,0,0,0,0,0,0,0,0,0,0,0,0,0,0,0
C5120ST,1,4,District-Kargil,Total,Total,3435,1876,1559,591,330,261,763,404,359,175,100,75,508,266,242,199,108,91,88,49,39,641,354,287,470,265,205
C5120ST,1,4,District-Kargil,Total,0-4,147,65,82,21,13,8,39,19,20,2,0,2,9,2,7,12,8,4,2,0,2,45,14,31,17,9,8
C5120ST,1,4,District-Kargil,Total,5-9,240,124,116,35,14,21,52,22,30,31,18,13,15,9,6,13,6,7,2,0,2,53,34,19,39,21,18
C5120ST,1,4,District-Kargil,Total,10-19,573,309,264,82,40,42,130,71,59,49,25,24,52,29,23,48,25,23,22,13,9,111,59,52,79,47,32
C5120ST,1,4,District-Kargil,Total,20-29,499,272,227,66,33,33,91,51,40,23,13,10,72,37,35,34,15,19,16,7,9,138,85,53,59,31,28
C5120ST,1,4,District-Kargil,Total,30-39,394,221,173,45,27,18,77,36,41,20,13,7,54,35,19,31,21,10,21,12,9,87,48,39,59,29,30
C5120ST,1,4,District-Kargil,Total,40-49,450,247,203,66,37,29,120,62,58,29,20,9,72,40,32,27,15,12,9,4,5,74,42,32,53,27,26
C5120ST,1,4,District-Kargil,Total,50-59,281,159,122,58,31,27,65,35,30,6,3,3,51,29,22,15,9,6,9,8,1,44,23,21,33,21,12
C5120ST,1,4,District-Kargil,Total,60-69,345,190,155,71,38,33,84,51,33,7,4,3,90,46,44,12,4,8,6,5,1,48,25,23,27,17,10
C5120ST,1,4,District-Kargil,Total,70-79,316,179,137,100,61,39,59,28,31,4,2,2,63,31,32,5,3,2,1,0,1,26,15,11,58,39,19
C5120ST,1,4,District-Kargil,Total,80-89,169,97,72,41,32,9,43,27,16,3,2,1,28,7,21,2,2,0,0,0,0,12,8,4,40,19,21
C5120ST,1,4,District-Kargil,Total,90+,19,11,8,5,3,2,2,1,1,1,0,1,2,1,1,0,0,0,0,0,0,3,1,2,6,5,1
C5120ST,1,4,District-Kargil,Total,Age Not Stated,2,2,0,1,1,0,1,1,0,0,0,0,0,0,0,0,0,0,0,0,0,0,0,0,0,0,0
C5120ST,1,4,District-Kargil,Rural,Total,3255,1776,1479,571,320,251,710,372,338,163,90,73,482,256,226,196,106,90,77,40,37,617,344,273,439,248,191
C5120ST,1,4,District-Kargil,Rural,0-4,140,62,78,20,12,8,37,18,19,2,0,2,8,2,6,12,8,4,2,0,2,42,13,29,17,9,8
C5120ST,1,4,District-Kargil,Rural,5-9,224,114,110,34,13,21,45,19,26,31,18,13,15,9,6,13,6,7,2,0,2,52,34,18,32,15,17
C5120ST,1,4,District-Kargil,Rural,10-19,531,280,251,75,39,36,117,61,56,45,21,24,50,27,23,47,24,23,18,9,9,108,57,51,71,42,29
C5120ST,1,4,District-Kargil,Rural,20-29,471,260,211,65,32,33,84,48,36,22,12,10,66,35,31,33,14,19,14,6,8,134,84,50,53,29,24
C5120ST,1,4,District-Kargil,Rural,30-39,374,212,162,43,25,18,73,34,39,17,11,6,52,35,17,31,21,10,21,12,9,81,46,35,56,28,28
C5120ST,1,4,District-Kargil,Rural,40-49,427,237,190,65,37,28,112,58,54,26,18,8,69,39,30,27,15,12,7,3,4,71,40,31,50,27,23
C5120ST,1,4,District-Kargil,Rural,50-59,266,148,118,58,31,27,61,32,29,5,2,3,50,28,22,14,9,5,6,5,1,42,22,20,30,19,11
C5120ST,1,4,District-Kargil,Rural,60-69,330,182,148,68,35,33,80,49,31,7,4,3,84,44,40,12,4,8,6,5,1,46,24,22,27,17,10
C5120ST,1,4,District-Kargil,Rural,70-79,307,175,132,97,60,37,58,27,31,4,2,2,58,29,29,5,3,2,1,0,1,26,15,11,58,39,19
C5120ST,1,4,District-Kargil,Rural,80-89,165,94,71,40,32,8,40,24,16,3,2,1,28,7,21,2,2,0,0,0,0,12,8,4,40,19,21
C5120ST,1,4,District-Kargil,Rural,90+,18,10,8,5,3,2,2,1,1,1,0,1,2,1,1,0,0,0,0,0,0,3,1,2,5,4,1
C5120ST,1,4,District-Kargil,Rural,Age Not Stated,2,2,0,1,1,0,1,1,0,0,0,0,0,0,0,0,0,0,0,0,0,0,0,0,0,0,0
C5120ST,1,4,District-Kargil,Urban,Total,180,100,80,20,10,10,53,32,21,12,10,2,26,10,16,3,2,1,11,9,2,24,10,14,31,17,14
C5120ST,1,4,District-Kargil,Urban,0-4,7,3,4,1,1,0,2,1,1,0,0,0,1,0,1,0,0,0,0,0,0,3,1,2,0,0,0
C5120ST,1,4,District-Kargil,Urban,5-9,16,10,6,1,1,0,7,3,4,0,0,0,0,0,0,0,0,0,0,0,0,1,0,1,7,6,1
C5120ST,1,4,District-Kargil,Urban,10-19,42,29,13,7,1,6,13,10,3,4,4,0,2,2,0,1,1,0,4,4,0,3,2,1,8,5,3
C5120ST,1,4,District-Kargil,Urban,20-29,28,12,16,1,1,0,7,3,4,1,1,0,6,2,4,1,1,0,2,1,1,4,1,3,6,2,4
C5120ST,1,4,District-Kargil,Urban,30-39,20,9,11,2,2,0,4,2,2,3,2,1,2,0,2,0,0,0,0,0,0,6,2,4,3,1,2
C5120ST,1,4,District-Kargil,Urban,40-49,23,10,13,1,0,1,8,4,4,3,2,1,3,1,2,0,0,0,2,1,1,3,2,1,3,0,3
C5120ST,1,4,District-Kargil,Urban,50-59,15,11,4,0,0,0,4,3,1,1,1,0,1,1,0,1,0,1,3,3,0,2,1,1,3,2,1
C5120ST,1,4,District-Kargil,Urban,60-69,15,8,7,3,3,0,4,2,2,0,0,0,6,2,4,0,0,0,0,0,0,2,1,1,0,0,0
C5120ST,1,4,District-Kargil,Urban,70-79,9,4,5,3,1,2,1,1,0,0,0,0,5,2,3,0,0,0,0,0,0,0,0,0,0,0,0
C5120ST,1,4,District-Kargil,Urban,80-89,4,3,1,1,0,1,3,3,0,0,0,0,0,0,0,0,0,0,0,0,0,0,0,0,0,0,0
C5120ST,1,4,District-Kargil,Urban,90+,1,1,0,0,0,0,0,0,0,0,0,0,0,0,0,0,0,0,0,0,0,0,0,0,1,1,0
C5120ST,1,4,District-Kargil,Urban,Age Not Stated,0,0,0,0,0,0,0,0,0,0,0,0,0,0,0,0,0,0,0,0,0,0,0,0,0,0,0
C5120ST,1,5,District-Punch,Total,Total,4086,2372,1714,682,359,323,708,363,345,250,159,91,951,616,335,135,78,57,119,79,40,757,450,307,484,268,216
C5120ST,1,5,District-Punch,Total,0-4,213,106,107,11,6,5,54,24,30,6,3,3,29,19,10,2,0,2,3,2,1,84,38,46,24,14,10
C5120ST,1,5,District-Punch,Total,5-9,345,199,146,51,31,20,63,29,34,41,27,14,48,29,19,8,7,1,6,5,1,84,50,34,44,21,23
C5120ST,1,5,District-Punch,Total,10-19,802,466,336,91,49,42,111,57,54,82,46,36,182,106,76,30,17,13,24,17,7,181,114,67,101,60,41
C5120ST,1,5,District-Punch,Total,20-29,502,302,200,37,21,16,67,31,36,38,24,14,126,79,47,18,13,5,22,14,8,135,86,49,59,34,25
C5120ST,1,5,District-Punch,Total,30-39,438,266,172,53,33,20,73,32,41,30,23,7,117,88,29,21,9,12,28,19,9,72,39,33,44,23,21
C5120ST,1,5,District-Punch,Total,40-49,412,257,155,59,29,30,64,40,24,21,17,4,117,82,35,29,21,8,14,8,6,71,40,31,37,20,17
C5120ST,1,5,District-Punch,Total,50-59,364,214,150,53,33,20,80,36,44,9,5,4,107,70,37,17,8,9,13,8,5,47,31,16,38,23,15
C5120ST,1,5,District-Punch,Total,60-69,378,216,162,105,52,53,74,36,38,8,4,4,111,78,33,4,2,2,5,4,1,42,24,18,29,16,13
C5120ST,1,5,District-Punch,Total,70-79,337,174,163,130,56,74,62,40,22,9,6,3,70,40,30,5,1,4,0,0,0,20,13,7,41,18,23
C5120ST,1,5,District-Punch,Total,80-89,208,123,85,71,37,34,41,27,14,6,4,2,34,22,12,1,0,1,3,1,2,9,7,2,43,25,18
C5120ST,1,5,District-Punch,Total,90+,81,46,35,21,12,9,16,9,7,0,0,0,9,3,6,0,0,0,1,1,0,10,7,3,24,14,10
C5120ST,1,5,District-Punch,Total,Age Not Stated,6,3,3,0,0,0,3,2,1,0,0,0,1,0,1,0,0,0,0,0,0,2,1,1,0,0,0
C5120ST,1,5,District-Punch,Rural,Total,3921,2272,1649,670,349,321,669,339,330,249,158,91,930,603,327,134,78,56,118,79,39,668,399,269,483,267,216
C5120ST,1,5,District-Punch,Rural,0-4,198,99,99,11,6,5,52,22,30,6,3,3,28,19,9,2,0,2,3,2,1,72,33,39,24,14,10
C5120ST,1,5,District-Punch,Rural,5-9,325,185,140,50,30,20,56,24,32,41,27,14,48,29,19,8,7,1,6,5,1,72,42,30,44,21,23
C5120ST,1,5,District-Punch,Rural,10-19,764,442,322,86,44,42,101,50,51,82,46,36,180,105,75,29,17,12,24,17,7,161,103,58,101,60,41
C5120ST,1,5,District-Punch,Rural,20-29,479,291,188,37,21,16,64,31,33,38,24,14,121,78,43,18,13,5,22,14,8,120,76,44,59,34,25
C5120ST,1,5,District-Punch,Rural,30-39,424,256,168,53,33,20,69,31,38,30,23,7,116,87,29,21,9,12,28,19,9,64,32,32,43,22,21
C5120ST,1,5,District-Punch,Rural,40-49,383,239,144,56,27,29,61,38,23,21,17,4,110,75,35,29,21,8,14,8,6,55,33,22,37,20,17
C5120ST,1,5,District-Punch,Rural,50-59,352,207,145,53,33,20,75,34,41,8,4,4,104,68,36,17,8,9,13,8,5,44,29,15,38,23,15
C5120ST,1,5,District-Punch,Rural,60-69,370,210,160,104,51,53,70,32,38,8,4,4,111,78,33,4,2,2,5,4,1,39,23,16,29,16,13
C5120ST,1,5,District-Punch,Rural,70-79,333,172,161,128,55,73,62,40,22,9,6,3,68,39,29,5,1,4,0,0,0,20,13,7,41,18,23
C5120ST,1,5,District-Punch,Rural,80-89,206,122,84,71,37,34,40,26,14,6,4,2,34,22,12,1,0,1,2,1,1,9,7,2,43,25,18
C5120ST,1,5,District-Punch,Rural,90+,81,46,35,21,12,9,16,9,7,0,0,0,9,3,6,0,0,0,1,1,0,10,7,3,24,14,10
C5120ST,1,5,District-Punch,Rural,Age Not Stated,6,3,3,0,0,0,3,2,1,0,0,0,1,0,1,0,0,0,0,0,0,2,1,1,0,0,0
C5120ST,1,5,District-Punch,Urban,Total,165,100,65,12,10,2,39,24,15,1,1,0,21,13,8,1,0,1,1,0,1,89,51,38,1,1,0
C5120ST,1,5,District-Punch,Urban,0-4,15,7,8,0,0,0,2,2,0,0,0,0,1,0,1,0,0,0,0,0,0,12,5,7,0,0,0
C5120ST,1,5,District-Punch,Urban,5-9,20,14,6,1,1,0,7,5,2,0,0,0,0,0,0,0,0,0,0,0,0,12,8,4,0,0,0
C5120ST,1,5,District-Punch,Urban,10-19,38,24,14,5,5,0,10,7,3,0,0,0,2,1,1,1,0,1,0,0,0,20,11,9,0,0,0
C5120ST,1,5,District-Punch,Urban,20-29,23,11,12,0,0,0,3,0,3,0,0,0,5,1,4,0,0,0,0,0,0,15,10,5,0,0,0
C5120ST,1,5,District-Punch,Urban,30-39,14,10,4,0,0,0,4,1,3,0,0,0,1,1,0,0,0,0,0,0,0,8,7,1,1,1,0
C5120ST,1,5,District-Punch,Urban,40-49,29,18,11,3,2,1,3,2,1,0,0,0,7,7,0,0,0,0,0,0,0,16,7,9,0,0,0
C5120ST,1,5,District-Punch,Urban,50-59,12,7,5,0,0,0,5,2,3,1,1,0,3,2,1,0,0,0,0,0,0,3,2,1,0,0,0
C5120ST,1,5,District-Punch,Urban,60-69,8,6,2,1,1,0,4,4,0,0,0,0,0,0,0,0,0,0,0,0,0,3,1,2,0,0,0
C5120ST,1,5,District-Punch,Urban,70-79,4,2,2,2,1,1,0,0,0,0,0,0,2,1,1,0,0,0,0,0,0,0,0,0,0,0,0
C5120ST,1,5,District-Punch,Urban,80-89,2,1,1,0,0,0,1,1,0,0,0,0,0,0,0,0,0,0,1,0,1,0,0,0,0,0,0
C5120ST,1,5,District-Punch,Urban,90+,0,0,0,0,0,0,0,0,0,0,0,0,0,0,0,0,0,0,0,0,0,0,0,0,0,0,0
C5120ST,1,5,District-Punch,Urban,Age Not Stated,0,0,0,0,0,0,0,0,0,0,0,0,0,0,0,0,0,0,0,0,0,0,0,0,0,0,0
C5120ST,1,6,District-Rajouri,Total,Total,5553,3162,2391,1421,745,676,1310,754,556,322,201,121,929,580,349,204,127,77,97,59,38,788,425,363,482,271,211
C5120ST,1,6,District-Rajouri,Total,0-4,383,197,186,126,68,58,105,55,50,12,4,8,30,19,11,9,5,4,0,0,0,86,39,47,15,7,8
C5120ST,1,6,District-Rajouri,Total,5-9,547,285,262,139,62,77,119,59,60,49,30,19,65,38,27,19,10,9,6,4,2,83,41,42,67,41,26
C5120ST,1,6,District-Rajouri,Total,10-19,1072,609,463,244,128,116,201,107,94,97,61,36,161,104,57,58,37,21,22,15,7,196,101,95,93,56,37
C5120ST,1,6,District-Rajouri,Total,20-29,760,470,290,153,86,67,202,141,61,51,33,18,129,77,52,43,29,14,16,11,5,114,67,47,52,26,26
C5120ST,1,6,District-Rajouri,Total,30-39,638,384,254,125,64,61,171,100,71,32,19,13,125,87,38,25,18,7,20,12,8,101,55,46,39,29,10
C5120ST,1,6,District-Rajouri,Total,40-49,513,315,198,113,63,50,131,80,51,31,18,13,100,67,33,19,12,7,13,6,7,72,48,24,34,21,13
C5120ST,1,6,District-Rajouri,Total,50-59,369,217,152,100,57,43,78,51,27,25,18,7,85,55,30,13,7,6,5,0,5,41,17,24,22,12,10
C5120ST,1,6,District-Rajouri,Total,60-69,506,281,225,164,86,78,109,57,52,14,10,4,113,67,46,12,7,5,11,8,3,48,32,16,35,14,21
C5120ST,1,6,District-Rajouri,Total,70-79,377,199,178,129,67,62,99,53,46,6,6,0,58,34,24,2,1,1,3,2,1,26,13,13,54,23,31
C5120ST,1,6,District-Rajouri,Total,80-89,245,121,124,83,40,43,62,30,32,4,1,3,40,19,21,4,1,3,0,0,0,11,6,5,41,24,17
C5120ST,1,6,District-Rajouri,Total,90+,136,81,55,44,24,20,29,19,10,1,1,0,23,13,10,0,0,0,1,1,0,8,5,3,30,18,12
C5120ST,1,6,District-Rajouri,Total,Age Not Stated,7,3,4,1,0,1,4,2,2,0,0,0,0,0,0,0,0,0,0,0,0,2,1,1,0,0,0
C5120ST,1,6,District-Rajouri,Rural,Total,5503,3131,2372,1409,738,671,1298,746,552,321,200,121,921,574,347,201,126,75,97,59,38,779,420,359,477,268,209
C5120ST,1,6,District-Rajouri,Rural,0-4,379,195,184,125,67,58,103,54,49,12,4,8,30,19,11,9,5,4,0,0,0,85,39,46,15,7,8
C5120ST,1,6,District-Rajouri,Rural,5-9,542,281,261,137,60,77,118,58,60,49,30,19,65,38,27,19,10,9,6,4,2,81,40,41,67,41,26
C5120ST,1,6,District-Rajouri,Rural,10-19,1064,605,459,240,126,114,199,105,94,97,61,36,161,104,57,58,37,21,22,15,7,195,101,94,92,56,36
C5120ST,1,6,District-Rajouri,Rural,20-29,752,464,288,153,86,67,201,140,61,51,33,18,126,75,51,42,28,14,16,11,5,112,66,46,51,25,26
C5120ST,1,6,District-Rajouri,Rural,30-39,630,380,250,123,63,60,170,100,70,32,19,13,124,86,38,23,18,5,20,12,8,100,54,46,38,28,10
C5120ST,1,6,District-Rajouri,Rural,40-49,501,306,195,111,62,49,127,77,50,30,17,13,99,66,33,19,12,7,13,6,7,70,46,24,32,20,12
C5120ST,1,6,District-Rajouri,Rural,50-59,366,216,150,99,57,42,78,51,27,25,18,7,83,54,29,13,7,6,5,0,5,41,17,24,22,12,10
C5120ST,1,6,District-Rajouri,Rural,60-69,505,281,224,164,86,78,108,57,51,14,10,4,113,67,46,12,7,5,11,8,3,48,32,16,35,14,21
C5120ST,1,6,District-Rajouri,Rural,70-79,376,198,178,129,67,62,99,53,46,6,6,0,57,33,24,2,1,1,3,2,1,26,13,13,54,23,31
C5120ST,1,6,District-Rajouri,Rural,80-89,245,121,124,83,40,43,62,30,32,4,1,3,40,19,21,4,1,3,0,0,0,11,6,5,41,24,17
C5120ST,1,6,District-Rajouri,Rural,90+,136,81,55,44,24,20,29,19,10,1,1,0,23,13,10,0,0,0,1,1,0,8,5,3,30,18,12
C5120ST,1,6,District-Rajouri,Rural,Age Not Stated,7,3,4,1,0,1,4,2,2,0,0,0,0,0,0,0,0,0,0,0,0,2,1,1,0,0,0
C5120ST,1,6,District-Rajouri,Urban,Total,50,31,19,12,7,5,12,8,4,1,1,0,8,6,2,3,1,2,0,0,0,9,5,4,5,3,2
C5120ST,1,6,District-Rajouri,Urban,0-4,4,2,2,1,1,0,2,1,1,0,0,0,0,0,0,0,0,0,0,0,0,1,0,1,0,0,0
C5120ST,1,6,District-Rajouri,Urban,5-9,5,4,1,2,2,0,1,1,0,0,0,0,0,0,0,0,0,0,0,0,0,2,1,1,0,0,0
C5120ST,1,6,District-Rajouri,Urban,10-19,8,4,4,4,2,2,2,2,0,0,0,0,0,0,0,0,0,0,0,0,0,1,0,1,1,0,1
C5120ST,1,6,District-Rajouri,Urban,20-29,8,6,2,0,0,0,1,1,0,0,0,0,3,2,1,1,1,0,0,0,0,2,1,1,1,1,0
C5120ST,1,6,District-Rajouri,Urban,30-39,8,4,4,2,1,1,1,0,1,0,0,0,1,1,0,2,0,2,0,0,0,1,1,0,1,1,0
C5120ST,1,6,District-Rajouri,Urban,40-49,12,9,3,2,1,1,4,3,1,1,1,0,1,1,0,0,0,0,0,0,0,2,2,0,2,1,1
C5120ST,1,6,District-Rajouri,Urban,50-59,3,1,2,1,0,1,0,0,0,0,0,0,2,1,1,0,0,0,0,0,0,0,0,0,0,0,0
C5120ST,1,6,District-Rajouri,Urban,60-69,1,0,1,0,0,0,1,0,1,0,0,0,0,0,0,0,0,0,0,0,0,0,0,0,0,0,0
C5120ST,1,6,District-Rajouri,Urban,70-79,1,1,0,0,0,0,0,0,0,0,0,0,1,1,0,0,0,0,0,0,0,0,0,0,0,0,0
C5120ST,1,6,District-Rajouri,Urban,80-89,0,0,0,0,0,0,0,0,0,0,0,0,0,0,0,0,0,0,0,0,0,0,0,0,0,0,0
C5120ST,1,6,District-Rajouri,Urban,90+,0,0,0,0,0,0,0,0,0,0,0,0,0,0,0,0,0,0,0,0,0,0,0,0,0,0,0
C5120ST,1,6,District-Rajouri,Urban,Age Not Stated,0,0,0,0,0,0,0,0,0,0,0,0,0,0,0,0,0,0,0,0,0,0,0,0,0,0,0
C5120ST,1,7,District-Kathua,Total,Total,1567,888,679,526,264,262,320,195,125,84,51,33,177,113,64,53,32,21,17,8,9,282,160,122,108,65,43
C5120ST,1,7,District-Kathua,Total,0-4,151,84,67,70,36,34,25,18,7,3,3,0,8,5,3,4,2,2,1,1,0,37,19,18,3,0,3
C5120ST,1,7,District-Kathua,Total,5-9,178,95,83,71,38,33,26,17,9,17,8,9,17,8,9,9,2,7,0,0,0,28,16,12,10,6,4
C5120ST,1,7,District-Kathua,Total,10-19,344,194,150,111,53,58,68,44,24,26,15,11,30,17,13,13,9,4,3,2,1,65,38,27,28,16,12
C5120ST,1,7,District-Kathua,Total,20-29,234,127,107,73,35,38,49,29,20,9,5,4,23,13,10,9,6,3,2,1,1,51,26,25,18,12,6
C5120ST,1,7,District-Kathua,Total,30-39,188,117,71,47,21,26,42,26,16,13,9,4,33,27,6,9,7,2,2,0,2,35,23,12,7,4,3
C5120ST,1,7,District-Kathua,Total,40-49,135,89,46,40,27,13,30,17,13,8,7,1,19,12,7,4,4,0,2,1,1,27,18,9,5,3,2
C5120ST,1,7,District-Kathua,Total,50-59,88,49,39,30,13,17,20,12,8,3,2,1,10,5,5,4,2,2,3,2,1,15,10,5,3,3,0
C5120ST,1,7,District-Kathua,Total,60-69,90,53,37,30,17,13,20,11,9,2,1,1,13,12,1,0,0,0,4,1,3,15,7,8,6,4,2
C5120ST,1,7,District-Kathua,Total,70-79,84,39,45,21,10,11,25,10,15,3,1,2,16,9,7,0,0,0,0,0,0,6,1,5,13,8,5
C5120ST,1,7,District-Kathua,Total,80-89,46,20,26,23,6,17,10,7,3,0,0,0,5,3,2,0,0,0,0,0,0,1,1,0,7,3,4
C5120ST,1,7,District-Kathua,Total,90+,23,15,8,8,6,2,3,2,1,0,0,0,2,1,1,1,0,1,0,0,0,1,0,1,8,6,2
C5120ST,1,7,District-Kathua,Total,Age Not Stated,6,6,0,2,2,0,2,2,0,0,0,0,1,1,0,0,0,0,0,0,0,1,1,0,0,0,0
C5120ST,1,7,District-Kathua,Rural,Total,1538,867,671,513,255,258,317,192,125,82,49,33,170,109,61,52,32,20,17,8,9,281,159,122,106,63,43
C5120ST,1,7,District-Kathua,Rural,0-4,148,82,66,67,34,33,25,18,7,3,3,0,8,5,3,4,2,2,1,1,0,37,19,18,3,0,3
C5120ST,1,7,District-Kathua,Rural,5-9,174,92,82,68,35,33,26,17,9,17,8,9,17,8,9,8,2,6,0,0,0,28,16,12,10,6,4
C5120ST,1,7,District-Kathua,Rural,10-19,339,191,148,109,52,57,68,44,24,26,15,11,28,16,12,13,9,4,3,2,1,64,37,27,28,16,12
C5120ST,1,7,District-Kathua,Rural,20-29,228,124,104,72,35,37,48,28,20,9,5,4,21,13,8,9,6,3,2,1,1,51,26,25,16,10,6
C5120ST,1,7,District-Kathua,Rural,30-39,184,114,70,45,20,25,41,25,16,12,8,4,33,27,6,9,7,2,2,0,2,35,23,12,7,4,3
C5120ST,1,7,District-Kathua,Rural,40-49,133,87,46,39,26,13,30,17,13,7,6,1,19,12,7,4,4,0,2,1,1,27,18,9,5,3,2
C5120ST,1,7,District-Kathua,Rural,50-59,87,48,39,30,13,17,19,11,8,3,2,1,10,5,5,4,2,2,3,2,1,15,10,5,3,3,0
C5120ST,1,7,District-Kathua,Rural,60-69,89,52,37,29,16,13,20,11,9,2,1,1,13,12,1,0,0,0,4,1,3,15,7,8,6,4,2
C5120ST,1,7,District-Kathua,Rural,70-79,83,38,45,21,10,11,25,10,15,3,1,2,15,8,7,0,0,0,0,0,0,6,1,5,13,8,5
C5120ST,1,7,District-Kathua,Rural,80-89,44,18,26,23,6,17,10,7,3,0,0,0,3,1,2,0,0,0,0,0,0,1,1,0,7,3,4
C5120ST,1,7,District-Kathua,Rural,90+,23,15,8,8,6,2,3,2,1,0,0,0,2,1,1,1,0,1,0,0,0,1,0,1,8,6,2
C5120ST,1,7,District-Kathua,Rural,Age Not Stated,6,6,0,2,2,0,2,2,0,0,0,0,1,1,0,0,0,0,0,0,0,1,1,0,0,0,0
C5120ST,1,7,District-Kathua,Urban,Total,29,21,8,13,9,4,3,3,0,2,2,0,7,4,3,1,0,1,0,0,0,1,1,0,2,2,0
C5120ST,1,7,District-Kathua,Urban,0-4,3,2,1,3,2,1,0,0,0,0,0,0,0,0,0,0,0,0,0,0,0,0,0,0,0,0,0
C5120ST,1,7,District-Kathua,Urban,5-9,4,3,1,3,3,0,0,0,0,0,0,0,0,0,0,1,0,1,0,0,0,0,0,0,0,0,0
C5120ST,1,7,District-Kathua,Urban,10-19,5,3,2,2,1,1,0,0,0,0,0,0,2,1,1,0,0,0,0,0,0,1,1,0,0,0,0
C5120ST,1,7,District-Kathua,Urban,20-29,6,3,3,1,0,1,1,1,0,0,0,0,2,0,2,0,0,0,0,0,0,0,0,0,2,2,0
C5120ST,1,7,District-Kathua,Urban,30-39,4,3,1,2,1,1,1,1,0,1,1,0,0,0,0,0,0,0,0,0,0,0,0,0,0,0,0
C5120ST,1,7,District-Kathua,Urban,40-49,2,2,0,1,1,0,0,0,0,1,1,0,0,0,0,0,0,0,0,0,0,0,0,0,0,0,0
C5120ST,1,7,District-Kathua,Urban,50-59,1,1,0,0,0,0,1,1,0,0,0,0,0,0,0,0,0,0,0,0,0,0,0,0,0,0,0
C5120ST,1,7,District-Kathua,Urban,60-69,1,1,0,1,1,0,0,0,0,0,0,0,0,0,0,0,0,0,0,0,0,0,0,0,0,0,0
C5120ST,1,7,District-Kathua,Urban,70-79,1,1,0,0,0,0,0,0,0,0,0,0,1,1,0,0,0,0,0,0,0,0,0,0,0,0,0
C5120ST,1,7,District-Kathua,Urban,80-89,2,2,0,0,0,0,0,0,0,0,0,0,2,2,0,0,0,0,0,0,0,0,0,0,0,0,0
C5120ST,1,7,District-Kathua,Urban,90+,0,0,0,0,0,0,0,0,0,0,0,0,0,0,0,0,0,0,0,0,0,0,0,0,0,0,0
C5120ST,1,7,District-Kathua,Urban,Age Not Stated,0,0,0,0,0,0,0,0,0,0,0,0,0,0,0,0,0,0,0,0,0,0,0,0,0,0,0
C5120ST,1,8,District-Baramula,Total,Total,929,558,371,150,90,60,221,129,92,42,23,19,196,129,67,31,13,18,13,9,4,214,121,93,62,44,18
C5120ST,1,8,District-Baramula,Total,0-4,55,30,25,8,5,3,19,8,11,0,0,0,7,6,1,3,1,2,0,0,0,14,7,7,4,3,1
C5120ST,1,8,District-Baramula,Total,5-9,85,48,37,20,13,7,19,11,8,7,5,2,8,5,3,4,2,2,2,2,0,23,10,13,2,0,2
C5120ST,1,8,District-Baramula,Total,10-19,217,121,96,25,14,11,57,27,30,10,6,4,33,21,12,4,1,3,1,1,0,74,41,33,13,10,3
C5120ST,1,8,District-Baramula,Total,20-29,146,89,57,17,9,8,39,27,12,5,1,4,21,10,11,7,3,4,4,2,2,45,32,13,8,5,3
C5120ST,1,8,District-Baramula,Total,30-39,115,62,53,18,13,5,22,11,11,5,3,2,32,16,16,3,1,2,0,0,0,24,13,11,11,5,6
C5120ST,1,8,District-Baramula,Total,40-49,100,74,26,13,11,2,21,15,6,8,6,2,32,25,7,5,3,2,4,4,0,10,4,6,7,6,1
C5120ST,1,8,District-Baramula,Total,50-59,74,44,30,19,9,10,16,10,6,2,1,1,22,15,7,1,1,0,1,0,1,11,6,5,2,2,0
C5120ST,1,8,District-Baramula,Total,60-69,67,42,25,12,6,6,19,11,8,2,1,1,17,12,5,4,1,3,1,0,1,7,6,1,5,5,0
C5120ST,1,8,District-Baramula,Total,70-79,41,26,15,11,5,6,6,6,0,2,0,2,16,12,4,0,0,0,0,0,0,3,1,2,3,2,1
C5120ST,1,8,District-Baramula,Total,80-89,18,14,4,2,2,0,2,2,0,0,0,0,8,7,1,0,0,0,0,0,0,3,1,2,3,2,1
C5120ST,1,8,District-Baramula,Total,90+,11,8,3,5,3,2,1,1,0,1,0,1,0,0,0,0,0,0,0,0,0,0,0,0,4,4,0
C5120ST,1,8,District-Baramula,Total,Age Not Stated,0,0,0,0,0,0,0,0,0,0,0,0,0,0,0,0,0,0,0,0,0,0,0,0,0,0,0
C5120ST,1,8,District-Baramula,Rural,Total,921,555,366,148,88,60,217,129,88,41,23,18,196,129,67,31,13,18,13,9,4,213,120,93,62,44,18
C5120ST,1,8,District-Baramula,Rural,0-4,55,30,25,8,5,3,19,8,11,0,0,0,7,6,1,3,1,2,0,0,0,14,7,7,4,3,1
C5120ST,1,8,District-Baramula,Rural,5-9,85,48,37,20,13,7,19,11,8,7,5,2,8,5,3,4,2,2,2,2,0,23,10,13,2,0,2
C5120ST,1,8,District-Baramula,Rural,10-19,216,120,96,24,13,11,57,27,30,10,6,4,33,21,12,4,1,3,1,1,0,74,41,33,13,10,3
C5120ST,1,8,District-Baramula,Rural,20-29,144,88,56,17,9,8,38,27,11,5,1,4,21,10,11,7,3,4,4,2,2,44,31,13,8,5,3
C5120ST,1,8,District-Baramula,Rural,30-39,113,61,52,17,12,5,21,11,10,5,3,2,32,16,16,3,1,2,0,0,0,24,13,11,11,5,6
C5120ST,1,8,District-Baramula,Rural,40-49,99,74,25,13,11,2,20,15,5,8,6,2,32,25,7,5,3,2,4,4,0,10,4,6,7,6,1
C5120ST,1,8,District-Baramula,Rural,50-59,74,44,30,19,9,10,16,10,6,2,1,1,22,15,7,1,1,0,1,0,1,11,6,5,2,2,0
C5120ST,1,8,District-Baramula,Rural,60-69,66,42,24,12,6,6,18,11,7,2,1,1,17,12,5,4,1,3,1,0,1,7,6,1,5,5,0
C5120ST,1,8,District-Baramula,Rural,70-79,40,26,14,11,5,6,6,6,0,1,0,1,16,12,4,0,0,0,0,0,0,3,1,2,3,2,1
C5120ST,1,8,District-Baramula,Rural,80-89,18,14,4,2,2,0,2,2,0,0,0,0,8,7,1,0,0,0,0,0,0,3,1,2,3,2,1
C5120ST,1,8,District-Baramula,Rural,90+,11,8,3,5,3,2,1,1,0,1,0,1,0,0,0,0,0,0,0,0,0,0,0,0,4,4,0
C5120ST,1,8,District-Baramula,Rural,Age Not Stated,0,0,0,0,0,0,0,0,0,0,0,0,0,0,0,0,0,0,0,0,0,0,0,0,0,0,0
C5120ST,1,8,District-Baramula,Urban,Total,8,3,5,2,2,0,4,0,4,1,0,1,0,0,0,0,0,0,0,0,0,1,1,0,0,0,0
C5120ST,1,8,District-Baramula,Urban,0-4,0,0,0,0,0,0,0,0,0,0,0,0,0,0,0,0,0,0,0,0,0,0,0,0,0,0,0
C5120ST,1,8,District-Baramula,Urban,5-9,0,0,0,0,0,0,0,0,0,0,0,0,0,0,0,0,0,0,0,0,0,0,0,0,0,0,0
C5120ST,1,8,District-Baramula,Urban,10-19,1,1,0,1,1,0,0,0,0,0,0,0,0,0,0,0,0,0,0,0,0,0,0,0,0,0,0
C5120ST,1,8,District-Baramula,Urban,20-29,2,1,1,0,0,0,1,0,1,0,0,0,0,0,0,0,0,0,0,0,0,1,1,0,0,0,0
C5120ST,1,8,District-Baramula,Urban,30-39,2,1,1,1,1,0,1,0,1,0,0,0,0,0,0,0,0,0,0,0,0,0,0,0,0,0,0
C5120ST,1,8,District-Baramula,Urban,40-49,1,0,1,0,0,0,1,0,1,0,0,0,0,0,0,0,0,0,0,0,0,0,0,0,0,0,0
C5120ST,1,8,District-Baramula,Urban,50-59,0,0,0,0,0,0,0,0,0,0,0,0,0,0,0,0,0,0,0,0,0,0,0,0,0,0,0
C5120ST,1,8,District-Baramula,Urban,60-69,1,0,1,0,0,0,1,0,1,0,0,0,0,0,0,0,0,0,0,0,0,0,0,0,0,0,0
C5120ST,1,8,District-Baramula,Urban,70-79,1,0,1,0,0,0,0,0,0,1,0,1,0,0,0,0,0,0,0,0,0,0,0,0,0,0,0
C5120ST,1,8,District-Baramula,Urban,80-89,0,0,0,0,0,0,0,0,0,0,0,0,0,0,0,0,0,0,0,0,0,0,0,0,0,0,0
C5120ST,1,8,District-Baramula,Urban,90+,0,0,0,0,0,0,0,0,0,0,0,0,0,0,0,0,0,0,0,0,0,0,0,0,0,0,0
C5120ST,1,8,District-Baramula,Urban,Age Not Stated,0,0,0,0,0,0,0,0,0,0,0,0,0,0,0,0,0,0,0,0,0,0,0,0,0,0,0
C5120ST,1,9,District-Bandipore,Total,Total,2566,1408,1158,409,221,188,580,319,261,103,59,44,487,279,208,74,40,34,114,69,45,494,254,240,305,167,138
C5120ST,1,9,District-Bandipore,Total,0-4,178,105,73,29,15,14,64,37,27,2,0,2,26,19,7,3,2,1,1,0,1,41,24,17,12,8,4
C5120ST,1,9,District-Bandipore,Total,5-9,260,136,124,40,18,22,72,44,28,18,13,5,50,23,27,4,3,1,4,2,2,49,20,29,23,13,10
C5120ST,1,9,District-Bandipore,Total,10-19,502,265,237,63,30,33,101,55,46,48,27,21,80,42,38,18,9,9,21,19,2,122,60,62,49,23,26
C5120ST,1,9,District-Bandipore,Total,20-29,301,164,137,23,12,11,55,27,28,11,5,6,56,29,27,11,6,5,22,14,8,87,52,35,36,19,17
C5120ST,1,9,District-Bandipore,Total,30-39,281,149,132,45,27,18,56,25,31,9,4,5,43,26,17,13,5,8,24,15,9,71,35,36,20,12,8
C5120ST,1,9,District-Bandipore,Total,40-49,231,131,100,40,23,17,30,17,13,5,3,2,57,38,19,9,6,3,20,6,14,43,23,20,27,15,12
C5120ST,1,9,District-Bandipore,Total,50-59,219,105,114,43,20,23,50,25,25,4,3,1,51,24,27,7,4,3,13,7,6,30,13,17,21,9,12
C5120ST,1,9,District-Bandipore,Total,60-69,231,126,105,54,30,24,52,26,26,2,2,0,52,32,20,3,2,1,5,3,2,31,15,16,32,16,16
C5120ST,1,9,District-Bandipore,Total,70-79,200,117,83,41,22,19,56,30,26,3,1,2,43,28,15,3,3,0,3,2,1,12,8,4,39,23,16
C5120ST,1,9,District-Bandipore,Total,80-89,106,64,42,17,13,4,33,23,10,1,1,0,18,10,8,2,0,2,0,0,0,7,4,3,28,13,15
C5120ST,1,9,District-Bandipore,Total,90+,57,46,11,14,11,3,11,10,1,0,0,0,11,8,3,1,0,1,1,1,0,1,0,1,18,16,2
C5120ST,1,9,District-Bandipore,Total,Age Not Stated,0,0,0,0,0,0,0,0,0,0,0,0,0,0,0,0,0,0,0,0,0,0,0,0,0,0,0
C5120ST,1,9,District-Bandipore,Rural,Total,2528,1381,1147,396,211,185,570,312,258,103,59,44,483,277,206,72,38,34,114,69,45,486,249,237,304,166,138
C5120ST,1,9,District-Bandipore,Rural,0-4,177,104,73,29,15,14,63,36,27,2,0,2,26,19,7,3,2,1,1,0,1,41,24,17,12,8,4
C5120ST,1,9,District-Bandipore,Rural,5-9,259,136,123,40,18,22,72,44,28,18,13,5,50,23,27,4,3,1,4,2,2,48,20,28,23,13,10
C5120ST,1,9,District-Bandipore,Rural,10-19,497,262,235,62,29,33,100,55,45,48,27,21,79,42,37,18,9,9,21,19,2,120,58,62,49,23,26
C5120ST,1,9,District-Bandipore,Rural,20-29,295,160,135,22,12,10,53,25,28,11,5,6,56,29,27,10,5,5,22,14,8,86,52,34,35,18,17
C5120ST,1,9,District-Bandipore,Rural,30-39,275,144,131,42,24,18,55,25,30,9,4,5,43,26,17,13,5,8,24,15,9,69,33,36,20,12,8
C5120ST,1,9,District-Bandipore,Rural,40-49,228,129,99,39,22,17,30,17,13,5,3,2,57,38,19,9,6,3,20,6,14,41,22,19,27,15,12
C5120ST,1,9,District-Bandipore,Rural,50-59,213,100,113,42,19,23,48,23,25,4,3,1,49,23,26,6,3,3,13,7,6,30,13,17,21,9,12
C5120ST,1,9,District-Bandipore,Rural,60-69,227,123,104,52,29,23,50,24,26,2,2,0,52,32,20,3,2,1,5,3,2,31,15,16,32,16,16
C5120ST,1,9,District-Bandipore,Rural,70-79,198,116,82,39,21,18,56,30,26,3,1,2,43,28,15,3,3,0,3,2,1,12,8,4,39,23,16
C5120ST,1,9,District-Bandipore,Rural,80-89,102,61,41,15,11,4,32,23,9,1,1,0,17,9,8,2,0,2,0,0,0,7,4,3,28,13,15
C5120ST,1,9,District-Bandipore,Rural,90+,57,46,11,14,11,3,11,10,1,0,0,0,11,8,3,1,0,1,1,1,0,1,0,1,18,16,2
C5120ST,1,9,District-Bandipore,Rural,Age Not Stated,0,0,0,0,0,0,0,0,0,0,0,0,0,0,0,0,0,0,0,0,0,0,0,0,0,0,0
C5120ST,1,9,District-Bandipore,Urban,Total,38,27,11,13,10,3,10,7,3,0,0,0,4,2,2,2,2,0,0,0,0,8,5,3,1,1,0
C5120ST,1,9,District-Bandipore,Urban,0-4,1,1,0,0,0,0,1,1,0,0,0,0,0,0,0,0,0,0,0,0,0,0,0,0,0,0,0
C5120ST,1,9,District-Bandipore,Urban,5-9,1,0,1,0,0,0,0,0,0,0,0,0,0,0,0,0,0,0,0,0,0,1,0,1,0,0,0
C5120ST,1,9,District-Bandipore,Urban,10-19,5,3,2,1,1,0,1,0,1,0,0,0,1,0,1,0,0,0,0,0,0,2,2,0,0,0,0
C5120ST,1,9,District-Bandipore,Urban,20-29,6,4,2,1,0,1,2,2,0,0,0,0,0,0,0,1,1,0,0,0,0,1,0,1,1,1,0
C5120ST,1,9,District-Bandipore,Urban,30-39,6,5,1,3,3,0,1,0,1,0,0,0,0,0,0,0,0,0,0,0,0,2,2,0,0,0,0
C5120ST,1,9,District-Bandipore,Urban,40-49,3,2,1,1,1,0,0,0,0,0,0,0,0,0,0,0,0,0,0,0,0,2,1,1,0,0,0
C5120ST,1,9,District-Bandipore,Urban,50-59,6,5,1,1,1,0,2,2,0,0,0,0,2,1,1,1,1,0,0,0,0,0,0,0,0,0,0
C5120ST,1,9,District-Bandipore,Urban,60-69,4,3,1,2,1,1,2,2,0,0,0,0,0,0,0,0,0,0,0,0,0,0,0,0,0,0,0
C5120ST,1,9,District-Bandipore,Urban,70-79,2,1,1,2,1,1,0,0,0,0,0,0,0,0,0,0,0,0,0,0,0,0,0,0,0,0,0
C5120ST,1,9,District-Bandipore,Urban,80-89,4,3,1,2,2,0,1,0,1,0,0,0,1,1,0,0,0,0,0,0,0,0,0,0,0,0,0
C5120ST,1,9,District-Bandipore,Urban,90+,0,0,0,0,0,0,0,0,0,0,0,0,0,0,0,0,0,0,0,0,0,0,0,0,0,0,0
C5120ST,1,9,District-Bandipore,Urban,Age Not Stated,0,0,0,0,0,0,0,0,0,0,0,0,0,0,0,0,0,0,0,0,0,0,0,0,0,0,0
C5120ST,1,10,District-Srinagar,Total,Total,341,188,153,95,57,38,90,47,43,21,8,13,45,25,20,12,6,6,7,3,4,50,26,24,21,16,5
C5120ST,1,10,District-Srinagar,Total,0-4,22,12,10,9,5,4,5,3,2,1,1,0,3,1,2,0,0,0,0,0,0,4,2,2,0,0,0
C5120ST,1,10,District-Srinagar,Total,5-9,39,16,23,14,6,8,12,6,6,1,0,1,7,3,4,1,0,1,0,0,0,3,0,3,1,1,0
C5120ST,1,10,District-Srinagar,Total,10-19,72,46,26,17,12,5,13,7,6,7,4,3,10,7,3,6,3,3,4,1,3,10,8,2,5,4,1
C5120ST,1,10,District-Srinagar,Total,20-29,33,15,18,7,3,4,14,7,7,2,0,2,4,1,3,0,0,0,1,1,0,3,2,1,2,1,1
C5120ST,1,10,District-Srinagar,Total,30-39,40,25,15,14,10,4,13,8,5,3,2,1,4,2,2,1,1,0,0,0,0,3,1,2,2,1,1
C5120ST,1,10,District-Srinagar,Total,40-49,59,33,26,15,9,6,7,3,4,5,1,4,9,7,2,3,2,1,0,0,0,15,7,8,5,4,1
C5120ST,1,10,District-Srinagar,Total,50-59,36,16,20,8,3,5,17,7,10,0,0,0,4,3,1,1,0,1,0,0,0,5,2,3,1,1,0
C5120ST,1,10,District-Srinagar,Total,60-69,21,13,8,7,5,2,3,3,0,1,0,1,2,0,2,0,0,0,1,1,0,6,3,3,1,1,0
C5120ST,1,10,District-Srinagar,Total,70-79,9,7,2,2,2,0,3,1,2,0,0,0,1,1,0,0,0,0,0,0,0,1,1,0,2,2,0
C5120ST,1,10,District-Srinagar,Total,80-89,8,3,5,2,2,0,2,1,1,1,0,1,1,0,1,0,0,0,1,0,1,0,0,0,1,0,1
C5120ST,1,10,District-Srinagar,Total,90+,2,2,0,0,0,0,1,1,0,0,0,0,0,0,0,0,0,0,0,0,0,0,0,0,1,1,0
C5120ST,1,10,District-Srinagar,Total,Age Not Stated,0,0,0,0,0,0,0,0,0,0,0,0,0,0,0,0,0,0,0,0,0,0,0,0,0,0,0
C5120ST,1,10,District-Srinagar,Rural,Total,89,46,43,18,10,8,27,12,15,7,3,4,17,10,7,4,0,4,1,1,0,9,4,5,6,6,0
C5120ST,1,10,District-Srinagar,Rural,0-4,11,5,6,4,2,2,3,1,2,0,0,0,2,1,1,0,0,0,0,0,0,2,1,1,0,0,0
C5120ST,1,10,District-Srinagar,Rural,5-9,22,8,14,8,2,6,7,3,4,1,0,1,3,2,1,1,0,1,0,0,0,1,0,1,1,1,0
C5120ST,1,10,District-Srinagar,Rural,10-19,17,10,7,0,0,0,3,1,2,4,3,1,5,3,2,2,0,2,1,1,0,1,1,0,1,1,0
C5120ST,1,10,District-Srinagar,Rural,20-29,3,1,2,0,0,0,2,0,2,0,0,0,0,0,0,0,0,0,0,0,0,0,0,0,1,1,0
C5120ST,1,10,District-Srinagar,Rural,30-39,9,5,4,2,2,0,5,2,3,0,0,0,2,1,1,0,0,0,0,0,0,0,0,0,0,0,0
C5120ST,1,10,District-Srinagar,Rural,40-49,10,6,4,1,1,0,1,1,0,1,0,1,3,2,1,0,0,0,0,0,0,3,1,2,1,1,0
C5120ST,1,10,District-Srinagar,Rural,50-59,5,3,2,0,0,0,1,0,1,0,0,0,1,1,0,1,0,1,0,0,0,1,1,0,1,1,0
C5120ST,1,10,District-Srinagar,Rural,60-69,5,4,1,2,2,0,2,2,0,0,0,0,0,0,0,0,0,0,0,0,0,1,0,1,0,0,0
C5120ST,1,10,District-Srinagar,Rural,70-79,2,1,1,0,0,0,1,0,1,0,0,0,0,0,0,0,0,0,0,0,0,0,0,0,1,1,0
C5120ST,1,10,District-Srinagar,Rural,80-89,4,2,2,1,1,0,1,1,0,1,0,1,1,0,1,0,0,0,0,0,0,0,0,0,0,0,0
C5120ST,1,10,District-Srinagar,Rural,90+,1,1,0,0,0,0,1,1,0,0,0,0,0,0,0,0,0,0,0,0,0,0,0,0,0,0,0
C5120ST,1,10,District-Srinagar,Rural,Age Not Stated,0,0,0,0,0,0,0,0,0,0,0,0,0,0,0,0,0,0,0,0,0,0,0,0,0,0,0
C5120ST,1,10,District-Srinagar,Urban,Total,252,142,110,77,47,30,63,35,28,14,5,9,28,15,13,8,6,2,6,2,4,41,22,19,15,10,5
C5120ST,1,10,District-Srinagar,Urban,0-4,11,7,4,5,3,2,2,2,0,1,1,0,1,0,1,0,0,0,0,0,0,2,1,1,0,0,0
C5120ST,1,10,District-Srinagar,Urban,5-9,17,8,9,6,4,2,5,3,2,0,0,0,4,1,3,0,0,0,0,0,0,2,0,2,0,0,0
C5120ST,1,10,District-Srinagar,Urban,10-19,55,36,19,17,12,5,10,6,4,3,1,2,5,4,1,4,3,1,3,0,3,9,7,2,4,3,1
C5120ST,1,10,District-Srinagar,Urban,20-29,30,14,16,7,3,4,12,7,5,2,0,2,4,1,3,0,0,0,1,1,0,3,2,1,1,0,1
C5120ST,1,10,District-Srinagar,Urban,30-39,31,20,11,12,8,4,8,6,2,3,2,1,2,1,1,1,1,0,0,0,0,3,1,2,2,1,1
C5120ST,1,10,District-Srinagar,Urban,40-49,49,27,22,14,8,6,6,2,4,4,1,3,6,5,1,3,2,1,0,0,0,12,6,6,4,3,1
C5120ST,1,10,District-Srinagar,Urban,50-59,31,13,18,8,3,5,16,7,9,0,0,0,3,2,1,0,0,0,0,0,0,4,1,3,0,0,0
C5120ST,1,10,District-Srinagar,Urban,60-69,16,9,7,5,3,2,1,1,0,1,0,1,2,0,2,0,0,0,1,1,0,5,3,2,1,1,0
C5120ST,1,10,District-Srinagar,Urban,70-79,7,6,1,2,2,0,2,1,1,0,0,0,1,1,0,0,0,0,0,0,0,1,1,0,1,1,0
C5120ST,1,10,District-Srinagar,Urban,80-89,4,1,3,1,1,0,1,0,1,0,0,0,0,0,0,0,0,0,1,0,1,0,0,0,1,0,1
C5120ST,1,10,District-Srinagar,Urban,90+,1,1,0,0,0,0,0,0,0,0,0,0,0,0,0,0,0,0,0,0,0,0,0,0,1,1,0
C5120ST,1,10,District-Srinagar,Urban,Age Not Stated,0,0,0,0,0,0,0,0,0,0,0,0,0,0,0,0,0,0,0,0,0,0,0,0,0,0,0
C5120ST,1,11,District-Ganderbal,Total,Total,1817,1002,815,473,265,208,426,229,197,106,55,51,254,136,118,73,36,37,35,22,13,280,167,113,170,92,78
C5120ST,1,11,District-Ganderbal,Total,0-4,159,80,79,56,27,29,40,17,23,2,2,0,14,11,3,6,2,4,2,1,1,34,16,18,5,4,1
C5120ST,1,11,District-Ganderbal,Total,5-9,245,128,117,69,37,32,68,38,30,22,10,12,21,8,13,7,4,3,3,2,1,39,22,17,16,7,9
C5120ST,1,11,District-Ganderbal,Total,10-19,442,242,200,94,59,35,106,53,53,37,20,17,57,28,29,22,11,11,9,5,4,81,47,34,36,19,17
C5120ST,1,11,District-Ganderbal,Total,20-29,252,150,102,56,34,22,57,35,22,15,8,7,37,16,21,10,6,4,8,4,4,34,27,7,35,20,15
C5120ST,1,11,District-Ganderbal,Total,30-39,215,115,100,58,29,29,55,29,26,12,9,3,24,12,12,18,10,8,5,3,2,28,15,13,15,8,7
C5120ST,1,11,District-Ganderbal,Total,40-49,141,73,68,34,17,17,25,9,16,10,4,6,28,18,10,7,3,4,3,3,0,20,9,11,14,10,4
C5120ST,1,11,District-Ganderbal,Total,50-59,114,59,55,35,20,15,18,9,9,2,2,0,22,9,13,2,0,2,3,2,1,19,12,7,13,5,8
C5120ST,1,11,District-Ganderbal,Total,60-69,101,57,44,27,14,13,29,17,12,5,0,5,24,16,8,1,0,1,0,0,0,10,7,3,5,3,2
C5120ST,1,11,District-Ganderbal,Total,70-79,80,53,27,24,14,10,14,11,3,0,0,0,18,12,6,0,0,0,1,1,0,9,7,2,14,8,6
C5120ST,1,11,District-Ganderbal,Total,80-89,39,26,13,14,9,5,6,5,1,0,0,0,7,5,2,0,0,0,1,1,0,3,3,0,8,3,5
C5120ST,1,11,District-Ganderbal,Total,90+,26,16,10,6,5,1,6,4,2,1,0,1,2,1,1,0,0,0,0,0,0,2,1,1,9,5,4
C5120ST,1,11,District-Ganderbal,Total,Age Not Stated,3,3,0,0,0,0,2,2,0,0,0,0,0,0,0,0,0,0,0,0,0,1,1,0,0,0,0
C5120ST,1,11,District-Ganderbal,Rural,Total,1794,990,804,466,259,207,422,229,193,105,55,50,245,131,114,72,36,36,35,22,13,279,166,113,170,92,78
C5120ST,1,11,District-Ganderbal,Rural,0-4,156,78,78,56,27,29,39,17,22,2,2,0,12,9,3,6,2,4,2,1,1,34,16,18,5,4,1
C5120ST,1,11,District-Ganderbal,Rural,5-9,243,127,116,69,37,32,68,38,30,22,10,12,19,7,12,7,4,3,3,2,1,39,22,17,16,7,9
C5120ST,1,11,District-Ganderbal,Rural,10-19,434,239,195,92,57,35,106,53,53,36,20,16,53,27,26,21,11,10,9,5,4,81,47,34,36,19,17
C5120ST,1,11,District-Ganderbal,Rural,20-29,248,148,100,55,33,22,55,35,20,15,8,7,36,15,21,10,6,4,8,4,4,34,27,7,35,20,15
C5120ST,1,11,District-Ganderbal,Rural,30-39,214,114,100,57,28,29,55,29,26,12,9,3,24,12,12,18,10,8,5,3,2,28,15,13,15,8,7
C5120ST,1,11,District-Ganderbal,Rural,40-49,139,72,67,32,16,16,25,9,16,10,4,6,28,18,10,7,3,4,3,3,0,20,9,11,14,10,4
C5120ST,1,11,District-Ganderbal,Rural,50-59,113,58,55,34,19,15,18,9,9,2,2,0,22,9,13,2,0,2,3,2,1,19,12,7,13,5,8
C5120ST,1,11,District-Ganderbal,Rural,60-69,101,57,44,27,14,13,29,17,12,5,0,5,24,16,8,1,0,1,0,0,0,10,7,3,5,3,2
C5120ST,1,11,District-Ganderbal,Rural,70-79,79,53,26,24,14,10,13,11,2,0,0,0,18,12,6,0,0,0,1,1,0,9,7,2,14,8,6
C5120ST,1,11,District-Ganderbal,Rural,80-89,38,25,13,14,9,5,6,5,1,0,0,0,7,5,2,0,0,0,1,1,0,2,2,0,8,3,5
C5120ST,1,11,District-Ganderbal,Rural,90+,26,16,10,6,5,1,6,4,2,1,0,1,2,1,1,0,0,0,0,0,0,2,1,1,9,5,4
C5120ST,1,11,District-Ganderbal,Rural,Age Not Stated,3,3,0,0,0,0,2,2,0,0,0,0,0,0,0,0,0,0,0,0,0,1,1,0,0,0,0
C5120ST,1,11,District-Ganderbal,Urban,Total,23,12,11,7,6,1,4,0,4,1,0,1,9,5,4,1,0,1,0,0,0,1,1,0,0,0,0
C5120ST,1,11,District-Ganderbal,Urban,0-4,3,2,1,0,0,0,1,0,1,0,0,0,2,2,0,0,0,0,0,0,0,0,0,0,0,0,0
C5120ST,1,11,District-Ganderbal,Urban,5-9,2,1,1,0,0,0,0,0,0,0,0,0,2,1,1,0,0,0,0,0,0,0,0,0,0,0,0
C5120ST,1,11,District-Ganderbal,Urban,10-19,8,3,5,2,2,0,0,0,0,1,0,1,4,1,3,1,0,1,0,0,0,0,0,0,0,0,0
C5120ST,1,11,District-Ganderbal,Urban,20-29,4,2,2,1,1,0,2,0,2,0,0,0,1,1,0,0,0,0,0,0,0,0,0,0,0,0,0
C5120ST,1,11,District-Ganderbal,Urban,30-39,1,1,0,1,1,0,0,0,0,0,0,0,0,0,0,0,0,0,0,0,0,0,0,0,0,0,0
C5120ST,1,11,District-Ganderbal,Urban,40-49,2,1,1,2,1,1,0,0,0,0,0,0,0,0,0,0,0,0,0,0,0,0,0,0,0,0,0
C5120ST,1,11,District-Ganderbal,Urban,50-59,1,1,0,1,1,0,0,0,0,0,0,0,0,0,0,0,0,0,0,0,0,0,0,0,0,0,0
C5120ST,1,11,District-Ganderbal,Urban,60-69,0,0,0,0,0,0,0,0,0,0,0,0,0,0,0,0,0,0,0,0,0,0,0,0,0,0,0
C5120ST,1,11,District-Ganderbal,Urban,70-79,1,0,1,0,0,0,1,0,1,0,0,0,0,0,0,0,0,0,0,0,0,0,0,0,0,0,0
C5120ST,1,11,District-Ganderbal,Urban,80-89,1,1,0,0,0,0,0,0,0,0,0,0,0,0,0,0,0,0,0,0,0,1,1,0,0,0,0
C5120ST,1,11,District-Ganderbal,Urban,90+,0,0,0,0,0,0,0,0,0,0,0,0,0,0,0,0,0,0,0,0,0,0,0,0,0,0,0
C5120ST,1,11,District-Ganderbal,Urban,Age Not Stated,0,0,0,0,0,0,0,0,0,0,0,0,0,0,0,0,0,0,0,0,0,0,0,0,0,0,0
C5120ST,1,12,District-Pulwama,Total,Total,938,509,429,115,67,48,216,105,111,48,30,18,177,102,75,20,14,6,23,10,13,137,75,62,202,106,96
C5120ST,1,12,District-Pulwama,Total,0-4,88,44,44,2,2,0,37,13,24,1,1,0,18,10,8,2,1,1,1,1,0,12,7,5,15,9,6
C5120ST,1,12,District-Pulwama,Total,5-9,88,50,38,4,2,2,21,11,10,14,10,4,19,11,8,3,3,0,2,0,2,10,4,6,15,9,6
C5120ST,1,12,District-Pulwama,Total,10-19,181,100,81,16,10,6,60,34,26,10,6,4,23,13,10,3,1,2,7,1,6,24,14,10,38,21,17
C5120ST,1,12,District-Pulwama,Total,20-29,104,54,50,12,7,5,20,10,10,8,2,6,22,11,11,3,3,0,3,2,1,18,11,7,18,8,10
C5120ST,1,12,District-Pulwama,Total,30-39,99,61,38,11,10,1,22,11,11,4,3,1,22,11,11,4,3,1,4,4,0,14,7,7,18,12,6
C5120ST,1,12,District-Pulwama,Total,40-49,112,58,54,15,6,9,19,9,10,3,3,0,22,14,8,3,2,1,3,1,2,17,10,7,30,13,17
C5120ST,1,12,District-Pulwama,Total,50-59,83,38,45,16,7,9,20,8,12,1,0,1,15,10,5,1,0,1,1,0,1,14,7,7,15,6,9
C5120ST,1,12,District-Pulwama,Total,60-69,87,46,41,21,11,10,5,1,4,2,1,1,16,11,5,0,0,0,1,0,1,16,9,7,26,13,13
C5120ST,1,12,District-Pulwama,Total,70-79,63,40,23,12,9,3,7,3,4,4,3,1,14,9,5,1,1,0,1,1,0,11,6,5,13,8,5
C5120ST,1,12,District-Pulwama,Total,80-89,25,15,10,5,3,2,4,4,0,1,1,0,5,2,3,0,0,0,0,0,0,1,0,1,9,5,4
C5120ST,1,12,District-Pulwama,Total,90+,8,3,5,1,0,1,1,1,0,0,0,0,1,0,1,0,0,0,0,0,0,0,0,0,5,2,3
C5120ST,1,12,District-Pulwama,Total,Age Not Stated,0,0,0,0,0,0,0,0,0,0,0,0,0,0,0,0,0,0,0,0,0,0,0,0,0,0,0
C5120ST,1,12,District-Pulwama,Rural,Total,924,501,423,108,63,45,215,105,110,47,29,18,173,100,73,20,14,6,23,10,13,137,75,62,201,105,96
C5120ST,1,12,District-Pulwama,Rural,0-4,88,44,44,2,2,0,37,13,24,1,1,0,18,10,8,2,1,1,1,1,0,12,7,5,15,9,6
C5120ST,1,12,District-Pulwama,Rural,5-9,85,49,36,3,2,1,21,11,10,13,9,4,18,11,7,3,3,0,2,0,2,10,4,6,15,9,6
C5120ST,1,12,District-Pulwama,Rural,10-19,180,99,81,16,10,6,60,34,26,10,6,4,22,12,10,3,1,2,7,1,6,24,14,10,38,21,17
C5120ST,1,12,District-Pulwama,Rural,20-29,103,54,49,12,7,5,19,10,9,8,2,6,22,11,11,3,3,0,3,2,1,18,11,7,18,8,10
C5120ST,1,12,District-Pulwama,Rural,30-39,99,61,38,11,10,1,22,11,11,4,3,1,22,11,11,4,3,1,4,4,0,14,7,7,18,12,6
C5120ST,1,12,District-Pulwama,Rural,40-49,112,58,54,15,6,9,19,9,10,3,3,0,22,14,8,3,2,1,3,1,2,17,10,7,30,13,17
C5120ST,1,12,District-Pulwama,Rural,50-59,82,37,45,15,6,9,20,8,12,1,0,1,15,10,5,1,0,1,1,0,1,14,7,7,15,6,9
C5120ST,1,12,District-Pulwama,Rural,60-69,83,43,40,18,9,9,5,1,4,2,1,1,16,11,5,0,0,0,1,0,1,16,9,7,25,12,13
C5120ST,1,12,District-Pulwama,Rural,70-79,62,40,22,11,9,2,7,3,4,4,3,1,14,9,5,1,1,0,1,1,0,11,6,5,13,8,5
C5120ST,1,12,District-Pulwama,Rural,80-89,22,13,9,4,2,2,4,4,0,1,1,0,3,1,2,0,0,0,0,0,0,1,0,1,9,5,4
C5120ST,1,12,District-Pulwama,Rural,90+,8,3,5,1,0,1,1,1,0,0,0,0,1,0,1,0,0,0,0,0,0,0,0,0,5,2,3
C5120ST,1,12,District-Pulwama,Rural,Age Not Stated,0,0,0,0,0,0,0,0,0,0,0,0,0,0,0,0,0,0,0,0,0,0,0,0,0,0,0
C5120ST,1,12,District-Pulwama,Urban,Total,14,8,6,7,4,3,1,0,1,1,1,0,4,2,2,0,0,0,0,0,0,0,0,0,1,1,0
C5120ST,1,12,District-Pulwama,Urban,0-4,0,0,0,0,0,0,0,0,0,0,0,0,0,0,0,0,0,0,0,0,0,0,0,0,0,0,0
C5120ST,1,12,District-Pulwama,Urban,5-9,3,1,2,1,0,1,0,0,0,1,1,0,1,0,1,0,0,0,0,0,0,0,0,0,0,0,0
C5120ST,1,12,District-Pulwama,Urban,10-19,1,1,0,0,0,0,0,0,0,0,0,0,1,1,0,0,0,0,0,0,0,0,0,0,0,0,0
C5120ST,1,12,District-Pulwama,Urban,20-29,1,0,1,0,0,0,1,0,1,0,0,0,0,0,0,0,0,0,0,0,0,0,0,0,0,0,0
C5120ST,1,12,District-Pulwama,Urban,30-39,0,0,0,0,0,0,0,0,0,0,0,0,0,0,0,0,0,0,0,0,0,0,0,0,0,0,0
C5120ST,1,12,District-Pulwama,Urban,40-49,0,0,0,0,0,0,0,0,0,0,0,0,0,0,0,0,0,0,0,0,0,0,0,0,0,0,0
C5120ST,1,12,District-Pulwama,Urban,50-59,1,1,0,1,1,0,0,0,0,0,0,0,0,0,0,0,0,0,0,0,0,0,0,0,0,0,0
C5120ST,1,12,District-Pulwama,Urban,60-69,4,3,1,3,2,1,0,0,0,0,0,0,0,0,0,0,0,0,0,0,0,0,0,0,1,1,0
C5120ST,1,12,District-Pulwama,Urban,70-79,1,0,1,1,0,1,0,0,0,0,0,0,0,0,0,0,0,0,0,0,0,0,0,0,0,0,0
C5120ST,1,12,District-Pulwama,Urban,80-89,3,2,1,1,1,0,0,0,0,0,0,0,2,1,1,0,0,0,0,0,0,0,0,0,0,0,0
C5120ST,1,12,District-Pulwama,Urban,90+,0,0,0,0,0,0,0,0,0,0,0,0,0,0,0,0,0,0,0,0,0,0,0,0,0,0,0
C5120ST,1,12,District-Pulwama,Urban,Age Not Stated,0,0,0,0,0,0,0,0,0,0,0,0,0,0,0,0,0,0,0,0,0,0,0,0,0,0,0
C5120ST,1,13,District-Shupiyan,Total,Total,462,277,185,70,34,36,120,75,45,29,17,12,79,50,29,26,17,9,5,2,3,99,59,40,34,23,11
C5120ST,1,13,District-Shupiyan,Total,0-4,38,22,16,6,2,4,12,6,6,0,0,0,3,2,1,2,2,0,0,0,0,13,8,5,2,2,0
C5120ST,1,13,District-Shupiyan,Total,5-9,65,37,28,10,4,6,16,11,5,8,3,5,10,6,4,5,2,3,0,0,0,13,9,4,3,2,1
C5120ST,1,13,District-Shupiyan,Total,10-19,107,64,43,11,7,4,22,13,9,14,11,3,19,12,7,5,3,2,1,0,1,28,14,14,7,4,3
C5120ST,1,13,District-Shupiyan,Total,20-29,50,29,21,7,3,4,16,10,6,2,1,1,8,5,3,3,2,1,1,0,1,8,5,3,5,3,2
C5120ST,1,13,District-Shupiyan,Total,30-39,48,24,24,4,0,4,14,9,5,1,1,0,9,3,6,4,1,3,0,0,0,13,7,6,3,3,0
C5120ST,1,13,District-Shupiyan,Total,40-49,48,32,16,4,4,0,8,6,2,2,1,1,16,10,6,2,2,0,2,1,1,10,6,4,4,2,2
C5120ST,1,13,District-Shupiyan,Total,50-59,43,26,17,10,3,7,12,7,5,1,0,1,6,4,2,2,2,0,1,1,0,8,6,2,3,3,0
C5120ST,1,13,District-Shupiyan,Total,60-69,29,21,8,7,4,3,10,7,3,0,0,0,5,5,0,2,2,0,0,0,0,4,3,1,1,0,1
C5120ST,1,13,District-Shupiyan,Total,70-79,14,8,6,6,4,2,5,2,3,1,0,1,2,2,0,0,0,0,0,0,0,0,0,0,0,0,0
C5120ST,1,13,District-Shupiyan,Total,80-89,16,10,6,5,3,2,3,2,1,0,0,0,0,0,0,1,1,0,0,0,0,2,1,1,5,3,2
C5120ST,1,13,District-Shupiyan,Total,90+,4,4,0,0,0,0,2,2,0,0,0,0,1,1,0,0,0,0,0,0,0,0,0,0,1,1,0
C5120ST,1,13,District-Shupiyan,Total,Age Not Stated,0,0,0,0,0,0,0,0,0,0,0,0,0,0,0,0,0,0,0,0,0,0,0,0,0,0,0
C5120ST,1,13,District-Shupiyan,Rural,Total,462,277,185,70,34,36,120,75,45,29,17,12,79,50,29,26,17,9,5,2,3,99,59,40,34,23,11
C5120ST,1,13,District-Shupiyan,Rural,0-4,38,22,16,6,2,4,12,6,6,0,0,0,3,2,1,2,2,0,0,0,0,13,8,5,2,2,0
C5120ST,1,13,District-Shupiyan,Rural,5-9,65,37,28,10,4,6,16,11,5,8,3,5,10,6,4,5,2,3,0,0,0,13,9,4,3,2,1
C5120ST,1,13,District-Shupiyan,Rural,10-19,107,64,43,11,7,4,22,13,9,14,11,3,19,12,7,5,3,2,1,0,1,28,14,14,7,4,3
C5120ST,1,13,District-Shupiyan,Rural,20-29,50,29,21,7,3,4,16,10,6,2,1,1,8,5,3,3,2,1,1,0,1,8,5,3,5,3,2
C5120ST,1,13,District-Shupiyan,Rural,30-39,48,24,24,4,0,4,14,9,5,1,1,0,9,3,6,4,1,3,0,0,0,13,7,6,3,3,0
C5120ST,1,13,District-Shupiyan,Rural,40-49,48,32,16,4,4,0,8,6,2,2,1,1,16,10,6,2,2,0,2,1,1,10,6,4,4,2,2
C5120ST,1,13,District-Shupiyan,Rural,50-59,43,26,17,10,3,7,12,7,5,1,0,1,6,4,2,2,2,0,1,1,0,8,6,2,3,3,0
C5120ST,1,13,District-Shupiyan,Rural,60-69,29,21,8,7,4,3,10,7,3,0,0,0,5,5,0,2,2,0,0,0,0,4,3,1,1,0,1
C5120ST,1,13,District-Shupiyan,Rural,70-79,14,8,6,6,4,2,5,2,3,1,0,1,2,2,0,0,0,0,0,0,0,0,0,0,0,0,0
C5120ST,1,13,District-Shupiyan,Rural,80-89,16,10,6,5,3,2,3,2,1,0,0,0,0,0,0,1,1,0,0,0,0,2,1,1,5,3,2
C5120ST,1,13,District-Shupiyan,Rural,90+,4,4,0,0,0,0,2,2,0,0,0,0,1,1,0,0,0,0,0,0,0,0,0,0,1,1,0
C5120ST,1,13,District-Shupiyan,Rural,Age Not Stated,0,0,0,0,0,0,0,0,0,0,0,0,0,0,0,0,0,0,0,0,0,0,0,0,0,0,0
C5120ST,1,13,District-Shupiyan,Urban,Total,0,0,0,0,0,0,0,0,0,0,0,0,0,0,0,0,0,0,0,0,0,0,0,0,0,0,0
C5120ST,1,13,District-Shupiyan,Urban,0-4,0,0,0,0,0,0,0,0,0,0,0,0,0,0,0,0,0,0,0,0,0,0,0,0,0,0,0
C5120ST,1,13,District-Shupiyan,Urban,5-9,0,0,0,0,0,0,0,0,0,0,0,0,0,0,0,0,0,0,0,0,0,0,0,0,0,0,0
C5120ST,1,13,District-Shupiyan,Urban,10-19,0,0,0,0,0,0,0,0,0,0,0,0,0,0,0,0,0,0,0,0,0,0,0,0,0,0,0
C5120ST,1,13,District-Shupiyan,Urban,20-29,0,0,0,0,0,0,0,0,0,0,0,0,0,0,0,0,0,0,0,0,0,0,0,0,0,0,0
C5120ST,1,13,District-Shupiyan,Urban,30-39,0,0,0,0,0,0,0,0,0,0,0,0,0,0,0,0,0,0,0,0,0,0,0,0,0,0,0
C5120ST,1,13,District-Shupiyan,Urban,40-49,0,0,0,0,0,0,0,0,0,0,0,0,0,0,0,0,0,0,0,0,0,0,0,0,0,0,0
C5120ST,1,13,District-Shupiyan,Urban,50-59,0,0,0,0,0,0,0,0,0,0,0,0,0,0,0,0,0,0,0,0,0,0,0,0,0,0,0
C5120ST,1,13,District-Shupiyan,Urban,60-69,0,0,0,0,0,0,0,0,0,0,0,0,0,0,0,0,0,0,0,0,0,0,0,0,0,0,0
C5120ST,1,13,District-Shupiyan,Urban,70-79,0,0,0,0,0,0,0,0,0,0,0,0,0,0,0,0,0,0,0,0,0,0,0,0,0,0,0
C5120ST,1,13,District-Shupiyan,Urban,80-89,0,0,0,0,0,0,0,0,0,0,0,0,0,0,0,0,0,0,0,0,0,0,0,0,0,0,0
C5120ST,1,13,District-Shupiyan,Urban,90+,0,0,0,0,0,0,0,0,0,0,0,0,0,0,0,0,0,0,0,0,0,0,0,0,0,0,0
C5120ST,1,13,District-Shupiyan,Urban,Age Not Stated,0,0,0,0,0,0,0,0,0,0,0,0,0,0,0,0,0,0,0,0,0,0,0,0,0,0,0
C5120ST,1,14,District-Anantnag,Total,Total,5604,3135,2469,778,447,331,1145,645,500,229,130,99,981,552,429,156,87,69,234,120,114,1069,592,477,1012,562,450
C5120ST,1,14,District-Anantnag,Total,0-4,415,236,179,59,33,26,102,64,38,11,4,7,39,22,17,12,7,5,7,4,3,131,73,58,54,29,25
C5120ST,1,14,District-Anantnag,Total,5-9,507,285,222,51,28,23,116,62,54,56,33,23,76,47,29,13,7,6,10,5,5,119,63,56,66,40,26
C5120ST,1,14,District-Anantnag,Total,10-19,977,532,445,118,66,52,202,114,88,71,40,31,125,76,49,34,17,17,39,20,19,243,130,113,145,69,76
C5120ST,1,14,District-Anantnag,Total,20-29,542,334,208,74,44,30,100,58,42,20,11,9,99,68,31,27,12,15,46,26,20,109,69,40,67,46,21
C5120ST,1,14,District-Anantnag,Total,30-39,548,281,267,73,36,37,129,61,68,20,10,10,90,44,46,16,9,7,39,16,23,107,55,52,74,50,24
C5120ST,1,14,District-Anantnag,Total,40-49,602,353,249,66,46,20,121,74,47,21,13,8,121,62,59,18,12,6,40,18,22,129,74,55,86,54,32
C5120ST,1,14,District-Anantnag,Total,50-59,568,312,256,95,56,39,117,64,53,8,4,4,119,65,54,19,11,8,29,15,14,93,51,42,88,46,42
C5120ST,1,14,District-Anantnag,Total,60-69,688,357,331,122,63,59,126,70,56,18,12,6,154,77,77,10,6,4,12,8,4,85,43,42,161,78,83
C5120ST,1,14,District-Anantnag,Total,70-79,495,279,216,82,46,36,93,54,39,4,3,1,102,61,41,4,3,1,8,5,3,46,28,18,156,79,77
C5120ST,1,14,District-Anantnag,Total,80-89,177,112,65,24,19,5,28,19,9,0,0,0,34,17,17,2,2,0,4,3,1,4,4,0,81,48,33
C5120ST,1,14,District-Anantnag,Total,90+,81,51,30,13,9,4,8,3,5,0,0,0,22,13,9,1,1,0,0,0,0,3,2,1,34,23,11
C5120ST,1,14,District-Anantnag,Total,Age Not Stated,4,3,1,1,1,0,3,2,1,0,0,0,0,0,0,0,0,0,0,0,0,0,0,0,0,0,0
C5120ST,1,14,District-Anantnag,Rural,Total,5529,3088,2441,761,436,325,1128,636,492,228,129,99,979,551,428,153,85,68,234,120,114,1059,583,476,987,548,439
C5120ST,1,14,District-Anantnag,Rural,0-4,408,231,177,58,32,26,98,61,37,11,4,7,39,22,17,11,6,5,7,4,3,131,73,58,53,29,24
C5120ST,1,14,District-Anantnag,Rural,5-9,503,283,220,50,27,23,114,61,53,56,33,23,76,47,29,13,7,6,10,5,5,119,63,56,65,40,25
C5120ST,1,14,District-Anantnag,Rural,10-19,959,519,440,112,62,50,200,113,87,70,39,31,125,76,49,34,17,17,39,20,19,239,126,113,140,66,74
C5120ST,1,14,District-Anantnag,Rural,20-29,533,329,204,73,43,30,100,58,42,20,11,9,98,68,30,26,12,14,46,26,20,107,67,40,63,44,19
C5120ST,1,14,District-Anantnag,Rural,30-39,541,277,264,72,36,36,126,60,66,20,10,10,90,44,46,15,8,7,39,16,23,105,53,52,74,50,24
C5120ST,1,14,District-Anantnag,Rural,40-49,596,350,246,65,46,19,117,71,46,21,13,8,121,62,59,18,12,6,40,18,22,128,74,54,86,54,32
C5120ST,1,14,District-Anantnag,Rural,50-59,562,309,253,92,54,38,116,64,52,8,4,4,119,65,54,19,11,8,29,15,14,92,50,42,87,46,41
C5120ST,1,14,District-Anantnag,Rural,60-69,683,353,330,120,62,58,126,70,56,18,12,6,153,76,77,10,6,4,12,8,4,85,43,42,159,76,83
C5120ST,1,14,District-Anantnag,Rural,70-79,487,275,212,81,45,36,92,54,38,4,3,1,102,61,41,4,3,1,8,5,3,46,28,18,150,76,74
C5120ST,1,14,District-Anantnag,Rural,80-89,173,109,64,24,19,5,28,19,9,0,0,0,34,17,17,2,2,0,4,3,1,4,4,0,77,45,32
C5120ST,1,14,District-Anantnag,Rural,90+,80,50,30,13,9,4,8,3,5,0,0,0,22,13,9,1,1,0,0,0,0,3,2,1,33,22,11
C5120ST,1,14,District-Anantnag,Rural,Age Not Stated,4,3,1,1,1,0,3,2,1,0,0,0,0,0,0,0,0,0,0,0,0,0,0,0,0,0,0
C5120ST,1,14,District-Anantnag,Urban,Total,75,47,28,17,11,6,17,9,8,1,1,0,2,1,1,3,2,1,0,0,0,10,9,1,25,14,11
C5120ST,1,14,District-Anantnag,Urban,0-4,7,5,2,1,1,0,4,3,1,0,0,0,0,0,0,1,1,0,0,0,0,0,0,0,1,0,1
C5120ST,1,14,District-Anantnag,Urban,5-9,4,2,2,1,1,0,2,1,1,0,0,0,0,0,0,0,0,0,0,0,0,0,0,0,1,0,1
C5120ST,1,14,District-Anantnag,Urban,10-19,18,13,5,6,4,2,2,1,1,1,1,0,0,0,0,0,0,0,0,0,0,4,4,0,5,3,2
C5120ST,1,14,District-Anantnag,Urban,20-29,9,5,4,1,1,0,0,0,0,0,0,0,1,0,1,1,0,1,0,0,0,2,2,0,4,2,2
C5120ST,1,14,District-Anantnag,Urban,30-39,7,4,3,1,0,1,3,1,2,0,0,0,0,0,0,1,1,0,0,0,0,2,2,0,0,0,0
C5120ST,1,14,District-Anantnag,Urban,40-49,6,3,3,1,0,1,4,3,1,0,0,0,0,0,0,0,0,0,0,0,0,1,0,1,0,0,0
C5120ST,1,14,District-Anantnag,Urban,50-59,6,3,3,3,2,1,1,0,1,0,0,0,0,0,0,0,0,0,0,0,0,1,1,0,1,0,1
C5120ST,1,14,District-Anantnag,Urban,60-69,5,4,1,2,1,1,0,0,0,0,0,0,1,1,0,0,0,0,0,0,0,0,0,0,2,2,0
C5120ST,1,14,District-Anantnag,Urban,70-79,8,4,4,1,1,0,1,0,1,0,0,0,0,0,0,0,0,0,0,0,0,0,0,0,6,3,3
C5120ST,1,14,District-Anantnag,Urban,80-89,4,3,1,0,0,0,0,0,0,0,0,0,0,0,0,0,0,0,0,0,0,0,0,0,4,3,1
C5120ST,1,14,District-Anantnag,Urban,90+,1,1,0,0,0,0,0,0,0,0,0,0,0,0,0,0,0,0,0,0,0,0,0,0,1,1,0
C5120ST,1,14,District-Anantnag,Urban,Age Not Stated,0,0,0,0,0,0,0,0,0,0,0,0,0,0,0,0,0,0,0,0,0,0,0,0,0,0,0
C5120ST,1,15,District-Kulgam,Total,Total,1324,791,533,193,107,86,190,121,69,61,39,22,222,138,84,37,23,14,21,15,6,261,142,119,339,206,133
C5120ST,1,15,District-Kulgam,Total,0-4,70,35,35,8,4,4,10,6,4,2,2,0,7,3,4,5,2,3,0,0,0,22,9,13,16,9,7
C5120ST,1,15,District-Kulgam,Total,5-9,116,68,48,13,6,7,16,13,3,13,6,7,12,9,3,5,3,2,6,3,3,25,9,16,26,19,7
C5120ST,1,15,District-Kulgam,Total,10-19,184,110,74,28,15,13,30,18,12,10,6,4,23,12,11,6,3,3,1,1,0,40,26,14,46,29,17
C5120ST,1,15,District-Kulgam,Total,20-29,134,84,50,21,10,11,18,8,10,8,6,2,29,22,7,4,3,1,2,2,0,20,9,11,32,24,8
C5120ST,1,15,District-Kulgam,Total,30-39,191,103,88,15,8,7,17,10,7,15,9,6,41,15,26,7,6,1,4,3,1,25,17,8,67,35,32
C5120ST,1,15,District-Kulgam,Total,40-49,158,89,69,18,8,10,21,14,7,6,3,3,31,19,12,3,2,1,4,3,1,31,12,19,44,28,16
C5120ST,1,15,District-Kulgam,Total,50-59,159,95,64,24,13,11,28,16,12,5,5,0,29,21,8,1,0,1,3,2,1,39,20,19,30,18,12
C5120ST,1,15,District-Kulgam,Total,60-69,166,112,54,27,17,10,32,23,9,2,2,0,32,25,7,4,2,2,0,0,0,34,22,12,35,21,14
C5120ST,1,15,District-Kulgam,Total,70-79,104,67,37,29,17,12,14,11,3,0,0,0,14,11,3,2,2,0,1,1,0,19,14,5,25,11,14
C5120ST,1,15,District-Kulgam,Total,80-89,29,21,8,7,6,1,4,2,2,0,0,0,2,1,1,0,0,0,0,0,0,4,3,1,12,9,3
C5120ST,1,15,District-Kulgam,Total,90+,12,7,5,3,3,0,0,0,0,0,0,0,2,0,2,0,0,0,0,0,0,1,1,0,6,3,3
C5120ST,1,15,District-Kulgam,Total,Age Not Stated,1,0,1,0,0,0,0,0,0,0,0,0,0,0,0,0,0,0,0,0,0,1,0,1,0,0,0
C5120ST,1,15,District-Kulgam,Rural,Total,1035,637,398,189,105,84,183,118,65,49,36,13,190,121,69,35,22,13,18,13,5,253,139,114,118,83,35
C5120ST,1,15,District-Kulgam,Rural,0-4,58,31,27,8,4,4,10,6,4,2,2,0,6,3,3,5,2,3,0,0,0,21,9,12,6,5,1
C5120ST,1,15,District-Kulgam,Rural,5-9,94,53,41,13,6,7,14,12,2,11,5,6,9,7,2,5,3,2,4,2,2,25,9,16,13,9,4
C5120ST,1,15,District-Kulgam,Rural,10-19,144,88,56,28,15,13,29,18,11,9,6,3,18,9,9,5,3,2,1,1,0,38,25,13,16,11,5
C5120ST,1,15,District-Kulgam,Rural,20-29,107,65,42,21,10,11,18,8,10,7,6,1,26,19,7,4,3,1,2,2,0,18,9,9,11,8,3
C5120ST,1,15,District-Kulgam,Rural,30-39,108,65,43,15,8,7,14,9,5,9,7,2,29,11,18,6,5,1,3,2,1,24,16,8,8,7,1
C5120ST,1,15,District-Kulgam,Rural,40-49,112,64,48,17,7,10,20,13,7,4,3,1,27,17,10,3,2,1,4,3,1,30,12,18,7,7,0
C5120ST,1,15,District-Kulgam,Rural,50-59,133,78,55,24,13,11,28,16,12,5,5,0,27,19,8,1,0,1,3,2,1,39,20,19,6,3,3
C5120ST,1,15,District-Kulgam,Rural,60-69,149,104,45,26,17,9,32,23,9,2,2,0,31,24,7,4,2,2,0,0,0,34,22,12,20,14,6
C5120ST,1,15,District-Kulgam,Rural,70-79,91,62,29,28,16,12,14,11,3,0,0,0,14,11,3,2,2,0,1,1,0,19,14,5,13,7,6
C5120ST,1,15,District-Kulgam,Rural,80-89,27,20,7,6,6,0,4,2,2,0,0,0,2,1,1,0,0,0,0,0,0,3,2,1,12,9,3
C5120ST,1,15,District-Kulgam,Rural,90+,11,7,4,3,3,0,0,0,0,0,0,0,1,0,1,0,0,0,0,0,0,1,1,0,6,3,3
C5120ST,1,15,District-Kulgam,Rural,Age Not Stated,1,0,1,0,0,0,0,0,0,0,0,0,0,0,0,0,0,0,0,0,0,1,0,1,0,0,0
C5120ST,1,15,District-Kulgam,Urban,Total,289,154,135,4,2,2,7,3,4,12,3,9,32,17,15,2,1,1,3,2,1,8,3,5,221,123,98
C5120ST,1,15,District-Kulgam,Urban,0-4,12,4,8,0,0,0,0,0,0,0,0,0,1,0,1,0,0,0,0,0,0,1,0,1,10,4,6
C5120ST,1,15,District-Kulgam,Urban,5-9,22,15,7,0,0,0,2,1,1,2,1,1,3,2,1,0,0,0,2,1,1,0,0,0,13,10,3
C5120ST,1,15,District-Kulgam,Urban,10-19,40,22,18,0,0,0,1,0,1,1,0,1,5,3,2,1,0,1,0,0,0,2,1,1,30,18,12
C5120ST,1,15,District-Kulgam,Urban,20-29,27,19,8,0,0,0,0,0,0,1,0,1,3,3,0,0,0,0,0,0,0,2,0,2,21,16,5
C5120ST,1,15,District-Kulgam,Urban,30-39,83,38,45,0,0,0,3,1,2,6,2,4,12,4,8,1,1,0,1,1,0,1,1,0,59,28,31
C5120ST,1,15,District-Kulgam,Urban,40-49,46,25,21,1,1,0,1,1,0,2,0,2,4,2,2,0,0,0,0,0,0,1,0,1,37,21,16
C5120ST,1,15,District-Kulgam,Urban,50-59,26,17,9,0,0,0,0,0,0,0,0,0,2,2,0,0,0,0,0,0,0,0,0,0,24,15,9
C5120ST,1,15,District-Kulgam,Urban,60-69,17,8,9,1,0,1,0,0,0,0,0,0,1,1,0,0,0,0,0,0,0,0,0,0,15,7,8
C5120ST,1,15,District-Kulgam,Urban,70-79,13,5,8,1,1,0,0,0,0,0,0,0,0,0,0,0,0,0,0,0,0,0,0,0,12,4,8
C5120ST,1,15,District-Kulgam,Urban,80-89,2,1,1,1,0,1,0,0,0,0,0,0,0,0,0,0,0,0,0,0,0,1,1,0,0,0,0
C5120ST,1,15,District-Kulgam,Urban,90+,1,0,1,0,0,0,0,0,0,0,0,0,1,0,1,0,0,0,0,0,0,0,0,0,0,0,0
C5120ST,1,15,District-Kulgam,Urban,Age Not Stated,0,0,0,0,0,0,0,0,0,0,0,0,0,0,0,0,0,0,0,0,0,0,0,0,0,0,0
C5120ST,1,16,District-Doda,Total,Total,1095,642,453,229,139,90,167,96,71,88,54,34,258,160,98,37,17,20,22,13,9,148,88,60,146,75,71
C5120ST,1,16,District-Doda,Total,0-4,63,36,27,20,12,8,9,4,5,6,3,3,8,4,4,1,1,0,0,0,0,11,8,3,8,4,4
C5120ST,1,16,District-Doda,Total,5-9,111,62,49,26,19,7,13,7,6,11,8,3,16,11,5,3,0,3,2,0,2,17,6,11,23,11,12
C5120ST,1,16,District-Doda,Total,10-19,199,114,85,32,23,9,29,15,14,24,14,10,42,22,20,8,4,4,3,3,0,35,24,11,26,9,17
C5120ST,1,16,District-Doda,Total,20-29,165,102,63,30,16,14,28,20,8,14,10,4,41,31,10,7,2,5,6,4,2,23,10,13,16,9,7
C5120ST,1,16,District-Doda,Total,30-39,131,77,54,14,7,7,16,12,4,10,7,3,48,27,21,5,3,2,1,0,1,19,14,5,18,7,11
C5120ST,1,16,District-Doda,Total,40-49,111,60,51,19,13,6,19,11,8,11,3,8,33,17,16,4,2,2,3,2,1,11,4,7,11,8,3
C5120ST,1,16,District-Doda,Total,50-59,67,45,22,13,10,3,11,7,4,2,2,0,18,9,9,4,2,2,2,2,0,15,11,4,2,2,0
C5120ST,1,16,District-Doda,Total,60-69,105,61,44,26,13,13,19,7,12,5,4,1,24,19,5,2,2,0,5,2,3,9,7,2,15,7,8
C5120ST,1,16,District-Doda,Total,70-79,83,47,36,28,14,14,17,9,8,3,1,2,18,12,6,1,0,1,0,0,0,4,2,2,12,9,3
C5120ST,1,16,District-Doda,Total,80-89,42,27,15,14,9,5,4,3,1,1,1,0,7,5,2,2,1,1,0,0,0,4,2,2,10,6,4
C5120ST,1,16,District-Doda,Total,90+,17,10,7,7,3,4,2,1,1,0,0,0,3,3,0,0,0,0,0,0,0,0,0,0,5,3,2
C5120ST,1,16,District-Doda,Total,Age Not Stated,1,1,0,0,0,0,0,0,0,1,1,0,0,0,0,0,0,0,0,0,0,0,0,0,0,0,0
C5120ST,1,16,District-Doda,Rural,Total,1088,638,450,228,138,90,165,95,70,88,54,34,257,159,98,37,17,20,22,13,9,145,87,58,146,75,71
C5120ST,1,16,District-Doda,Rural,0-4,63,36,27,20,12,8,9,4,5,6,3,3,8,4,4,1,1,0,0,0,0,11,8,3,8,4,4
C5120ST,1,16,District-Doda,Rural,5-9,111,62,49,26,19,7,13,7,6,11,8,3,16,11,5,3,0,3,2,0,2,17,6,11,23,11,12
C5120ST,1,16,District-Doda,Rural,10-19,198,114,84,32,23,9,29,15,14,24,14,10,42,22,20,8,4,4,3,3,0,34,24,10,26,9,17
C5120ST,1,16,District-Doda,Rural,20-29,162,101,61,30,16,14,26,19,7,14,10,4,41,31,10,7,2,5,6,4,2,22,10,12,16,9,7
C5120ST,1,16,District-Doda,Rural,30-39,130,76,54,14,7,7,16,12,4,10,7,3,48,27,21,5,3,2,1,0,1,18,13,5,18,7,11
C5120ST,1,16,District-Doda,Rural,40-49,110,59,51,19,13,6,19,11,8,11,3,8,32,16,16,4,2,2,3,2,1,11,4,7,11,8,3
C5120ST,1,16,District-Doda,Rural,50-59,67,45,22,13,10,3,11,7,4,2,2,0,18,9,9,4,2,2,2,2,0,15,11,4,2,2,0
C5120ST,1,16,District-Doda,Rural,60-69,105,61,44,26,13,13,19,7,12,5,4,1,24,19,5,2,2,0,5,2,3,9,7,2,15,7,8
C5120ST,1,16,District-Doda,Rural,70-79,82,46,36,27,13,14,17,9,8,3,1,2,18,12,6,1,0,1,0,0,0,4,2,2,12,9,3
C5120ST,1,16,District-Doda,Rural,80-89,42,27,15,14,9,5,4,3,1,1,1,0,7,5,2,2,1,1,0,0,0,4,2,2,10,6,4
C5120ST,1,16,District-Doda,Rural,90+,17,10,7,7,3,4,2,1,1,0,0,0,3,3,0,0,0,0,0,0,0,0,0,0,5,3,2
C5120ST,1,16,District-Doda,Rural,Age Not Stated,1,1,0,0,0,0,0,0,0,1,1,0,0,0,0,0,0,0,0,0,0,0,0,0,0,0,0
C5120ST,1,16,District-Doda,Urban,Total,7,4,3,1,1,0,2,1,1,0,0,0,1,1,0,0,0,0,0,0,0,3,1,2,0,0,0
C5120ST,1,16,District-Doda,Urban,0-4,0,0,0,0,0,0,0,0,0,0,0,0,0,0,0,0,0,0,0,0,0,0,0,0,0,0,0
C5120ST,1,16,District-Doda,Urban,5-9,0,0,0,0,0,0,0,0,0,0,0,0,0,0,0,0,0,0,0,0,0,0,0,0,0,0,0
C5120ST,1,16,District-Doda,Urban,10-19,1,0,1,0,0,0,0,0,0,0,0,0,0,0,0,0,0,0,0,0,0,1,0,1,0,0,0
C5120ST,1,16,District-Doda,Urban,20-29,3,1,2,0,0,0,2,1,1,0,0,0,0,0,0,0,0,0,0,0,0,1,0,1,0,0,0
C5120ST,1,16,District-Doda,Urban,30-39,1,1,0,0,0,0,0,0,0,0,0,0,0,0,0,0,0,0,0,0,0,1,1,0,0,0,0
C5120ST,1,16,District-Doda,Urban,40-49,1,1,0,0,0,0,0,0,0,0,0,0,1,1,0,0,0,0,0,0,0,0,0,0,0,0,0
C5120ST,1,16,District-Doda,Urban,50-59,0,0,0,0,0,0,0,0,0,0,0,0,0,0,0,0,0,0,0,0,0,0,0,0,0,0,0
C5120ST,1,16,District-Doda,Urban,60-69,0,0,0,0,0,0,0,0,0,0,0,0,0,0,0,0,0,0,0,0,0,0,0,0,0,0,0
C5120ST,1,16,District-Doda,Urban,70-79,1,1,0,1,1,0,0,0,0,0,0,0,0,0,0,0,0,0,0,0,0,0,0,0,0,0,0
C5120ST,1,16,District-Doda,Urban,80-89,0,0,0,0,0,0,0,0,0,0,0,0,0,0,0,0,0,0,0,0,0,0,0,0,0,0,0
C5120ST,1,16,District-Doda,Urban,90+,0,0,0,0,0,0,0,0,0,0,0,0,0,0,0,0,0,0,0,0,0,0,0,0,0,0,0
C5120ST,1,16,District-Doda,Urban,Age Not Stated,0,0,0,0,0,0,0,0,0,0,0,0,0,0,0,0,0,0,0,0,0,0,0,0,0,0,0
C5120ST,1,17,District-Ramban,Total,Total,995,597,398,209,118,91,191,117,74,76,44,32,171,113,58,39,20,19,31,20,11,183,110,73,95,55,40
C5120ST,1,17,District-Ramban,Total,0-4,62,36,26,8,5,3,11,7,4,1,1,0,7,4,3,3,2,1,3,2,1,21,13,8,8,2,6
C5120ST,1,17,District-Ramban,Total,5-9,100,58,42,9,6,3,15,11,4,22,11,11,15,9,6,6,4,2,2,0,2,20,10,10,11,7,4
C5120ST,1,17,District-Ramban,Total,10-19,153,81,72,16,8,8,27,13,14,22,11,11,27,12,15,9,4,5,8,7,1,26,16,10,18,10,8
C5120ST,1,17,District-Ramban,Total,20-29,119,72,47,18,12,6,24,14,10,14,10,4,23,16,7,4,1,3,4,1,3,18,10,8,14,8,6
C5120ST,1,17,District-Ramban,Total,30-39,133,82,51,23,15,8,22,13,9,7,5,2,23,13,10,6,4,2,7,6,1,34,20,14,11,6,5
C5120ST,1,17,District-Ramban,Total,40-49,125,76,49,23,14,9,27,16,11,6,4,2,25,19,6,6,3,3,4,2,2,28,16,12,6,2,4
C5120ST,1,17,District-Ramban,Total,50-59,90,61,29,24,16,8,25,17,8,2,0,2,21,16,5,1,0,1,0,0,0,10,7,3,7,5,2
C5120ST,1,17,District-Ramban,Total,60-69,86,44,42,30,11,19,14,5,9,2,2,0,19,14,5,2,0,2,2,1,1,12,8,4,5,3,2
C5120ST,1,17,District-Ramban,Total,70-79,81,54,27,37,19,18,19,16,3,0,0,0,6,6,0,1,1,0,1,1,0,10,6,4,7,5,2
C5120ST,1,17,District-Ramban,Total,80-89,33,23,10,15,8,7,6,4,2,0,0,0,5,4,1,1,1,0,0,0,0,2,2,0,4,4,0
C5120ST,1,17,District-Ramban,Total,90+,11,8,3,6,4,2,1,1,0,0,0,0,0,0,0,0,0,0,0,0,0,0,0,0,4,3,1
C5120ST,1,17,District-Ramban,Total,Age Not Stated,2,2,0,0,0,0,0,0,0,0,0,0,0,0,0,0,0,0,0,0,0,2,2,0,0,0,0
C5120ST,1,17,District-Ramban,Rural,Total,984,591,393,206,116,90,190,117,73,76,44,32,171,113,58,38,19,19,31,20,11,180,110,70,92,52,40
C5120ST,1,17,District-Ramban,Rural,0-4,62,36,26,8,5,3,11,7,4,1,1,0,7,4,3,3,2,1,3,2,1,21,13,8,8,2,6
C5120ST,1,17,District-Ramban,Rural,5-9,100,58,42,9,6,3,15,11,4,22,11,11,15,9,6,6,4,2,2,0,2,20,10,10,11,7,4
C5120ST,1,17,District-Ramban,Rural,10-19,151,80,71,16,8,8,27,13,14,22,11,11,27,12,15,9,4,5,8,7,1,25,16,9,17,9,8
C5120ST,1,17,District-Ramban,Rural,20-29,119,72,47,18,12,6,24,14,10,14,10,4,23,16,7,4,1,3,4,1,3,18,10,8,14,8,6
C5120ST,1,17,District-Ramban,Rural,30-39,133,82,51,23,15,8,22,13,9,7,5,2,23,13,10,6,4,2,7,6,1,34,20,14,11,6,5
C5120ST,1,17,District-Ramban,Rural,40-49,121,75,46,23,14,9,26,16,10,6,4,2,25,19,6,5,2,3,4,2,2,26,16,10,6,2,4
C5120ST,1,17,District-Ramban,Rural,50-59,88,59,29,23,15,8,25,17,8,2,0,2,21,16,5,1,0,1,0,0,0,10,7,3,6,4,2
C5120ST,1,17,District-Ramban,Rural,60-69,86,44,42,30,11,19,14,5,9,2,2,0,19,14,5,2,0,2,2,1,1,12,8,4,5,3,2
C5120ST,1,17,District-Ramban,Rural,70-79,79,53,26,36,19,17,19,16,3,0,0,0,6,6,0,1,1,0,1,1,0,10,6,4,6,4,2
C5120ST,1,17,District-Ramban,Rural,80-89,32,22,10,14,7,7,6,4,2,0,0,0,5,4,1,1,1,0,0,0,0,2,2,0,4,4,0
C5120ST,1,17,District-Ramban,Rural,90+,11,8,3,6,4,2,1,1,0,0,0,0,0,0,0,0,0,0,0,0,0,0,0,0,4,3,1
C5120ST,1,17,District-Ramban,Rural,Age Not Stated,2,2,0,0,0,0,0,0,0,0,0,0,0,0,0,0,0,0,0,0,0,2,2,0,0,0,0
C5120ST,1,17,District-Ramban,Urban,Total,11,6,5,3,2,1,1,0,1,0,0,0,0,0,0,1,1,0,0,0,0,3,0,3,3,3,0
C5120ST,1,17,District-Ramban,Urban,0-4,0,0,0,0,0,0,0,0,0,0,0,0,0,0,0,0,0,0,0,0,0,0,0,0,0,0,0
C5120ST,1,17,District-Ramban,Urban,5-9,0,0,0,0,0,0,0,0,0,0,0,0,0,0,0,0,0,0,0,0,0,0,0,0,0,0,0
C5120ST,1,17,District-Ramban,Urban,10-19,2,1,1,0,0,0,0,0,0,0,0,0,0,0,0,0,0,0,0,0,0,1,0,1,1,1,0
C5120ST,1,17,District-Ramban,Urban,20-29,0,0,0,0,0,0,0,0,0,0,0,0,0,0,0,0,0,0,0,0,0,0,0,0,0,0,0
C5120ST,1,17,District-Ramban,Urban,30-39,0,0,0,0,0,0,0,0,0,0,0,0,0,0,0,0,0,0,0,0,0,0,0,0,0,0,0
C5120ST,1,17,District-Ramban,Urban,40-49,4,1,3,0,0,0,1,0,1,0,0,0,0,0,0,1,1,0,0,0,0,2,0,2,0,0,0
C5120ST,1,17,District-Ramban,Urban,50-59,2,2,0,1,1,0,0,0,0,0,0,0,0,0,0,0,0,0,0,0,0,0,0,0,1,1,0
C5120ST,1,17,District-Ramban,Urban,60-69,0,0,0,0,0,0,0,0,0,0,0,0,0,0,0,0,0,0,0,0,0,0,0,0,0,0,0
C5120ST,1,17,District-Ramban,Urban,70-79,2,1,1,1,0,1,0,0,0,0,0,0,0,0,0,0,0,0,0,0,0,0,0,0,1,1,0
C5120ST,1,17,District-Ramban,Urban,80-89,1,1,0,1,1,0,0,0,0,0,0,0,0,0,0,0,0,0,0,0,0,0,0,0,0,0,0
C5120ST,1,17,District-Ramban,Urban,90+,0,0,0,0,0,0,0,0,0,0,0,0,0,0,0,0,0,0,0,0,0,0,0,0,0,0,0
C5120ST,1,17,District-Ramban,Urban,Age Not Stated,0,0,0,0,0,0,0,0,0,0,0,0,0,0,0,0,0,0,0,0,0,0,0,0,0,0,0
C5120ST,1,18,District-Kishtwar,Total,Total,1166,656,510,244,124,120,185,121,64,60,37,23,259,152,107,34,20,14,16,9,7,257,130,127,111,63,48
C5120ST,1,18,District-Kishtwar,Total,0-4,89,45,44,14,6,8,22,8,14,3,2,1,6,4,2,1,1,0,0,0,0,37,21,16,6,3,3
C5120ST,1,18,District-Kishtwar,Total,5-9,110,59,51,26,13,13,17,13,4,10,5,5,10,3,7,2,1,1,0,0,0,39,21,18,6,3,3
C5120ST,1,18,District-Kishtwar,Total,10-19,201,105,96,39,22,17,27,15,12,12,5,7,30,16,14,11,6,5,4,1,3,53,25,28,25,15,10
C5120ST,1,18,District-Kishtwar,Total,20-29,148,85,63,25,12,13,26,18,8,10,6,4,28,18,10,7,5,2,4,3,1,38,17,21,10,6,4
C5120ST,1,18,District-Kishtwar,Total,30-39,156,94,62,27,11,16,19,15,4,16,12,4,45,27,18,4,2,2,5,3,2,33,19,14,7,5,2
C5120ST,1,18,District-Kishtwar,Total,40-49,94,53,41,13,8,5,17,9,8,6,5,1,19,12,7,3,2,1,1,0,1,31,14,17,4,3,1
C5120ST,1,18,District-Kishtwar,Total,50-59,120,70,50,29,14,15,20,15,5,0,0,0,56,31,25,1,1,0,1,1,0,8,6,2,5,2,3
C5120ST,1,18,District-Kishtwar,Total,60-69,117,68,49,33,17,16,16,10,6,1,0,1,42,29,13,3,2,1,1,1,0,7,2,5,14,7,7
C5120ST,1,18,District-Kishtwar,Total,70-79,80,47,33,21,13,8,15,12,3,2,2,0,17,9,8,2,0,2,0,0,0,7,3,4,16,8,8
C5120ST,1,18,District-Kishtwar,Total,80-89,42,24,18,15,7,8,4,4,0,0,0,0,5,3,2,0,0,0,0,0,0,3,1,2,15,9,6
C5120ST,1,18,District-Kishtwar,Total,90+,9,6,3,2,1,1,2,2,0,0,0,0,1,0,1,0,0,0,0,0,0,1,1,0,3,2,1
C5120ST,1,18,District-Kishtwar,Total,Age Not Stated,0,0,0,0,0,0,0,0,0,0,0,0,0,0,0,0,0,0,0,0,0,0,0,0,0,0,0
C5120ST,1,18,District-Kishtwar,Rural,Total,1166,656,510,244,124,120,185,121,64,60,37,23,259,152,107,34,20,14,16,9,7,257,130,127,111,63,48
C5120ST,1,18,District-Kishtwar,Rural,0-4,89,45,44,14,6,8,22,8,14,3,2,1,6,4,2,1,1,0,0,0,0,37,21,16,6,3,3
C5120ST,1,18,District-Kishtwar,Rural,5-9,110,59,51,26,13,13,17,13,4,10,5,5,10,3,7,2,1,1,0,0,0,39,21,18,6,3,3
C5120ST,1,18,District-Kishtwar,Rural,10-19,201,105,96,39,22,17,27,15,12,12,5,7,30,16,14,11,6,5,4,1,3,53,25,28,25,15,10
C5120ST,1,18,District-Kishtwar,Rural,20-29,148,85,63,25,12,13,26,18,8,10,6,4,28,18,10,7,5,2,4,3,1,38,17,21,10,6,4
C5120ST,1,18,District-Kishtwar,Rural,30-39,156,94,62,27,11,16,19,15,4,16,12,4,45,27,18,4,2,2,5,3,2,33,19,14,7,5,2
C5120ST,1,18,District-Kishtwar,Rural,40-49,94,53,41,13,8,5,17,9,8,6,5,1,19,12,7,3,2,1,1,0,1,31,14,17,4,3,1
C5120ST,1,18,District-Kishtwar,Rural,50-59,120,70,50,29,14,15,20,15,5,0,0,0,56,31,25,1,1,0,1,1,0,8,6,2,5,2,3
C5120ST,1,18,District-Kishtwar,Rural,60-69,117,68,49,33,17,16,16,10,6,1,0,1,42,29,13,3,2,1,1,1,0,7,2,5,14,7,7
C5120ST,1,18,District-Kishtwar,Rural,70-79,80,47,33,21,13,8,15,12,3,2,2,0,17,9,8,2,0,2,0,0,0,7,3,4,16,8,8
C5120ST,1,18,District-Kishtwar,Rural,80-89,42,24,18,15,7,8,4,4,0,0,0,0,5,3,2,0,0,0,0,0,0,3,1,2,15,9,6
C5120ST,1,18,District-Kishtwar,Rural,90+,9,6,3,2,1,1,2,2,0,0,0,0,1,0,1,0,0,0,0,0,0,1,1,0,3,2,1
C5120ST,1,18,District-Kishtwar,Rural,Age Not Stated,0,0,0,0,0,0,0,0,0,0,0,0,0,0,0,0,0,0,0,0,0,0,0,0,0,0,0
C5120ST,1,18,District-Kishtwar,Urban,Total,0,0,0,0,0,0,0,0,0,0,0,0,0,0,0,0,0,0,0,0,0,0,0,0,0,0,0
C5120ST,1,18,District-Kishtwar,Urban,0-4,0,0,0,0,0,0,0,0,0,0,0,0,0,0,0,0,0,0,0,0,0,0,0,0,0,0,0
C5120ST,1,18,District-Kishtwar,Urban,5-9,0,0,0,0,0,0,0,0,0,0,0,0,0,0,0,0,0,0,0,0,0,0,0,0,0,0,0
C5120ST,1,18,District-Kishtwar,Urban,10-19,0,0,0,0,0,0,0,0,0,0,0,0,0,0,0,0,0,0,0,0,0,0,0,0,0,0,0
C5120ST,1,18,District-Kishtwar,Urban,20-29,0,0,0,0,0,0,0,0,0,0,0,0,0,0,0,0,0,0,0,0,0,0,0,0,0,0,0
C5120ST,1,18,District-Kishtwar,Urban,30-39,0,0,0,0,0,0,0,0,0,0,0,0,0,0,0,0,0,0,0,0,0,0,0,0,0,0,0
C5120ST,1,18,District-Kishtwar,Urban,40-49,0,0,0,0,0,0,0,0,0,0,0,0,0,0,0,0,0,0,0,0,0,0,0,0,0,0,0
C5120ST,1,18,District-Kishtwar,Urban,50-59,0,0,0,0,0,0,0,0,0,0,0,0,0,0,0,0,0,0,0,0,0,0,0,0,0,0,0
C5120ST,1,18,District-Kishtwar,Urban,60-69,0,0,0,0,0,0,0,0,0,0,0,0,0,0,0,0,0,0,0,0,0,0,0,0,0,0,0
C5120ST,1,18,District-Kishtwar,Urban,70-79,0,0,0,0,0,0,0,0,0,0,0,0,0,0,0,0,0,0,0,0,0,0,0,0,0,0,0
C5120ST,1,18,District-Kishtwar,Urban,80-89,0,0,0,0,0,0,0,0,0,0,0,0,0,0,0,0,0,0,0,0,0,0,0,0,0,0,0
C5120ST,1,18,District-Kishtwar,Urban,90+,0,0,0,0,0,0,0,0,0,0,0,0,0,0,0,0,0,0,0,0,0,0,0,0,0,0,0
C5120ST,1,18,District-Kishtwar,Urban,Age Not Stated,0,0,0,0,0,0,0,0,0,0,0,0,0,0,0,0,0,0,0,0,0,0,0,0,0,0,0
C5120ST,1,19,District-Udhampur,Total,Total,1099,624,475,192,111,81,204,100,104,101,64,37,186,99,87,53,37,16,45,25,20,183,109,74,135,79,56
C5120ST,1,19,District-Udhampur,Total,0-4,61,30,31,8,7,1,12,6,6,0,0,0,13,5,8,0,0,0,0,0,0,23,9,14,5,3,2
C5120ST,1,19,District-Udhampur,Total,5-9,105,58,47,17,13,4,20,7,13,23,15,8,10,5,5,9,6,3,1,0,1,15,9,6,10,3,7
C5120ST,1,19,District-Udhampur,Total,10-19,221,131,90,35,23,12,37,15,22,33,18,15,33,15,18,14,12,2,10,6,4,25,19,6,34,23,11
C5120ST,1,19,District-Udhampur,Total,20-29,168,89,79,20,8,12,29,14,15,19,14,5,35,17,18,8,4,4,8,5,3,33,18,15,16,9,7
C5120ST,1,19,District-Udhampur,Total,30-39,138,78,60,17,9,8,24,12,12,12,6,6,28,16,12,9,5,4,9,5,4,23,14,9,16,11,5
C5120ST,1,19,District-Udhampur,Total,40-49,119,74,45,21,12,9,16,10,6,8,6,2,23,14,9,10,7,3,7,4,3,28,17,11,6,4,2
C5120ST,1,19,District-Udhampur,Total,50-59,76,52,24,12,9,3,16,9,7,3,2,1,17,13,4,3,3,0,6,3,3,15,10,5,4,3,1
C5120ST,1,19,District-Udhampur,Total,60-69,80,46,34,21,14,7,22,10,12,0,0,0,10,7,3,0,0,0,2,1,1,15,9,6,10,5,5
C5120ST,1,19,District-Udhampur,Total,70-79,57,31,26,17,6,11,16,10,6,1,1,0,7,3,4,0,0,0,0,0,0,4,3,1,12,8,4
C5120ST,1,19,District-Udhampur,Total,80-89,50,25,25,16,8,8,9,5,4,2,2,0,8,4,4,0,0,0,0,0,0,1,0,1,14,6,8
C5120ST,1,19,District-Udhampur,Total,90+,23,10,13,8,2,6,3,2,1,0,0,0,1,0,1,0,0,0,2,1,1,1,1,0,8,4,4
C5120ST,1,19,District-Udhampur,Total,Age Not Stated,1,0,1,0,0,0,0,0,0,0,0,0,1,0,1,0,0,0,0,0,0,0,0,0,0,0,0
C5120ST,1,19,District-Udhampur,Rural,Total,1063,601,462,186,107,79,197,97,100,98,61,37,180,97,83,53,37,16,42,22,20,175,103,72,132,77,55
C5120ST,1,19,District-Udhampur,Rural,0-4,61,30,31,8,7,1,12,6,6,0,0,0,13,5,8,0,0,0,0,0,0,23,9,14,5,3,2
C5120ST,1,19,District-Udhampur,Rural,5-9,102,56,46,17,13,4,20,7,13,23,15,8,10,5,5,9,6,3,1,0,1,13,7,6,9,3,6
C5120ST,1,19,District-Udhampur,Rural,10-19,217,130,87,32,22,10,37,15,22,33,18,15,32,15,17,14,12,2,10,6,4,25,19,6,34,23,11
C5120ST,1,19,District-Udhampur,Rural,20-29,157,82,75,19,7,12,25,14,11,17,12,5,34,16,18,8,4,4,8,5,3,31,16,15,15,8,7
C5120ST,1,19,District-Udhampur,Rural,30-39,130,73,57,17,9,8,22,10,12,12,6,6,24,15,9,9,5,4,8,4,4,23,14,9,15,10,5
C5120ST,1,19,District-Udhampur,Rural,40-49,113,69,44,20,11,9,15,9,6,8,6,2,23,14,9,10,7,3,6,3,3,25,15,10,6,4,2
C5120ST,1,19,District-Udhampur,Rural,50-59,72,49,23,11,8,3,16,9,7,2,1,1,17,13,4,3,3,0,5,2,3,14,10,4,4,3,1
C5120ST,1,19,District-Udhampur,Rural,60-69,80,46,34,21,14,7,22,10,12,0,0,0,10,7,3,0,0,0,2,1,1,15,9,6,10,5,5
C5120ST,1,19,District-Udhampur,Rural,70-79,57,31,26,17,6,11,16,10,6,1,1,0,7,3,4,0,0,0,0,0,0,4,3,1,12,8,4
C5120ST,1,19,District-Udhampur,Rural,80-89,50,25,25,16,8,8,9,5,4,2,2,0,8,4,4,0,0,0,0,0,0,1,0,1,14,6,8
C5120ST,1,19,District-Udhampur,Rural,90+,23,10,13,8,2,6,3,2,1,0,0,0,1,0,1,0,0,0,2,1,1,1,1,0,8,4,4
C5120ST,1,19,District-Udhampur,Rural,Age Not Stated,1,0,1,0,0,0,0,0,0,0,0,0,1,0,1,0,0,0,0,0,0,0,0,0,0,0,0
C5120ST,1,19,District-Udhampur,Urban,Total,36,23,13,6,4,2,7,3,4,3,3,0,6,2,4,0,0,0,3,3,0,8,6,2,3,2,1
C5120ST,1,19,District-Udhampur,Urban,0-4,0,0,0,0,0,0,0,0,0,0,0,0,0,0,0,0,0,0,0,0,0,0,0,0,0,0,0
C5120ST,1,19,District-Udhampur,Urban,5-9,3,2,1,0,0,0,0,0,0,0,0,0,0,0,0,0,0,0,0,0,0,2,2,0,1,0,1
C5120ST,1,19,District-Udhampur,Urban,10-19,4,1,3,3,1,2,0,0,0,0,0,0,1,0,1,0,0,0,0,0,0,0,0,0,0,0,0
C5120ST,1,19,District-Udhampur,Urban,20-29,11,7,4,1,1,0,4,0,4,2,2,0,1,1,0,0,0,0,0,0,0,2,2,0,1,1,0
C5120ST,1,19,District-Udhampur,Urban,30-39,8,5,3,0,0,0,2,2,0,0,0,0,4,1,3,0,0,0,1,1,0,0,0,0,1,1,0
C5120ST,1,19,District-Udhampur,Urban,40-49,6,5,1,1,1,0,1,1,0,0,0,0,0,0,0,0,0,0,1,1,0,3,2,1,0,0,0
C5120ST,1,19,District-Udhampur,Urban,50-59,4,3,1,1,1,0,0,0,0,1,1,0,0,0,0,0,0,0,1,1,0,1,0,1,0,0,0
C5120ST,1,19,District-Udhampur,Urban,60-69,0,0,0,0,0,0,0,0,0,0,0,0,0,0,0,0,0,0,0,0,0,0,0,0,0,0,0
C5120ST,1,19,District-Udhampur,Urban,70-79,0,0,0,0,0,0,0,0,0,0,0,0,0,0,0,0,0,0,0,0,0,0,0,0,0,0,0
C5120ST,1,19,District-Udhampur,Urban,80-89,0,0,0,0,0,0,0,0,0,0,0,0,0,0,0,0,0,0,0,0,0,0,0,0,0,0,0
C5120ST,1,19,District-Udhampur,Urban,90+,0,0,0,0,0,0,0,0,0,0,0,0,0,0,0,0,0,0,0,0,0,0,0,0,0,0,0
C5120ST,1,19,District-Udhampur,Urban,Age Not Stated,0,0,0,0,0,0,0,0,0,0,0,0,0,0,0,0,0,0,0,0,0,0,0,0,0,0,0
C5120ST,1,20,District-Reasi,Total,Total,1492,894,598,306,179,127,295,160,135,99,67,32,320,211,109,55,26,29,36,26,10,225,132,93,156,93,63
C5120ST,1,20,District-Reasi,Total,0-4,97,43,54,20,12,8,25,10,15,2,1,1,11,6,5,6,1,5,2,1,1,27,11,16,4,1,3
C5120ST,1,20,District-Reasi,Total,5-9,150,76,74,36,17,19,27,13,14,19,12,7,16,6,10,6,2,4,4,3,1,21,11,10,21,12,9
C5120ST,1,20,District-Reasi,Total,10-19,298,192,106,40,25,15,59,33,26,33,24,9,51,36,15,17,10,7,7,6,1,58,38,20,33,20,13
C5120ST,1,20,District-Reasi,Total,20-29,203,115,88,32,16,16,36,18,18,24,14,10,51,35,16,5,3,2,8,5,3,26,13,13,21,11,10
C5120ST,1,20,District-Reasi,Total,30-39,148,94,54,21,12,9,33,19,14,7,7,0,43,26,17,6,4,2,6,3,3,21,16,5,11,7,4
C5120ST,1,20,District-Reasi,Total,40-49,140,94,46,30,18,12,23,13,10,6,4,2,46,36,10,5,1,4,0,0,0,22,17,5,8,5,3
C5120ST,1,20,District-Reasi,Total,50-59,101,67,34,17,13,4,22,12,10,4,3,1,29,22,7,6,4,2,3,2,1,17,8,9,3,3,0
C5120ST,1,20,District-Reasi,Total,60-69,131,73,58,30,15,15,25,11,14,0,0,0,39,23,16,1,0,1,2,2,0,20,11,9,14,11,3
C5120ST,1,20,District-Reasi,Total,70-79,130,74,56,43,25,18,26,17,9,3,1,2,24,14,10,3,1,2,3,3,0,10,4,6,18,9,9
C5120ST,1,20,District-Reasi,Total,80-89,66,47,19,22,15,7,14,11,3,0,0,0,8,6,2,0,0,0,0,0,0,3,3,0,19,12,7
C5120ST,1,20,District-Reasi,Total,90+,27,18,9,15,11,4,5,3,2,1,1,0,2,1,1,0,0,0,0,0,0,0,0,0,4,2,2
C5120ST,1,20,District-Reasi,Total,Age Not Stated,1,1,0,0,0,0,0,0,0,0,0,0,0,0,0,0,0,0,1,1,0,0,0,0,0,0,0
C5120ST,1,20,District-Reasi,Rural,Total,1449,866,583,298,173,125,291,158,133,97,65,32,302,198,104,53,25,28,34,26,8,221,130,91,153,91,62
C5120ST,1,20,District-Reasi,Rural,0-4,92,39,53,18,10,8,25,10,15,2,1,1,10,5,5,5,1,4,2,1,1,27,11,16,3,0,3
C5120ST,1,20,District-Reasi,Rural,5-9,146,75,71,35,16,19,26,13,13,19,12,7,16,6,10,6,2,4,4,3,1,20,11,9,20,12,8
C5120ST,1,20,District-Reasi,Rural,10-19,289,186,103,40,25,15,59,33,26,33,24,9,46,32,14,16,9,7,6,6,0,56,37,19,33,20,13
C5120ST,1,20,District-Reasi,Rural,20-29,196,111,85,31,16,15,36,18,18,23,13,10,48,33,15,5,3,2,7,5,2,26,13,13,20,10,10
C5120ST,1,20,District-Reasi,Rural,30-39,146,92,54,21,12,9,33,19,14,6,6,0,42,25,17,6,4,2,6,3,3,21,16,5,11,7,4
C5120ST,1,20,District-Reasi,Rural,40-49,136,91,45,30,18,12,23,13,10,6,4,2,43,34,9,5,1,4,0,0,0,21,16,5,8,5,3
C5120ST,1,20,District-Reasi,Rural,50-59,98,65,33,17,13,4,21,12,9,4,3,1,27,20,7,6,4,2,3,2,1,17,8,9,3,3,0
C5120ST,1,20,District-Reasi,Rural,60-69,130,72,58,30,15,15,25,11,14,0,0,0,38,22,16,1,0,1,2,2,0,20,11,9,14,11,3
C5120ST,1,20,District-Reasi,Rural,70-79,127,73,54,41,24,17,26,17,9,3,1,2,23,14,9,3,1,2,3,3,0,10,4,6,18,9,9
C5120ST,1,20,District-Reasi,Rural,80-89,62,44,18,21,14,7,12,9,3,0,0,0,7,6,1,0,0,0,0,0,0,3,3,0,19,12,7
C5120ST,1,20,District-Reasi,Rural,90+,26,17,9,14,10,4,5,3,2,1,1,0,2,1,1,0,0,0,0,0,0,0,0,0,4,2,2
C5120ST,1,20,District-Reasi,Rural,Age Not Stated,1,1,0,0,0,0,0,0,0,0,0,0,0,0,0,0,0,0,1,1,0,0,0,0,0,0,0
C5120ST,1,20,District-Reasi,Urban,Total,43,28,15,8,6,2,4,2,2,2,2,0,18,13,5,2,1,1,2,0,2,4,2,2,3,2,1
C5120ST,1,20,District-Reasi,Urban,0-4,5,4,1,2,2,0,0,0,0,0,0,0,1,1,0,1,0,1,0,0,0,0,0,0,1,1,0
C5120ST,1,20,District-Reasi,Urban,5-9,4,1,3,1,1,0,1,0,1,0,0,0,0,0,0,0,0,0,0,0,0,1,0,1,1,0,1
C5120ST,1,20,District-Reasi,Urban,10-19,9,6,3,0,0,0,0,0,0,0,0,0,5,4,1,1,1,0,1,0,1,2,1,1,0,0,0
C5120ST,1,20,District-Reasi,Urban,20-29,7,4,3,1,0,1,0,0,0,1,1,0,3,2,1,0,0,0,1,0,1,0,0,0,1,1,0
C5120ST,1,20,District-Reasi,Urban,30-39,2,2,0,0,0,0,0,0,0,1,1,0,1,1,0,0,0,0,0,0,0,0,0,0,0,0,0
C5120ST,1,20,District-Reasi,Urban,40-49,4,3,1,0,0,0,0,0,0,0,0,0,3,2,1,0,0,0,0,0,0,1,1,0,0,0,0
C5120ST,1,20,District-Reasi,Urban,50-59,3,2,1,0,0,0,1,0,1,0,0,0,2,2,0,0,0,0,0,0,0,0,0,0,0,0,0
C5120ST,1,20,District-Reasi,Urban,60-69,1,1,0,0,0,0,0,0,0,0,0,0,1,1,0,0,0,0,0,0,0,0,0,0,0,0,0
C5120ST,1,20,District-Reasi,Urban,70-79,3,1,2,2,1,1,0,0,0,0,0,0,1,0,1,0,0,0,0,0,0,0,0,0,0,0,0
C5120ST,1,20,District-Reasi,Urban,80-89,4,3,1,1,1,0,2,2,0,0,0,0,1,0,1,0,0,0,0,0,0,0,0,0,0,0,0
C5120ST,1,20,District-Reasi,Urban,90+,1,1,0,1,1,0,0,0,0,0,0,0,0,0,0,0,0,0,0,0,0,0,0,0,0,0,0
C5120ST,1,20,District-Reasi,Urban,Age Not Stated,0,0,0,0,0,0,0,0,0,0,0,0,0,0,0,0,0,0,0,0,0,0,0,0,0,0,0
C5120ST,1,21,District-Jammu,Total,Total,1579,863,716,436,208,228,274,152,122,72,46,26,248,141,107,95,57,38,40,21,19,289,166,123,125,72,53
C5120ST,1,21,District-Jammu,Total,0-4,101,55,46,36,13,23,26,17,9,1,0,1,8,5,3,8,4,4,0,0,0,18,15,3,4,1,3
C5120ST,1,21,District-Jammu,Total,5-9,137,76,61,47,25,22,20,12,8,8,5,3,11,5,6,9,6,3,2,1,1,24,12,12,16,10,6
C5120ST,1,21,District-Jammu,Total,10-19,329,162,167,83,38,45,47,17,30,22,15,7,44,22,22,23,13,10,12,8,4,66,32,34,32,17,15
C5120ST,1,21,District-Jammu,Total,20-29,311,191,120,75,39,36,58,39,19,19,16,3,48,31,17,20,13,7,6,4,2,62,36,26,23,13,10
C5120ST,1,21,District-Jammu,Total,30-39,190,107,83,34,15,19,30,24,6,10,4,6,41,23,18,15,9,6,7,2,5,40,20,20,13,10,3
C5120ST,1,21,District-Jammu,Total,40-49,164,96,68,41,19,22,27,17,10,7,3,4,31,19,12,10,6,4,6,2,4,32,23,9,10,7,3
C5120ST,1,21,District-Jammu,Total,50-59,108,55,53,25,13,12,25,10,15,2,1,1,24,14,10,3,3,0,3,0,3,20,11,9,6,3,3
C5120ST,1,21,District-Jammu,Total,60-69,102,57,45,27,18,9,19,7,12,1,1,0,25,14,11,3,1,2,2,2,0,19,11,8,6,3,3
C5120ST,1,21,District-Jammu,Total,70-79,71,36,35,38,16,22,10,4,6,1,0,1,8,6,2,2,2,0,1,1,0,5,3,2,6,4,2
C5120ST,1,21,District-Jammu,Total,80-89,40,18,22,18,6,12,8,3,5,0,0,0,6,2,4,1,0,1,1,1,0,2,2,0,4,4,0
C5120ST,1,21,District-Jammu,Total,90+,25,10,15,12,6,6,4,2,2,1,1,0,1,0,1,1,0,1,0,0,0,1,1,0,5,0,5
C5120ST,1,21,District-Jammu,Total,Age Not Stated,1,0,1,0,0,0,0,0,0,0,0,0,1,0,1,0,0,0,0,0,0,0,0,0,0,0,0
C5120ST,1,21,District-Jammu,Rural,Total,972,549,423,236,120,116,186,107,79,51,36,15,147,87,60,65,40,25,30,12,18,170,101,69,87,46,41
C5120ST,1,21,District-Jammu,Rural,0-4,68,42,26,19,9,10,19,13,6,0,0,0,7,5,2,7,3,4,0,0,0,13,11,2,3,1,2
C5120ST,1,21,District-Jammu,Rural,5-9,92,51,41,25,14,11,16,10,6,6,4,2,7,4,3,7,4,3,2,1,1,17,7,10,12,7,5
C5120ST,1,21,District-Jammu,Rural,10-19,212,106,106,41,17,24,31,13,18,19,14,5,34,19,15,14,8,6,9,5,4,44,21,23,20,9,11
C5120ST,1,21,District-Jammu,Rural,20-29,174,110,64,32,17,15,37,27,10,13,11,2,27,17,10,15,11,4,5,3,2,29,16,13,16,8,8
C5120ST,1,21,District-Jammu,Rural,30-39,98,64,34,9,5,4,18,16,2,5,3,2,21,13,8,7,5,2,7,2,5,24,14,10,7,6,1
C5120ST,1,21,District-Jammu,Rural,40-49,84,47,37,16,8,8,14,8,6,3,1,2,18,11,7,7,3,4,4,0,4,16,12,4,6,4,2
C5120ST,1,21,District-Jammu,Rural,50-59,73,42,31,16,9,7,19,8,11,2,1,1,13,9,4,3,3,0,2,0,2,12,9,3,6,3,3
C5120ST,1,21,District-Jammu,Rural,60-69,63,38,25,22,16,6,14,5,9,1,1,0,9,5,4,2,1,1,0,0,0,11,8,3,4,2,2
C5120ST,1,21,District-Jammu,Rural,70-79,52,26,26,30,14,16,6,2,4,1,0,1,5,3,2,2,2,0,1,1,0,2,1,1,5,3,2
C5120ST,1,21,District-Jammu,Rural,80-89,33,13,20,16,5,11,8,3,5,0,0,0,4,1,3,1,0,1,0,0,0,1,1,0,3,3,0
C5120ST,1,21,District-Jammu,Rural,90+,22,10,12,10,6,4,4,2,2,1,1,0,1,0,1,0,0,0,0,0,0,1,1,0,5,0,5
C5120ST,1,21,District-Jammu,Rural,Age Not Stated,1,0,1,0,0,0,0,0,0,0,0,0,1,0,1,0,0,0,0,0,0,0,0,0,0,0,0
C5120ST,1,21,District-Jammu,Urban,Total,607,314,293,200,88,112,88,45,43,21,10,11,101,54,47,30,17,13,10,9,1,119,65,54,38,26,12
C5120ST,1,21,District-Jammu,Urban,0-4,33,13,20,17,4,13,7,4,3,1,0,1,1,0,1,1,1,0,0,0,0,5,4,1,1,0,1
C5120ST,1,21,District-Jammu,Urban,5-9,45,25,20,22,11,11,4,2,2,2,1,1,4,1,3,2,2,0,0,0,0,7,5,2,4,3,1
C5120ST,1,21,District-Jammu,Urban,10-19,117,56,61,42,21,21,16,4,12,3,1,2,10,3,7,9,5,4,3,3,0,22,11,11,12,8,4
C5120ST,1,21,District-Jammu,Urban,20-29,137,81,56,43,22,21,21,12,9,6,5,1,21,14,7,5,2,3,1,1,0,33,20,13,7,5,2
C5120ST,1,21,District-Jammu,Urban,30-39,92,43,49,25,10,15,12,8,4,5,1,4,20,10,10,8,4,4,0,0,0,16,6,10,6,4,2
C5120ST,1,21,District-Jammu,Urban,40-49,80,49,31,25,11,14,13,9,4,4,2,2,13,8,5,3,3,0,2,2,0,16,11,5,4,3,1
C5120ST,1,21,District-Jammu,Urban,50-59,35,13,22,9,4,5,6,2,4,0,0,0,11,5,6,0,0,0,1,0,1,8,2,6,0,0,0
C5120ST,1,21,District-Jammu,Urban,60-69,39,19,20,5,2,3,5,2,3,0,0,0,16,9,7,1,0,1,2,2,0,8,3,5,2,1,1
C5120ST,1,21,District-Jammu,Urban,70-79,19,10,9,8,2,6,4,2,2,0,0,0,3,3,0,0,0,0,0,0,0,3,2,1,1,1,0
C5120ST,1,21,District-Jammu,Urban,80-89,7,5,2,2,1,1,0,0,0,0,0,0,2,1,1,0,0,0,1,1,0,1,1,0,1,1,0
C5120ST,1,21,District-Jammu,Urban,90+,3,0,3,2,0,2,0,0,0,0,0,0,0,0,0,1,0,1,0,0,0,0,0,0,0,0,0
C5120ST,1,21,District-Jammu,Urban,Age Not Stated,0,0,0,0,0,0,0,0,0,0,0,0,0,0,0,0,0,0,0,0,0,0,0,0,0,0,0
C5120ST,1,22,District-Samba,Total,Total,390,231,159,94,49,45,71,40,31,25,14,11,70,42,28,14,7,7,9,5,4,63,44,19,44,30,14
C5120ST,1,22,District-Samba,Total,0-4,21,12,9,5,2,3,9,4,5,0,0,0,1,0,1,2,2,0,0,0,0,4,4,0,0,0,0
C5120ST,1,22,District-Samba,Total,5-9,20,11,9,2,0,2,6,3,3,2,2,0,1,1,0,0,0,0,1,0,1,4,2,2,4,3,1
C5120ST,1,22,District-Samba,Total,10-19,62,39,23,7,5,2,16,9,7,8,5,3,6,4,2,2,0,2,2,2,0,11,8,3,10,6,4
C5120ST,1,22,District-Samba,Total,20-29,73,43,30,6,4,2,14,6,8,4,2,2,14,9,5,3,1,2,2,1,1,17,10,7,13,10,3
C5120ST,1,22,District-Samba,Total,30-39,55,38,17,9,7,2,8,4,4,6,4,2,14,9,5,4,2,2,0,0,0,12,10,2,2,2,0
C5120ST,1,22,District-Samba,Total,40-49,37,19,18,17,8,9,5,4,1,3,0,3,4,3,1,1,1,0,2,0,2,4,3,1,1,0,1
C5120ST,1,22,District-Samba,Total,50-59,36,22,14,13,7,6,5,4,1,2,1,1,11,7,4,1,0,1,1,1,0,2,2,0,1,0,1
C5120ST,1,22,District-Samba,Total,60-69,30,18,12,13,7,6,3,3,0,0,0,0,6,3,3,0,0,0,0,0,0,7,4,3,1,1,0
C5120ST,1,22,District-Samba,Total,70-79,33,16,17,16,8,8,4,2,2,0,0,0,6,2,4,1,1,0,0,0,0,1,0,1,5,3,2
C5120ST,1,22,District-Samba,Total,80-89,11,5,6,3,0,3,0,0,0,0,0,0,3,2,1,0,0,0,1,1,0,1,1,0,3,1,2
C5120ST,1,22,District-Samba,Total,90+,12,8,4,3,1,2,1,1,0,0,0,0,4,2,2,0,0,0,0,0,0,0,0,0,4,4,0
C5120ST,1,22,District-Samba,Total,Age Not Stated,0,0,0,0,0,0,0,0,0,0,0,0,0,0,0,0,0,0,0,0,0,0,0,0,0,0,0
C5120ST,1,22,District-Samba,Rural,Total,343,205,138,62,32,30,68,38,30,24,14,10,67,40,27,13,7,6,9,5,4,60,42,18,40,27,13
C5120ST,1,22,District-Samba,Rural,0-4,20,11,9,4,1,3,9,4,5,0,0,0,1,0,1,2,2,0,0,0,0,4,4,0,0,0,0
C5120ST,1,22,District-Samba,Rural,5-9,19,10,9,2,0,2,6,3,3,2,2,0,1,1,0,0,0,0,1,0,1,4,2,2,3,2,1
C5120ST,1,22,District-Samba,Rural,10-19,60,38,22,7,5,2,15,9,6,8,5,3,6,4,2,2,0,2,2,2,0,11,8,3,9,5,4
C5120ST,1,22,District-Samba,Rural,20-29,65,38,27,3,2,1,13,5,8,4,2,2,13,8,5,2,1,1,2,1,1,15,9,6,13,10,3
C5120ST,1,22,District-Samba,Rural,30-39,50,34,16,6,5,1,8,4,4,6,4,2,13,8,5,4,2,2,0,0,0,11,9,2,2,2,0
C5120ST,1,22,District-Samba,Rural,40-49,29,14,15,10,3,7,5,4,1,2,0,2,4,3,1,1,1,0,2,0,2,4,3,1,1,0,1
C5120ST,1,22,District-Samba,Rural,50-59,28,19,9,6,4,2,5,4,1,2,1,1,10,7,3,1,0,1,1,1,0,2,2,0,1,0,1
C5120ST,1,22,District-Samba,Rural,60-69,24,15,9,7,4,3,3,3,0,0,0,0,6,3,3,0,0,0,0,0,0,7,4,3,1,1,0
C5120ST,1,22,District-Samba,Rural,70-79,28,14,14,12,7,5,4,2,2,0,0,0,6,2,4,1,1,0,0,0,0,1,0,1,4,2,2
C5120ST,1,22,District-Samba,Rural,80-89,9,5,4,2,0,2,0,0,0,0,0,0,3,2,1,0,0,0,1,1,0,1,1,0,2,1,1
C5120ST,1,22,District-Samba,Rural,90+,11,7,4,3,1,2,0,0,0,0,0,0,4,2,2,0,0,0,0,0,0,0,0,0,4,4,0
C5120ST,1,22,District-Samba,Rural,Age Not Stated,0,0,0,0,0,0,0,0,0,0,0,0,0,0,0,0,0,0,0,0,0,0,0,0,0,0,0
C5120ST,1,22,District-Samba,Urban,Total,47,26,21,32,17,15,3,2,1,1,0,1,3,2,1,1,0,1,0,0,0,3,2,1,4,3,1
C5120ST,1,22,District-Samba,Urban,0-4,1,1,0,1,1,0,0,0,0,0,0,0,0,0,0,0,0,0,0,0,0,0,0,0,0,0,0
C5120ST,1,22,District-Samba,Urban,5-9,1,1,0,0,0,0,0,0,0,0,0,0,0,0,0,0,0,0,0,0,0,0,0,0,1,1,0
C5120ST,1,22,District-Samba,Urban,10-19,2,1,1,0,0,0,1,0,1,0,0,0,0,0,0,0,0,0,0,0,0,0,0,0,1,1,0
C5120ST,1,22,District-Samba,Urban,20-29,8,5,3,3,2,1,1,1,0,0,0,0,1,1,0,1,0,1,0,0,0,2,1,1,0,0,0
C5120ST,1,22,District-Samba,Urban,30-39,5,4,1,3,2,1,0,0,0,0,0,0,1,1,0,0,0,0,0,0,0,1,1,0,0,0,0
C5120ST,1,22,District-Samba,Urban,40-49,8,5,3,7,5,2,0,0,0,1,0,1,0,0,0,0,0,0,0,0,0,0,0,0,0,0,0
C5120ST,1,22,District-Samba,Urban,50-59,8,3,5,7,3,4,0,0,0,0,0,0,1,0,1,0,0,0,0,0,0,0,0,0,0,0,0
C5120ST,1,22,District-Samba,Urban,60-69,6,3,3,6,3,3,0,0,0,0,0,0,0,0,0,0,0,0,0,0,0,0,0,0,0,0,0
C5120ST,1,22,District-Samba,Urban,70-79,5,2,3,4,1,3,0,0,0,0,0,0,0,0,0,0,0,0,0,0,0,0,0,0,1,1,0
C5120ST,1,22,District-Samba,Urban,80-89,2,0,2,1,0,1,0,0,0,0,0,0,0,0,0,0,0,0,0,0,0,0,0,0,1,0,1
C5120ST,1,22,District-Samba,Urban,90+,1,1,0,0,0,0,1,1,0,0,0,0,0,0,0,0,0,0,0,0,0,0,0,0,0,0,0
C5120ST,1,22,District-Samba,Urban,Age Not Stated,0,0,0,0,0,0,0,0,0,0,0,0,0,0,0,0,0,0,0,0,0,0,0,0,0,0,0
C5120ST,2,0,State-HIMACHAL PRADESH,Total,Total,7999,4256,3743,1471,728,743,1569,798,771,396,223,173,1561,927,634,374,202,172,244,134,110,1416,753,663,968,491,477
C5120ST,2,0,State-HIMACHAL PRADESH,Total,0-4,259,137,122,33,18,15,61,33,28,5,4,1,18,8,10,10,4,6,2,2,0,101,50,51,29,18,11
C5120ST,2,0,State-HIMACHAL PRADESH,Total,5-9,400,214,186,40,19,21,62,28,34,35,19,16,48,29,19,32,14,18,8,3,5,110,61,49,65,41,24
C5120ST,2,0,State-HIMACHAL PRADESH,Total,10-19,1024,573,451,149,71,78,149,82,67,79,48,31,126,83,43,111,59,52,29,17,12,237,129,108,144,84,60
C5120ST,2,0,State-HIMACHAL PRADESH,Total,20-29,1005,556,449,106,63,43,156,88,68,80,43,37,202,122,80,74,41,33,57,36,21,239,118,121,91,45,46
C5120ST,2,0,State-HIMACHAL PRADESH,Total,30-39,951,550,401,110,65,45,154,91,63,43,24,19,254,146,108,56,35,21,48,22,26,205,119,86,81,48,33
C5120ST,2,0,State-HIMACHAL PRADESH,Total,40-49,916,531,385,132,76,56,170,94,76,52,28,24,235,155,80,46,24,22,37,21,16,171,92,79,73,41,32
C5120ST,2,0,State-HIMACHAL PRADESH,Total,50-59,837,463,374,183,87,96,145,70,75,41,22,19,206,137,69,17,12,5,31,20,11,135,73,62,79,42,37
C5120ST,2,0,State-HIMACHAL PRADESH,Total,60-69,930,456,474,231,115,116,228,103,125,32,19,13,208,110,98,15,8,7,18,8,10,109,59,50,89,34,55
C5120ST,2,0,State-HIMACHAL PRADESH,Total,70-79,864,403,461,255,100,155,228,108,120,20,14,6,155,78,77,7,2,5,9,4,5,63,30,33,127,67,60
C5120ST,2,0,State-HIMACHAL PRADESH,Total,80-89,587,276,311,175,87,88,156,76,80,8,2,6,87,47,40,3,2,1,5,1,4,34,14,20,119,47,72
C5120ST,2,0,State-HIMACHAL PRADESH,Total,90+,207,86,121,53,25,28,59,24,35,1,0,1,19,11,8,0,0,0,0,0,0,6,4,2,69,22,47
C5120ST,2,0,State-HIMACHAL PRADESH,Total,Age Not Stated,19,11,8,4,2,2,1,1,0,0,0,0,3,1,2,3,1,2,0,0,0,6,4,2,2,2,0
C5120ST,2,0,State-HIMACHAL PRADESH,Rural,Total,7710,4086,3624,1438,707,731,1497,759,738,358,202,156,1527,908,619,357,193,164,240,132,108,1345,707,638,948,478,470
C5120ST,2,0,State-HIMACHAL PRADESH,Rural,0-4,248,129,119,30,16,14,60,33,27,5,4,1,18,8,10,10,4,6,2,2,0,95,44,51,28,18,10
C5120ST,2,0,State-HIMACHAL PRADESH,Rural,5-9,388,205,183,38,17,21,59,26,33,33,19,14,48,29,19,31,13,18,8,3,5,106,57,49,65,41,24
C5120ST,2,0,State-HIMACHAL PRADESH,Rural,10-19,961,534,427,139,66,73,134,75,59,72,44,28,124,81,43,104,55,49,29,17,12,224,119,105,135,77,58
C5120ST,2,0,State-HIMACHAL PRADESH,Rural,20-29,955,529,426,104,61,43,142,78,64,67,38,29,196,119,77,71,40,31,56,36,20,233,115,118,86,42,44
C5120ST,2,0,State-HIMACHAL PRADESH,Rural,30-39,913,529,384,107,63,44,147,89,58,41,22,19,250,143,107,53,34,19,47,21,26,187,109,78,81,48,33
C5120ST,2,0,State-HIMACHAL PRADESH,Rural,40-49,879,509,370,125,72,53,165,90,75,47,25,22,228,150,78,44,23,21,36,20,16,162,89,73,72,40,32
C5120ST,2,0,State-HIMACHAL PRADESH,Rural,50-59,812,445,367,181,85,96,140,67,73,36,18,18,200,132,68,17,12,5,31,20,11,129,70,59,78,41,37
C5120ST,2,0,State-HIMACHAL PRADESH,Rural,60-69,907,446,461,229,114,115,221,101,120,30,17,13,204,110,94,15,8,7,18,8,10,103,54,49,87,34,53
C5120ST,2,0,State-HIMACHAL PRADESH,Rural,70-79,846,394,452,253,99,154,221,105,116,19,13,6,151,77,74,7,2,5,9,4,5,60,28,32,126,66,60
C5120ST,2,0,State-HIMACHAL PRADESH,Rural,80-89,577,271,306,175,87,88,150,72,78,7,2,5,86,47,39,2,1,1,4,1,3,34,14,20,119,47,72
C5120ST,2,0,State-HIMACHAL PRADESH,Rural,90+,205,84,121,53,25,28,57,22,35,1,0,1,19,11,8,0,0,0,0,0,0,6,4,2,69,22,47
C5120ST,2,0,State-HIMACHAL PRADESH,Rural,Age Not Stated,19,11,8,4,2,2,1,1,0,0,0,0,3,1,2,3,1,2,0,0,0,6,4,2,2,2,0
C5120ST,2,0,State-HIMACHAL PRADESH,Urban,Total,289,170,119,33,21,12,72,39,33,38,21,17,34,19,15,17,9,8,4,2,2,71,46,25,20,13,7
C5120ST,2,0,State-HIMACHAL PRADESH,Urban,0-4,11,8,3,3,2,1,1,0,1,0,0,0,0,0,0,0,0,0,0,0,0,6,6,0,1,0,1
C5120ST,2,0,State-HIMACHAL PRADESH,Urban,5-9,12,9,3,2,2,0,3,2,1,2,0,2,0,0,0,1,1,0,0,0,0,4,4,0,0,0,0
C5120ST,2,0,State-HIMACHAL PRADESH,Urban,10-19,63,39,24,10,5,5,15,7,8,7,4,3,2,2,0,7,4,3,0,0,0,13,10,3,9,7,2
C5120ST,2,0,State-HIMACHAL PRADESH,Urban,20-29,50,27,23,2,2,0,14,10,4,13,5,8,6,3,3,3,1,2,1,0,1,6,3,3,5,3,2
C5120ST,2,0,State-HIMACHAL PRADESH,Urban,30-39,38,21,17,3,2,1,7,2,5,2,2,0,4,3,1,3,1,2,1,1,0,18,10,8,0,0,0
C5120ST,2,0,State-HIMACHAL PRADESH,Urban,40-49,37,22,15,7,4,3,5,4,1,5,3,2,7,5,2,2,1,1,1,1,0,9,3,6,1,1,0
C5120ST,2,0,State-HIMACHAL PRADESH,Urban,50-59,25,18,7,2,2,0,5,3,2,5,4,1,6,5,1,0,0,0,0,0,0,6,3,3,1,1,0
C5120ST,2,0,State-HIMACHAL PRADESH,Urban,60-69,23,10,13,2,1,1,7,2,5,2,2,0,4,0,4,0,0,0,0,0,0,6,5,1,2,0,2
C5120ST,2,0,State-HIMACHAL PRADESH,Urban,70-79,18,9,9,2,1,1,7,3,4,1,1,0,4,1,3,0,0,0,0,0,0,3,2,1,1,1,0
C5120ST,2,0,State-HIMACHAL PRADESH,Urban,80-89,10,5,5,0,0,0,6,4,2,1,0,1,1,0,1,1,1,0,1,0,1,0,0,0,0,0,0
C5120ST,2,0,State-HIMACHAL PRADESH,Urban,90+,2,2,0,0,0,0,2,2,0,0,0,0,0,0,0,0,0,0,0,0,0,0,0,0,0,0,0
C5120ST,2,0,State-HIMACHAL PRADESH,Urban,Age Not Stated,0,0,0,0,0,0,0,0,0,0,0,0,0,0,0,0,0,0,0,0,0,0,0,0,0,0,0
C5120ST,2,23,District-Chamba,Total,Total,2584,1384,1200,465,231,234,596,298,298,116,62,54,473,287,186,126,69,57,101,58,43,409,225,184,298,154,144
C5120ST,2,23,District-Chamba,Total,0-4,86,48,38,10,3,7,22,14,8,1,1,0,6,3,3,6,3,3,1,1,0,30,14,16,10,9,1
C5120ST,2,23,District-Chamba,Total,5-9,140,71,69,13,6,7,25,7,18,13,6,7,18,11,7,7,6,1,1,0,1,38,20,18,25,15,10
C5120ST,2,23,District-Chamba,Total,10-19,356,193,163,45,26,19,56,29,27,25,11,14,52,31,21,29,13,16,15,6,9,81,49,32,53,28,25
C5120ST,2,23,District-Chamba,Total,20-29,320,175,145,36,20,16,55,29,26,24,15,9,67,41,26,27,14,13,24,15,9,59,27,32,28,14,14
C5120ST,2,23,District-Chamba,Total,30-39,284,185,99,27,18,9,53,36,17,17,8,9,67,45,22,19,13,6,20,11,9,56,37,19,25,17,8
C5120ST,2,23,District-Chamba,Total,40-49,274,168,106,39,25,14,50,30,20,8,3,5,72,51,21,17,10,7,15,8,7,47,26,21,26,15,11
C5120ST,2,23,District-Chamba,Total,50-59,263,153,110,57,25,32,55,29,26,9,5,4,61,40,21,9,5,4,17,14,3,36,23,13,19,12,7
C5120ST,2,23,District-Chamba,Total,60-69,302,146,156,69,34,35,105,45,60,13,9,4,56,31,25,7,5,2,6,2,4,30,15,15,16,5,11
C5120ST,2,23,District-Chamba,Total,70-79,286,121,165,89,32,57,89,41,48,6,4,2,40,15,25,2,0,2,2,1,1,21,9,12,37,19,18
C5120ST,2,23,District-Chamba,Total,80-89,197,94,103,64,35,29,59,28,31,0,0,0,27,13,14,1,0,1,0,0,0,10,4,6,36,14,22
C5120ST,2,23,District-Chamba,Total,90+,74,30,44,16,7,9,27,10,17,0,0,0,7,6,1,0,0,0,0,0,0,1,1,0,23,6,17
C5120ST,2,23,District-Chamba,Total,Age Not Stated,2,0,2,0,0,0,0,0,0,0,0,0,0,0,0,2,0,2,0,0,0,0,0,0,0,0,0
C5120ST,2,23,District-Chamba,Rural,Total,2556,1366,1190,464,230,234,589,295,294,112,60,52,468,283,185,126,69,57,101,58,43,405,222,183,291,149,142
C5120ST,2,23,District-Chamba,Rural,0-4,85,47,38,10,3,7,22,14,8,1,1,0,6,3,3,6,3,3,1,1,0,29,13,16,10,9,1
C5120ST,2,23,District-Chamba,Rural,5-9,139,70,69,13,6,7,24,6,18,13,6,7,18,11,7,7,6,1,1,0,1,38,20,18,25,15,10
C5120ST,2,23,District-Chamba,Rural,10-19,347,186,161,45,26,19,55,28,27,24,10,14,52,31,21,29,13,16,15,6,9,79,48,31,48,24,24
C5120ST,2,23,District-Chamba,Rural,20-29,317,174,143,36,20,16,54,29,25,23,15,8,66,40,26,27,14,13,24,15,9,59,27,32,28,14,14
C5120ST,2,23,District-Chamba,Rural,30-39,283,185,98,27,18,9,52,36,16,17,8,9,67,45,22,19,13,6,20,11,9,56,37,19,25,17,8
C5120ST,2,23,District-Chamba,Rural,40-49,267,163,104,38,24,14,50,30,20,7,3,4,69,49,20,17,10,7,15,8,7,46,25,21,25,14,11
C5120ST,2,23,District-Chamba,Rural,50-59,260,150,110,57,25,32,54,28,26,8,4,4,60,39,21,9,5,4,17,14,3,36,23,13,19,12,7
C5120ST,2,23,District-Chamba,Rural,60-69,300,146,154,69,34,35,104,45,59,13,9,4,56,31,25,7,5,2,6,2,4,30,15,15,15,5,10
C5120ST,2,23,District-Chamba,Rural,70-79,285,121,164,89,32,57,88,41,47,6,4,2,40,15,25,2,0,2,2,1,1,21,9,12,37,19,18
C5120ST,2,23,District-Chamba,Rural,80-89,197,94,103,64,35,29,59,28,31,0,0,0,27,13,14,1,0,1,0,0,0,10,4,6,36,14,22
C5120ST,2,23,District-Chamba,Rural,90+,74,30,44,16,7,9,27,10,17,0,0,0,7,6,1,0,0,0,0,0,0,1,1,0,23,6,17
C5120ST,2,23,District-Chamba,Rural,Age Not Stated,2,0,2,0,0,0,0,0,0,0,0,0,0,0,0,2,0,2,0,0,0,0,0,0,0,0,0
C5120ST,2,23,District-Chamba,Urban,Total,28,18,10,1,1,0,7,3,4,4,2,2,5,4,1,0,0,0,0,0,0,4,3,1,7,5,2
C5120ST,2,23,District-Chamba,Urban,0-4,1,1,0,0,0,0,0,0,0,0,0,0,0,0,0,0,0,0,0,0,0,1,1,0,0,0,0
C5120ST,2,23,District-Chamba,Urban,5-9,1,1,0,0,0,0,1,1,0,0,0,0,0,0,0,0,0,0,0,0,0,0,0,0,0,0,0
C5120ST,2,23,District-Chamba,Urban,10-19,9,7,2,0,0,0,1,1,0,1,1,0,0,0,0,0,0,0,0,0,0,2,1,1,5,4,1
C5120ST,2,23,District-Chamba,Urban,20-29,3,1,2,0,0,0,1,0,1,1,0,1,1,1,0,0,0,0,0,0,0,0,0,0,0,0,0
C5120ST,2,23,District-Chamba,Urban,30-39,1,0,1,0,0,0,1,0,1,0,0,0,0,0,0,0,0,0,0,0,0,0,0,0,0,0,0
C5120ST,2,23,District-Chamba,Urban,40-49,7,5,2,1,1,0,0,0,0,1,0,1,3,2,1,0,0,0,0,0,0,1,1,0,1,1,0
C5120ST,2,23,District-Chamba,Urban,50-59,3,3,0,0,0,0,1,1,0,1,1,0,1,1,0,0,0,0,0,0,0,0,0,0,0,0,0
C5120ST,2,23,District-Chamba,Urban,60-69,2,0,2,0,0,0,1,0,1,0,0,0,0,0,0,0,0,0,0,0,0,0,0,0,1,0,1
C5120ST,2,23,District-Chamba,Urban,70-79,1,0,1,0,0,0,1,0,1,0,0,0,0,0,0,0,0,0,0,0,0,0,0,0,0,0,0
C5120ST,2,23,District-Chamba,Urban,80-89,0,0,0,0,0,0,0,0,0,0,0,0,0,0,0,0,0,0,0,0,0,0,0,0,0,0,0
C5120ST,2,23,District-Chamba,Urban,90+,0,0,0,0,0,0,0,0,0,0,0,0,0,0,0,0,0,0,0,0,0,0,0,0,0,0,0
C5120ST,2,23,District-Chamba,Urban,Age Not Stated,0,0,0,0,0,0,0,0,0,0,0,0,0,0,0,0,0,0,0,0,0,0,0,0,0,0,0
C5120ST,2,24,District-Kangra,Total,Total,1608,907,701,244,130,114,304,155,149,85,53,32,340,226,114,82,45,37,53,25,28,293,161,132,207,112,95
C5120ST,2,24,District-Kangra,Total,0-4,62,28,34,6,4,2,14,7,7,1,0,1,3,0,3,3,1,2,1,1,0,27,11,16,7,4,3
C5120ST,2,24,District-Kangra,Total,5-9,87,50,37,5,2,3,12,5,7,8,3,5,8,7,1,7,2,5,2,0,2,26,17,9,19,14,5
C5120ST,2,24,District-Kangra,Total,10-19,236,139,97,33,13,20,34,18,16,25,17,8,25,17,8,22,13,9,8,7,1,56,32,24,33,22,11
C5120ST,2,24,District-Kangra,Total,20-29,220,113,107,17,12,5,24,7,17,20,13,7,46,27,19,16,9,7,13,6,7,59,28,31,25,11,14
C5120ST,2,24,District-Kangra,Total,30-39,188,102,86,25,15,10,32,14,18,9,6,3,50,28,22,13,6,7,9,4,5,33,20,13,17,9,8
C5120ST,2,24,District-Kangra,Total,40-49,196,124,72,18,13,5,39,21,18,8,5,3,65,46,19,10,6,4,5,1,4,33,21,12,18,11,7
C5120ST,2,24,District-Kangra,Total,50-59,161,99,62,28,12,16,31,17,14,3,1,2,51,42,9,5,4,1,7,3,4,18,9,9,18,11,7
C5120ST,2,24,District-Kangra,Total,60-69,175,102,73,42,23,19,39,27,12,4,4,0,45,26,19,5,3,2,4,1,3,16,9,7,20,9,11
C5120ST,2,24,District-Kangra,Total,70-79,154,85,69,37,17,20,44,21,23,4,4,0,31,22,9,1,1,0,3,2,1,13,8,5,21,10,11
C5120ST,2,24,District-Kangra,Total,80-89,90,42,48,24,11,13,24,12,12,2,0,2,13,11,2,0,0,0,1,0,1,7,2,5,19,6,13
C5120ST,2,24,District-Kangra,Total,90+,29,17,12,7,7,0,10,5,5,1,0,1,1,0,1,0,0,0,0,0,0,1,1,0,9,4,5
C5120ST,2,24,District-Kangra,Total,Age Not Stated,10,6,4,2,1,1,1,1,0,0,0,0,2,0,2,0,0,0,0,0,0,4,3,1,1,1,0
C5120ST,2,24,District-Kangra,Rural,Total,1533,863,670,240,128,112,281,141,140,67,43,24,327,218,109,78,43,35,51,24,27,288,157,131,201,109,92
C5120ST,2,24,District-Kangra,Rural,0-4,59,26,33,6,4,2,13,7,6,1,0,1,3,0,3,3,1,2,1,1,0,25,9,16,7,4,3
C5120ST,2,24,District-Kangra,Rural,5-9,84,48,36,5,2,3,10,4,6,8,3,5,8,7,1,7,2,5,2,0,2,25,16,9,19,14,5
C5120ST,2,24,District-Kangra,Rural,10-19,223,132,91,32,13,19,29,16,13,23,16,7,23,15,8,20,11,9,8,7,1,56,32,24,32,22,10
C5120ST,2,24,District-Kangra,Rural,20-29,201,104,97,17,12,5,22,6,16,12,9,3,42,25,17,16,9,7,12,6,6,58,28,30,22,9,13
C5120ST,2,24,District-Kangra,Rural,30-39,179,97,82,23,14,9,29,13,16,8,5,3,50,28,22,12,6,6,8,3,5,32,19,13,17,9,8
C5120ST,2,24,District-Kangra,Rural,40-49,188,119,69,18,13,5,36,18,18,6,4,2,63,45,18,9,6,3,5,1,4,33,21,12,18,11,7
C5120ST,2,24,District-Kangra,Rural,50-59,154,93,61,27,11,16,29,15,14,2,1,1,49,40,9,5,4,1,7,3,4,18,9,9,17,10,7
C5120ST,2,24,District-Kangra,Rural,60-69,169,99,70,42,23,19,38,26,12,2,2,0,43,26,17,5,3,2,4,1,3,16,9,7,19,9,10
C5120ST,2,24,District-Kangra,Rural,70-79,150,82,68,37,17,20,42,20,22,3,3,0,30,21,9,1,1,0,3,2,1,13,8,5,21,10,11
C5120ST,2,24,District-Kangra,Rural,80-89,88,41,47,24,11,13,23,11,12,1,0,1,13,11,2,0,0,0,1,0,1,7,2,5,19,6,13
C5120ST,2,24,District-Kangra,Rural,90+,28,16,12,7,7,0,9,4,5,1,0,1,1,0,1,0,0,0,0,0,0,1,1,0,9,4,5
C5120ST,2,24,District-Kangra,Rural,Age Not Stated,10,6,4,2,1,1,1,1,0,0,0,0,2,0,2,0,0,0,0,0,0,4,3,1,1,1,0
C5120ST,2,24,District-Kangra,Urban,Total,75,44,31,4,2,2,23,14,9,18,10,8,13,8,5,4,2,2,2,1,1,5,4,1,6,3,3
C5120ST,2,24,District-Kangra,Urban,0-4,3,2,1,0,0,0,1,0,1,0,0,0,0,0,0,0,0,0,0,0,0,2,2,0,0,0,0
C5120ST,2,24,District-Kangra,Urban,5-9,3,2,1,0,0,0,2,1,1,0,0,0,0,0,0,0,0,0,0,0,0,1,1,0,0,0,0
C5120ST,2,24,District-Kangra,Urban,10-19,13,7,6,1,0,1,5,2,3,2,1,1,2,2,0,2,2,0,0,0,0,0,0,0,1,0,1
C5120ST,2,24,District-Kangra,Urban,20-29,19,9,10,0,0,0,2,1,1,8,4,4,4,2,2,0,0,0,1,0,1,1,0,1,3,2,1
C5120ST,2,24,District-Kangra,Urban,30-39,9,5,4,2,1,1,3,1,2,1,1,0,0,0,0,1,0,1,1,1,0,1,1,0,0,0,0
C5120ST,2,24,District-Kangra,Urban,40-49,8,5,3,0,0,0,3,3,0,2,1,1,2,1,1,1,0,1,0,0,0,0,0,0,0,0,0
C5120ST,2,24,District-Kangra,Urban,50-59,7,6,1,1,1,0,2,2,0,1,0,1,2,2,0,0,0,0,0,0,0,0,0,0,1,1,0
C5120ST,2,24,District-Kangra,Urban,60-69,6,3,3,0,0,0,1,1,0,2,2,0,2,0,2,0,0,0,0,0,0,0,0,0,1,0,1
C5120ST,2,24,District-Kangra,Urban,70-79,4,3,1,0,0,0,2,1,1,1,1,0,1,1,0,0,0,0,0,0,0,0,0,0,0,0,0
C5120ST,2,24,District-Kangra,Urban,80-89,2,1,1,0,0,0,1,1,0,1,0,1,0,0,0,0,0,0,0,0,0,0,0,0,0,0,0
C5120ST,2,24,District-Kangra,Urban,90+,1,1,0,0,0,0,1,1,0,0,0,0,0,0,0,0,0,0,0,0,0,0,0,0,0,0,0
C5120ST,2,24,District-Kangra,Urban,Age Not Stated,0,0,0,0,0,0,0,0,0,0,0,0,0,0,0,0,0,0,0,0,0,0,0,0,0,0,0
C5120ST,2,25,District-Lahul & Spiti,Total,Total,602,307,295,172,87,85,103,54,49,25,10,15,129,68,61,32,19,13,3,1,2,68,36,32,70,32,38
C5120ST,2,25,District-Lahul & Spiti,Total,0-4,15,8,7,5,3,2,3,1,2,0,0,0,1,0,1,0,0,0,0,0,0,4,2,2,2,2,0
C5120ST,2,25,District-Lahul & Spiti,Total,5-9,25,13,12,3,2,1,4,2,2,1,1,0,3,1,2,5,3,2,1,1,0,3,1,2,5,2,3
C5120ST,2,25,District-Lahul & Spiti,Total,10-19,67,39,28,21,11,10,6,2,4,2,1,1,10,8,2,12,6,6,0,0,0,3,2,1,13,9,4
C5120ST,2,25,District-Lahul & Spiti,Total,20-29,72,39,33,12,5,7,13,8,5,8,2,6,12,8,4,4,3,1,0,0,0,17,10,7,6,3,3
C5120ST,2,25,District-Lahul & Spiti,Total,30-39,71,38,33,16,10,6,15,7,8,2,0,2,19,10,9,4,3,1,2,0,2,9,6,3,4,2,2
C5120ST,2,25,District-Lahul & Spiti,Total,40-49,74,39,35,21,13,8,16,11,5,5,2,3,18,7,11,3,0,3,0,0,0,5,3,2,6,3,3
C5120ST,2,25,District-Lahul & Spiti,Total,50-59,76,36,40,28,16,12,5,1,4,5,3,2,15,8,7,1,1,0,0,0,0,17,6,11,5,1,4
C5120ST,2,25,District-Lahul & Spiti,Total,60-69,78,40,38,29,11,18,12,8,4,2,1,1,24,14,10,0,0,0,0,0,0,5,3,2,6,3,3
C5120ST,2,25,District-Lahul & Spiti,Total,70-79,63,31,32,24,12,12,12,7,5,0,0,0,13,5,8,1,1,0,0,0,0,2,1,1,11,5,6
C5120ST,2,25,District-Lahul & Spiti,Total,80-89,41,17,24,7,1,6,14,7,7,0,0,0,12,6,6,1,1,0,0,0,0,1,1,0,6,1,5
C5120ST,2,25,District-Lahul & Spiti,Total,90+,15,4,11,4,2,2,3,0,3,0,0,0,2,1,1,0,0,0,0,0,0,0,0,0,6,1,5
C5120ST,2,25,District-Lahul & Spiti,Total,Age Not Stated,5,3,2,2,1,1,0,0,0,0,0,0,0,0,0,1,1,0,0,0,0,2,1,1,0,0,0
C5120ST,2,25,District-Lahul & Spiti,Rural,Total,602,307,295,172,87,85,103,54,49,25,10,15,129,68,61,32,19,13,3,1,2,68,36,32,70,32,38
C5120ST,2,25,District-Lahul & Spiti,Rural,0-4,15,8,7,5,3,2,3,1,2,0,0,0,1,0,1,0,0,0,0,0,0,4,2,2,2,2,0
C5120ST,2,25,District-Lahul & Spiti,Rural,5-9,25,13,12,3,2,1,4,2,2,1,1,0,3,1,2,5,3,2,1,1,0,3,1,2,5,2,3
C5120ST,2,25,District-Lahul & Spiti,Rural,10-19,67,39,28,21,11,10,6,2,4,2,1,1,10,8,2,12,6,6,0,0,0,3,2,1,13,9,4
C5120ST,2,25,District-Lahul & Spiti,Rural,20-29,72,39,33,12,5,7,13,8,5,8,2,6,12,8,4,4,3,1,0,0,0,17,10,7,6,3,3
C5120ST,2,25,District-Lahul & Spiti,Rural,30-39,71,38,33,16,10,6,15,7,8,2,0,2,19,10,9,4,3,1,2,0,2,9,6,3,4,2,2
C5120ST,2,25,District-Lahul & Spiti,Rural,40-49,74,39,35,21,13,8,16,11,5,5,2,3,18,7,11,3,0,3,0,0,0,5,3,2,6,3,3
C5120ST,2,25,District-Lahul & Spiti,Rural,50-59,76,36,40,28,16,12,5,1,4,5,3,2,15,8,7,1,1,0,0,0,0,17,6,11,5,1,4
C5120ST,2,25,District-Lahul & Spiti,Rural,60-69,78,40,38,29,11,18,12,8,4,2,1,1,24,14,10,0,0,0,0,0,0,5,3,2,6,3,3
C5120ST,2,25,District-Lahul & Spiti,Rural,70-79,63,31,32,24,12,12,12,7,5,0,0,0,13,5,8,1,1,0,0,0,0,2,1,1,11,5,6
C5120ST,2,25,District-Lahul & Spiti,Rural,80-89,41,17,24,7,1,6,14,7,7,0,0,0,12,6,6,1,1,0,0,0,0,1,1,0,6,1,5
C5120ST,2,25,District-Lahul & Spiti,Rural,90+,15,4,11,4,2,2,3,0,3,0,0,0,2,1,1,0,0,0,0,0,0,0,0,0,6,1,5
C5120ST,2,25,District-Lahul & Spiti,Rural,Age Not Stated,5,3,2,2,1,1,0,0,0,0,0,0,0,0,0,1,1,0,0,0,0,2,1,1,0,0,0
C5120ST,2,25,District-Lahul & Spiti,Urban,Total,0,0,0,0,0,0,0,0,0,0,0,0,0,0,0,0,0,0,0,0,0,0,0,0,0,0,0
C5120ST,2,25,District-Lahul & Spiti,Urban,0-4,0,0,0,0,0,0,0,0,0,0,0,0,0,0,0,0,0,0,0,0,0,0,0,0,0,0,0
C5120ST,2,25,District-Lahul & Spiti,Urban,5-9,0,0,0,0,0,0,0,0,0,0,0,0,0,0,0,0,0,0,0,0,0,0,0,0,0,0,0
C5120ST,2,25,District-Lahul & Spiti,Urban,10-19,0,0,0,0,0,0,0,0,0,0,0,0,0,0,0,0,0,0,0,0,0,0,0,0,0,0,0
C5120ST,2,25,District-Lahul & Spiti,Urban,20-29,0,0,0,0,0,0,0,0,0,0,0,0,0,0,0,0,0,0,0,0,0,0,0,0,0,0,0
C5120ST,2,25,District-Lahul & Spiti,Urban,30-39,0,0,0,0,0,0,0,0,0,0,0,0,0,0,0,0,0,0,0,0,0,0,0,0,0,0,0
C5120ST,2,25,District-Lahul & Spiti,Urban,40-49,0,0,0,0,0,0,0,0,0,0,0,0,0,0,0,0,0,0,0,0,0,0,0,0,0,0,0
C5120ST,2,25,District-Lahul & Spiti,Urban,50-59,0,0,0,0,0,0,0,0,0,0,0,0,0,0,0,0,0,0,0,0,0,0,0,0,0,0,0
C5120ST,2,25,District-Lahul & Spiti,Urban,60-69,0,0,0,0,0,0,0,0,0,0,0,0,0,0,0,0,0,0,0,0,0,0,0,0,0,0,0
C5120ST,2,25,District-Lahul & Spiti,Urban,70-79,0,0,0,0,0,0,0,0,0,0,0,0,0,0,0,0,0,0,0,0,0,0,0,0,0,0,0
C5120ST,2,25,District-Lahul & Spiti,Urban,80-89,0,0,0,0,0,0,0,0,0,0,0,0,0,0,0,0,0,0,0,0,0,0,0,0,0,0,0
C5120ST,2,25,District-Lahul & Spiti,Urban,90+,0,0,0,0,0,0,0,0,0,0,0,0,0,0,0,0,0,0,0,0,0,0,0,0,0,0,0
C5120ST,2,25,District-Lahul & Spiti,Urban,Age Not Stated,0,0,0,0,0,0,0,0,0,0,0,0,0,0,0,0,0,0,0,0,0,0,0,0,0,0,0
C5120ST,2,26,District-Kullu,Total,Total,236,122,114,26,13,13,44,26,18,19,8,11,46,21,25,13,9,4,5,2,3,64,32,32,19,11,8
C5120ST,2,26,District-Kullu,Total,0-4,8,5,3,2,1,1,1,1,0,0,0,0,0,0,0,0,0,0,0,0,0,5,3,2,0,0,0
C5120ST,2,26,District-Kullu,Total,5-9,6,4,2,0,0,0,1,1,0,1,0,1,0,0,0,0,0,0,0,0,0,3,3,0,1,0,1
C5120ST,2,26,District-Kullu,Total,10-19,17,8,9,0,0,0,2,0,2,3,0,3,1,1,0,7,5,2,0,0,0,3,1,2,1,1,0
C5120ST,2,26,District-Kullu,Total,20-29,32,20,12,4,2,2,1,1,0,6,3,3,4,2,2,3,3,0,1,1,0,8,5,3,5,3,2
C5120ST,2,26,District-Kullu,Total,30-39,33,17,16,3,3,0,3,2,1,2,1,1,11,6,5,1,0,1,0,0,0,12,5,7,1,0,1
C5120ST,2,26,District-Kullu,Total,40-49,29,9,20,2,0,2,3,2,1,2,0,2,6,1,5,1,1,0,1,1,0,13,3,10,1,1,0
C5120ST,2,26,District-Kullu,Total,50-59,22,10,12,1,1,0,4,1,3,1,1,0,4,1,3,0,0,0,1,0,1,7,4,3,4,2,2
C5120ST,2,26,District-Kullu,Total,60-69,28,14,14,5,2,3,6,3,3,1,1,0,10,4,6,0,0,0,0,0,0,5,4,1,1,0,1
C5120ST,2,26,District-Kullu,Total,70-79,23,13,10,3,1,2,5,3,2,2,1,1,4,2,2,1,0,1,0,0,0,5,3,2,3,3,0
C5120ST,2,26,District-Kullu,Total,80-89,32,19,13,4,3,1,15,10,5,1,1,0,5,3,2,0,0,0,2,0,2,3,1,2,2,1,1
C5120ST,2,26,District-Kullu,Total,90+,6,3,3,2,0,2,3,2,1,0,0,0,1,1,0,0,0,0,0,0,0,0,0,0,0,0,0
C5120ST,2,26,District-Kullu,Total,Age Not Stated,0,0,0,0,0,0,0,0,0,0,0,0,0,0,0,0,0,0,0,0,0,0,0,0,0,0,0
C5120ST,2,26,District-Kullu,Rural,Total,174,93,81,22,11,11,31,21,10,13,6,7,41,20,21,9,7,2,4,2,2,38,17,21,16,9,7
C5120ST,2,26,District-Kullu,Rural,0-4,6,3,3,2,1,1,1,1,0,0,0,0,0,0,0,0,0,0,0,0,0,3,1,2,0,0,0
C5120ST,2,26,District-Kullu,Rural,5-9,4,3,1,0,0,0,1,1,0,0,0,0,0,0,0,0,0,0,0,0,0,2,2,0,1,0,1
C5120ST,2,26,District-Kullu,Rural,10-19,9,6,3,0,0,0,0,0,0,1,0,1,1,1,0,6,5,1,0,0,0,1,0,1,0,0,0
C5120ST,2,26,District-Kullu,Rural,20-29,28,18,10,4,2,2,1,1,0,5,3,2,4,2,2,2,2,0,1,1,0,7,4,3,4,3,1
C5120ST,2,26,District-Kullu,Rural,30-39,22,11,11,2,2,0,3,2,1,1,0,1,10,5,5,0,0,0,0,0,0,5,2,3,1,0,1
C5120ST,2,26,District-Kullu,Rural,40-49,25,7,18,2,0,2,3,2,1,2,0,2,6,1,5,0,0,0,1,1,0,10,2,8,1,1,0
C5120ST,2,26,District-Kullu,Rural,50-59,14,7,7,1,1,0,2,1,1,0,0,0,3,1,2,0,0,0,1,0,1,3,2,1,4,2,2
C5120ST,2,26,District-Kullu,Rural,60-69,22,11,11,3,1,2,5,3,2,1,1,0,10,4,6,0,0,0,0,0,0,2,2,0,1,0,1
C5120ST,2,26,District-Kullu,Rural,70-79,13,8,5,2,1,1,2,1,1,2,1,1,2,2,0,1,0,1,0,0,0,2,1,1,2,2,0
C5120ST,2,26,District-Kullu,Rural,80-89,26,17,9,4,3,1,11,8,3,1,1,0,4,3,1,0,0,0,1,0,1,3,1,2,2,1,1
C5120ST,2,26,District-Kullu,Rural,90+,5,2,3,2,0,2,2,1,1,0,0,0,1,1,0,0,0,0,0,0,0,0,0,0,0,0,0
C5120ST,2,26,District-Kullu,Rural,Age Not Stated,0,0,0,0,0,0,0,0,0,0,0,0,0,0,0,0,0,0,0,0,0,0,0,0,0,0,0
C5120ST,2,26,District-Kullu,Urban,Total,62,29,33,4,2,2,13,5,8,6,2,4,5,1,4,4,2,2,1,0,1,26,15,11,3,2,1
C5120ST,2,26,District-Kullu,Urban,0-4,2,2,0,0,0,0,0,0,0,0,0,0,0,0,0,0,0,0,0,0,0,2,2,0,0,0,0
C5120ST,2,26,District-Kullu,Urban,5-9,2,1,1,0,0,0,0,0,0,1,0,1,0,0,0,0,0,0,0,0,0,1,1,0,0,0,0
C5120ST,2,26,District-Kullu,Urban,10-19,8,2,6,0,0,0,2,0,2,2,0,2,0,0,0,1,0,1,0,0,0,2,1,1,1,1,0
C5120ST,2,26,District-Kullu,Urban,20-29,4,2,2,0,0,0,0,0,0,1,0,1,0,0,0,1,1,0,0,0,0,1,1,0,1,0,1
C5120ST,2,26,District-Kullu,Urban,30-39,11,6,5,1,1,0,0,0,0,1,1,0,1,1,0,1,0,1,0,0,0,7,3,4,0,0,0
C5120ST,2,26,District-Kullu,Urban,40-49,4,2,2,0,0,0,0,0,0,0,0,0,0,0,0,1,1,0,0,0,0,3,1,2,0,0,0
C5120ST,2,26,District-Kullu,Urban,50-59,8,3,5,0,0,0,2,0,2,1,1,0,1,0,1,0,0,0,0,0,0,4,2,2,0,0,0
C5120ST,2,26,District-Kullu,Urban,60-69,6,3,3,2,1,1,1,0,1,0,0,0,0,0,0,0,0,0,0,0,0,3,2,1,0,0,0
C5120ST,2,26,District-Kullu,Urban,70-79,10,5,5,1,0,1,3,2,1,0,0,0,2,0,2,0,0,0,0,0,0,3,2,1,1,1,0
C5120ST,2,26,District-Kullu,Urban,80-89,6,2,4,0,0,0,4,2,2,0,0,0,1,0,1,0,0,0,1,0,1,0,0,0,0,0,0
C5120ST,2,26,District-Kullu,Urban,90+,1,1,0,0,0,0,1,1,0,0,0,0,0,0,0,0,0,0,0,0,0,0,0,0,0,0,0
C5120ST,2,26,District-Kullu,Urban,Age Not Stated,0,0,0,0,0,0,0,0,0,0,0,0,0,0,0,0,0,0,0,0,0,0,0,0,0,0,0
C5120ST,2,27,District-Mandi,Total,Total,258,145,113,38,17,21,37,20,17,9,5,4,64,45,19,20,8,12,9,6,3,57,30,27,24,14,10
C5120ST,2,27,District-Mandi,Total,0-4,9,5,4,1,0,1,2,1,1,0,0,0,1,1,0,1,0,1,0,0,0,4,3,1,0,0,0
C5120ST,2,27,District-Mandi,Total,5-9,18,9,9,1,1,0,2,2,0,1,1,0,3,2,1,5,0,5,0,0,0,3,1,2,3,2,1
C5120ST,2,27,District-Mandi,Total,10-19,36,18,18,3,0,3,7,4,3,0,0,0,5,4,1,4,3,1,2,1,1,9,3,6,6,3,3
C5120ST,2,27,District-Mandi,Total,20-29,45,26,19,4,2,2,7,3,4,2,1,1,8,7,1,3,1,2,4,3,1,14,8,6,3,1,2
C5120ST,2,27,District-Mandi,Total,30-39,31,15,16,7,3,4,1,1,0,1,1,0,8,4,4,5,2,3,1,0,1,6,3,3,2,1,1
C5120ST,2,27,District-Mandi,Total,40-49,36,24,12,3,2,1,4,1,3,3,1,2,13,9,4,2,2,0,2,2,0,8,6,2,1,1,0
C5120ST,2,27,District-Mandi,Total,50-59,22,16,6,3,2,1,5,5,0,2,1,1,6,4,2,0,0,0,0,0,0,5,3,2,1,1,0
C5120ST,2,27,District-Mandi,Total,60-69,24,12,12,6,3,3,3,0,3,0,0,0,6,4,2,0,0,0,0,0,0,6,2,4,3,3,0
C5120ST,2,27,District-Mandi,Total,70-79,22,12,10,6,3,3,5,3,2,0,0,0,8,5,3,0,0,0,0,0,0,0,0,0,3,1,2
C5120ST,2,27,District-Mandi,Total,80-89,8,6,2,2,1,1,0,0,0,0,0,0,4,4,0,0,0,0,0,0,0,1,1,0,1,0,1
C5120ST,2,27,District-Mandi,Total,90+,6,1,5,2,0,2,1,0,1,0,0,0,1,0,1,0,0,0,0,0,0,1,0,1,1,1,0
C5120ST,2,27,District-Mandi,Total,Age Not Stated,1,1,0,0,0,0,0,0,0,0,0,0,1,1,0,0,0,0,0,0,0,0,0,0,0,0,0
C5120ST,2,27,District-Mandi,Rural,Total,255,144,111,38,17,21,37,20,17,9,5,4,62,44,18,19,8,11,9,6,3,57,30,27,24,14,10
C5120ST,2,27,District-Mandi,Rural,0-4,9,5,4,1,0,1,2,1,1,0,0,0,1,1,0,1,0,1,0,0,0,4,3,1,0,0,0
C5120ST,2,27,District-Mandi,Rural,5-9,18,9,9,1,1,0,2,2,0,1,1,0,3,2,1,5,0,5,0,0,0,3,1,2,3,2,1
C5120ST,2,27,District-Mandi,Rural,10-19,36,18,18,3,0,3,7,4,3,0,0,0,5,4,1,4,3,1,2,1,1,9,3,6,6,3,3
C5120ST,2,27,District-Mandi,Rural,20-29,44,26,18,4,2,2,7,3,4,2,1,1,8,7,1,2,1,1,4,3,1,14,8,6,3,1,2
C5120ST,2,27,District-Mandi,Rural,30-39,30,14,16,7,3,4,1,1,0,1,1,0,7,3,4,5,2,3,1,0,1,6,3,3,2,1,1
C5120ST,2,27,District-Mandi,Rural,40-49,36,24,12,3,2,1,4,1,3,3,1,2,13,9,4,2,2,0,2,2,0,8,6,2,1,1,0
C5120ST,2,27,District-Mandi,Rural,50-59,22,16,6,3,2,1,5,5,0,2,1,1,6,4,2,0,0,0,0,0,0,5,3,2,1,1,0
C5120ST,2,27,District-Mandi,Rural,60-69,24,12,12,6,3,3,3,0,3,0,0,0,6,4,2,0,0,0,0,0,0,6,2,4,3,3,0
C5120ST,2,27,District-Mandi,Rural,70-79,21,12,9,6,3,3,5,3,2,0,0,0,7,5,2,0,0,0,0,0,0,0,0,0,3,1,2
C5120ST,2,27,District-Mandi,Rural,80-89,8,6,2,2,1,1,0,0,0,0,0,0,4,4,0,0,0,0,0,0,0,1,1,0,1,0,1
C5120ST,2,27,District-Mandi,Rural,90+,6,1,5,2,0,2,1,0,1,0,0,0,1,0,1,0,0,0,0,0,0,1,0,1,1,1,0
C5120ST,2,27,District-Mandi,Rural,Age Not Stated,1,1,0,0,0,0,0,0,0,0,0,0,1,1,0,0,0,0,0,0,0,0,0,0,0,0,0
C5120ST,2,27,District-Mandi,Urban,Total,3,1,2,0,0,0,0,0,0,0,0,0,2,1,1,1,0,1,0,0,0,0,0,0,0,0,0
C5120ST,2,27,District-Mandi,Urban,0-4,0,0,0,0,0,0,0,0,0,0,0,0,0,0,0,0,0,0,0,0,0,0,0,0,0,0,0
C5120ST,2,27,District-Mandi,Urban,5-9,0,0,0,0,0,0,0,0,0,0,0,0,0,0,0,0,0,0,0,0,0,0,0,0,0,0,0
C5120ST,2,27,District-Mandi,Urban,10-19,0,0,0,0,0,0,0,0,0,0,0,0,0,0,0,0,0,0,0,0,0,0,0,0,0,0,0
C5120ST,2,27,District-Mandi,Urban,20-29,1,0,1,0,0,0,0,0,0,0,0,0,0,0,0,1,0,1,0,0,0,0,0,0,0,0,0
C5120ST,2,27,District-Mandi,Urban,30-39,1,1,0,0,0,0,0,0,0,0,0,0,1,1,0,0,0,0,0,0,0,0,0,0,0,0,0
C5120ST,2,27,District-Mandi,Urban,40-49,0,0,0,0,0,0,0,0,0,0,0,0,0,0,0,0,0,0,0,0,0,0,0,0,0,0,0
C5120ST,2,27,District-Mandi,Urban,50-59,0,0,0,0,0,0,0,0,0,0,0,0,0,0,0,0,0,0,0,0,0,0,0,0,0,0,0
C5120ST,2,27,District-Mandi,Urban,60-69,0,0,0,0,0,0,0,0,0,0,0,0,0,0,0,0,0,0,0,0,0,0,0,0,0,0,0
C5120ST,2,27,District-Mandi,Urban,70-79,1,0,1,0,0,0,0,0,0,0,0,0,1,0,1,0,0,0,0,0,0,0,0,0,0,0,0
C5120ST,2,27,District-Mandi,Urban,80-89,0,0,0,0,0,0,0,0,0,0,0,0,0,0,0,0,0,0,0,0,0,0,0,0,0,0,0
C5120ST,2,27,District-Mandi,Urban,90+,0,0,0,0,0,0,0,0,0,0,0,0,0,0,0,0,0,0,0,0,0,0,0,0,0,0,0
C5120ST,2,27,District-Mandi,Urban,Age Not Stated,0,0,0,0,0,0,0,0,0,0,0,0,0,0,0,0,0,0,0,0,0,0,0,0,0,0,0
C5120ST,2,28,District-Hamirpur,Total,Total,69,36,33,10,4,6,6,2,4,6,5,1,18,11,7,0,0,0,3,3,0,18,8,10,8,3,5
C5120ST,2,28,District-Hamirpur,Total,0-4,3,2,1,0,0,0,0,0,0,1,1,0,1,1,0,0,0,0,0,0,0,1,0,1,0,0,0
C5120ST,2,28,District-Hamirpur,Total,5-9,2,2,0,0,0,0,0,0,0,1,1,0,1,1,0,0,0,0,0,0,0,0,0,0,0,0,0
C5120ST,2,28,District-Hamirpur,Total,10-19,10,6,4,0,0,0,0,0,0,1,1,0,3,2,1,0,0,0,0,0,0,4,2,2,2,1,1
C5120ST,2,28,District-Hamirpur,Total,20-29,13,5,8,1,0,1,0,0,0,0,0,0,1,1,0,0,0,0,1,1,0,8,2,6,2,1,1
C5120ST,2,28,District-Hamirpur,Total,30-39,7,4,3,0,0,0,2,1,1,0,0,0,3,2,1,0,0,0,0,0,0,0,0,0,2,1,1
C5120ST,2,28,District-Hamirpur,Total,40-49,7,5,2,1,0,1,0,0,0,1,1,0,0,0,0,0,0,0,2,2,0,3,2,1,0,0,0
C5120ST,2,28,District-Hamirpur,Total,50-59,14,6,8,3,1,2,3,1,2,1,0,1,5,3,2,0,0,0,0,0,0,1,1,0,1,0,1
C5120ST,2,28,District-Hamirpur,Total,60-69,4,3,1,1,1,0,0,0,0,1,1,0,1,0,1,0,0,0,0,0,0,1,1,0,0,0,0
C5120ST,2,28,District-Hamirpur,Total,70-79,5,1,4,2,0,2,0,0,0,0,0,0,2,1,1,0,0,0,0,0,0,0,0,0,1,0,1
C5120ST,2,28,District-Hamirpur,Total,80-89,4,2,2,2,2,0,1,0,1,0,0,0,1,0,1,0,0,0,0,0,0,0,0,0,0,0,0
C5120ST,2,28,District-Hamirpur,Total,90+,0,0,0,0,0,0,0,0,0,0,0,0,0,0,0,0,0,0,0,0,0,0,0,0,0,0,0
C5120ST,2,28,District-Hamirpur,Total,Age Not Stated,0,0,0,0,0,0,0,0,0,0,0,0,0,0,0,0,0,0,0,0,0,0,0,0,0,0,0
C5120ST,2,28,District-Hamirpur,Rural,Total,66,33,33,10,4,6,6,2,4,6,5,1,17,10,7,0,0,0,2,2,0,17,7,10,8,3,5
C5120ST,2,28,District-Hamirpur,Rural,0-4,3,2,1,0,0,0,0,0,0,1,1,0,1,1,0,0,0,0,0,0,0,1,0,1,0,0,0
C5120ST,2,28,District-Hamirpur,Rural,5-9,2,2,0,0,0,0,0,0,0,1,1,0,1,1,0,0,0,0,0,0,0,0,0,0,0,0,0
C5120ST,2,28,District-Hamirpur,Rural,10-19,10,6,4,0,0,0,0,0,0,1,1,0,3,2,1,0,0,0,0,0,0,4,2,2,2,1,1
C5120ST,2,28,District-Hamirpur,Rural,20-29,13,5,8,1,0,1,0,0,0,0,0,0,1,1,0,0,0,0,1,1,0,8,2,6,2,1,1
C5120ST,2,28,District-Hamirpur,Rural,30-39,6,3,3,0,0,0,2,1,1,0,0,0,2,1,1,0,0,0,0,0,0,0,0,0,2,1,1
C5120ST,2,28,District-Hamirpur,Rural,40-49,6,4,2,1,0,1,0,0,0,1,1,0,0,0,0,0,0,0,1,1,0,3,2,1,0,0,0
C5120ST,2,28,District-Hamirpur,Rural,50-59,14,6,8,3,1,2,3,1,2,1,0,1,5,3,2,0,0,0,0,0,0,1,1,0,1,0,1
C5120ST,2,28,District-Hamirpur,Rural,60-69,3,2,1,1,1,0,0,0,0,1,1,0,1,0,1,0,0,0,0,0,0,0,0,0,0,0,0
C5120ST,2,28,District-Hamirpur,Rural,70-79,5,1,4,2,0,2,0,0,0,0,0,0,2,1,1,0,0,0,0,0,0,0,0,0,1,0,1
C5120ST,2,28,District-Hamirpur,Rural,80-89,4,2,2,2,2,0,1,0,1,0,0,0,1,0,1,0,0,0,0,0,0,0,0,0,0,0,0
C5120ST,2,28,District-Hamirpur,Rural,90+,0,0,0,0,0,0,0,0,0,0,0,0,0,0,0,0,0,0,0,0,0,0,0,0,0,0,0
C5120ST,2,28,District-Hamirpur,Rural,Age Not Stated,0,0,0,0,0,0,0,0,0,0,0,0,0,0,0,0,0,0,0,0,0,0,0,0,0,0,0
C5120ST,2,28,District-Hamirpur,Urban,Total,3,3,0,0,0,0,0,0,0,0,0,0,1,1,0,0,0,0,1,1,0,1,1,0,0,0,0
C5120ST,2,28,District-Hamirpur,Urban,0-4,0,0,0,0,0,0,0,0,0,0,0,0,0,0,0,0,0,0,0,0,0,0,0,0,0,0,0
C5120ST,2,28,District-Hamirpur,Urban,5-9,0,0,0,0,0,0,0,0,0,0,0,0,0,0,0,0,0,0,0,0,0,0,0,0,0,0,0
C5120ST,2,28,District-Hamirpur,Urban,10-19,0,0,0,0,0,0,0,0,0,0,0,0,0,0,0,0,0,0,0,0,0,0,0,0,0,0,0
C5120ST,2,28,District-Hamirpur,Urban,20-29,0,0,0,0,0,0,0,0,0,0,0,0,0,0,0,0,0,0,0,0,0,0,0,0,0,0,0
C5120ST,2,28,District-Hamirpur,Urban,30-39,1,1,0,0,0,0,0,0,0,0,0,0,1,1,0,0,0,0,0,0,0,0,0,0,0,0,0
C5120ST,2,28,District-Hamirpur,Urban,40-49,1,1,0,0,0,0,0,0,0,0,0,0,0,0,0,0,0,0,1,1,0,0,0,0,0,0,0
C5120ST,2,28,District-Hamirpur,Urban,50-59,0,0,0,0,0,0,0,0,0,0,0,0,0,0,0,0,0,0,0,0,0,0,0,0,0,0,0
C5120ST,2,28,District-Hamirpur,Urban,60-69,1,1,0,0,0,0,0,0,0,0,0,0,0,0,0,0,0,0,0,0,0,1,1,0,0,0,0
C5120ST,2,28,District-Hamirpur,Urban,70-79,0,0,0,0,0,0,0,0,0,0,0,0,0,0,0,0,0,0,0,0,0,0,0,0,0,0,0
C5120ST,2,28,District-Hamirpur,Urban,80-89,0,0,0,0,0,0,0,0,0,0,0,0,0,0,0,0,0,0,0,0,0,0,0,0,0,0,0
C5120ST,2,28,District-Hamirpur,Urban,90+,0,0,0,0,0,0,0,0,0,0,0,0,0,0,0,0,0,0,0,0,0,0,0,0,0,0,0
C5120ST,2,28,District-Hamirpur,Urban,Age Not Stated,0,0,0,0,0,0,0,0,0,0,0,0,0,0,0,0,0,0,0,0,0,0,0,0,0,0,0
C5120ST,2,29,District-Una,Total,Total,141,84,57,11,6,5,13,7,6,3,2,1,43,27,16,14,8,6,10,6,4,31,17,14,16,11,5
C5120ST,2,29,District-Una,Total,0-4,4,2,2,0,0,0,1,0,1,0,0,0,0,0,0,0,0,0,0,0,0,3,2,1,0,0,0
C5120ST,2,29,District-Una,Total,5-9,9,3,6,1,0,1,1,0,1,0,0,0,2,1,1,2,1,1,1,0,1,1,0,1,1,1,0
C5120ST,2,29,District-Una,Total,10-19,32,20,12,0,0,0,2,1,1,2,2,0,7,6,1,5,3,2,0,0,0,9,4,5,7,4,3
C5120ST,2,29,District-Una,Total,20-29,17,10,7,1,1,0,2,2,0,0,0,0,5,2,3,4,2,2,3,1,2,0,0,0,2,2,0
C5120ST,2,29,District-Una,Total,30-39,30,18,12,0,0,0,2,1,1,1,0,1,10,5,5,2,2,0,2,1,1,9,6,3,4,3,1
C5120ST,2,29,District-Una,Total,40-49,11,7,4,0,0,0,2,2,0,0,0,0,2,1,1,1,0,1,1,1,0,4,2,2,1,1,0
C5120ST,2,29,District-Una,Total,50-59,10,9,1,1,1,0,0,0,0,0,0,0,4,4,0,0,0,0,2,2,0,3,2,1,0,0,0
C5120ST,2,29,District-Una,Total,60-69,10,6,4,3,1,2,0,0,0,0,0,0,5,4,1,0,0,0,1,1,0,1,0,1,0,0,0
C5120ST,2,29,District-Una,Total,70-79,12,8,4,2,2,0,2,1,1,0,0,0,6,4,2,0,0,0,0,0,0,1,1,0,1,0,1
C5120ST,2,29,District-Una,Total,80-89,5,1,4,2,1,1,1,0,1,0,0,0,2,0,2,0,0,0,0,0,0,0,0,0,0,0,0
C5120ST,2,29,District-Una,Total,90+,1,0,1,1,0,1,0,0,0,0,0,0,0,0,0,0,0,0,0,0,0,0,0,0,0,0,0
C5120ST,2,29,District-Una,Total,Age Not Stated,0,0,0,0,0,0,0,0,0,0,0,0,0,0,0,0,0,0,0,0,0,0,0,0,0,0,0
C5120ST,2,29,District-Una,Rural,Total,140,84,56,11,6,5,13,7,6,3,2,1,43,27,16,14,8,6,10,6,4,30,17,13,16,11,5
C5120ST,2,29,District-Una,Rural,0-4,4,2,2,0,0,0,1,0,1,0,0,0,0,0,0,0,0,0,0,0,0,3,2,1,0,0,0
C5120ST,2,29,District-Una,Rural,5-9,9,3,6,1,0,1,1,0,1,0,0,0,2,1,1,2,1,1,1,0,1,1,0,1,1,1,0
C5120ST,2,29,District-Una,Rural,10-19,32,20,12,0,0,0,2,1,1,2,2,0,7,6,1,5,3,2,0,0,0,9,4,5,7,4,3
C5120ST,2,29,District-Una,Rural,20-29,17,10,7,1,1,0,2,2,0,0,0,0,5,2,3,4,2,2,3,1,2,0,0,0,2,2,0
C5120ST,2,29,District-Una,Rural,30-39,30,18,12,0,0,0,2,1,1,1,0,1,10,5,5,2,2,0,2,1,1,9,6,3,4,3,1
C5120ST,2,29,District-Una,Rural,40-49,11,7,4,0,0,0,2,2,0,0,0,0,2,1,1,1,0,1,1,1,0,4,2,2,1,1,0
C5120ST,2,29,District-Una,Rural,50-59,9,9,0,1,1,0,0,0,0,0,0,0,4,4,0,0,0,0,2,2,0,2,2,0,0,0,0
C5120ST,2,29,District-Una,Rural,60-69,10,6,4,3,1,2,0,0,0,0,0,0,5,4,1,0,0,0,1,1,0,1,0,1,0,0,0
C5120ST,2,29,District-Una,Rural,70-79,12,8,4,2,2,0,2,1,1,0,0,0,6,4,2,0,0,0,0,0,0,1,1,0,1,0,1
C5120ST,2,29,District-Una,Rural,80-89,5,1,4,2,1,1,1,0,1,0,0,0,2,0,2,0,0,0,0,0,0,0,0,0,0,0,0
C5120ST,2,29,District-Una,Rural,90+,1,0,1,1,0,1,0,0,0,0,0,0,0,0,0,0,0,0,0,0,0,0,0,0,0,0,0
C5120ST,2,29,District-Una,Rural,Age Not Stated,0,0,0,0,0,0,0,0,0,0,0,0,0,0,0,0,0,0,0,0,0,0,0,0,0,0,0
C5120ST,2,29,District-Una,Urban,Total,1,0,1,0,0,0,0,0,0,0,0,0,0,0,0,0,0,0,0,0,0,1,0,1,0,0,0
C5120ST,2,29,District-Una,Urban,0-4,0,0,0,0,0,0,0,0,0,0,0,0,0,0,0,0,0,0,0,0,0,0,0,0,0,0,0
C5120ST,2,29,District-Una,Urban,5-9,0,0,0,0,0,0,0,0,0,0,0,0,0,0,0,0,0,0,0,0,0,0,0,0,0,0,0
C5120ST,2,29,District-Una,Urban,10-19,0,0,0,0,0,0,0,0,0,0,0,0,0,0,0,0,0,0,0,0,0,0,0,0,0,0,0
C5120ST,2,29,District-Una,Urban,20-29,0,0,0,0,0,0,0,0,0,0,0,0,0,0,0,0,0,0,0,0,0,0,0,0,0,0,0
C5120ST,2,29,District-Una,Urban,30-39,0,0,0,0,0,0,0,0,0,0,0,0,0,0,0,0,0,0,0,0,0,0,0,0,0,0,0
C5120ST,2,29,District-Una,Urban,40-49,0,0,0,0,0,0,0,0,0,0,0,0,0,0,0,0,0,0,0,0,0,0,0,0,0,0,0
C5120ST,2,29,District-Una,Urban,50-59,1,0,1,0,0,0,0,0,0,0,0,0,0,0,0,0,0,0,0,0,0,1,0,1,0,0,0
C5120ST,2,29,District-Una,Urban,60-69,0,0,0,0,0,0,0,0,0,0,0,0,0,0,0,0,0,0,0,0,0,0,0,0,0,0,0
C5120ST,2,29,District-Una,Urban,70-79,0,0,0,0,0,0,0,0,0,0,0,0,0,0,0,0,0,0,0,0,0,0,0,0,0,0,0
C5120ST,2,29,District-Una,Urban,80-89,0,0,0,0,0,0,0,0,0,0,0,0,0,0,0,0,0,0,0,0,0,0,0,0,0,0,0
C5120ST,2,29,District-Una,Urban,90+,0,0,0,0,0,0,0,0,0,0,0,0,0,0,0,0,0,0,0,0,0,0,0,0,0,0,0
C5120ST,2,29,District-Una,Urban,Age Not Stated,0,0,0,0,0,0,0,0,0,0,0,0,0,0,0,0,0,0,0,0,0,0,0,0,0,0,0
C5120ST,2,30,District-Bilaspur,Total,Total,208,114,94,34,13,21,28,11,17,6,6,0,52,33,19,19,11,8,8,4,4,33,18,15,28,18,10
C5120ST,2,30,District-Bilaspur,Total,0-4,5,4,1,0,0,0,0,0,0,1,1,0,1,0,1,0,0,0,0,0,0,1,1,0,2,2,0
C5120ST,2,30,District-Bilaspur,Total,5-9,12,6,6,5,1,4,2,2,0,0,0,0,3,2,1,0,0,0,0,0,0,1,0,1,1,1,0
C5120ST,2,30,District-Bilaspur,Total,10-19,37,21,16,5,3,2,1,0,1,2,2,0,2,1,1,14,7,7,2,1,1,8,5,3,3,2,1
C5120ST,2,30,District-Bilaspur,Total,20-29,33,22,11,6,3,3,3,3,0,0,0,0,11,7,4,2,2,0,2,2,0,5,3,2,4,2,2
C5120ST,2,30,District-Bilaspur,Total,30-39,26,18,8,1,0,1,2,1,1,1,1,0,12,9,3,1,1,0,3,1,2,2,2,0,4,3,1
C5120ST,2,30,District-Bilaspur,Total,40-49,19,11,8,1,1,0,2,0,2,2,2,0,8,6,2,2,1,1,1,0,1,3,1,2,0,0,0
C5120ST,2,30,District-Bilaspur,Total,50-59,13,8,5,3,1,2,0,0,0,0,0,0,2,1,1,0,0,0,0,0,0,6,4,2,2,2,0
C5120ST,2,30,District-Bilaspur,Total,60-69,19,6,13,4,1,3,7,2,5,0,0,0,5,3,2,0,0,0,0,0,0,2,0,2,1,0,1
C5120ST,2,30,District-Bilaspur,Total,70-79,22,8,14,8,3,5,5,1,4,0,0,0,4,2,2,0,0,0,0,0,0,2,1,1,3,1,2
C5120ST,2,30,District-Bilaspur,Total,80-89,12,5,7,1,0,1,4,2,2,0,0,0,2,1,1,0,0,0,0,0,0,2,0,2,3,2,1
C5120ST,2,30,District-Bilaspur,Total,90+,10,5,5,0,0,0,2,0,2,0,0,0,2,1,1,0,0,0,0,0,0,1,1,0,5,3,2
C5120ST,2,30,District-Bilaspur,Total,Age Not Stated,0,0,0,0,0,0,0,0,0,0,0,0,0,0,0,0,0,0,0,0,0,0,0,0,0,0,0
C5120ST,2,30,District-Bilaspur,Rural,Total,204,113,91,34,13,21,27,11,16,6,6,0,51,33,18,17,10,7,8,4,4,33,18,15,28,18,10
C5120ST,2,30,District-Bilaspur,Rural,0-4,5,4,1,0,0,0,0,0,0,1,1,0,1,0,1,0,0,0,0,0,0,1,1,0,2,2,0
C5120ST,2,30,District-Bilaspur,Rural,5-9,12,6,6,5,1,4,2,2,0,0,0,0,3,2,1,0,0,0,0,0,0,1,0,1,1,1,0
C5120ST,2,30,District-Bilaspur,Rural,10-19,35,20,15,5,3,2,1,0,1,2,2,0,2,1,1,12,6,6,2,1,1,8,5,3,3,2,1
C5120ST,2,30,District-Bilaspur,Rural,20-29,33,22,11,6,3,3,3,3,0,0,0,0,11,7,4,2,2,0,2,2,0,5,3,2,4,2,2
C5120ST,2,30,District-Bilaspur,Rural,30-39,25,18,7,1,0,1,2,1,1,1,1,0,11,9,2,1,1,0,3,1,2,2,2,0,4,3,1
C5120ST,2,30,District-Bilaspur,Rural,40-49,19,11,8,1,1,0,2,0,2,2,2,0,8,6,2,2,1,1,1,0,1,3,1,2,0,0,0
C5120ST,2,30,District-Bilaspur,Rural,50-59,13,8,5,3,1,2,0,0,0,0,0,0,2,1,1,0,0,0,0,0,0,6,4,2,2,2,0
C5120ST,2,30,District-Bilaspur,Rural,60-69,18,6,12,4,1,3,6,2,4,0,0,0,5,3,2,0,0,0,0,0,0,2,0,2,1,0,1
C5120ST,2,30,District-Bilaspur,Rural,70-79,22,8,14,8,3,5,5,1,4,0,0,0,4,2,2,0,0,0,0,0,0,2,1,1,3,1,2
C5120ST,2,30,District-Bilaspur,Rural,80-89,12,5,7,1,0,1,4,2,2,0,0,0,2,1,1,0,0,0,0,0,0,2,0,2,3,2,1
C5120ST,2,30,District-Bilaspur,Rural,90+,10,5,5,0,0,0,2,0,2,0,0,0,2,1,1,0,0,0,0,0,0,1,1,0,5,3,2
C5120ST,2,30,District-Bilaspur,Rural,Age Not Stated,0,0,0,0,0,0,0,0,0,0,0,0,0,0,0,0,0,0,0,0,0,0,0,0,0,0,0
C5120ST,2,30,District-Bilaspur,Urban,Total,4,1,3,0,0,0,1,0,1,0,0,0,1,0,1,2,1,1,0,0,0,0,0,0,0,0,0
C5120ST,2,30,District-Bilaspur,Urban,0-4,0,0,0,0,0,0,0,0,0,0,0,0,0,0,0,0,0,0,0,0,0,0,0,0,0,0,0
C5120ST,2,30,District-Bilaspur,Urban,5-9,0,0,0,0,0,0,0,0,0,0,0,0,0,0,0,0,0,0,0,0,0,0,0,0,0,0,0
C5120ST,2,30,District-Bilaspur,Urban,10-19,2,1,1,0,0,0,0,0,0,0,0,0,0,0,0,2,1,1,0,0,0,0,0,0,0,0,0
C5120ST,2,30,District-Bilaspur,Urban,20-29,0,0,0,0,0,0,0,0,0,0,0,0,0,0,0,0,0,0,0,0,0,0,0,0,0,0,0
C5120ST,2,30,District-Bilaspur,Urban,30-39,1,0,1,0,0,0,0,0,0,0,0,0,1,0,1,0,0,0,0,0,0,0,0,0,0,0,0
C5120ST,2,30,District-Bilaspur,Urban,40-49,0,0,0,0,0,0,0,0,0,0,0,0,0,0,0,0,0,0,0,0,0,0,0,0,0,0,0
C5120ST,2,30,District-Bilaspur,Urban,50-59,0,0,0,0,0,0,0,0,0,0,0,0,0,0,0,0,0,0,0,0,0,0,0,0,0,0,0
C5120ST,2,30,District-Bilaspur,Urban,60-69,1,0,1,0,0,0,1,0,1,0,0,0,0,0,0,0,0,0,0,0,0,0,0,0,0,0,0
C5120ST,2,30,District-Bilaspur,Urban,70-79,0,0,0,0,0,0,0,0,0,0,0,0,0,0,0,0,0,0,0,0,0,0,0,0,0,0,0
C5120ST,2,30,District-Bilaspur,Urban,80-89,0,0,0,0,0,0,0,0,0,0,0,0,0,0,0,0,0,0,0,0,0,0,0,0,0,0,0
C5120ST,2,30,District-Bilaspur,Urban,90+,0,0,0,0,0,0,0,0,0,0,0,0,0,0,0,0,0,0,0,0,0,0,0,0,0,0,0
C5120ST,2,30,District-Bilaspur,Urban,Age Not Stated,0,0,0,0,0,0,0,0,0,0,0,0,0,0,0,0,0,0,0,0,0,0,0,0,0,0,0
C5120ST,2,31,District-Solan,Total,Total,642,350,292,148,74,74,112,71,41,16,9,7,117,66,51,19,11,8,17,12,5,177,89,88,36,18,18
C5120ST,2,31,District-Solan,Total,0-4,29,16,13,4,4,0,7,2,5,0,0,0,2,1,1,0,0,0,0,0,0,15,9,6,1,0,1
C5120ST,2,31,District-Solan,Total,5-9,32,17,15,5,4,1,7,5,2,0,0,0,3,0,3,1,0,1,0,0,0,13,6,7,3,2,1
C5120ST,2,31,District-Solan,Total,10-19,81,45,36,9,5,4,21,15,6,2,2,0,8,4,4,6,3,3,1,1,0,30,13,17,4,2,2
C5120ST,2,31,District-Solan,Total,20-29,94,53,41,5,4,1,23,17,6,8,3,5,18,10,8,6,3,3,4,3,1,27,11,16,3,2,1
C5120ST,2,31,District-Solan,Total,30-39,101,61,40,4,2,2,14,10,4,4,3,1,31,17,14,4,4,0,4,3,1,32,19,13,8,3,5
C5120ST,2,31,District-Solan,Total,40-49,61,33,28,11,4,7,11,6,5,0,0,0,14,9,5,1,0,1,2,2,0,22,12,10,0,0,0
C5120ST,2,31,District-Solan,Total,50-59,57,31,26,22,10,12,4,2,2,1,0,1,16,12,4,1,1,0,0,0,0,12,6,6,1,0,1
C5120ST,2,31,District-Solan,Total,60-69,80,45,35,36,20,16,8,4,4,0,0,0,15,9,6,0,0,0,4,2,2,12,7,5,5,3,2
C5120ST,2,31,District-Solan,Total,70-79,54,25,29,28,11,17,7,3,4,1,1,0,4,3,1,0,0,0,1,0,1,10,5,5,3,2,1
C5120ST,2,31,District-Solan,Total,80-89,35,16,19,18,7,11,5,3,2,0,0,0,4,1,3,0,0,0,1,1,0,3,1,2,4,3,1
C5120ST,2,31,District-Solan,Total,90+,17,7,10,6,3,3,5,4,1,0,0,0,2,0,2,0,0,0,0,0,0,1,0,1,3,0,3
C5120ST,2,31,District-Solan,Total,Age Not Stated,1,1,0,0,0,0,0,0,0,0,0,0,0,0,0,0,0,0,0,0,0,0,0,0,1,1,0
C5120ST,2,31,District-Solan,Rural,Total,599,326,273,141,69,72,96,61,35,14,9,5,113,64,49,19,11,8,17,12,5,164,82,82,35,18,17
C5120ST,2,31,District-Solan,Rural,0-4,27,15,12,3,3,0,7,2,5,0,0,0,2,1,1,0,0,0,0,0,0,15,9,6,0,0,0
C5120ST,2,31,District-Solan,Rural,5-9,31,16,15,4,3,1,7,5,2,0,0,0,3,0,3,1,0,1,0,0,0,13,6,7,3,2,1
C5120ST,2,31,District-Solan,Rural,10-19,72,40,32,8,5,3,15,11,4,2,2,0,8,4,4,6,3,3,1,1,0,28,12,16,4,2,2
C5120ST,2,31,District-Solan,Rural,20-29,82,47,35,4,3,1,18,13,5,6,3,3,17,10,7,6,3,3,4,3,1,24,10,14,3,2,1
C5120ST,2,31,District-Solan,Rural,30-39,94,57,37,4,2,2,11,9,2,4,3,1,31,17,14,4,4,0,4,3,1,28,16,12,8,3,5
C5120ST,2,31,District-Solan,Rural,40-49,57,32,25,10,4,6,11,6,5,0,0,0,14,9,5,1,0,1,2,2,0,19,11,8,0,0,0
C5120ST,2,31,District-Solan,Rural,50-59,54,28,26,21,9,12,4,2,2,1,0,1,14,10,4,1,1,0,0,0,0,12,6,6,1,0,1
C5120ST,2,31,District-Solan,Rural,60-69,76,43,33,36,20,16,6,3,3,0,0,0,14,9,5,0,0,0,4,2,2,11,6,5,5,3,2
C5120ST,2,31,District-Solan,Rural,70-79,53,24,29,27,10,17,7,3,4,1,1,0,4,3,1,0,0,0,1,0,1,10,5,5,3,2,1
C5120ST,2,31,District-Solan,Rural,80-89,35,16,19,18,7,11,5,3,2,0,0,0,4,1,3,0,0,0,1,1,0,3,1,2,4,3,1
C5120ST,2,31,District-Solan,Rural,90+,17,7,10,6,3,3,5,4,1,0,0,0,2,0,2,0,0,0,0,0,0,1,0,1,3,0,3
C5120ST,2,31,District-Solan,Rural,Age Not Stated,1,1,0,0,0,0,0,0,0,0,0,0,0,0,0,0,0,0,0,0,0,0,0,0,1,1,0
C5120ST,2,31,District-Solan,Urban,Total,43,24,19,7,5,2,16,10,6,2,0,2,4,2,2,0,0,0,0,0,0,13,7,6,1,0,1
C5120ST,2,31,District-Solan,Urban,0-4,2,1,1,1,1,0,0,0,0,0,0,0,0,0,0,0,0,0,0,0,0,0,0,0,1,0,1
C5120ST,2,31,District-Solan,Urban,5-9,1,1,0,1,1,0,0,0,0,0,0,0,0,0,0,0,0,0,0,0,0,0,0,0,0,0,0
C5120ST,2,31,District-Solan,Urban,10-19,9,5,4,1,0,1,6,4,2,0,0,0,0,0,0,0,0,0,0,0,0,2,1,1,0,0,0
C5120ST,2,31,District-Solan,Urban,20-29,12,6,6,1,1,0,5,4,1,2,0,2,1,0,1,0,0,0,0,0,0,3,1,2,0,0,0
C5120ST,2,31,District-Solan,Urban,30-39,7,4,3,0,0,0,3,1,2,0,0,0,0,0,0,0,0,0,0,0,0,4,3,1,0,0,0
C5120ST,2,31,District-Solan,Urban,40-49,4,1,3,1,0,1,0,0,0,0,0,0,0,0,0,0,0,0,0,0,0,3,1,2,0,0,0
C5120ST,2,31,District-Solan,Urban,50-59,3,3,0,1,1,0,0,0,0,0,0,0,2,2,0,0,0,0,0,0,0,0,0,0,0,0,0
C5120ST,2,31,District-Solan,Urban,60-69,4,2,2,0,0,0,2,1,1,0,0,0,1,0,1,0,0,0,0,0,0,1,1,0,0,0,0
C5120ST,2,31,District-Solan,Urban,70-79,1,1,0,1,1,0,0,0,0,0,0,0,0,0,0,0,0,0,0,0,0,0,0,0,0,0,0
C5120ST,2,31,District-Solan,Urban,80-89,0,0,0,0,0,0,0,0,0,0,0,0,0,0,0,0,0,0,0,0,0,0,0,0,0,0,0
C5120ST,2,31,District-Solan,Urban,90+,0,0,0,0,0,0,0,0,0,0,0,0,0,0,0,0,0,0,0,0,0,0,0,0,0,0,0
C5120ST,2,31,District-Solan,Urban,Age Not Stated,0,0,0,0,0,0,0,0,0,0,0,0,0,0,0,0,0,0,0,0,0,0,0,0,0,0,0
C5120ST,2,32,District-Sirmaur,Total,Total,151,82,69,20,7,13,27,14,13,4,3,1,29,23,6,6,3,3,4,1,3,23,12,11,38,19,19
C5120ST,2,32,District-Sirmaur,Total,0-4,10,3,7,0,0,0,2,1,1,1,1,0,0,0,0,0,0,0,0,0,0,1,0,1,6,1,5
C5120ST,2,32,District-Sirmaur,Total,5-9,10,6,4,1,0,1,1,1,0,0,0,0,1,0,1,0,0,0,0,0,0,5,4,1,2,1,1
C5120ST,2,32,District-Sirmaur,Total,10-19,23,13,10,2,0,2,2,1,1,2,2,0,4,3,1,3,1,2,0,0,0,4,2,2,6,4,2
C5120ST,2,32,District-Sirmaur,Total,20-29,21,15,6,1,1,0,5,4,1,1,0,1,6,5,1,1,1,0,0,0,0,4,1,3,3,3,0
C5120ST,2,32,District-Sirmaur,Total,30-39,15,9,6,3,1,2,1,0,1,0,0,0,3,3,0,0,0,0,2,1,1,2,1,1,4,3,1
C5120ST,2,32,District-Sirmaur,Total,40-49,16,11,5,4,1,3,3,2,1,0,0,0,4,4,0,1,1,0,1,0,1,3,3,0,0,0,0
C5120ST,2,32,District-Sirmaur,Total,50-59,8,7,1,1,1,0,1,1,0,0,0,0,4,4,0,0,0,0,0,0,0,2,1,1,0,0,0
C5120ST,2,32,District-Sirmaur,Total,60-69,12,2,10,2,0,2,2,0,2,0,0,0,4,2,2,0,0,0,0,0,0,1,0,1,3,0,3
C5120ST,2,32,District-Sirmaur,Total,70-79,18,7,11,3,1,2,8,4,4,0,0,0,0,0,0,1,0,1,0,0,0,1,0,1,5,2,3
C5120ST,2,32,District-Sirmaur,Total,80-89,12,6,6,3,2,1,2,0,2,0,0,0,2,2,0,0,0,0,1,0,1,0,0,0,4,2,2
C5120ST,2,32,District-Sirmaur,Total,90+,6,3,3,0,0,0,0,0,0,0,0,0,1,0,1,0,0,0,0,0,0,0,0,0,5,3,2
C5120ST,2,32,District-Sirmaur,Total,Age Not Stated,0,0,0,0,0,0,0,0,0,0,0,0,0,0,0,0,0,0,0,0,0,0,0,0,0,0,0
C5120ST,2,32,District-Sirmaur,Rural,Total,145,77,68,19,6,13,24,12,12,4,3,1,28,22,6,6,3,3,4,1,3,22,11,11,38,19,19
C5120ST,2,32,District-Sirmaur,Rural,0-4,10,3,7,0,0,0,2,1,1,1,1,0,0,0,0,0,0,0,0,0,0,1,0,1,6,1,5
C5120ST,2,32,District-Sirmaur,Rural,5-9,10,6,4,1,0,1,1,1,0,0,0,0,1,0,1,0,0,0,0,0,0,5,4,1,2,1,1
C5120ST,2,32,District-Sirmaur,Rural,10-19,22,12,10,2,0,2,2,1,1,2,2,0,4,3,1,3,1,2,0,0,0,3,1,2,6,4,2
C5120ST,2,32,District-Sirmaur,Rural,20-29,19,13,6,1,1,0,3,2,1,1,0,1,6,5,1,1,1,0,0,0,0,4,1,3,3,3,0
C5120ST,2,32,District-Sirmaur,Rural,30-39,15,9,6,3,1,2,1,0,1,0,0,0,3,3,0,0,0,0,2,1,1,2,1,1,4,3,1
C5120ST,2,32,District-Sirmaur,Rural,40-49,14,9,5,3,0,3,3,2,1,0,0,0,3,3,0,1,1,0,1,0,1,3,3,0,0,0,0
C5120ST,2,32,District-Sirmaur,Rural,50-59,8,7,1,1,1,0,1,1,0,0,0,0,4,4,0,0,0,0,0,0,0,2,1,1,0,0,0
C5120ST,2,32,District-Sirmaur,Rural,60-69,11,2,9,2,0,2,1,0,1,0,0,0,4,2,2,0,0,0,0,0,0,1,0,1,3,0,3
C5120ST,2,32,District-Sirmaur,Rural,70-79,18,7,11,3,1,2,8,4,4,0,0,0,0,0,0,1,0,1,0,0,0,1,0,1,5,2,3
C5120ST,2,32,District-Sirmaur,Rural,80-89,12,6,6,3,2,1,2,0,2,0,0,0,2,2,0,0,0,0,1,0,1,0,0,0,4,2,2
C5120ST,2,32,District-Sirmaur,Rural,90+,6,3,3,0,0,0,0,0,0,0,0,0,1,0,1,0,0,0,0,0,0,0,0,0,5,3,2
C5120ST,2,32,District-Sirmaur,Rural,Age Not Stated,0,0,0,0,0,0,0,0,0,0,0,0,0,0,0,0,0,0,0,0,0,0,0,0,0,0,0
C5120ST,2,32,District-Sirmaur,Urban,Total,6,5,1,1,1,0,3,2,1,0,0,0,1,1,0,0,0,0,0,0,0,1,1,0,0,0,0
C5120ST,2,32,District-Sirmaur,Urban,0-4,0,0,0,0,0,0,0,0,0,0,0,0,0,0,0,0,0,0,0,0,0,0,0,0,0,0,0
C5120ST,2,32,District-Sirmaur,Urban,5-9,0,0,0,0,0,0,0,0,0,0,0,0,0,0,0,0,0,0,0,0,0,0,0,0,0,0,0
C5120ST,2,32,District-Sirmaur,Urban,10-19,1,1,0,0,0,0,0,0,0,0,0,0,0,0,0,0,0,0,0,0,0,1,1,0,0,0,0
C5120ST,2,32,District-Sirmaur,Urban,20-29,2,2,0,0,0,0,2,2,0,0,0,0,0,0,0,0,0,0,0,0,0,0,0,0,0,0,0
C5120ST,2,32,District-Sirmaur,Urban,30-39,0,0,0,0,0,0,0,0,0,0,0,0,0,0,0,0,0,0,0,0,0,0,0,0,0,0,0
C5120ST,2,32,District-Sirmaur,Urban,40-49,2,2,0,1,1,0,0,0,0,0,0,0,1,1,0,0,0,0,0,0,0,0,0,0,0,0,0
C5120ST,2,32,District-Sirmaur,Urban,50-59,0,0,0,0,0,0,0,0,0,0,0,0,0,0,0,0,0,0,0,0,0,0,0,0,0,0,0
C5120ST,2,32,District-Sirmaur,Urban,60-69,1,0,1,0,0,0,1,0,1,0,0,0,0,0,0,0,0,0,0,0,0,0,0,0,0,0,0
C5120ST,2,32,District-Sirmaur,Urban,70-79,0,0,0,0,0,0,0,0,0,0,0,0,0,0,0,0,0,0,0,0,0,0,0,0,0,0,0
C5120ST,2,32,District-Sirmaur,Urban,80-89,0,0,0,0,0,0,0,0,0,0,0,0,0,0,0,0,0,0,0,0,0,0,0,0,0,0,0
C5120ST,2,32,District-Sirmaur,Urban,90+,0,0,0,0,0,0,0,0,0,0,0,0,0,0,0,0,0,0,0,0,0,0,0,0,0,0,0
C5120ST,2,32,District-Sirmaur,Urban,Age Not Stated,0,0,0,0,0,0,0,0,0,0,0,0,0,0,0,0,0,0,0,0,0,0,0,0,0,0,0
C5120ST,2,33,District-Shimla,Total,Total,166,95,71,37,22,15,28,14,14,13,11,2,21,11,10,11,5,6,3,2,1,39,22,17,14,8,6
C5120ST,2,33,District-Shimla,Total,0-4,8,6,2,4,2,2,1,1,0,0,0,0,0,0,0,0,0,0,0,0,0,3,3,0,0,0,0
C5120ST,2,33,District-Shimla,Total,5-9,19,9,10,2,1,1,3,1,2,3,2,1,1,1,0,5,2,3,1,0,1,4,2,2,0,0,0
C5120ST,2,33,District-Shimla,Total,10-19,34,21,13,11,5,6,4,2,2,2,2,0,2,1,1,2,1,1,0,0,0,10,8,2,3,2,1
C5120ST,2,33,District-Shimla,Total,20-29,16,13,3,3,3,0,7,5,2,2,2,0,1,1,0,1,0,1,0,0,0,1,1,0,1,1,0
C5120ST,2,33,District-Shimla,Total,30-39,20,10,10,2,2,0,4,2,2,1,0,1,3,1,2,1,1,0,1,1,0,8,3,5,0,0,0
C5120ST,2,33,District-Shimla,Total,40-49,22,14,8,6,4,2,2,1,1,3,3,0,4,3,1,1,0,1,1,1,0,5,2,3,0,0,0
C5120ST,2,33,District-Shimla,Total,50-59,11,5,6,2,1,1,0,0,0,2,2,0,2,0,2,0,0,0,0,0,0,5,2,3,0,0,0
C5120ST,2,33,District-Shimla,Total,60-69,13,5,8,2,1,1,3,0,3,0,0,0,2,1,1,0,0,0,0,0,0,2,1,1,4,2,2
C5120ST,2,33,District-Shimla,Total,70-79,15,7,8,3,2,1,2,0,2,0,0,0,6,3,3,0,0,0,0,0,0,1,0,1,3,2,1
C5120ST,2,33,District-Shimla,Total,80-89,6,5,1,1,1,0,2,2,0,0,0,0,0,0,0,1,1,0,0,0,0,0,0,0,2,1,1
C5120ST,2,33,District-Shimla,Total,90+,2,0,2,1,0,1,0,0,0,0,0,0,0,0,0,0,0,0,0,0,0,0,0,0,1,0,1
C5120ST,2,33,District-Shimla,Total,Age Not Stated,0,0,0,0,0,0,0,0,0,0,0,0,0,0,0,0,0,0,0,0,0,0,0,0,0,0,0
C5120ST,2,33,District-Shimla,Rural,Total,102,50,52,21,12,9,19,9,10,5,4,1,19,10,9,5,1,4,3,2,1,19,7,12,11,5,6
C5120ST,2,33,District-Shimla,Rural,0-4,5,4,1,2,1,1,1,1,0,0,0,0,0,0,0,0,0,0,0,0,0,2,2,0,0,0,0
C5120ST,2,33,District-Shimla,Rural,5-9,14,5,9,1,0,1,3,1,2,2,2,0,1,1,0,4,1,3,1,0,1,2,0,2,0,0,0
C5120ST,2,33,District-Shimla,Rural,10-19,13,5,8,3,0,3,3,2,1,0,0,0,2,1,1,0,0,0,0,0,0,4,2,2,1,0,1
C5120ST,2,33,District-Shimla,Rural,20-29,7,6,1,2,2,0,3,2,1,1,1,0,1,1,0,0,0,0,0,0,0,0,0,0,0,0,0
C5120ST,2,33,District-Shimla,Rural,30-39,13,6,7,2,2,0,4,2,2,1,0,1,3,1,2,0,0,0,1,1,0,2,0,2,0,0,0
C5120ST,2,33,District-Shimla,Rural,40-49,11,8,3,2,2,0,0,0,0,1,1,0,3,2,1,1,0,1,1,1,0,3,2,1,0,0,0
C5120ST,2,33,District-Shimla,Rural,50-59,8,2,6,2,1,1,0,0,0,0,0,0,2,0,2,0,0,0,0,0,0,4,1,3,0,0,0
C5120ST,2,33,District-Shimla,Rural,60-69,11,4,7,2,1,1,3,0,3,0,0,0,1,1,0,0,0,0,0,0,0,1,0,1,4,2,2
C5120ST,2,33,District-Shimla,Rural,70-79,14,7,7,3,2,1,1,0,1,0,0,0,6,3,3,0,0,0,0,0,0,1,0,1,3,2,1
C5120ST,2,33,District-Shimla,Rural,80-89,4,3,1,1,1,0,1,1,0,0,0,0,0,0,0,0,0,0,0,0,0,0,0,0,2,1,1
C5120ST,2,33,District-Shimla,Rural,90+,2,0,2,1,0,1,0,0,0,0,0,0,0,0,0,0,0,0,0,0,0,0,0,0,1,0,1
C5120ST,2,33,District-Shimla,Rural,Age Not Stated,0,0,0,0,0,0,0,0,0,0,0,0,0,0,0,0,0,0,0,0,0,0,0,0,0,0,0
C5120ST,2,33,District-Shimla,Urban,Total,64,45,19,16,10,6,9,5,4,8,7,1,2,1,1,6,4,2,0,0,0,20,15,5,3,3,0
C5120ST,2,33,District-Shimla,Urban,0-4,3,2,1,2,1,1,0,0,0,0,0,0,0,0,0,0,0,0,0,0,0,1,1,0,0,0,0
C5120ST,2,33,District-Shimla,Urban,5-9,5,4,1,1,1,0,0,0,0,1,0,1,0,0,0,1,1,0,0,0,0,2,2,0,0,0,0
C5120ST,2,33,District-Shimla,Urban,10-19,21,16,5,8,5,3,1,0,1,2,2,0,0,0,0,2,1,1,0,0,0,6,6,0,2,2,0
C5120ST,2,33,District-Shimla,Urban,20-29,9,7,2,1,1,0,4,3,1,1,1,0,0,0,0,1,0,1,0,0,0,1,1,0,1,1,0
C5120ST,2,33,District-Shimla,Urban,30-39,7,4,3,0,0,0,0,0,0,0,0,0,0,0,0,1,1,0,0,0,0,6,3,3,0,0,0
C5120ST,2,33,District-Shimla,Urban,40-49,11,6,5,4,2,2,2,1,1,2,2,0,1,1,0,0,0,0,0,0,0,2,0,2,0,0,0
C5120ST,2,33,District-Shimla,Urban,50-59,3,3,0,0,0,0,0,0,0,2,2,0,0,0,0,0,0,0,0,0,0,1,1,0,0,0,0
C5120ST,2,33,District-Shimla,Urban,60-69,2,1,1,0,0,0,0,0,0,0,0,0,1,0,1,0,0,0,0,0,0,1,1,0,0,0,0
C5120ST,2,33,District-Shimla,Urban,70-79,1,0,1,0,0,0,1,0,1,0,0,0,0,0,0,0,0,0,0,0,0,0,0,0,0,0,0
C5120ST,2,33,District-Shimla,Urban,80-89,2,2,0,0,0,0,1,1,0,0,0,0,0,0,0,1,1,0,0,0,0,0,0,0,0,0,0
C5120ST,2,33,District-Shimla,Urban,90+,0,0,0,0,0,0,0,0,0,0,0,0,0,0,0,0,0,0,0,0,0,0,0,0,0,0,0
C5120ST,2,33,District-Shimla,Urban,Age Not Stated,0,0,0,0,0,0,0,0,0,0,0,0,0,0,0,0,0,0,0,0,0,0,0,0,0,0,0
C5120ST,2,34,District-Kinnaur,Total,Total,1334,630,704,266,124,142,271,126,145,94,49,45,229,109,120,32,14,18,28,14,14,204,103,101,210,91,119
C5120ST,2,34,District-Kinnaur,Total,0-4,20,10,10,1,1,0,8,5,3,0,0,0,3,2,1,0,0,0,0,0,0,7,2,5,1,0,1
C5120ST,2,34,District-Kinnaur,Total,5-9,40,24,16,4,2,2,4,2,2,7,5,2,5,3,2,0,0,0,2,2,0,13,7,6,5,3,2
C5120ST,2,34,District-Kinnaur,Total,10-19,95,50,45,20,8,12,14,10,4,13,8,5,7,5,2,7,4,3,1,1,0,20,8,12,13,6,7
C5120ST,2,34,District-Kinnaur,Total,20-29,122,65,57,16,10,6,16,9,7,9,4,5,23,11,12,7,3,4,5,4,1,37,22,15,9,2,7
C5120ST,2,34,District-Kinnaur,Total,30-39,145,73,72,22,11,11,25,16,9,5,4,1,37,16,21,6,3,3,4,0,4,36,17,19,10,6,4
C5120ST,2,34,District-Kinnaur,Total,40-49,171,86,85,26,13,13,38,18,20,20,11,9,29,18,11,7,3,4,6,3,3,25,11,14,20,9,11
C5120ST,2,34,District-Kinnaur,Total,50-59,180,83,97,34,16,18,37,13,24,17,9,8,36,18,18,1,1,0,4,1,3,23,12,11,28,13,15
C5120ST,2,34,District-Kinnaur,Total,60-69,185,75,110,32,18,14,43,14,29,11,3,8,35,12,23,3,0,3,3,2,1,28,17,11,30,9,21
C5120ST,2,34,District-Kinnaur,Total,70-79,190,85,105,50,16,34,49,24,25,7,4,3,37,16,21,1,0,1,3,1,2,7,2,5,36,22,14
C5120ST,2,34,District-Kinnaur,Total,80-89,145,63,82,47,23,24,29,12,17,5,1,4,15,6,9,0,0,0,0,0,0,7,4,3,42,17,25
C5120ST,2,34,District-Kinnaur,Total,90+,41,16,25,14,6,8,8,3,5,0,0,0,2,2,0,0,0,0,0,0,0,1,1,0,16,4,12
C5120ST,2,34,District-Kinnaur,Total,Age Not Stated,0,0,0,0,0,0,0,0,0,0,0,0,0,0,0,0,0,0,0,0,0,0,0,0,0,0,0
C5120ST,2,34,District-Kinnaur,Rural,Total,1334,630,704,266,124,142,271,126,145,94,49,45,229,109,120,32,14,18,28,14,14,204,103,101,210,91,119
C5120ST,2,34,District-Kinnaur,Rural,0-4,20,10,10,1,1,0,8,5,3,0,0,0,3,2,1,0,0,0,0,0,0,7,2,5,1,0,1
C5120ST,2,34,District-Kinnaur,Rural,5-9,40,24,16,4,2,2,4,2,2,7,5,2,5,3,2,0,0,0,2,2,0,13,7,6,5,3,2
C5120ST,2,34,District-Kinnaur,Rural,10-19,95,50,45,20,8,12,14,10,4,13,8,5,7,5,2,7,4,3,1,1,0,20,8,12,13,6,7
C5120ST,2,34,District-Kinnaur,Rural,20-29,122,65,57,16,10,6,16,9,7,9,4,5,23,11,12,7,3,4,5,4,1,37,22,15,9,2,7
C5120ST,2,34,District-Kinnaur,Rural,30-39,145,73,72,22,11,11,25,16,9,5,4,1,37,16,21,6,3,3,4,0,4,36,17,19,10,6,4
C5120ST,2,34,District-Kinnaur,Rural,40-49,171,86,85,26,13,13,38,18,20,20,11,9,29,18,11,7,3,4,6,3,3,25,11,14,20,9,11
C5120ST,2,34,District-Kinnaur,Rural,50-59,180,83,97,34,16,18,37,13,24,17,9,8,36,18,18,1,1,0,4,1,3,23,12,11,28,13,15
C5120ST,2,34,District-Kinnaur,Rural,60-69,185,75,110,32,18,14,43,14,29,11,3,8,35,12,23,3,0,3,3,2,1,28,17,11,30,9,21
C5120ST,2,34,District-Kinnaur,Rural,70-79,190,85,105,50,16,34,49,24,25,7,4,3,37,16,21,1,0,1,3,1,2,7,2,5,36,22,14
C5120ST,2,34,District-Kinnaur,Rural,80-89,145,63,82,47,23,24,29,12,17,5,1,4,15,6,9,0,0,0,0,0,0,7,4,3,42,17,25
C5120ST,2,34,District-Kinnaur,Rural,90+,41,16,25,14,6,8,8,3,5,0,0,0,2,2,0,0,0,0,0,0,0,1,1,0,16,4,12
C5120ST,2,34,District-Kinnaur,Rural,Age Not Stated,0,0,0,0,0,0,0,0,0,0,0,0,0,0,0,0,0,0,0,0,0,0,0,0,0,0,0
C5120ST,2,34,District-Kinnaur,Urban,Total,0,0,0,0,0,0,0,0,0,0,0,0,0,0,0,0,0,0,0,0,0,0,0,0,0,0,0
C5120ST,2,34,District-Kinnaur,Urban,0-4,0,0,0,0,0,0,0,0,0,0,0,0,0,0,0,0,0,0,0,0,0,0,0,0,0,0,0
C5120ST,2,34,District-Kinnaur,Urban,5-9,0,0,0,0,0,0,0,0,0,0,0,0,0,0,0,0,0,0,0,0,0,0,0,0,0,0,0
C5120ST,2,34,District-Kinnaur,Urban,10-19,0,0,0,0,0,0,0,0,0,0,0,0,0,0,0,0,0,0,0,0,0,0,0,0,0,0,0
C5120ST,2,34,District-Kinnaur,Urban,20-29,0,0,0,0,0,0,0,0,0,0,0,0,0,0,0,0,0,0,0,0,0,0,0,0,0,0,0
C5120ST,2,34,District-Kinnaur,Urban,30-39,0,0,0,0,0,0,0,0,0,0,0,0,0,0,0,0,0,0,0,0,0,0,0,0,0,0,0
C5120ST,2,34,District-Kinnaur,Urban,40-49,0,0,0,0,0,0,0,0,0,0,0,0,0,0,0,0,0,0,0,0,0,0,0,0,0,0,0
C5120ST,2,34,District-Kinnaur,Urban,50-59,0,0,0,0,0,0,0,0,0,0,0,0,0,0,0,0,0,0,0,0,0,0,0,0,0,0,0
C5120ST,2,34,District-Kinnaur,Urban,60-69,0,0,0,0,0,0,0,0,0,0,0,0,0,0,0,0,0,0,0,0,0,0,0,0,0,0,0
C5120ST,2,34,District-Kinnaur,Urban,70-79,0,0,0,0,0,0,0,0,0,0,0,0,0,0,0,0,0,0,0,0,0,0,0,0,0,0,0
C5120ST,2,34,District-Kinnaur,Urban,80-89,0,0,0,0,0,0,0,0,0,0,0,0,0,0,0,0,0,0,0,0,0,0,0,0,0,0,0
C5120ST,2,34,District-Kinnaur,Urban,90+,0,0,0,0,0,0,0,0,0,0,0,0,0,0,0,0,0,0,0,0,0,0,0,0,0,0,0
C5120ST,2,34,District-Kinnaur,Urban,Age Not Stated,0,0,0,0,0,0,0,0,0,0,0,0,0,0,0,0,0,0,0,0,0,0,0,0,0,0,0
C5120ST,5,0,State-UTTARAKHAND,Total,Total,6429,3522,2907,989,521,468,1377,676,701,278,158,120,1083,650,433,273,154,119,124,74,50,1745,969,776,560,320,240
C5120ST,5,0,State-UTTARAKHAND,Total,0-4,252,131,121,35,17,18,65,27,38,2,1,1,17,9,8,8,4,4,2,2,0,110,63,47,13,8,5
C5120ST,5,0,State-UTTARAKHAND,Total,5-9,404,222,182,46,27,19,89,36,53,28,19,9,40,24,16,22,12,10,1,0,1,136,72,64,42,32,10
C5120ST,5,0,State-UTTARAKHAND,Total,10-19,1162,635,527,110,60,50,258,125,133,67,42,25,168,92,76,86,45,41,21,15,6,340,199,141,112,57,55
C5120ST,5,0,State-UTTARAKHAND,Total,20-29,1047,576,471,108,60,48,206,108,98,39,20,19,223,122,101,56,30,26,30,17,13,306,174,132,79,45,34
C5120ST,5,0,State-UTTARAKHAND,Total,30-39,756,456,300,77,49,28,131,69,62,37,21,16,156,112,44,43,24,19,22,13,9,256,145,111,34,23,11
C5120ST,5,0,State-UTTARAKHAND,Total,40-49,670,392,278,93,50,43,119,62,57,42,19,23,117,86,31,28,19,9,22,13,9,195,109,86,54,34,20
C5120ST,5,0,State-UTTARAKHAND,Total,50-59,543,289,254,82,43,39,123,57,66,26,17,9,113,69,44,13,8,5,12,7,5,144,72,72,30,16,14
C5120ST,5,0,State-UTTARAKHAND,Total,60-69,736,378,358,181,90,91,175,81,94,25,13,12,120,68,52,13,8,5,9,7,2,157,80,77,56,31,25
C5120ST,5,0,State-UTTARAKHAND,Total,70-79,492,254,238,163,79,84,116,63,53,8,4,4,80,47,33,3,3,0,5,0,5,58,24,34,59,34,25
C5120ST,5,0,State-UTTARAKHAND,Total,80-89,258,127,131,70,33,37,64,30,34,2,0,2,37,15,22,1,1,0,0,0,0,30,21,9,54,27,27
C5120ST,5,0,State-UTTARAKHAND,Total,90+,95,51,44,23,12,11,27,17,10,0,0,0,11,5,6,0,0,0,0,0,0,8,5,3,26,12,14
C5120ST,5,0,State-UTTARAKHAND,Total,Age Not Stated,14,11,3,1,1,0,4,1,3,2,2,0,1,1,0,0,0,0,0,0,0,5,5,0,1,1,0
C5120ST,5,0,State-UTTARAKHAND,Rural,Total,5958,3251,2707,902,476,426,1273,615,658,256,144,112,992,588,404,252,145,107,111,65,46,1660,919,741,512,299,213
C5120ST,5,0,State-UTTARAKHAND,Rural,0-4,239,121,118,32,15,17,63,25,38,1,0,1,15,8,7,8,4,4,1,1,0,106,60,46,13,8,5
C5120ST,5,0,State-UTTARAKHAND,Rural,5-9,368,202,166,39,22,17,79,32,47,26,19,7,38,22,16,21,11,10,1,0,1,128,68,60,36,28,8
C5120ST,5,0,State-UTTARAKHAND,Rural,10-19,1083,592,491,99,53,46,242,115,127,60,37,23,155,83,72,78,43,35,20,14,6,329,193,136,100,54,46
C5120ST,5,0,State-UTTARAKHAND,Rural,20-29,964,533,431,95,56,39,186,95,91,37,18,19,207,112,95,53,29,24,28,16,12,285,163,122,73,44,29
C5120ST,5,0,State-UTTARAKHAND,Rural,30-39,695,416,279,70,45,25,114,57,57,37,21,16,141,102,39,38,21,17,20,12,8,245,138,107,30,20,10
C5120ST,5,0,State-UTTARAKHAND,Rural,40-49,604,350,254,84,44,40,107,54,53,39,17,22,103,75,28,24,17,7,20,12,8,179,99,80,48,32,16
C5120ST,5,0,State-UTTARAKHAND,Rural,50-59,511,269,242,77,40,37,118,54,64,24,16,8,103,62,41,13,8,5,10,5,5,139,70,69,27,14,13
C5120ST,5,0,State-UTTARAKHAND,Rural,60-69,694,354,340,166,83,83,167,79,88,23,12,11,113,62,51,13,8,5,7,5,2,152,76,76,53,29,24
C5120ST,5,0,State-UTTARAKHAND,Rural,70-79,463,240,223,150,74,76,110,60,50,7,3,4,74,43,31,3,3,0,4,0,4,57,24,33,58,33,25
C5120ST,5,0,State-UTTARAKHAND,Rural,80-89,240,119,121,68,32,36,59,29,30,1,0,1,33,13,20,1,1,0,0,0,0,28,19,9,50,25,25
C5120ST,5,0,State-UTTARAKHAND,Rural,90+,86,47,39,21,11,10,25,15,10,0,0,0,9,5,4,0,0,0,0,0,0,8,5,3,23,11,12
C5120ST,5,0,State-UTTARAKHAND,Rural,Age Not Stated,11,8,3,1,1,0,3,0,3,1,1,0,1,1,0,0,0,0,0,0,0,4,4,0,1,1,0
C5120ST,5,0,State-UTTARAKHAND,Urban,Total,471,271,200,87,45,42,104,61,43,22,14,8,91,62,29,21,9,12,13,9,4,85,50,35,48,21,27
C5120ST,5,0,State-UTTARAKHAND,Urban,0-4,13,10,3,3,2,1,2,2,0,1,1,0,2,1,1,0,0,0,1,1,0,4,3,1,0,0,0
C5120ST,5,0,State-UTTARAKHAND,Urban,5-9,36,20,16,7,5,2,10,4,6,2,0,2,2,2,0,1,1,0,0,0,0,8,4,4,6,4,2
C5120ST,5,0,State-UTTARAKHAND,Urban,10-19,79,43,36,11,7,4,16,10,6,7,5,2,13,9,4,8,2,6,1,1,0,11,6,5,12,3,9
C5120ST,5,0,State-UTTARAKHAND,Urban,20-29,83,43,40,13,4,9,20,13,7,2,2,0,16,10,6,3,1,2,2,1,1,21,11,10,6,1,5
C5120ST,5,0,State-UTTARAKHAND,Urban,30-39,61,40,21,7,4,3,17,12,5,0,0,0,15,10,5,5,3,2,2,1,1,11,7,4,4,3,1
C5120ST,5,0,State-UTTARAKHAND,Urban,40-49,66,42,24,9,6,3,12,8,4,3,2,1,14,11,3,4,2,2,2,1,1,16,10,6,6,2,4
C5120ST,5,0,State-UTTARAKHAND,Urban,50-59,32,20,12,5,3,2,5,3,2,2,1,1,10,7,3,0,0,0,2,2,0,5,2,3,3,2,1
C5120ST,5,0,State-UTTARAKHAND,Urban,60-69,42,24,18,15,7,8,8,2,6,2,1,1,7,6,1,0,0,0,2,2,0,5,4,1,3,2,1
C5120ST,5,0,State-UTTARAKHAND,Urban,70-79,29,14,15,13,5,8,6,3,3,1,1,0,6,4,2,0,0,0,1,0,1,1,0,1,1,1,0
C5120ST,5,0,State-UTTARAKHAND,Urban,80-89,18,8,10,2,1,1,5,1,4,1,0,1,4,2,2,0,0,0,0,0,0,2,2,0,4,2,2
C5120ST,5,0,State-UTTARAKHAND,Urban,90+,9,4,5,2,1,1,2,2,0,0,0,0,2,0,2,0,0,0,0,0,0,0,0,0,3,1,2
C5120ST,5,0,State-UTTARAKHAND,Urban,Age Not Stated,3,3,0,0,0,0,1,1,0,1,1,0,0,0,0,0,0,0,0,0,0,1,1,0,0,0,0
C5120ST,5,56,District-Uttarkashi,Total,Total,80,43,37,8,5,3,17,8,9,3,2,1,20,9,11,4,4,0,2,2,0,18,9,9,8,4,4
C5120ST,5,56,District-Uttarkashi,Total,0-4,2,2,0,0,0,0,0,0,0,0,0,0,1,1,0,0,0,0,0,0,0,1,1,0,0,0,0
C5120ST,5,56,District-Uttarkashi,Total,5-9,2,0,2,0,0,0,1,0,1,0,0,0,0,0,0,0,0,0,0,0,0,1,0,1,0,0,0
C5120ST,5,56,District-Uttarkashi,Total,10-19,8,4,4,0,0,0,2,1,1,0,0,0,2,1,1,0,0,0,0,0,0,3,2,1,1,0,1
C5120ST,5,56,District-Uttarkashi,Total,20-29,13,7,6,0,0,0,5,4,1,0,0,0,3,1,2,0,0,0,0,0,0,5,2,3,0,0,0
C5120ST,5,56,District-Uttarkashi,Total,30-39,7,3,4,0,0,0,1,0,1,0,0,0,3,2,1,0,0,0,0,0,0,1,0,1,2,1,1
C5120ST,5,56,District-Uttarkashi,Total,40-49,14,8,6,1,0,1,3,0,3,2,1,1,2,1,1,3,3,0,0,0,0,2,2,0,1,1,0
C5120ST,5,56,District-Uttarkashi,Total,50-59,8,4,4,1,1,0,0,0,0,1,1,0,3,0,3,0,0,0,1,1,0,2,1,1,0,0,0
C5120ST,5,56,District-Uttarkashi,Total,60-69,9,5,4,2,2,0,3,1,2,0,0,0,1,0,1,1,1,0,1,1,0,1,0,1,0,0,0
C5120ST,5,56,District-Uttarkashi,Total,70-79,12,6,6,4,2,2,0,0,0,0,0,0,5,3,2,0,0,0,0,0,0,2,1,1,1,0,1
C5120ST,5,56,District-Uttarkashi,Total,80-89,4,4,0,0,0,0,2,2,0,0,0,0,0,0,0,0,0,0,0,0,0,0,0,0,2,2,0
C5120ST,5,56,District-Uttarkashi,Total,90+,1,0,1,0,0,0,0,0,0,0,0,0,0,0,0,0,0,0,0,0,0,0,0,0,1,0,1
C5120ST,5,56,District-Uttarkashi,Total,Age Not Stated,0,0,0,0,0,0,0,0,0,0,0,0,0,0,0,0,0,0,0,0,0,0,0,0,0,0,0
C5120ST,5,56,District-Uttarkashi,Rural,Total,79,42,37,8,5,3,17,8,9,3,2,1,19,8,11,4,4,0,2,2,0,18,9,9,8,4,4
C5120ST,5,56,District-Uttarkashi,Rural,0-4,2,2,0,0,0,0,0,0,0,0,0,0,1,1,0,0,0,0,0,0,0,1,1,0,0,0,0
C5120ST,5,56,District-Uttarkashi,Rural,5-9,2,0,2,0,0,0,1,0,1,0,0,0,0,0,0,0,0,0,0,0,0,1,0,1,0,0,0
C5120ST,5,56,District-Uttarkashi,Rural,10-19,8,4,4,0,0,0,2,1,1,0,0,0,2,1,1,0,0,0,0,0,0,3,2,1,1,0,1
C5120ST,5,56,District-Uttarkashi,Rural,20-29,13,7,6,0,0,0,5,4,1,0,0,0,3,1,2,0,0,0,0,0,0,5,2,3,0,0,0
C5120ST,5,56,District-Uttarkashi,Rural,30-39,6,2,4,0,0,0,1,0,1,0,0,0,2,1,1,0,0,0,0,0,0,1,0,1,2,1,1
C5120ST,5,56,District-Uttarkashi,Rural,40-49,14,8,6,1,0,1,3,0,3,2,1,1,2,1,1,3,3,0,0,0,0,2,2,0,1,1,0
C5120ST,5,56,District-Uttarkashi,Rural,50-59,8,4,4,1,1,0,0,0,0,1,1,0,3,0,3,0,0,0,1,1,0,2,1,1,0,0,0
C5120ST,5,56,District-Uttarkashi,Rural,60-69,9,5,4,2,2,0,3,1,2,0,0,0,1,0,1,1,1,0,1,1,0,1,0,1,0,0,0
C5120ST,5,56,District-Uttarkashi,Rural,70-79,12,6,6,4,2,2,0,0,0,0,0,0,5,3,2,0,0,0,0,0,0,2,1,1,1,0,1
C5120ST,5,56,District-Uttarkashi,Rural,80-89,4,4,0,0,0,0,2,2,0,0,0,0,0,0,0,0,0,0,0,0,0,0,0,0,2,2,0
C5120ST,5,56,District-Uttarkashi,Rural,90+,1,0,1,0,0,0,0,0,0,0,0,0,0,0,0,0,0,0,0,0,0,0,0,0,1,0,1
C5120ST,5,56,District-Uttarkashi,Rural,Age Not Stated,0,0,0,0,0,0,0,0,0,0,0,0,0,0,0,0,0,0,0,0,0,0,0,0,0,0,0
C5120ST,5,56,District-Uttarkashi,Urban,Total,1,1,0,0,0,0,0,0,0,0,0,0,1,1,0,0,0,0,0,0,0,0,0,0,0,0,0
C5120ST,5,56,District-Uttarkashi,Urban,0-4,0,0,0,0,0,0,0,0,0,0,0,0,0,0,0,0,0,0,0,0,0,0,0,0,0,0,0
C5120ST,5,56,District-Uttarkashi,Urban,5-9,0,0,0,0,0,0,0,0,0,0,0,0,0,0,0,0,0,0,0,0,0,0,0,0,0,0,0
C5120ST,5,56,District-Uttarkashi,Urban,10-19,0,0,0,0,0,0,0,0,0,0,0,0,0,0,0,0,0,0,0,0,0,0,0,0,0,0,0
C5120ST,5,56,District-Uttarkashi,Urban,20-29,0,0,0,0,0,0,0,0,0,0,0,0,0,0,0,0,0,0,0,0,0,0,0,0,0,0,0
C5120ST,5,56,District-Uttarkashi,Urban,30-39,1,1,0,0,0,0,0,0,0,0,0,0,1,1,0,0,0,0,0,0,0,0,0,0,0,0,0
C5120ST,5,56,District-Uttarkashi,Urban,40-49,0,0,0,0,0,0,0,0,0,0,0,0,0,0,0,0,0,0,0,0,0,0,0,0,0,0,0
C5120ST,5,56,District-Uttarkashi,Urban,50-59,0,0,0,0,0,0,0,0,0,0,0,0,0,0,0,0,0,0,0,0,0,0,0,0,0,0,0
C5120ST,5,56,District-Uttarkashi,Urban,60-69,0,0,0,0,0,0,0,0,0,0,0,0,0,0,0,0,0,0,0,0,0,0,0,0,0,0,0
C5120ST,5,56,District-Uttarkashi,Urban,70-79,0,0,0,0,0,0,0,0,0,0,0,0,0,0,0,0,0,0,0,0,0,0,0,0,0,0,0
C5120ST,5,56,District-Uttarkashi,Urban,80-89,0,0,0,0,0,0,0,0,0,0,0,0,0,0,0,0,0,0,0,0,0,0,0,0,0,0,0
C5120ST,5,56,District-Uttarkashi,Urban,90+,0,0,0,0,0,0,0,0,0,0,0,0,0,0,0,0,0,0,0,0,0,0,0,0,0,0,0
C5120ST,5,56,District-Uttarkashi,Urban,Age Not Stated,0,0,0,0,0,0,0,0,0,0,0,0,0,0,0,0,0,0,0,0,0,0,0,0,0,0,0
C5120ST,5,57,District-Chamoli,Total,Total,724,353,371,64,26,38,35,21,14,22,12,10,48,27,21,8,3,5,4,3,1,506,243,263,37,18,19
C5120ST,5,57,District-Chamoli,Total,0-4,33,15,18,0,0,0,2,1,1,1,1,0,0,0,0,0,0,0,0,0,0,30,13,17,0,0,0
C5120ST,5,57,District-Chamoli,Total,5-9,39,23,16,2,1,1,2,0,2,1,1,0,0,0,0,1,1,0,0,0,0,28,16,12,5,4,1
C5120ST,5,57,District-Chamoli,Total,10-19,76,41,35,5,4,1,3,1,2,2,2,0,3,2,1,5,2,3,1,1,0,50,25,25,7,4,3
C5120ST,5,57,District-Chamoli,Total,20-29,128,68,60,1,0,1,10,8,2,7,3,4,15,8,7,1,0,1,0,0,0,93,49,44,1,0,1
C5120ST,5,57,District-Chamoli,Total,30-39,100,55,45,2,1,1,1,1,0,1,1,0,6,4,2,0,0,0,1,1,0,88,46,42,1,1,0
C5120ST,5,57,District-Chamoli,Total,40-49,85,42,43,4,2,2,4,3,1,4,1,3,7,5,2,0,0,0,1,0,1,60,30,30,5,1,4
C5120ST,5,57,District-Chamoli,Total,50-59,75,32,43,3,0,3,3,2,1,1,0,1,5,2,3,1,0,1,1,1,0,57,24,33,4,3,1
C5120ST,5,57,District-Chamoli,Total,60-69,83,33,50,9,1,8,5,2,3,3,3,0,4,2,2,0,0,0,0,0,0,60,25,35,2,0,2
C5120ST,5,57,District-Chamoli,Total,70-79,58,21,37,24,9,15,3,2,1,1,0,1,4,2,2,0,0,0,0,0,0,24,7,17,2,1,1
C5120ST,5,57,District-Chamoli,Total,80-89,37,18,19,12,6,6,1,0,1,1,0,1,4,2,2,0,0,0,0,0,0,12,6,6,7,4,3
C5120ST,5,57,District-Chamoli,Total,90+,10,5,5,2,2,0,1,1,0,0,0,0,0,0,0,0,0,0,0,0,0,4,2,2,3,0,3
C5120ST,5,57,District-Chamoli,Total,Age Not Stated,0,0,0,0,0,0,0,0,0,0,0,0,0,0,0,0,0,0,0,0,0,0,0,0,0,0,0
C5120ST,5,57,District-Chamoli,Rural,Total,678,327,351,54,20,34,30,17,13,18,10,8,36,20,16,8,3,5,3,2,1,501,241,260,28,14,14
C5120ST,5,57,District-Chamoli,Rural,0-4,32,14,18,0,0,0,2,1,1,0,0,0,0,0,0,0,0,0,0,0,0,30,13,17,0,0,0
C5120ST,5,57,District-Chamoli,Rural,5-9,34,20,14,0,0,0,1,0,1,1,1,0,0,0,0,1,1,0,0,0,0,28,16,12,3,2,1
C5120ST,5,57,District-Chamoli,Rural,10-19,70,37,33,2,1,1,3,1,2,2,2,0,3,2,1,5,2,3,1,1,0,50,25,25,4,3,1
C5120ST,5,57,District-Chamoli,Rural,20-29,119,64,55,0,0,0,9,7,2,7,3,4,9,5,4,1,0,1,0,0,0,93,49,44,0,0,0
C5120ST,5,57,District-Chamoli,Rural,30-39,96,54,42,1,1,0,0,0,0,1,1,0,6,4,2,0,0,0,1,1,0,86,46,40,1,1,0
C5120ST,5,57,District-Chamoli,Rural,40-49,77,37,40,3,1,2,3,2,1,3,1,2,5,3,2,0,0,0,1,0,1,58,29,29,4,1,3
C5120ST,5,57,District-Chamoli,Rural,50-59,72,29,43,3,0,3,3,2,1,1,0,1,4,1,3,1,0,1,0,0,0,56,23,33,4,3,1
C5120ST,5,57,District-Chamoli,Rural,60-69,82,32,50,9,1,8,5,2,3,2,2,0,4,2,2,0,0,0,0,0,0,60,25,35,2,0,2
C5120ST,5,57,District-Chamoli,Rural,70-79,55,21,34,23,9,14,3,2,1,1,0,1,2,2,0,0,0,0,0,0,0,24,7,17,2,1,1
C5120ST,5,57,District-Chamoli,Rural,80-89,33,15,18,11,5,6,1,0,1,0,0,0,3,1,2,0,0,0,0,0,0,12,6,6,6,3,3
C5120ST,5,57,District-Chamoli,Rural,90+,8,4,4,2,2,0,0,0,0,0,0,0,0,0,0,0,0,0,0,0,0,4,2,2,2,0,2
C5120ST,5,57,District-Chamoli,Rural,Age Not Stated,0,0,0,0,0,0,0,0,0,0,0,0,0,0,0,0,0,0,0,0,0,0,0,0,0,0,0
C5120ST,5,57,District-Chamoli,Urban,Total,46,26,20,10,6,4,5,4,1,4,2,2,12,7,5,0,0,0,1,1,0,5,2,3,9,4,5
C5120ST,5,57,District-Chamoli,Urban,0-4,1,1,0,0,0,0,0,0,0,1,1,0,0,0,0,0,0,0,0,0,0,0,0,0,0,0,0
C5120ST,5,57,District-Chamoli,Urban,5-9,5,3,2,2,1,1,1,0,1,0,0,0,0,0,0,0,0,0,0,0,0,0,0,0,2,2,0
C5120ST,5,57,District-Chamoli,Urban,10-19,6,4,2,3,3,0,0,0,0,0,0,0,0,0,0,0,0,0,0,0,0,0,0,0,3,1,2
C5120ST,5,57,District-Chamoli,Urban,20-29,9,4,5,1,0,1,1,1,0,0,0,0,6,3,3,0,0,0,0,0,0,0,0,0,1,0,1
C5120ST,5,57,District-Chamoli,Urban,30-39,4,1,3,1,0,1,1,1,0,0,0,0,0,0,0,0,0,0,0,0,0,2,0,2,0,0,0
C5120ST,5,57,District-Chamoli,Urban,40-49,8,5,3,1,1,0,1,1,0,1,0,1,2,2,0,0,0,0,0,0,0,2,1,1,1,0,1
C5120ST,5,57,District-Chamoli,Urban,50-59,3,3,0,0,0,0,0,0,0,0,0,0,1,1,0,0,0,0,1,1,0,1,1,0,0,0,0
C5120ST,5,57,District-Chamoli,Urban,60-69,1,1,0,0,0,0,0,0,0,1,1,0,0,0,0,0,0,0,0,0,0,0,0,0,0,0,0
C5120ST,5,57,District-Chamoli,Urban,70-79,3,0,3,1,0,1,0,0,0,0,0,0,2,0,2,0,0,0,0,0,0,0,0,0,0,0,0
C5120ST,5,57,District-Chamoli,Urban,80-89,4,3,1,1,1,0,0,0,0,1,0,1,1,1,0,0,0,0,0,0,0,0,0,0,1,1,0
C5120ST,5,57,District-Chamoli,Urban,90+,2,1,1,0,0,0,1,1,0,0,0,0,0,0,0,0,0,0,0,0,0,0,0,0,1,0,1
C5120ST,5,57,District-Chamoli,Urban,Age Not Stated,0,0,0,0,0,0,0,0,0,0,0,0,0,0,0,0,0,0,0,0,0,0,0,0,0,0,0
C5120ST,5,58,District-Rudraprayag,Total,Total,6,4,2,2,1,1,0,0,0,1,1,0,0,0,0,0,0,0,0,0,0,1,0,1,2,2,0
C5120ST,5,58,District-Rudraprayag,Total,0-4,0,0,0,0,0,0,0,0,0,0,0,0,0,0,0,0,0,0,0,0,0,0,0,0,0,0,0
C5120ST,5,58,District-Rudraprayag,Total,5-9,0,0,0,0,0,0,0,0,0,0,0,0,0,0,0,0,0,0,0,0,0,0,0,0,0,0,0
C5120ST,5,58,District-Rudraprayag,Total,10-19,1,1,0,0,0,0,0,0,0,1,1,0,0,0,0,0,0,0,0,0,0,0,0,0,0,0,0
C5120ST,5,58,District-Rudraprayag,Total,20-29,1,0,1,1,0,1,0,0,0,0,0,0,0,0,0,0,0,0,0,0,0,0,0,0,0,0,0
C5120ST,5,58,District-Rudraprayag,Total,30-39,0,0,0,0,0,0,0,0,0,0,0,0,0,0,0,0,0,0,0,0,0,0,0,0,0,0,0
C5120ST,5,58,District-Rudraprayag,Total,40-49,0,0,0,0,0,0,0,0,0,0,0,0,0,0,0,0,0,0,0,0,0,0,0,0,0,0,0
C5120ST,5,58,District-Rudraprayag,Total,50-59,0,0,0,0,0,0,0,0,0,0,0,0,0,0,0,0,0,0,0,0,0,0,0,0,0,0,0
C5120ST,5,58,District-Rudraprayag,Total,60-69,3,2,1,1,1,0,0,0,0,0,0,0,0,0,0,0,0,0,0,0,0,1,0,1,1,1,0
C5120ST,5,58,District-Rudraprayag,Total,70-79,0,0,0,0,0,0,0,0,0,0,0,0,0,0,0,0,0,0,0,0,0,0,0,0,0,0,0
C5120ST,5,58,District-Rudraprayag,Total,80-89,1,1,0,0,0,0,0,0,0,0,0,0,0,0,0,0,0,0,0,0,0,0,0,0,1,1,0
C5120ST,5,58,District-Rudraprayag,Total,90+,0,0,0,0,0,0,0,0,0,0,0,0,0,0,0,0,0,0,0,0,0,0,0,0,0,0,0
C5120ST,5,58,District-Rudraprayag,Total,Age Not Stated,0,0,0,0,0,0,0,0,0,0,0,0,0,0,0,0,0,0,0,0,0,0,0,0,0,0,0
C5120ST,5,58,District-Rudraprayag,Rural,Total,5,3,2,2,1,1,0,0,0,0,0,0,0,0,0,0,0,0,0,0,0,1,0,1,2,2,0
C5120ST,5,58,District-Rudraprayag,Rural,0-4,0,0,0,0,0,0,0,0,0,0,0,0,0,0,0,0,0,0,0,0,0,0,0,0,0,0,0
C5120ST,5,58,District-Rudraprayag,Rural,5-9,0,0,0,0,0,0,0,0,0,0,0,0,0,0,0,0,0,0,0,0,0,0,0,0,0,0,0
C5120ST,5,58,District-Rudraprayag,Rural,10-19,0,0,0,0,0,0,0,0,0,0,0,0,0,0,0,0,0,0,0,0,0,0,0,0,0,0,0
C5120ST,5,58,District-Rudraprayag,Rural,20-29,1,0,1,1,0,1,0,0,0,0,0,0,0,0,0,0,0,0,0,0,0,0,0,0,0,0,0
C5120ST,5,58,District-Rudraprayag,Rural,30-39,0,0,0,0,0,0,0,0,0,0,0,0,0,0,0,0,0,0,0,0,0,0,0,0,0,0,0
C5120ST,5,58,District-Rudraprayag,Rural,40-49,0,0,0,0,0,0,0,0,0,0,0,0,0,0,0,0,0,0,0,0,0,0,0,0,0,0,0
C5120ST,5,58,District-Rudraprayag,Rural,50-59,0,0,0,0,0,0,0,0,0,0,0,0,0,0,0,0,0,0,0,0,0,0,0,0,0,0,0
C5120ST,5,58,District-Rudraprayag,Rural,60-69,3,2,1,1,1,0,0,0,0,0,0,0,0,0,0,0,0,0,0,0,0,1,0,1,1,1,0
C5120ST,5,58,District-Rudraprayag,Rural,70-79,0,0,0,0,0,0,0,0,0,0,0,0,0,0,0,0,0,0,0,0,0,0,0,0,0,0,0
C5120ST,5,58,District-Rudraprayag,Rural,80-89,1,1,0,0,0,0,0,0,0,0,0,0,0,0,0,0,0,0,0,0,0,0,0,0,1,1,0
C5120ST,5,58,District-Rudraprayag,Rural,90+,0,0,0,0,0,0,0,0,0,0,0,0,0,0,0,0,0,0,0,0,0,0,0,0,0,0,0
C5120ST,5,58,District-Rudraprayag,Rural,Age Not Stated,0,0,0,0,0,0,0,0,0,0,0,0,0,0,0,0,0,0,0,0,0,0,0,0,0,0,0
C5120ST,5,58,District-Rudraprayag,Urban,Total,1,1,0,0,0,0,0,0,0,1,1,0,0,0,0,0,0,0,0,0,0,0,0,0,0,0,0
C5120ST,5,58,District-Rudraprayag,Urban,0-4,0,0,0,0,0,0,0,0,0,0,0,0,0,0,0,0,0,0,0,0,0,0,0,0,0,0,0
C5120ST,5,58,District-Rudraprayag,Urban,5-9,0,0,0,0,0,0,0,0,0,0,0,0,0,0,0,0,0,0,0,0,0,0,0,0,0,0,0
C5120ST,5,58,District-Rudraprayag,Urban,10-19,1,1,0,0,0,0,0,0,0,1,1,0,0,0,0,0,0,0,0,0,0,0,0,0,0,0,0
C5120ST,5,58,District-Rudraprayag,Urban,20-29,0,0,0,0,0,0,0,0,0,0,0,0,0,0,0,0,0,0,0,0,0,0,0,0,0,0,0
C5120ST,5,58,District-Rudraprayag,Urban,30-39,0,0,0,0,0,0,0,0,0,0,0,0,0,0,0,0,0,0,0,0,0,0,0,0,0,0,0
C5120ST,5,58,District-Rudraprayag,Urban,40-49,0,0,0,0,0,0,0,0,0,0,0,0,0,0,0,0,0,0,0,0,0,0,0,0,0,0,0
C5120ST,5,58,District-Rudraprayag,Urban,50-59,0,0,0,0,0,0,0,0,0,0,0,0,0,0,0,0,0,0,0,0,0,0,0,0,0,0,0
C5120ST,5,58,District-Rudraprayag,Urban,60-69,0,0,0,0,0,0,0,0,0,0,0,0,0,0,0,0,0,0,0,0,0,0,0,0,0,0,0
C5120ST,5,58,District-Rudraprayag,Urban,70-79,0,0,0,0,0,0,0,0,0,0,0,0,0,0,0,0,0,0,0,0,0,0,0,0,0,0,0
C5120ST,5,58,District-Rudraprayag,Urban,80-89,0,0,0,0,0,0,0,0,0,0,0,0,0,0,0,0,0,0,0,0,0,0,0,0,0,0,0
C5120ST,5,58,District-Rudraprayag,Urban,90+,0,0,0,0,0,0,0,0,0,0,0,0,0,0,0,0,0,0,0,0,0,0,0,0,0,0,0
C5120ST,5,58,District-Rudraprayag,Urban,Age Not Stated,0,0,0,0,0,0,0,0,0,0,0,0,0,0,0,0,0,0,0,0,0,0,0,0,0,0,0
C5120ST,5,59,District-Tehri Garhwal,Total,Total,11,8,3,1,1,0,2,1,1,1,0,1,0,0,0,0,0,0,0,0,0,6,5,1,1,1,0
C5120ST,5,59,District-Tehri Garhwal,Total,0-4,0,0,0,0,0,0,0,0,0,0,0,0,0,0,0,0,0,0,0,0,0,0,0,0,0,0,0
C5120ST,5,59,District-Tehri Garhwal,Total,5-9,0,0,0,0,0,0,0,0,0,0,0,0,0,0,0,0,0,0,0,0,0,0,0,0,0,0,0
C5120ST,5,59,District-Tehri Garhwal,Total,10-19,0,0,0,0,0,0,0,0,0,0,0,0,0,0,0,0,0,0,0,0,0,0,0,0,0,0,0
C5120ST,5,59,District-Tehri Garhwal,Total,20-29,2,2,0,0,0,0,0,0,0,0,0,0,0,0,0,0,0,0,0,0,0,2,2,0,0,0,0
C5120ST,5,59,District-Tehri Garhwal,Total,30-39,5,3,2,0,0,0,0,0,0,1,0,1,0,0,0,0,0,0,0,0,0,4,3,1,0,0,0
C5120ST,5,59,District-Tehri Garhwal,Total,40-49,2,1,1,0,0,0,1,0,1,0,0,0,0,0,0,0,0,0,0,0,0,0,0,0,1,1,0
C5120ST,5,59,District-Tehri Garhwal,Total,50-59,0,0,0,0,0,0,0,0,0,0,0,0,0,0,0,0,0,0,0,0,0,0,0,0,0,0,0
C5120ST,5,59,District-Tehri Garhwal,Total,60-69,0,0,0,0,0,0,0,0,0,0,0,0,0,0,0,0,0,0,0,0,0,0,0,0,0,0,0
C5120ST,5,59,District-Tehri Garhwal,Total,70-79,1,1,0,1,1,0,0,0,0,0,0,0,0,0,0,0,0,0,0,0,0,0,0,0,0,0,0
C5120ST,5,59,District-Tehri Garhwal,Total,80-89,1,1,0,0,0,0,1,1,0,0,0,0,0,0,0,0,0,0,0,0,0,0,0,0,0,0,0
C5120ST,5,59,District-Tehri Garhwal,Total,90+,0,0,0,0,0,0,0,0,0,0,0,0,0,0,0,0,0,0,0,0,0,0,0,0,0,0,0
C5120ST,5,59,District-Tehri Garhwal,Total,Age Not Stated,0,0,0,0,0,0,0,0,0,0,0,0,0,0,0,0,0,0,0,0,0,0,0,0,0,0,0
C5120ST,5,59,District-Tehri Garhwal,Rural,Total,10,7,3,1,1,0,2,1,1,1,0,1,0,0,0,0,0,0,0,0,0,5,4,1,1,1,0
C5120ST,5,59,District-Tehri Garhwal,Rural,0-4,0,0,0,0,0,0,0,0,0,0,0,0,0,0,0,0,0,0,0,0,0,0,0,0,0,0,0
C5120ST,5,59,District-Tehri Garhwal,Rural,5-9,0,0,0,0,0,0,0,0,0,0,0,0,0,0,0,0,0,0,0,0,0,0,0,0,0,0,0
C5120ST,5,59,District-Tehri Garhwal,Rural,10-19,0,0,0,0,0,0,0,0,0,0,0,0,0,0,0,0,0,0,0,0,0,0,0,0,0,0,0
C5120ST,5,59,District-Tehri Garhwal,Rural,20-29,2,2,0,0,0,0,0,0,0,0,0,0,0,0,0,0,0,0,0,0,0,2,2,0,0,0,0
C5120ST,5,59,District-Tehri Garhwal,Rural,30-39,4,2,2,0,0,0,0,0,0,1,0,1,0,0,0,0,0,0,0,0,0,3,2,1,0,0,0
C5120ST,5,59,District-Tehri Garhwal,Rural,40-49,2,1,1,0,0,0,1,0,1,0,0,0,0,0,0,0,0,0,0,0,0,0,0,0,1,1,0
C5120ST,5,59,District-Tehri Garhwal,Rural,50-59,0,0,0,0,0,0,0,0,0,0,0,0,0,0,0,0,0,0,0,0,0,0,0,0,0,0,0
C5120ST,5,59,District-Tehri Garhwal,Rural,60-69,0,0,0,0,0,0,0,0,0,0,0,0,0,0,0,0,0,0,0,0,0,0,0,0,0,0,0
C5120ST,5,59,District-Tehri Garhwal,Rural,70-79,1,1,0,1,1,0,0,0,0,0,0,0,0,0,0,0,0,0,0,0,0,0,0,0,0,0,0
C5120ST,5,59,District-Tehri Garhwal,Rural,80-89,1,1,0,0,0,0,1,1,0,0,0,0,0,0,0,0,0,0,0,0,0,0,0,0,0,0,0
C5120ST,5,59,District-Tehri Garhwal,Rural,90+,0,0,0,0,0,0,0,0,0,0,0,0,0,0,0,0,0,0,0,0,0,0,0,0,0,0,0
C5120ST,5,59,District-Tehri Garhwal,Rural,Age Not Stated,0,0,0,0,0,0,0,0,0,0,0,0,0,0,0,0,0,0,0,0,0,0,0,0,0,0,0
C5120ST,5,59,District-Tehri Garhwal,Urban,Total,1,1,0,0,0,0,0,0,0,0,0,0,0,0,0,0,0,0,0,0,0,1,1,0,0,0,0
C5120ST,5,59,District-Tehri Garhwal,Urban,0-4,0,0,0,0,0,0,0,0,0,0,0,0,0,0,0,0,0,0,0,0,0,0,0,0,0,0,0
C5120ST,5,59,District-Tehri Garhwal,Urban,5-9,0,0,0,0,0,0,0,0,0,0,0,0,0,0,0,0,0,0,0,0,0,0,0,0,0,0,0
C5120ST,5,59,District-Tehri Garhwal,Urban,10-19,0,0,0,0,0,0,0,0,0,0,0,0,0,0,0,0,0,0,0,0,0,0,0,0,0,0,0
C5120ST,5,59,District-Tehri Garhwal,Urban,20-29,0,0,0,0,0,0,0,0,0,0,0,0,0,0,0,0,0,0,0,0,0,0,0,0,0,0,0
C5120ST,5,59,District-Tehri Garhwal,Urban,30-39,1,1,0,0,0,0,0,0,0,0,0,0,0,0,0,0,0,0,0,0,0,1,1,0,0,0,0
C5120ST,5,59,District-Tehri Garhwal,Urban,40-49,0,0,0,0,0,0,0,0,0,0,0,0,0,0,0,0,0,0,0,0,0,0,0,0,0,0,0
C5120ST,5,59,District-Tehri Garhwal,Urban,50-59,0,0,0,0,0,0,0,0,0,0,0,0,0,0,0,0,0,0,0,0,0,0,0,0,0,0,0
C5120ST,5,59,District-Tehri Garhwal,Urban,60-69,0,0,0,0,0,0,0,0,0,0,0,0,0,0,0,0,0,0,0,0,0,0,0,0,0,0,0
C5120ST,5,59,District-Tehri Garhwal,Urban,70-79,0,0,0,0,0,0,0,0,0,0,0,0,0,0,0,0,0,0,0,0,0,0,0,0,0,0,0
C5120ST,5,59,District-Tehri Garhwal,Urban,80-89,0,0,0,0,0,0,0,0,0,0,0,0,0,0,0,0,0,0,0,0,0,0,0,0,0,0,0
C5120ST,5,59,District-Tehri Garhwal,Urban,90+,0,0,0,0,0,0,0,0,0,0,0,0,0,0,0,0,0,0,0,0,0,0,0,0,0,0,0
C5120ST,5,59,District-Tehri Garhwal,Urban,Age Not Stated,0,0,0,0,0,0,0,0,0,0,0,0,0,0,0,0,0,0,0,0,0,0,0,0,0,0,0
C5120ST,5,60,District-Dehradun,Total,Total,2002,1106,896,326,173,153,557,252,305,111,64,47,371,233,138,74,46,28,49,31,18,300,190,110,214,117,97
C5120ST,5,60,District-Dehradun,Total,0-4,75,37,38,10,4,6,28,12,16,0,0,0,5,0,5,4,2,2,1,1,0,22,15,7,5,3,2
C5120ST,5,60,District-Dehradun,Total,5-9,132,64,68,15,6,9,37,13,24,11,8,3,19,10,9,5,4,1,1,0,1,28,13,15,16,10,6
C5120ST,5,60,District-Dehradun,Total,10-19,374,202,172,33,16,17,102,43,59,30,19,11,55,33,22,34,20,14,5,3,2,70,49,21,45,19,26
C5120ST,5,60,District-Dehradun,Total,20-29,287,164,123,31,20,11,71,29,42,16,8,8,55,36,19,7,4,3,15,11,4,55,35,20,37,21,16
C5120ST,5,60,District-Dehradun,Total,30-39,208,112,96,22,11,11,64,23,41,14,5,9,54,40,14,10,6,4,11,6,5,26,15,11,7,6,1
C5120ST,5,60,District-Dehradun,Total,40-49,182,111,71,24,12,12,49,26,23,16,8,8,31,23,8,5,5,0,9,6,3,30,18,12,18,13,5
C5120ST,5,60,District-Dehradun,Total,50-59,165,98,67,32,17,15,52,30,22,10,6,4,42,31,11,4,2,2,2,1,1,15,8,7,8,3,5
C5120ST,5,60,District-Dehradun,Total,60-69,278,149,129,69,40,29,72,30,42,10,6,4,59,33,26,4,2,2,5,3,2,34,21,13,25,14,11
C5120ST,5,60,District-Dehradun,Total,70-79,182,104,78,63,35,28,50,29,21,2,2,0,29,16,13,1,1,0,0,0,0,10,7,3,27,14,13
C5120ST,5,60,District-Dehradun,Total,80-89,79,40,39,18,8,10,20,11,9,0,0,0,17,7,10,0,0,0,0,0,0,6,5,1,18,9,9
C5120ST,5,60,District-Dehradun,Total,90+,31,19,12,8,3,5,8,5,3,0,0,0,4,3,1,0,0,0,0,0,0,3,3,0,8,5,3
C5120ST,5,60,District-Dehradun,Total,Age Not Stated,9,6,3,1,1,0,4,1,3,2,2,0,1,1,0,0,0,0,0,0,0,1,1,0,0,0,0
C5120ST,5,60,District-Dehradun,Rural,Total,1831,1004,827,304,163,141,505,218,287,104,59,45,349,216,133,67,42,25,44,27,17,260,168,92,198,111,87
C5120ST,5,60,District-Dehradun,Rural,0-4,68,32,36,8,3,5,26,10,16,0,0,0,5,0,5,4,2,2,0,0,0,20,14,6,5,3,2
C5120ST,5,60,District-Dehradun,Rural,5-9,118,58,60,14,6,8,32,11,21,11,8,3,18,9,9,4,3,1,1,0,1,24,12,12,14,9,5
C5120ST,5,60,District-Dehradun,Rural,10-19,339,181,158,31,15,16,90,35,55,26,16,10,52,30,22,31,18,13,5,3,2,64,45,19,40,19,21
C5120ST,5,60,District-Dehradun,Rural,20-29,247,143,104,26,18,8,59,22,37,16,8,8,51,33,18,6,4,2,14,10,4,42,28,14,33,20,13
C5120ST,5,60,District-Dehradun,Rural,30-39,181,95,86,18,8,10,55,17,38,14,5,9,49,37,12,8,5,3,10,5,5,21,12,9,6,6,0
C5120ST,5,60,District-Dehradun,Rural,40-49,164,100,64,22,12,10,42,20,22,15,7,8,28,21,7,5,5,0,8,6,2,26,16,10,18,13,5
C5120ST,5,60,District-Dehradun,Rural,50-59,155,91,64,30,16,14,51,29,22,9,6,3,40,29,11,4,2,2,1,0,1,14,8,6,6,1,5
C5120ST,5,60,District-Dehradun,Rural,60-69,268,142,126,66,38,28,70,30,40,10,6,4,57,31,26,4,2,2,5,3,2,32,19,13,24,13,11
C5120ST,5,60,District-Dehradun,Rural,70-79,179,103,76,62,35,27,50,29,21,2,2,0,28,15,13,1,1,0,0,0,0,9,7,2,27,14,13
C5120ST,5,60,District-Dehradun,Rural,80-89,76,38,38,18,8,10,19,10,9,0,0,0,16,7,9,0,0,0,0,0,0,5,4,1,18,9,9
C5120ST,5,60,District-Dehradun,Rural,90+,30,18,12,8,3,5,8,5,3,0,0,0,4,3,1,0,0,0,0,0,0,3,3,0,7,4,3
C5120ST,5,60,District-Dehradun,Rural,Age Not Stated,6,3,3,1,1,0,3,0,3,1,1,0,1,1,0,0,0,0,0,0,0,0,0,0,0,0,0
C5120ST,5,60,District-Dehradun,Urban,Total,171,102,69,22,10,12,52,34,18,7,5,2,22,17,5,7,4,3,5,4,1,40,22,18,16,6,10
C5120ST,5,60,District-Dehradun,Urban,0-4,7,5,2,2,1,1,2,2,0,0,0,0,0,0,0,0,0,0,1,1,0,2,1,1,0,0,0
C5120ST,5,60,District-Dehradun,Urban,5-9,14,6,8,1,0,1,5,2,3,0,0,0,1,1,0,1,1,0,0,0,0,4,1,3,2,1,1
C5120ST,5,60,District-Dehradun,Urban,10-19,35,21,14,2,1,1,12,8,4,4,3,1,3,3,0,3,2,1,0,0,0,6,4,2,5,0,5
C5120ST,5,60,District-Dehradun,Urban,20-29,40,21,19,5,2,3,12,7,5,0,0,0,4,3,1,1,0,1,1,1,0,13,7,6,4,1,3
C5120ST,5,60,District-Dehradun,Urban,30-39,27,17,10,4,3,1,9,6,3,0,0,0,5,3,2,2,1,1,1,1,0,5,3,2,1,0,1
C5120ST,5,60,District-Dehradun,Urban,40-49,18,11,7,2,0,2,7,6,1,1,1,0,3,2,1,0,0,0,1,0,1,4,2,2,0,0,0
C5120ST,5,60,District-Dehradun,Urban,50-59,10,7,3,2,1,1,1,1,0,1,0,1,2,2,0,0,0,0,1,1,0,1,0,1,2,2,0
C5120ST,5,60,District-Dehradun,Urban,60-69,10,7,3,3,2,1,2,0,2,0,0,0,2,2,0,0,0,0,0,0,0,2,2,0,1,1,0
C5120ST,5,60,District-Dehradun,Urban,70-79,3,1,2,1,0,1,0,0,0,0,0,0,1,1,0,0,0,0,0,0,0,1,0,1,0,0,0
C5120ST,5,60,District-Dehradun,Urban,80-89,3,2,1,0,0,0,1,1,0,0,0,0,1,0,1,0,0,0,0,0,0,1,1,0,0,0,0
C5120ST,5,60,District-Dehradun,Urban,90+,1,1,0,0,0,0,0,0,0,0,0,0,0,0,0,0,0,0,0,0,0,0,0,0,1,1,0
C5120ST,5,60,District-Dehradun,Urban,Age Not Stated,3,3,0,0,0,0,1,1,0,1,1,0,0,0,0,0,0,0,0,0,0,1,1,0,0,0,0
C5120ST,5,61,District-Garhwal,Total,Total,36,28,8,8,7,1,5,4,1,7,4,3,3,2,1,6,5,1,0,0,0,0,0,0,7,6,1
C5120ST,5,61,District-Garhwal,Total,0-4,0,0,0,0,0,0,0,0,0,0,0,0,0,0,0,0,0,0,0,0,0,0,0,0,0,0,0
C5120ST,5,61,District-Garhwal,Total,5-9,6,4,2,3,3,0,0,0,0,1,0,1,1,0,1,0,0,0,0,0,0,0,0,0,1,1,0
C5120ST,5,61,District-Garhwal,Total,10-19,4,4,0,0,0,0,2,2,0,0,0,0,0,0,0,0,0,0,0,0,0,0,0,0,2,2,0
C5120ST,5,61,District-Garhwal,Total,20-29,4,4,0,3,3,0,0,0,0,0,0,0,0,0,0,0,0,0,0,0,0,0,0,0,1,1,0
C5120ST,5,61,District-Garhwal,Total,30-39,5,3,2,0,0,0,0,0,0,2,1,1,1,1,0,2,1,1,0,0,0,0,0,0,0,0,0
C5120ST,5,61,District-Garhwal,Total,40-49,7,6,1,1,1,0,1,1,0,1,0,1,1,1,0,2,2,0,0,0,0,0,0,0,1,1,0
C5120ST,5,61,District-Garhwal,Total,50-59,4,4,0,0,0,0,0,0,0,2,2,0,0,0,0,1,1,0,0,0,0,0,0,0,1,1,0
C5120ST,5,61,District-Garhwal,Total,60-69,4,2,2,1,0,1,1,1,0,1,1,0,0,0,0,0,0,0,0,0,0,0,0,0,1,0,1
C5120ST,5,61,District-Garhwal,Total,70-79,2,1,1,0,0,0,1,0,1,0,0,0,0,0,0,1,1,0,0,0,0,0,0,0,0,0,0
C5120ST,5,61,District-Garhwal,Total,80-89,0,0,0,0,0,0,0,0,0,0,0,0,0,0,0,0,0,0,0,0,0,0,0,0,0,0,0
C5120ST,5,61,District-Garhwal,Total,90+,0,0,0,0,0,0,0,0,0,0,0,0,0,0,0,0,0,0,0,0,0,0,0,0,0,0,0
C5120ST,5,61,District-Garhwal,Total,Age Not Stated,0,0,0,0,0,0,0,0,0,0,0,0,0,0,0,0,0,0,0,0,0,0,0,0,0,0,0
C5120ST,5,61,District-Garhwal,Rural,Total,31,24,7,6,5,1,4,3,1,5,3,2,3,2,1,6,5,1,0,0,0,0,0,0,7,6,1
C5120ST,5,61,District-Garhwal,Rural,0-4,0,0,0,0,0,0,0,0,0,0,0,0,0,0,0,0,0,0,0,0,0,0,0,0,0,0,0
C5120ST,5,61,District-Garhwal,Rural,5-9,4,3,1,2,2,0,0,0,0,0,0,0,1,0,1,0,0,0,0,0,0,0,0,0,1,1,0
C5120ST,5,61,District-Garhwal,Rural,10-19,4,4,0,0,0,0,2,2,0,0,0,0,0,0,0,0,0,0,0,0,0,0,0,0,2,2,0
C5120ST,5,61,District-Garhwal,Rural,20-29,3,3,0,2,2,0,0,0,0,0,0,0,0,0,0,0,0,0,0,0,0,0,0,0,1,1,0
C5120ST,5,61,District-Garhwal,Rural,30-39,5,3,2,0,0,0,0,0,0,2,1,1,1,1,0,2,1,1,0,0,0,0,0,0,0,0,0
C5120ST,5,61,District-Garhwal,Rural,40-49,7,6,1,1,1,0,1,1,0,1,0,1,1,1,0,2,2,0,0,0,0,0,0,0,1,1,0
C5120ST,5,61,District-Garhwal,Rural,50-59,3,3,0,0,0,0,0,0,0,1,1,0,0,0,0,1,1,0,0,0,0,0,0,0,1,1,0
C5120ST,5,61,District-Garhwal,Rural,60-69,3,1,2,1,0,1,0,0,0,1,1,0,0,0,0,0,0,0,0,0,0,0,0,0,1,0,1
C5120ST,5,61,District-Garhwal,Rural,70-79,2,1,1,0,0,0,1,0,1,0,0,0,0,0,0,1,1,0,0,0,0,0,0,0,0,0,0
C5120ST,5,61,District-Garhwal,Rural,80-89,0,0,0,0,0,0,0,0,0,0,0,0,0,0,0,0,0,0,0,0,0,0,0,0,0,0,0
C5120ST,5,61,District-Garhwal,Rural,90+,0,0,0,0,0,0,0,0,0,0,0,0,0,0,0,0,0,0,0,0,0,0,0,0,0,0,0
C5120ST,5,61,District-Garhwal,Rural,Age Not Stated,0,0,0,0,0,0,0,0,0,0,0,0,0,0,0,0,0,0,0,0,0,0,0,0,0,0,0
C5120ST,5,61,District-Garhwal,Urban,Total,5,4,1,2,2,0,1,1,0,2,1,1,0,0,0,0,0,0,0,0,0,0,0,0,0,0,0
C5120ST,5,61,District-Garhwal,Urban,0-4,0,0,0,0,0,0,0,0,0,0,0,0,0,0,0,0,0,0,0,0,0,0,0,0,0,0,0
C5120ST,5,61,District-Garhwal,Urban,5-9,2,1,1,1,1,0,0,0,0,1,0,1,0,0,0,0,0,0,0,0,0,0,0,0,0,0,0
C5120ST,5,61,District-Garhwal,Urban,10-19,0,0,0,0,0,0,0,0,0,0,0,0,0,0,0,0,0,0,0,0,0,0,0,0,0,0,0
C5120ST,5,61,District-Garhwal,Urban,20-29,1,1,0,1,1,0,0,0,0,0,0,0,0,0,0,0,0,0,0,0,0,0,0,0,0,0,0
C5120ST,5,61,District-Garhwal,Urban,30-39,0,0,0,0,0,0,0,0,0,0,0,0,0,0,0,0,0,0,0,0,0,0,0,0,0,0,0
C5120ST,5,61,District-Garhwal,Urban,40-49,0,0,0,0,0,0,0,0,0,0,0,0,0,0,0,0,0,0,0,0,0,0,0,0,0,0,0
C5120ST,5,61,District-Garhwal,Urban,50-59,1,1,0,0,0,0,0,0,0,1,1,0,0,0,0,0,0,0,0,0,0,0,0,0,0,0,0
C5120ST,5,61,District-Garhwal,Urban,60-69,1,1,0,0,0,0,1,1,0,0,0,0,0,0,0,0,0,0,0,0,0,0,0,0,0,0,0
C5120ST,5,61,District-Garhwal,Urban,70-79,0,0,0,0,0,0,0,0,0,0,0,0,0,0,0,0,0,0,0,0,0,0,0,0,0,0,0
C5120ST,5,61,District-Garhwal,Urban,80-89,0,0,0,0,0,0,0,0,0,0,0,0,0,0,0,0,0,0,0,0,0,0,0,0,0,0,0
C5120ST,5,61,District-Garhwal,Urban,90+,0,0,0,0,0,0,0,0,0,0,0,0,0,0,0,0,0,0,0,0,0,0,0,0,0,0,0
C5120ST,5,61,District-Garhwal,Urban,Age Not Stated,0,0,0,0,0,0,0,0,0,0,0,0,0,0,0,0,0,0,0,0,0,0,0,0,0,0,0
C5120ST,5,62,District-Pithoragarh,Total,Total,376,206,170,44,22,22,83,45,38,34,19,15,64,34,30,27,12,15,14,11,3,55,35,20,55,28,27
C5120ST,5,62,District-Pithoragarh,Total,0-4,12,3,9,3,1,2,2,0,2,0,0,0,4,2,2,1,0,1,0,0,0,1,0,1,1,0,1
C5120ST,5,62,District-Pithoragarh,Total,5-9,16,10,6,4,3,1,2,1,1,2,2,0,2,1,1,3,1,2,0,0,0,3,2,1,0,0,0
C5120ST,5,62,District-Pithoragarh,Total,10-19,45,20,25,5,3,2,5,4,1,7,4,3,7,1,6,3,0,3,0,0,0,12,6,6,6,2,4
C5120ST,5,62,District-Pithoragarh,Total,20-29,47,30,17,5,3,2,8,6,2,3,2,1,5,3,2,11,5,6,2,2,0,7,4,3,6,5,1
C5120ST,5,62,District-Pithoragarh,Total,30-39,50,36,14,7,6,1,11,9,2,4,3,1,3,2,1,5,4,1,6,3,3,8,5,3,6,4,2
C5120ST,5,62,District-Pithoragarh,Total,40-49,57,33,24,6,1,5,6,2,4,7,4,3,10,8,2,2,1,1,3,3,0,11,8,3,12,6,6
C5120ST,5,62,District-Pithoragarh,Total,50-59,43,22,21,3,2,1,11,2,9,4,3,1,10,6,4,0,0,0,2,2,0,6,5,1,7,2,5
C5120ST,5,62,District-Pithoragarh,Total,60-69,45,19,26,7,1,6,14,6,8,5,0,5,7,4,3,2,1,1,1,1,0,5,3,2,4,3,1
C5120ST,5,62,District-Pithoragarh,Total,70-79,37,23,14,2,1,1,15,10,5,2,1,1,12,6,6,0,0,0,0,0,0,2,2,0,4,3,1
C5120ST,5,62,District-Pithoragarh,Total,80-89,14,6,8,1,0,1,7,4,3,0,0,0,1,0,1,0,0,0,0,0,0,0,0,0,5,2,3
C5120ST,5,62,District-Pithoragarh,Total,90+,10,4,6,1,1,0,2,1,1,0,0,0,3,1,2,0,0,0,0,0,0,0,0,0,4,1,3
C5120ST,5,62,District-Pithoragarh,Total,Age Not Stated,0,0,0,0,0,0,0,0,0,0,0,0,0,0,0,0,0,0,0,0,0,0,0,0,0,0,0
C5120ST,5,62,District-Pithoragarh,Rural,Total,299,160,139,36,17,19,72,40,32,29,16,13,49,23,26,22,10,12,11,9,2,38,22,16,42,23,19
C5120ST,5,62,District-Pithoragarh,Rural,0-4,9,1,8,2,0,2,2,0,2,0,0,0,2,1,1,1,0,1,0,0,0,1,0,1,1,0,1
C5120ST,5,62,District-Pithoragarh,Rural,5-9,13,7,6,3,2,1,2,1,1,2,2,0,2,1,1,3,1,2,0,0,0,1,0,1,0,0,0
C5120ST,5,62,District-Pithoragarh,Rural,10-19,36,17,19,3,2,1,4,3,1,5,3,2,7,1,6,2,0,2,0,0,0,10,6,4,5,2,3
C5120ST,5,62,District-Pithoragarh,Rural,20-29,41,26,15,5,3,2,8,6,2,2,1,1,5,3,2,9,4,5,2,2,0,4,2,2,6,5,1
C5120ST,5,62,District-Pithoragarh,Rural,30-39,39,28,11,7,6,1,8,7,1,4,3,1,2,1,1,3,3,0,5,3,2,5,2,3,5,3,2
C5120ST,5,62,District-Pithoragarh,Rural,40-49,42,22,20,5,0,5,5,2,3,6,3,3,6,4,2,2,1,1,2,2,0,8,5,3,8,5,3
C5120ST,5,62,District-Pithoragarh,Rural,50-59,36,19,17,3,2,1,11,2,9,4,3,1,6,4,2,0,0,0,2,2,0,4,4,0,6,2,4
C5120ST,5,62,District-Pithoragarh,Rural,60-69,34,13,21,4,0,4,12,6,6,4,0,4,6,3,3,2,1,1,0,0,0,3,1,2,3,2,1
C5120ST,5,62,District-Pithoragarh,Rural,70-79,31,18,13,2,1,1,12,8,4,2,1,1,10,4,6,0,0,0,0,0,0,2,2,0,3,2,1
C5120ST,5,62,District-Pithoragarh,Rural,80-89,10,5,5,1,0,1,6,4,2,0,0,0,1,0,1,0,0,0,0,0,0,0,0,0,2,1,1
C5120ST,5,62,District-Pithoragarh,Rural,90+,8,4,4,1,1,0,2,1,1,0,0,0,2,1,1,0,0,0,0,0,0,0,0,0,3,1,2
C5120ST,5,62,District-Pithoragarh,Rural,Age Not Stated,0,0,0,0,0,0,0,0,0,0,0,0,0,0,0,0,0,0,0,0,0,0,0,0,0,0,0
C5120ST,5,62,District-Pithoragarh,Urban,Total,77,46,31,8,5,3,11,5,6,5,3,2,15,11,4,5,2,3,3,2,1,17,13,4,13,5,8
C5120ST,5,62,District-Pithoragarh,Urban,0-4,3,2,1,1,1,0,0,0,0,0,0,0,2,1,1,0,0,0,0,0,0,0,0,0,0,0,0
C5120ST,5,62,District-Pithoragarh,Urban,5-9,3,3,0,1,1,0,0,0,0,0,0,0,0,0,0,0,0,0,0,0,0,2,2,0,0,0,0
C5120ST,5,62,District-Pithoragarh,Urban,10-19,9,3,6,2,1,1,1,1,0,2,1,1,0,0,0,1,0,1,0,0,0,2,0,2,1,0,1
C5120ST,5,62,District-Pithoragarh,Urban,20-29,6,4,2,0,0,0,0,0,0,1,1,0,0,0,0,2,1,1,0,0,0,3,2,1,0,0,0
C5120ST,5,62,District-Pithoragarh,Urban,30-39,11,8,3,0,0,0,3,2,1,0,0,0,1,1,0,2,1,1,1,0,1,3,3,0,1,1,0
C5120ST,5,62,District-Pithoragarh,Urban,40-49,15,11,4,1,1,0,1,0,1,1,1,0,4,4,0,0,0,0,1,1,0,3,3,0,4,1,3
C5120ST,5,62,District-Pithoragarh,Urban,50-59,7,3,4,0,0,0,0,0,0,0,0,0,4,2,2,0,0,0,0,0,0,2,1,1,1,0,1
C5120ST,5,62,District-Pithoragarh,Urban,60-69,11,6,5,3,1,2,2,0,2,1,0,1,1,1,0,0,0,0,1,1,0,2,2,0,1,1,0
C5120ST,5,62,District-Pithoragarh,Urban,70-79,6,5,1,0,0,0,3,2,1,0,0,0,2,2,0,0,0,0,0,0,0,0,0,0,1,1,0
C5120ST,5,62,District-Pithoragarh,Urban,80-89,4,1,3,0,0,0,1,0,1,0,0,0,0,0,0,0,0,0,0,0,0,0,0,0,3,1,2
C5120ST,5,62,District-Pithoragarh,Urban,90+,2,0,2,0,0,0,0,0,0,0,0,0,1,0,1,0,0,0,0,0,0,0,0,0,1,0,1
C5120ST,5,62,District-Pithoragarh,Urban,Age Not Stated,0,0,0,0,0,0,0,0,0,0,0,0,0,0,0,0,0,0,0,0,0,0,0,0,0,0,0
C5120ST,5,63,District-Bageshwar,Total,Total,40,20,20,6,3,3,10,4,6,3,1,2,8,6,2,2,2,0,0,0,0,5,1,4,6,3,3
C5120ST,5,63,District-Bageshwar,Total,0-4,1,0,1,0,0,0,1,0,1,0,0,0,0,0,0,0,0,0,0,0,0,0,0,0,0,0,0
C5120ST,5,63,District-Bageshwar,Total,5-9,2,2,0,0,0,0,0,0,0,0,0,0,0,0,0,0,0,0,0,0,0,0,0,0,2,2,0
C5120ST,5,63,District-Bageshwar,Total,10-19,5,2,3,1,1,0,1,0,1,2,1,1,0,0,0,0,0,0,0,0,0,1,0,1,0,0,0
C5120ST,5,63,District-Bageshwar,Total,20-29,3,1,2,1,0,1,0,0,0,0,0,0,0,0,0,1,1,0,0,0,0,0,0,0,1,0,1
C5120ST,5,63,District-Bageshwar,Total,30-39,5,4,1,0,0,0,1,1,0,0,0,0,4,3,1,0,0,0,0,0,0,0,0,0,0,0,0
C5120ST,5,63,District-Bageshwar,Total,40-49,6,3,3,1,1,0,1,0,1,1,0,1,1,1,0,0,0,0,0,0,0,2,1,1,0,0,0
C5120ST,5,63,District-Bageshwar,Total,50-59,6,2,4,1,1,0,2,0,2,0,0,0,2,1,1,0,0,0,0,0,0,0,0,0,1,0,1
C5120ST,5,63,District-Bageshwar,Total,60-69,7,3,4,1,0,1,1,1,0,0,0,0,1,1,0,1,1,0,0,0,0,2,0,2,1,0,1
C5120ST,5,63,District-Bageshwar,Total,70-79,2,2,0,0,0,0,1,1,0,0,0,0,0,0,0,0,0,0,0,0,0,0,0,0,1,1,0
C5120ST,5,63,District-Bageshwar,Total,80-89,2,0,2,1,0,1,1,0,1,0,0,0,0,0,0,0,0,0,0,0,0,0,0,0,0,0,0
C5120ST,5,63,District-Bageshwar,Total,90+,1,1,0,0,0,0,1,1,0,0,0,0,0,0,0,0,0,0,0,0,0,0,0,0,0,0,0
C5120ST,5,63,District-Bageshwar,Total,Age Not Stated,0,0,0,0,0,0,0,0,0,0,0,0,0,0,0,0,0,0,0,0,0,0,0,0,0,0,0
C5120ST,5,63,District-Bageshwar,Rural,Total,40,20,20,6,3,3,10,4,6,3,1,2,8,6,2,2,2,0,0,0,0,5,1,4,6,3,3
C5120ST,5,63,District-Bageshwar,Rural,0-4,1,0,1,0,0,0,1,0,1,0,0,0,0,0,0,0,0,0,0,0,0,0,0,0,0,0,0
C5120ST,5,63,District-Bageshwar,Rural,5-9,2,2,0,0,0,0,0,0,0,0,0,0,0,0,0,0,0,0,0,0,0,0,0,0,2,2,0
C5120ST,5,63,District-Bageshwar,Rural,10-19,5,2,3,1,1,0,1,0,1,2,1,1,0,0,0,0,0,0,0,0,0,1,0,1,0,0,0
C5120ST,5,63,District-Bageshwar,Rural,20-29,3,1,2,1,0,1,0,0,0,0,0,0,0,0,0,1,1,0,0,0,0,0,0,0,1,0,1
C5120ST,5,63,District-Bageshwar,Rural,30-39,5,4,1,0,0,0,1,1,0,0,0,0,4,3,1,0,0,0,0,0,0,0,0,0,0,0,0
C5120ST,5,63,District-Bageshwar,Rural,40-49,6,3,3,1,1,0,1,0,1,1,0,1,1,1,0,0,0,0,0,0,0,2,1,1,0,0,0
C5120ST,5,63,District-Bageshwar,Rural,50-59,6,2,4,1,1,0,2,0,2,0,0,0,2,1,1,0,0,0,0,0,0,0,0,0,1,0,1
C5120ST,5,63,District-Bageshwar,Rural,60-69,7,3,4,1,0,1,1,1,0,0,0,0,1,1,0,1,1,0,0,0,0,2,0,2,1,0,1
C5120ST,5,63,District-Bageshwar,Rural,70-79,2,2,0,0,0,0,1,1,0,0,0,0,0,0,0,0,0,0,0,0,0,0,0,0,1,1,0
C5120ST,5,63,District-Bageshwar,Rural,80-89,2,0,2,1,0,1,1,0,1,0,0,0,0,0,0,0,0,0,0,0,0,0,0,0,0,0,0
C5120ST,5,63,District-Bageshwar,Rural,90+,1,1,0,0,0,0,1,1,0,0,0,0,0,0,0,0,0,0,0,0,0,0,0,0,0,0,0
C5120ST,5,63,District-Bageshwar,Rural,Age Not Stated,0,0,0,0,0,0,0,0,0,0,0,0,0,0,0,0,0,0,0,0,0,0,0,0,0,0,0
C5120ST,5,63,District-Bageshwar,Urban,Total,0,0,0,0,0,0,0,0,0,0,0,0,0,0,0,0,0,0,0,0,0,0,0,0,0,0,0
C5120ST,5,63,District-Bageshwar,Urban,0-4,0,0,0,0,0,0,0,0,0,0,0,0,0,0,0,0,0,0,0,0,0,0,0,0,0,0,0
C5120ST,5,63,District-Bageshwar,Urban,5-9,0,0,0,0,0,0,0,0,0,0,0,0,0,0,0,0,0,0,0,0,0,0,0,0,0,0,0
C5120ST,5,63,District-Bageshwar,Urban,10-19,0,0,0,0,0,0,0,0,0,0,0,0,0,0,0,0,0,0,0,0,0,0,0,0,0,0,0
C5120ST,5,63,District-Bageshwar,Urban,20-29,0,0,0,0,0,0,0,0,0,0,0,0,0,0,0,0,0,0,0,0,0,0,0,0,0,0,0
C5120ST,5,63,District-Bageshwar,Urban,30-39,0,0,0,0,0,0,0,0,0,0,0,0,0,0,0,0,0,0,0,0,0,0,0,0,0,0,0
C5120ST,5,63,District-Bageshwar,Urban,40-49,0,0,0,0,0,0,0,0,0,0,0,0,0,0,0,0,0,0,0,0,0,0,0,0,0,0,0
C5120ST,5,63,District-Bageshwar,Urban,50-59,0,0,0,0,0,0,0,0,0,0,0,0,0,0,0,0,0,0,0,0,0,0,0,0,0,0,0
C5120ST,5,63,District-Bageshwar,Urban,60-69,0,0,0,0,0,0,0,0,0,0,0,0,0,0,0,0,0,0,0,0,0,0,0,0,0,0,0
C5120ST,5,63,District-Bageshwar,Urban,70-79,0,0,0,0,0,0,0,0,0,0,0,0,0,0,0,0,0,0,0,0,0,0,0,0,0,0,0
C5120ST,5,63,District-Bageshwar,Urban,80-89,0,0,0,0,0,0,0,0,0,0,0,0,0,0,0,0,0,0,0,0,0,0,0,0,0,0,0
C5120ST,5,63,District-Bageshwar,Urban,90+,0,0,0,0,0,0,0,0,0,0,0,0,0,0,0,0,0,0,0,0,0,0,0,0,0,0,0
C5120ST,5,63,District-Bageshwar,Urban,Age Not Stated,0,0,0,0,0,0,0,0,0,0,0,0,0,0,0,0,0,0,0,0,0,0,0,0,0,0,0
C5120ST,5,64,"District-Almora
",Total,Total,13,7,6,0,0,0,2,1,1,2,1,1,4,2,2,2,2,0,0,0,0,1,1,0,2,0,2
C5120ST,5,64,"District-Almora
",Total,0-4,0,0,0,0,0,0,0,0,0,0,0,0,0,0,0,0,0,0,0,0,0,0,0,0,0,0,0
C5120ST,5,64,"District-Almora
",Total,5-9,0,0,0,0,0,0,0,0,0,0,0,0,0,0,0,0,0,0,0,0,0,0,0,0,0,0,0
C5120ST,5,64,"District-Almora
",Total,10-19,2,0,2,0,0,0,0,0,0,1,0,1,0,0,0,0,0,0,0,0,0,0,0,0,1,0,1
C5120ST,5,64,"District-Almora
",Total,20-29,3,2,1,0,0,0,0,0,0,0,0,0,0,0,0,1,1,0,0,0,0,1,1,0,1,0,1
C5120ST,5,64,"District-Almora
",Total,30-39,2,1,1,0,0,0,0,0,0,0,0,0,1,0,1,1,1,0,0,0,0,0,0,0,0,0,0
C5120ST,5,64,"District-Almora
",Total,40-49,1,0,1,0,0,0,0,0,0,0,0,0,1,0,1,0,0,0,0,0,0,0,0,0,0,0,0
C5120ST,5,64,"District-Almora
",Total,50-59,1,1,0,0,0,0,0,0,0,0,0,0,1,1,0,0,0,0,0,0,0,0,0,0,0,0,0
C5120ST,5,64,"District-Almora
",Total,60-69,2,1,1,0,0,0,1,0,1,1,1,0,0,0,0,0,0,0,0,0,0,0,0,0,0,0,0
C5120ST,5,64,"District-Almora
",Total,70-79,2,2,0,0,0,0,1,1,0,0,0,0,1,1,0,0,0,0,0,0,0,0,0,0,0,0,0
C5120ST,5,64,"District-Almora
",Total,80-89,0,0,0,0,0,0,0,0,0,0,0,0,0,0,0,0,0,0,0,0,0,0,0,0,0,0,0
C5120ST,5,64,"District-Almora
",Total,90+,0,0,0,0,0,0,0,0,0,0,0,0,0,0,0,0,0,0,0,0,0,0,0,0,0,0,0
C5120ST,5,64,"District-Almora
",Total,Age Not Stated,0,0,0,0,0,0,0,0,0,0,0,0,0,0,0,0,0,0,0,0,0,0,0,0,0,0,0
C5120ST,5,64,"District-Almora
",Rural,Total,7,4,3,0,0,0,2,1,1,2,1,1,0,0,0,2,2,0,0,0,0,0,0,0,1,0,1
C5120ST,5,64,"District-Almora
",Rural,0-4,0,0,0,0,0,0,0,0,0,0,0,0,0,0,0,0,0,0,0,0,0,0,0,0,0,0,0
C5120ST,5,64,"District-Almora
",Rural,5-9,0,0,0,0,0,0,0,0,0,0,0,0,0,0,0,0,0,0,0,0,0,0,0,0,0,0,0
C5120ST,5,64,"District-Almora
",Rural,10-19,1,0,1,0,0,0,0,0,0,1,0,1,0,0,0,0,0,0,0,0,0,0,0,0,0,0,0
C5120ST,5,64,"District-Almora
",Rural,20-29,2,1,1,0,0,0,0,0,0,0,0,0,0,0,0,1,1,0,0,0,0,0,0,0,1,0,1
C5120ST,5,64,"District-Almora
",Rural,30-39,1,1,0,0,0,0,0,0,0,0,0,0,0,0,0,1,1,0,0,0,0,0,0,0,0,0,0
C5120ST,5,64,"District-Almora
",Rural,40-49,0,0,0,0,0,0,0,0,0,0,0,0,0,0,0,0,0,0,0,0,0,0,0,0,0,0,0
C5120ST,5,64,"District-Almora
",Rural,50-59,0,0,0,0,0,0,0,0,0,0,0,0,0,0,0,0,0,0,0,0,0,0,0,0,0,0,0
C5120ST,5,64,"District-Almora
",Rural,60-69,2,1,1,0,0,0,1,0,1,1,1,0,0,0,0,0,0,0,0,0,0,0,0,0,0,0,0
C5120ST,5,64,"District-Almora
",Rural,70-79,1,1,0,0,0,0,1,1,0,0,0,0,0,0,0,0,0,0,0,0,0,0,0,0,0,0,0
C5120ST,5,64,"District-Almora
",Rural,80-89,0,0,0,0,0,0,0,0,0,0,0,0,0,0,0,0,0,0,0,0,0,0,0,0,0,0,0
C5120ST,5,64,"District-Almora
",Rural,90+,0,0,0,0,0,0,0,0,0,0,0,0,0,0,0,0,0,0,0,0,0,0,0,0,0,0,0
C5120ST,5,64,"District-Almora
",Rural,Age Not Stated,0,0,0,0,0,0,0,0,0,0,0,0,0,0,0,0,0,0,0,0,0,0,0,0,0,0,0
C5120ST,5,64,"District-Almora
",Urban,Total,6,3,3,0,0,0,0,0,0,0,0,0,4,2,2,0,0,0,0,0,0,1,1,0,1,0,1
C5120ST,5,64,"District-Almora
",Urban,0-4,0,0,0,0,0,0,0,0,0,0,0,0,0,0,0,0,0,0,0,0,0,0,0,0,0,0,0
C5120ST,5,64,"District-Almora
",Urban,5-9,0,0,0,0,0,0,0,0,0,0,0,0,0,0,0,0,0,0,0,0,0,0,0,0,0,0,0
C5120ST,5,64,"District-Almora
",Urban,10-19,1,0,1,0,0,0,0,0,0,0,0,0,0,0,0,0,0,0,0,0,0,0,0,0,1,0,1
C5120ST,5,64,"District-Almora
",Urban,20-29,1,1,0,0,0,0,0,0,0,0,0,0,0,0,0,0,0,0,0,0,0,1,1,0,0,0,0
C5120ST,5,64,"District-Almora
",Urban,30-39,1,0,1,0,0,0,0,0,0,0,0,0,1,0,1,0,0,0,0,0,0,0,0,0,0,0,0
C5120ST,5,64,"District-Almora
",Urban,40-49,1,0,1,0,0,0,0,0,0,0,0,0,1,0,1,0,0,0,0,0,0,0,0,0,0,0,0
C5120ST,5,64,"District-Almora
",Urban,50-59,1,1,0,0,0,0,0,0,0,0,0,0,1,1,0,0,0,0,0,0,0,0,0,0,0,0,0
C5120ST,5,64,"District-Almora
",Urban,60-69,0,0,0,0,0,0,0,0,0,0,0,0,0,0,0,0,0,0,0,0,0,0,0,0,0,0,0
C5120ST,5,64,"District-Almora
",Urban,70-79,1,1,0,0,0,0,0,0,0,0,0,0,1,1,0,0,0,0,0,0,0,0,0,0,0,0,0
C5120ST,5,64,"District-Almora
",Urban,80-89,0,0,0,0,0,0,0,0,0,0,0,0,0,0,0,0,0,0,0,0,0,0,0,0,0,0,0
C5120ST,5,64,"District-Almora
",Urban,90+,0,0,0,0,0,0,0,0,0,0,0,0,0,0,0,0,0,0,0,0,0,0,0,0,0,0,0
C5120ST,5,64,"District-Almora
",Urban,Age Not Stated,0,0,0,0,0,0,0,0,0,0,0,0,0,0,0,0,0,0,0,0,0,0,0,0,0,0,0
C5120ST,5,65,District-Champawat,Total,Total,21,13,8,3,1,2,4,3,1,2,1,1,4,2,2,1,1,0,1,1,0,3,3,0,3,1,2
C5120ST,5,65,District-Champawat,Total,0-4,0,0,0,0,0,0,0,0,0,0,0,0,0,0,0,0,0,0,0,0,0,0,0,0,0,0,0
C5120ST,5,65,District-Champawat,Total,5-9,1,1,0,0,0,0,0,0,0,0,0,0,1,1,0,0,0,0,0,0,0,0,0,0,0,0,0
C5120ST,5,65,District-Champawat,Total,10-19,6,4,2,0,0,0,0,0,0,1,1,0,0,0,0,1,1,0,1,1,0,1,1,0,2,0,2
C5120ST,5,65,District-Champawat,Total,20-29,6,3,3,0,0,0,2,1,1,0,0,0,2,0,2,0,0,0,0,0,0,2,2,0,0,0,0
C5120ST,5,65,District-Champawat,Total,30-39,3,2,1,0,0,0,1,1,0,1,0,1,0,0,0,0,0,0,0,0,0,0,0,0,1,1,0
C5120ST,5,65,District-Champawat,Total,40-49,1,1,0,1,1,0,0,0,0,0,0,0,0,0,0,0,0,0,0,0,0,0,0,0,0,0,0
C5120ST,5,65,District-Champawat,Total,50-59,1,1,0,0,0,0,0,0,0,0,0,0,1,1,0,0,0,0,0,0,0,0,0,0,0,0,0
C5120ST,5,65,District-Champawat,Total,60-69,3,1,2,2,0,2,1,1,0,0,0,0,0,0,0,0,0,0,0,0,0,0,0,0,0,0,0
C5120ST,5,65,District-Champawat,Total,70-79,0,0,0,0,0,0,0,0,0,0,0,0,0,0,0,0,0,0,0,0,0,0,0,0,0,0,0
C5120ST,5,65,District-Champawat,Total,80-89,0,0,0,0,0,0,0,0,0,0,0,0,0,0,0,0,0,0,0,0,0,0,0,0,0,0,0
C5120ST,5,65,District-Champawat,Total,90+,0,0,0,0,0,0,0,0,0,0,0,0,0,0,0,0,0,0,0,0,0,0,0,0,0,0,0
C5120ST,5,65,District-Champawat,Total,Age Not Stated,0,0,0,0,0,0,0,0,0,0,0,0,0,0,0,0,0,0,0,0,0,0,0,0,0,0,0
C5120ST,5,65,District-Champawat,Rural,Total,18,10,8,2,0,2,4,3,1,2,1,1,4,2,2,1,1,0,0,0,0,3,3,0,2,0,2
C5120ST,5,65,District-Champawat,Rural,0-4,0,0,0,0,0,0,0,0,0,0,0,0,0,0,0,0,0,0,0,0,0,0,0,0,0,0,0
C5120ST,5,65,District-Champawat,Rural,5-9,1,1,0,0,0,0,0,0,0,0,0,0,1,1,0,0,0,0,0,0,0,0,0,0,0,0,0
C5120ST,5,65,District-Champawat,Rural,10-19,5,3,2,0,0,0,0,0,0,1,1,0,0,0,0,1,1,0,0,0,0,1,1,0,2,0,2
C5120ST,5,65,District-Champawat,Rural,20-29,6,3,3,0,0,0,2,1,1,0,0,0,2,0,2,0,0,0,0,0,0,2,2,0,0,0,0
C5120ST,5,65,District-Champawat,Rural,30-39,2,1,1,0,0,0,1,1,0,1,0,1,0,0,0,0,0,0,0,0,0,0,0,0,0,0,0
C5120ST,5,65,District-Champawat,Rural,40-49,0,0,0,0,0,0,0,0,0,0,0,0,0,0,0,0,0,0,0,0,0,0,0,0,0,0,0
C5120ST,5,65,District-Champawat,Rural,50-59,1,1,0,0,0,0,0,0,0,0,0,0,1,1,0,0,0,0,0,0,0,0,0,0,0,0,0
C5120ST,5,65,District-Champawat,Rural,60-69,3,1,2,2,0,2,1,1,0,0,0,0,0,0,0,0,0,0,0,0,0,0,0,0,0,0,0
C5120ST,5,65,District-Champawat,Rural,70-79,0,0,0,0,0,0,0,0,0,0,0,0,0,0,0,0,0,0,0,0,0,0,0,0,0,0,0
C5120ST,5,65,District-Champawat,Rural,80-89,0,0,0,0,0,0,0,0,0,0,0,0,0,0,0,0,0,0,0,0,0,0,0,0,0,0,0
C5120ST,5,65,District-Champawat,Rural,90+,0,0,0,0,0,0,0,0,0,0,0,0,0,0,0,0,0,0,0,0,0,0,0,0,0,0,0
C5120ST,5,65,District-Champawat,Rural,Age Not Stated,0,0,0,0,0,0,0,0,0,0,0,0,0,0,0,0,0,0,0,0,0,0,0,0,0,0,0
C5120ST,5,65,District-Champawat,Urban,Total,3,3,0,1,1,0,0,0,0,0,0,0,0,0,0,0,0,0,1,1,0,0,0,0,1,1,0
C5120ST,5,65,District-Champawat,Urban,0-4,0,0,0,0,0,0,0,0,0,0,0,0,0,0,0,0,0,0,0,0,0,0,0,0,0,0,0
C5120ST,5,65,District-Champawat,Urban,5-9,0,0,0,0,0,0,0,0,0,0,0,0,0,0,0,0,0,0,0,0,0,0,0,0,0,0,0
C5120ST,5,65,District-Champawat,Urban,10-19,1,1,0,0,0,0,0,0,0,0,0,0,0,0,0,0,0,0,1,1,0,0,0,0,0,0,0
C5120ST,5,65,District-Champawat,Urban,20-29,0,0,0,0,0,0,0,0,0,0,0,0,0,0,0,0,0,0,0,0,0,0,0,0,0,0,0
C5120ST,5,65,District-Champawat,Urban,30-39,1,1,0,0,0,0,0,0,0,0,0,0,0,0,0,0,0,0,0,0,0,0,0,0,1,1,0
C5120ST,5,65,District-Champawat,Urban,40-49,1,1,0,1,1,0,0,0,0,0,0,0,0,0,0,0,0,0,0,0,0,0,0,0,0,0,0
C5120ST,5,65,District-Champawat,Urban,50-59,0,0,0,0,0,0,0,0,0,0,0,0,0,0,0,0,0,0,0,0,0,0,0,0,0,0,0
C5120ST,5,65,District-Champawat,Urban,60-69,0,0,0,0,0,0,0,0,0,0,0,0,0,0,0,0,0,0,0,0,0,0,0,0,0,0,0
C5120ST,5,65,District-Champawat,Urban,70-79,0,0,0,0,0,0,0,0,0,0,0,0,0,0,0,0,0,0,0,0,0,0,0,0,0,0,0
C5120ST,5,65,District-Champawat,Urban,80-89,0,0,0,0,0,0,0,0,0,0,0,0,0,0,0,0,0,0,0,0,0,0,0,0,0,0,0
C5120ST,5,65,District-Champawat,Urban,90+,0,0,0,0,0,0,0,0,0,0,0,0,0,0,0,0,0,0,0,0,0,0,0,0,0,0,0
C5120ST,5,65,District-Champawat,Urban,Age Not Stated,0,0,0,0,0,0,0,0,0,0,0,0,0,0,0,0,0,0,0,0,0,0,0,0,0,0,0
C5120ST,5,66,District-Nainital,Total,Total,105,64,41,18,9,9,28,17,11,9,3,6,17,11,6,6,3,3,2,1,1,15,10,5,10,10,0
C5120ST,5,66,District-Nainital,Total,0-4,4,3,1,1,1,0,2,1,1,0,0,0,0,0,0,0,0,0,0,0,0,1,1,0,0,0,0
C5120ST,5,66,District-Nainital,Total,5-9,8,3,5,1,0,1,1,1,0,2,0,2,0,0,0,0,0,0,0,0,0,3,1,2,1,1,0
C5120ST,5,66,District-Nainital,Total,10-19,20,11,9,0,0,0,6,4,2,3,2,1,5,2,3,2,0,2,0,0,0,2,1,1,2,2,0
C5120ST,5,66,District-Nainital,Total,20-29,14,10,4,4,3,1,3,1,2,1,1,0,1,1,0,2,1,1,0,0,0,3,3,0,0,0,0
C5120ST,5,66,District-Nainital,Total,30-39,8,5,3,2,0,2,1,1,0,1,0,1,3,3,0,0,0,0,0,0,0,1,1,0,0,0,0
C5120ST,5,66,District-Nainital,Total,40-49,12,9,3,2,1,1,1,1,0,1,0,1,4,3,1,1,1,0,1,1,0,2,2,0,0,0,0
C5120ST,5,66,District-Nainital,Total,50-59,8,5,3,1,1,0,2,1,1,1,0,1,2,2,0,0,0,0,0,0,0,1,0,1,1,1,0
C5120ST,5,66,District-Nainital,Total,60-69,12,9,3,3,1,2,3,3,0,0,0,0,1,0,1,1,1,0,0,0,0,1,1,0,3,3,0
C5120ST,5,66,District-Nainital,Total,70-79,10,5,5,3,2,1,3,2,1,0,0,0,1,0,1,0,0,0,1,0,1,1,0,1,1,1,0
C5120ST,5,66,District-Nainital,Total,80-89,5,0,5,1,0,1,4,0,4,0,0,0,0,0,0,0,0,0,0,0,0,0,0,0,0,0,0
C5120ST,5,66,District-Nainital,Total,90+,3,3,0,0,0,0,2,2,0,0,0,0,0,0,0,0,0,0,0,0,0,0,0,0,1,1,0
C5120ST,5,66,District-Nainital,Total,Age Not Stated,1,1,0,0,0,0,0,0,0,0,0,0,0,0,0,0,0,0,0,0,0,0,0,0,1,1,0
C5120ST,5,66,District-Nainital,Rural,Total,86,54,32,16,8,8,19,14,5,8,2,6,14,9,5,6,3,3,1,1,0,13,8,5,9,9,0
C5120ST,5,66,District-Nainital,Rural,0-4,4,3,1,1,1,0,2,1,1,0,0,0,0,0,0,0,0,0,0,0,0,1,1,0,0,0,0
C5120ST,5,66,District-Nainital,Rural,5-9,7,2,5,1,0,1,1,1,0,2,0,2,0,0,0,0,0,0,0,0,0,3,1,2,0,0,0
C5120ST,5,66,District-Nainital,Rural,10-19,18,10,8,0,0,0,6,4,2,3,2,1,3,1,2,2,0,2,0,0,0,2,1,1,2,2,0
C5120ST,5,66,District-Nainital,Rural,20-29,11,9,2,3,3,0,2,1,1,0,0,0,1,1,0,2,1,1,0,0,0,3,3,0,0,0,0
C5120ST,5,66,District-Nainital,Rural,30-39,7,4,3,2,0,2,0,0,0,1,0,1,3,3,0,0,0,0,0,0,0,1,1,0,0,0,0
C5120ST,5,66,District-Nainital,Rural,40-49,10,7,3,2,1,1,1,1,0,1,0,1,4,3,1,1,1,0,1,1,0,0,0,0,0,0,0
C5120ST,5,66,District-Nainital,Rural,50-59,4,2,2,0,0,0,0,0,0,1,0,1,1,1,0,0,0,0,0,0,0,1,0,1,1,1,0
C5120ST,5,66,District-Nainital,Rural,60-69,12,9,3,3,1,2,3,3,0,0,0,0,1,0,1,1,1,0,0,0,0,1,1,0,3,3,0
C5120ST,5,66,District-Nainital,Rural,70-79,8,5,3,3,2,1,2,2,0,0,0,0,1,0,1,0,0,0,0,0,0,1,0,1,1,1,0
C5120ST,5,66,District-Nainital,Rural,80-89,2,0,2,1,0,1,1,0,1,0,0,0,0,0,0,0,0,0,0,0,0,0,0,0,0,0,0
C5120ST,5,66,District-Nainital,Rural,90+,2,2,0,0,0,0,1,1,0,0,0,0,0,0,0,0,0,0,0,0,0,0,0,0,1,1,0
C5120ST,5,66,District-Nainital,Rural,Age Not Stated,1,1,0,0,0,0,0,0,0,0,0,0,0,0,0,0,0,0,0,0,0,0,0,0,1,1,0
C5120ST,5,66,District-Nainital,Urban,Total,19,10,9,2,1,1,9,3,6,1,1,0,3,2,1,0,0,0,1,0,1,2,2,0,1,1,0
C5120ST,5,66,District-Nainital,Urban,0-4,0,0,0,0,0,0,0,0,0,0,0,0,0,0,0,0,0,0,0,0,0,0,0,0,0,0,0
C5120ST,5,66,District-Nainital,Urban,5-9,1,1,0,0,0,0,0,0,0,0,0,0,0,0,0,0,0,0,0,0,0,0,0,0,1,1,0
C5120ST,5,66,District-Nainital,Urban,10-19,2,1,1,0,0,0,0,0,0,0,0,0,2,1,1,0,0,0,0,0,0,0,0,0,0,0,0
C5120ST,5,66,District-Nainital,Urban,20-29,3,1,2,1,0,1,1,0,1,1,1,0,0,0,0,0,0,0,0,0,0,0,0,0,0,0,0
C5120ST,5,66,District-Nainital,Urban,30-39,1,1,0,0,0,0,1,1,0,0,0,0,0,0,0,0,0,0,0,0,0,0,0,0,0,0,0
C5120ST,5,66,District-Nainital,Urban,40-49,2,2,0,0,0,0,0,0,0,0,0,0,0,0,0,0,0,0,0,0,0,2,2,0,0,0,0
C5120ST,5,66,District-Nainital,Urban,50-59,4,3,1,1,1,0,2,1,1,0,0,0,1,1,0,0,0,0,0,0,0,0,0,0,0,0,0
C5120ST,5,66,District-Nainital,Urban,60-69,0,0,0,0,0,0,0,0,0,0,0,0,0,0,0,0,0,0,0,0,0,0,0,0,0,0,0
C5120ST,5,66,District-Nainital,Urban,70-79,2,0,2,0,0,0,1,0,1,0,0,0,0,0,0,0,0,0,1,0,1,0,0,0,0,0,0
C5120ST,5,66,District-Nainital,Urban,80-89,3,0,3,0,0,0,3,0,3,0,0,0,0,0,0,0,0,0,0,0,0,0,0,0,0,0,0
C5120ST,5,66,District-Nainital,Urban,90+,1,1,0,0,0,0,1,1,0,0,0,0,0,0,0,0,0,0,0,0,0,0,0,0,0,0,0
C5120ST,5,66,District-Nainital,Urban,Age Not Stated,0,0,0,0,0,0,0,0,0,0,0,0,0,0,0,0,0,0,0,0,0,0,0,0,0,0,0
C5120ST,5,67,District-Udham Singh Nagar,Total,Total,2861,1584,1277,476,257,219,599,304,295,70,40,30,510,302,208,137,74,63,50,25,25,819,463,356,200,119,81
C5120ST,5,67,District-Udham Singh Nagar,Total,0-4,119,70,49,18,11,7,28,12,16,1,0,1,7,6,1,3,2,1,1,1,0,55,33,22,6,5,1
C5120ST,5,67,District-Udham Singh Nagar,Total,5-9,181,104,77,14,8,6,40,18,22,11,8,3,17,12,5,12,6,6,0,0,0,71,39,32,16,13,3
C5120ST,5,67,District-Udham Singh Nagar,Total,10-19,600,337,263,61,35,26,135,70,65,16,8,8,91,50,41,39,22,17,13,10,3,200,115,85,45,27,18
C5120ST,5,67,District-Udham Singh Nagar,Total,20-29,511,269,242,57,28,29,100,55,45,11,5,6,136,70,66,32,18,14,13,4,9,134,74,60,28,15,13
C5120ST,5,67,District-Udham Singh Nagar,Total,30-39,351,222,129,43,30,13,49,31,18,12,11,1,76,53,23,25,12,13,4,3,1,126,73,53,16,9,7
C5120ST,5,67,District-Udham Singh Nagar,Total,40-49,277,160,117,49,28,21,50,27,23,5,1,4,56,41,15,13,5,8,7,3,4,85,46,39,12,9,3
C5120ST,5,67,District-Udham Singh Nagar,Total,50-59,225,117,108,39,21,18,53,22,31,6,4,2,43,23,20,7,5,2,6,2,4,63,34,29,8,6,2
C5120ST,5,67,District-Udham Singh Nagar,Total,60-69,272,146,126,84,43,41,66,34,32,5,2,3,42,24,18,4,2,2,2,2,0,51,30,21,18,9,9
C5120ST,5,67,District-Udham Singh Nagar,Total,70-79,174,83,91,63,28,35,39,17,22,2,1,1,25,17,8,1,1,0,4,0,4,19,7,12,21,12,9
C5120ST,5,67,District-Udham Singh Nagar,Total,80-89,111,54,57,37,19,18,26,11,15,1,0,1,14,5,9,1,1,0,0,0,0,11,9,2,21,9,12
C5120ST,5,67,District-Udham Singh Nagar,Total,90+,37,19,18,11,6,5,13,7,6,0,0,0,3,1,2,0,0,0,0,0,0,1,0,1,9,5,4
C5120ST,5,67,District-Udham Singh Nagar,Total,Age Not Stated,3,3,0,0,0,0,0,0,0,0,0,0,0,0,0,0,0,0,0,0,0,3,3,0,0,0,0
C5120ST,5,67,District-Udham Singh Nagar,Rural,Total,2742,1522,1220,436,238,198,582,294,288,68,39,29,481,284,197,129,72,57,48,24,24,805,456,349,193,115,78
C5120ST,5,67,District-Udham Singh Nagar,Rural,0-4,117,68,49,18,11,7,28,12,16,1,0,1,7,6,1,3,2,1,1,1,0,53,31,22,6,5,1
C5120ST,5,67,District-Udham Singh Nagar,Rural,5-9,172,99,73,13,7,6,37,16,21,10,8,2,16,11,5,12,6,6,0,0,0,69,38,31,15,13,2
C5120ST,5,67,District-Udham Singh Nagar,Rural,10-19,577,325,252,57,33,24,133,69,64,16,8,8,83,45,38,35,22,13,13,10,3,197,113,84,43,25,18
C5120ST,5,67,District-Udham Singh Nagar,Rural,20-29,493,260,233,52,27,25,96,51,45,11,5,6,131,67,64,32,18,14,12,4,8,132,73,59,27,15,12
C5120ST,5,67,District-Udham Singh Nagar,Rural,30-39,339,214,125,41,29,12,47,30,17,12,11,1,70,49,21,24,11,13,4,3,1,126,73,53,15,8,7
C5120ST,5,67,District-Udham Singh Nagar,Rural,40-49,261,151,110,45,25,20,49,27,22,5,1,4,52,38,14,10,4,6,7,3,4,82,45,37,11,8,3
C5120ST,5,67,District-Udham Singh Nagar,Rural,50-59,220,115,105,37,20,17,51,21,30,6,4,2,43,23,20,7,5,2,6,2,4,62,34,28,8,6,2
C5120ST,5,67,District-Udham Singh Nagar,Rural,60-69,255,138,117,75,39,36,64,33,31,5,2,3,39,22,17,4,2,2,1,1,0,50,30,20,17,9,8
C5120ST,5,67,District-Udham Singh Nagar,Rural,70-79,162,77,85,53,23,30,38,17,21,1,0,1,25,17,8,1,1,0,4,0,4,19,7,12,21,12,9
C5120ST,5,67,District-Udham Singh Nagar,Rural,80-89,109,54,55,36,19,17,26,11,15,1,0,1,13,5,8,1,1,0,0,0,0,11,9,2,21,9,12
C5120ST,5,67,District-Udham Singh Nagar,Rural,90+,34,18,16,9,5,4,13,7,6,0,0,0,2,1,1,0,0,0,0,0,0,1,0,1,9,5,4
C5120ST,5,67,District-Udham Singh Nagar,Rural,Age Not Stated,3,3,0,0,0,0,0,0,0,0,0,0,0,0,0,0,0,0,0,0,0,3,3,0,0,0,0
C5120ST,5,67,District-Udham Singh Nagar,Urban,Total,119,62,57,40,19,21,17,10,7,2,1,1,29,18,11,8,2,6,2,1,1,14,7,7,7,4,3
C5120ST,5,67,District-Udham Singh Nagar,Urban,0-4,2,2,0,0,0,0,0,0,0,0,0,0,0,0,0,0,0,0,0,0,0,2,2,0,0,0,0
C5120ST,5,67,District-Udham Singh Nagar,Urban,5-9,9,5,4,1,1,0,3,2,1,1,0,1,1,1,0,0,0,0,0,0,0,2,1,1,1,0,1
C5120ST,5,67,District-Udham Singh Nagar,Urban,10-19,23,12,11,4,2,2,2,1,1,0,0,0,8,5,3,4,0,4,0,0,0,3,2,1,2,2,0
C5120ST,5,67,District-Udham Singh Nagar,Urban,20-29,18,9,9,5,1,4,4,4,0,0,0,0,5,3,2,0,0,0,1,0,1,2,1,1,1,0,1
C5120ST,5,67,District-Udham Singh Nagar,Urban,30-39,12,8,4,2,1,1,2,1,1,0,0,0,6,4,2,1,1,0,0,0,0,0,0,0,1,1,0
C5120ST,5,67,District-Udham Singh Nagar,Urban,40-49,16,9,7,4,3,1,1,0,1,0,0,0,4,3,1,3,1,2,0,0,0,3,1,2,1,1,0
C5120ST,5,67,District-Udham Singh Nagar,Urban,50-59,5,2,3,2,1,1,2,1,1,0,0,0,0,0,0,0,0,0,0,0,0,1,0,1,0,0,0
C5120ST,5,67,District-Udham Singh Nagar,Urban,60-69,17,8,9,9,4,5,2,1,1,0,0,0,3,2,1,0,0,0,1,1,0,1,0,1,1,0,1
C5120ST,5,67,District-Udham Singh Nagar,Urban,70-79,12,6,6,10,5,5,1,0,1,1,1,0,0,0,0,0,0,0,0,0,0,0,0,0,0,0,0
C5120ST,5,67,District-Udham Singh Nagar,Urban,80-89,2,0,2,1,0,1,0,0,0,0,0,0,1,0,1,0,0,0,0,0,0,0,0,0,0,0,0
C5120ST,5,67,District-Udham Singh Nagar,Urban,90+,3,1,2,2,1,1,0,0,0,0,0,0,1,0,1,0,0,0,0,0,0,0,0,0,0,0,0
C5120ST,5,67,District-Udham Singh Nagar,Urban,Age Not Stated,0,0,0,0,0,0,0,0,0,0,0,0,0,0,0,0,0,0,0,0,0,0,0,0,0,0,0
C5120ST,5,68,District-Hardwar,Total,Total,154,86,68,33,16,17,35,16,19,13,10,3,34,22,12,6,2,4,2,0,2,16,9,7,15,11,4
C5120ST,5,68,District-Hardwar,Total,0-4,6,1,5,3,0,3,2,1,1,0,0,0,0,0,0,0,0,0,0,0,0,0,0,0,1,0,1
C5120ST,5,68,District-Hardwar,Total,5-9,17,11,6,7,6,1,6,3,3,0,0,0,0,0,0,1,0,1,0,0,0,2,1,1,1,1,0
C5120ST,5,68,District-Hardwar,Total,10-19,21,9,12,5,1,4,2,0,2,4,4,0,5,3,2,2,0,2,1,0,1,1,0,1,1,1,0
C5120ST,5,68,District-Hardwar,Total,20-29,28,16,12,5,3,2,7,4,3,1,1,0,6,3,3,1,0,1,0,0,0,4,2,2,4,3,1
C5120ST,5,68,District-Hardwar,Total,30-39,12,10,2,1,1,0,2,2,0,1,0,1,5,4,1,0,0,0,0,0,0,2,2,0,1,1,0
C5120ST,5,68,District-Hardwar,Total,40-49,26,18,8,4,3,1,3,2,1,5,4,1,4,3,1,2,2,0,1,0,1,3,2,1,4,2,2
C5120ST,5,68,District-Hardwar,Total,50-59,7,3,4,2,0,2,0,0,0,1,1,0,4,2,2,0,0,0,0,0,0,0,0,0,0,0,0
C5120ST,5,68,District-Hardwar,Total,60-69,18,8,10,2,1,1,8,2,6,0,0,0,5,4,1,0,0,0,0,0,0,2,0,2,1,1,0
C5120ST,5,68,District-Hardwar,Total,70-79,12,6,6,3,1,2,3,1,2,1,0,1,3,2,1,0,0,0,0,0,0,0,0,0,2,2,0
C5120ST,5,68,District-Hardwar,Total,80-89,4,3,1,0,0,0,2,1,1,0,0,0,1,1,0,0,0,0,0,0,0,1,1,0,0,0,0
C5120ST,5,68,District-Hardwar,Total,90+,2,0,2,1,0,1,0,0,0,0,0,0,1,0,1,0,0,0,0,0,0,0,0,0,0,0,0
C5120ST,5,68,District-Hardwar,Total,Age Not Stated,1,1,0,0,0,0,0,0,0,0,0,0,0,0,0,0,0,0,0,0,0,1,1,0,0,0,0
C5120ST,5,68,District-Hardwar,Rural,Total,132,74,58,31,15,16,26,12,14,13,10,3,29,18,11,5,1,4,2,0,2,11,7,4,15,11,4
C5120ST,5,68,District-Hardwar,Rural,0-4,6,1,5,3,0,3,2,1,1,0,0,0,0,0,0,0,0,0,0,0,0,0,0,0,1,0,1
C5120ST,5,68,District-Hardwar,Rural,5-9,15,10,5,6,5,1,5,3,2,0,0,0,0,0,0,1,0,1,0,0,0,2,1,1,1,1,0
C5120ST,5,68,District-Hardwar,Rural,10-19,20,9,11,5,1,4,1,0,1,4,4,0,5,3,2,2,0,2,1,0,1,1,0,1,1,1,0
C5120ST,5,68,District-Hardwar,Rural,20-29,23,14,9,5,3,2,5,3,2,1,1,0,5,2,3,1,0,1,0,0,0,2,2,0,4,3,1
C5120ST,5,68,District-Hardwar,Rural,30-39,10,8,2,1,1,0,1,1,0,1,0,1,4,3,1,0,0,0,0,0,0,2,2,0,1,1,0
C5120ST,5,68,District-Hardwar,Rural,40-49,21,15,6,4,3,1,1,1,0,5,4,1,4,3,1,1,1,0,1,0,1,1,1,0,4,2,2
C5120ST,5,68,District-Hardwar,Rural,50-59,6,3,3,2,0,2,0,0,0,1,1,0,3,2,1,0,0,0,0,0,0,0,0,0,0,0,0
C5120ST,5,68,District-Hardwar,Rural,60-69,16,7,9,2,1,1,7,2,5,0,0,0,4,3,1,0,0,0,0,0,0,2,0,2,1,1,0
C5120ST,5,68,District-Hardwar,Rural,70-79,10,5,5,2,1,1,2,0,2,1,0,1,3,2,1,0,0,0,0,0,0,0,0,0,2,2,0
C5120ST,5,68,District-Hardwar,Rural,80-89,2,1,1,0,0,0,2,1,1,0,0,0,0,0,0,0,0,0,0,0,0,0,0,0,0,0,0
C5120ST,5,68,District-Hardwar,Rural,90+,2,0,2,1,0,1,0,0,0,0,0,0,1,0,1,0,0,0,0,0,0,0,0,0,0,0,0
C5120ST,5,68,District-Hardwar,Rural,Age Not Stated,1,1,0,0,0,0,0,0,0,0,0,0,0,0,0,0,0,0,0,0,0,1,1,0,0,0,0
C5120ST,5,68,District-Hardwar,Urban,Total,22,12,10,2,1,1,9,4,5,0,0,0,5,4,1,1,1,0,0,0,0,5,2,3,0,0,0
C5120ST,5,68,District-Hardwar,Urban,0-4,0,0,0,0,0,0,0,0,0,0,0,0,0,0,0,0,0,0,0,0,0,0,0,0,0,0,0
C5120ST,5,68,District-Hardwar,Urban,5-9,2,1,1,1,1,0,1,0,1,0,0,0,0,0,0,0,0,0,0,0,0,0,0,0,0,0,0
C5120ST,5,68,District-Hardwar,Urban,10-19,1,0,1,0,0,0,1,0,1,0,0,0,0,0,0,0,0,0,0,0,0,0,0,0,0,0,0
C5120ST,5,68,District-Hardwar,Urban,20-29,5,2,3,0,0,0,2,1,1,0,0,0,1,1,0,0,0,0,0,0,0,2,0,2,0,0,0
C5120ST,5,68,District-Hardwar,Urban,30-39,2,2,0,0,0,0,1,1,0,0,0,0,1,1,0,0,0,0,0,0,0,0,0,0,0,0,0
C5120ST,5,68,District-Hardwar,Urban,40-49,5,3,2,0,0,0,2,1,1,0,0,0,0,0,0,1,1,0,0,0,0,2,1,1,0,0,0
C5120ST,5,68,District-Hardwar,Urban,50-59,1,0,1,0,0,0,0,0,0,0,0,0,1,0,1,0,0,0,0,0,0,0,0,0,0,0,0
C5120ST,5,68,District-Hardwar,Urban,60-69,2,1,1,0,0,0,1,0,1,0,0,0,1,1,0,0,0,0,0,0,0,0,0,0,0,0,0
C5120ST,5,68,District-Hardwar,Urban,70-79,2,1,1,1,0,1,1,1,0,0,0,0,0,0,0,0,0,0,0,0,0,0,0,0,0,0,0
C5120ST,5,68,District-Hardwar,Urban,80-89,2,2,0,0,0,0,0,0,0,0,0,0,1,1,0,0,0,0,0,0,0,1,1,0,0,0,0
C5120ST,5,68,District-Hardwar,Urban,90+,0,0,0,0,0,0,0,0,0,0,0,0,0,0,0,0,0,0,0,0,0,0,0,0,0,0,0
C5120ST,5,68,District-Hardwar,Urban,Age Not Stated,0,0,0,0,0,0,0,0,0,0,0,0,0,0,0,0,0,0,0,0,0,0,0,0,0,0,0
C5120ST,8,0,State-RAJASTHAN,Total,Total,207245,110361,96884,43337,21530,21807,31001,15838,15163,6410,3936,2474,58498,32652,25846,9762,6090,3672,4933,2925,2008,25044,13851,11193,28260,13539,14721
C5120ST,8,0,State-RAJASTHAN,Total,0-4,8360,4546,3814,2226,1191,1035,1630,836,794,159,94,65,1173,681,492,250,137,113,49,27,22,2270,1216,1054,603,364,239
C5120ST,8,0,State-RAJASTHAN,Total,5-9,13432,7516,5916,2783,1448,1335,2413,1293,1120,1125,700,425,1844,1121,723,1015,584,431,227,135,92,2557,1354,1203,1468,881,587
C5120ST,8,0,State-RAJASTHAN,Total,10-19,30391,17567,12824,5187,2769,2418,4422,2421,2001,1876,1205,671,6863,4118,2745,2970,1856,1114,828,494,334,5036,2739,2297,3209,1965,1244
C5120ST,8,0,State-RAJASTHAN,Total,20-29,23297,14510,8787,3463,2011,1452,3169,1791,1378,934,586,348,8051,5341,2710,1634,1089,545,903,596,307,3455,2036,1419,1688,1060,628
C5120ST,8,0,State-RAJASTHAN,Total,30-39,20275,12613,7662,3019,1791,1228,2893,1680,1213,759,459,300,6623,4337,2286,1449,958,491,1052,658,394,3141,1907,1234,1339,823,516
C5120ST,8,0,State-RAJASTHAN,Total,40-49,18429,11093,7336,3516,1980,1536,2730,1509,1221,573,341,232,5452,3525,1927,1233,793,440,883,508,375,2683,1619,1064,1359,818,541
C5120ST,8,0,State-RAJASTHAN,Total,50-59,18122,9640,8482,4540,2274,2266,2884,1454,1430,394,221,173,5609,3171,2438,602,359,243,472,254,218,1892,1054,838,1729,853,876
C5120ST,8,0,State-RAJASTHAN,Total,60-69,31993,14024,17969,8718,3726,4992,5183,2201,2982,346,197,149,9886,4508,5378,384,201,183,322,154,168,2070,1037,1033,5084,2000,3084
C5120ST,8,0,State-RAJASTHAN,Total,70-79,28243,12422,15821,6937,3032,3905,3945,1824,2121,155,79,76,8811,3995,4816,143,75,68,128,68,60,1248,568,680,6876,2781,4095
C5120ST,8,0,State-RAJASTHAN,Total,80-89,10898,4759,6139,2288,1015,1273,1300,616,684,48,25,23,3169,1403,1766,29,13,16,44,19,25,398,178,220,3622,1490,2132
C5120ST,8,0,State-RAJASTHAN,Total,90+,2863,1226,1637,477,214,263,306,153,153,13,9,4,776,340,436,14,5,9,6,3,3,102,43,59,1169,459,710
C5120ST,8,0,State-RAJASTHAN,Total,Age Not Stated,942,445,497,183,79,104,126,60,66,28,20,8,241,112,129,39,20,19,19,9,10,192,100,92,114,45,69
C5120ST,8,0,State-RAJASTHAN,Rural,Total,195281,103588,91693,40286,19929,20357,28822,14616,14206,5696,3536,2160,55993,31105,24888,9221,5755,3466,4635,2735,1900,23311,12856,10455,27317,13056,14261
C5120ST,8,0,State-RAJASTHAN,Rural,0-4,7738,4198,3540,2028,1083,945,1503,760,743,138,81,57,1120,653,467,235,126,109,47,27,20,2109,1132,977,558,336,222
C5120ST,8,0,State-RAJASTHAN,Rural,5-9,12538,7001,5537,2530,1312,1218,2209,1174,1035,1041,653,388,1764,1073,691,962,550,412,216,131,85,2444,1289,1155,1372,819,553
C5120ST,8,0,State-RAJASTHAN,Rural,10-19,28097,16249,11848,4582,2465,2117,4014,2168,1846,1682,1101,581,6538,3915,2623,2811,1755,1056,776,464,312,4673,2532,2141,3021,1849,1172
C5120ST,8,0,State-RAJASTHAN,Rural,20-29,21308,13313,7995,3014,1754,1260,2818,1592,1226,795,505,290,7583,5033,2550,1513,1013,500,831,540,291,3149,1865,1284,1605,1011,594
C5120ST,8,0,State-RAJASTHAN,Rural,30-39,18679,11659,7020,2658,1577,1081,2601,1516,1085,666,412,254,6222,4071,2151,1377,919,458,997,624,373,2868,1745,1123,1290,795,495
C5120ST,8,0,State-RAJASTHAN,Rural,40-49,17168,10294,6874,3203,1804,1399,2506,1378,1128,490,290,200,5161,3308,1853,1172,755,417,830,475,355,2488,1493,995,1318,791,527
C5120ST,8,0,State-RAJASTHAN,Rural,50-59,17098,9038,8060,4268,2124,2144,2695,1349,1346,342,186,156,5354,3013,2341,564,335,229,448,238,210,1743,965,778,1684,828,856
C5120ST,8,0,State-RAJASTHAN,Rural,60-69,30935,13520,17415,8410,3585,4825,5001,2114,2887,317,186,131,9573,4353,5220,371,194,177,303,145,158,1985,985,1000,4975,1958,3017
C5120ST,8,0,State-RAJASTHAN,Rural,70-79,27476,12102,15374,6742,2957,3785,3817,1776,2041,146,75,71,8609,3893,4716,141,73,68,124,66,58,1200,543,657,6697,2719,3978
C5120ST,8,0,State-RAJASTHAN,Rural,80-89,10604,4622,5982,2218,986,1232,1254,592,662,46,24,22,3088,1362,1726,29,13,16,39,14,25,378,172,206,3552,1459,2093
C5120ST,8,0,State-RAJASTHAN,Rural,90+,2752,1175,1577,458,205,253,289,143,146,8,5,3,752,326,426,12,5,7,6,3,3,93,41,52,1134,447,687
C5120ST,8,0,State-RAJASTHAN,Rural,Age Not Stated,888,417,471,175,77,98,115,54,61,25,18,7,229,105,124,34,17,17,18,8,10,181,94,87,111,44,67
C5120ST,8,0,State-RAJASTHAN,Urban,Total,11964,6773,5191,3051,1601,1450,2179,1222,957,714,400,314,2505,1547,958,541,335,206,298,190,108,1733,995,738,943,483,460
C5120ST,8,0,State-RAJASTHAN,Urban,0-4,622,348,274,198,108,90,127,76,51,21,13,8,53,28,25,15,11,4,2,0,2,161,84,77,45,28,17
C5120ST,8,0,State-RAJASTHAN,Urban,5-9,894,515,379,253,136,117,204,119,85,84,47,37,80,48,32,53,34,19,11,4,7,113,65,48,96,62,34
C5120ST,8,0,State-RAJASTHAN,Urban,10-19,2294,1318,976,605,304,301,408,253,155,194,104,90,325,203,122,159,101,58,52,30,22,363,207,156,188,116,72
C5120ST,8,0,State-RAJASTHAN,Urban,20-29,1989,1197,792,449,257,192,351,199,152,139,81,58,468,308,160,121,76,45,72,56,16,306,171,135,83,49,34
C5120ST,8,0,State-RAJASTHAN,Urban,30-39,1596,954,642,361,214,147,292,164,128,93,47,46,401,266,135,72,39,33,55,34,21,273,162,111,49,28,21
C5120ST,8,0,State-RAJASTHAN,Urban,40-49,1261,799,462,313,176,137,224,131,93,83,51,32,291,217,74,61,38,23,53,33,20,195,126,69,41,27,14
C5120ST,8,0,State-RAJASTHAN,Urban,50-59,1024,602,422,272,150,122,189,105,84,52,35,17,255,158,97,38,24,14,24,16,8,149,89,60,45,25,20
C5120ST,8,0,State-RAJASTHAN,Urban,60-69,1058,504,554,308,141,167,182,87,95,29,11,18,313,155,158,13,7,6,19,9,10,85,52,33,109,42,67
C5120ST,8,0,State-RAJASTHAN,Urban,70-79,767,320,447,195,75,120,128,48,80,9,4,5,202,102,100,2,2,0,4,2,2,48,25,23,179,62,117
C5120ST,8,0,State-RAJASTHAN,Urban,80-89,294,137,157,70,29,41,46,24,22,2,1,1,81,41,40,0,0,0,5,5,0,20,6,14,70,31,39
C5120ST,8,0,State-RAJASTHAN,Urban,90+,111,51,60,19,9,10,17,10,7,5,4,1,24,14,10,2,0,2,0,0,0,9,2,7,35,12,23
C5120ST,8,0,State-RAJASTHAN,Urban,Age Not Stated,54,28,26,8,2,6,11,6,5,3,2,1,12,7,5,5,3,2,1,1,0,11,6,5,3,1,2
C5120ST,8,99,District-Ganganagar ,Total,Total,211,124,87,30,12,18,28,15,13,12,9,3,62,42,20,13,8,5,9,5,4,34,19,15,23,14,9
C5120ST,8,99,District-Ganganagar ,Total,0-4,10,6,4,1,1,0,2,2,0,1,1,0,1,0,1,1,1,0,0,0,0,4,1,3,0,0,0
C5120ST,8,99,District-Ganganagar ,Total,5-9,14,5,9,3,0,3,0,0,0,0,0,0,4,3,1,1,0,1,0,0,0,4,0,4,2,2,0
C5120ST,8,99,District-Ganganagar ,Total,10-19,41,26,15,1,1,0,7,2,5,3,2,1,10,9,1,2,0,2,3,2,1,9,7,2,6,3,3
C5120ST,8,99,District-Ganganagar ,Total,20-29,44,29,15,2,1,1,3,1,2,5,5,0,16,10,6,3,3,0,4,1,3,4,3,1,7,5,2
C5120ST,8,99,District-Ganganagar ,Total,30-39,20,14,6,0,0,0,5,4,1,1,1,0,8,4,4,1,1,0,1,1,0,4,3,1,0,0,0
C5120ST,8,99,District-Ganganagar ,Total,40-49,22,15,7,3,1,2,3,3,0,0,0,0,9,7,2,2,1,1,1,1,0,2,1,1,2,1,1
C5120ST,8,99,District-Ganganagar ,Total,50-59,15,9,6,5,2,3,2,1,1,1,0,1,4,3,1,1,1,0,0,0,0,1,1,0,1,1,0
C5120ST,8,99,District-Ganganagar ,Total,60-69,23,11,12,7,3,4,6,2,4,1,0,1,3,2,1,0,0,0,0,0,0,4,3,1,2,1,1
C5120ST,8,99,District-Ganganagar ,Total,70-79,10,4,6,5,2,3,0,0,0,0,0,0,3,1,2,0,0,0,0,0,0,0,0,0,2,1,1
C5120ST,8,99,District-Ganganagar ,Total,80-89,7,2,5,3,1,2,0,0,0,0,0,0,2,1,1,1,0,1,0,0,0,1,0,1,0,0,0
C5120ST,8,99,District-Ganganagar ,Total,90+,2,0,2,0,0,0,0,0,0,0,0,0,0,0,0,0,0,0,0,0,0,1,0,1,1,0,1
C5120ST,8,99,District-Ganganagar ,Total,Age Not Stated,3,3,0,0,0,0,0,0,0,0,0,0,2,2,0,1,1,0,0,0,0,0,0,0,0,0,0
C5120ST,8,99,District-Ganganagar ,Rural,Total,59,29,30,14,7,7,9,1,8,3,2,1,10,6,4,4,2,2,2,1,1,8,5,3,9,5,4
C5120ST,8,99,District-Ganganagar ,Rural,0-4,1,0,1,0,0,0,0,0,0,0,0,0,0,0,0,0,0,0,0,0,0,1,0,1,0,0,0
C5120ST,8,99,District-Ganganagar ,Rural,5-9,1,0,1,1,0,1,0,0,0,0,0,0,0,0,0,0,0,0,0,0,0,0,0,0,0,0,0
C5120ST,8,99,District-Ganganagar ,Rural,10-19,11,6,5,0,0,0,2,0,2,1,1,0,3,2,1,1,0,1,1,1,0,1,1,0,2,1,1
C5120ST,8,99,District-Ganganagar ,Rural,20-29,10,8,2,1,1,0,0,0,0,1,1,0,4,3,1,0,0,0,1,0,1,1,1,0,2,2,0
C5120ST,8,99,District-Ganganagar ,Rural,30-39,4,2,2,0,0,0,1,0,1,0,0,0,0,0,0,0,0,0,0,0,0,3,2,1,0,0,0
C5120ST,8,99,District-Ganganagar ,Rural,40-49,5,3,2,1,1,0,0,0,0,0,0,0,1,1,0,0,0,0,0,0,0,1,0,1,2,1,1
C5120ST,8,99,District-Ganganagar ,Rural,50-59,5,3,2,0,0,0,2,1,1,1,0,1,0,0,0,1,1,0,0,0,0,0,0,0,1,1,0
C5120ST,8,99,District-Ganganagar ,Rural,60-69,13,4,9,6,3,3,4,0,4,0,0,0,1,0,1,0,0,0,0,0,0,1,1,0,1,0,1
C5120ST,8,99,District-Ganganagar ,Rural,70-79,6,1,5,4,1,3,0,0,0,0,0,0,1,0,1,0,0,0,0,0,0,0,0,0,1,0,1
C5120ST,8,99,District-Ganganagar ,Rural,80-89,2,1,1,1,1,0,0,0,0,0,0,0,0,0,0,1,0,1,0,0,0,0,0,0,0,0,0
C5120ST,8,99,District-Ganganagar ,Rural,90+,0,0,0,0,0,0,0,0,0,0,0,0,0,0,0,0,0,0,0,0,0,0,0,0,0,0,0
C5120ST,8,99,District-Ganganagar ,Rural,Age Not Stated,1,1,0,0,0,0,0,0,0,0,0,0,0,0,0,1,1,0,0,0,0,0,0,0,0,0,0
C5120ST,8,99,District-Ganganagar ,Urban,Total,152,95,57,16,5,11,19,14,5,9,7,2,52,36,16,9,6,3,7,4,3,26,14,12,14,9,5
C5120ST,8,99,District-Ganganagar ,Urban,0-4,9,6,3,1,1,0,2,2,0,1,1,0,1,0,1,1,1,0,0,0,0,3,1,2,0,0,0
C5120ST,8,99,District-Ganganagar ,Urban,5-9,13,5,8,2,0,2,0,0,0,0,0,0,4,3,1,1,0,1,0,0,0,4,0,4,2,2,0
C5120ST,8,99,District-Ganganagar ,Urban,10-19,30,20,10,1,1,0,5,2,3,2,1,1,7,7,0,1,0,1,2,1,1,8,6,2,4,2,2
C5120ST,8,99,District-Ganganagar ,Urban,20-29,34,21,13,1,0,1,3,1,2,4,4,0,12,7,5,3,3,0,3,1,2,3,2,1,5,3,2
C5120ST,8,99,District-Ganganagar ,Urban,30-39,16,12,4,0,0,0,4,4,0,1,1,0,8,4,4,1,1,0,1,1,0,1,1,0,0,0,0
C5120ST,8,99,District-Ganganagar ,Urban,40-49,17,12,5,2,0,2,3,3,0,0,0,0,8,6,2,2,1,1,1,1,0,1,1,0,0,0,0
C5120ST,8,99,District-Ganganagar ,Urban,50-59,10,6,4,5,2,3,0,0,0,0,0,0,4,3,1,0,0,0,0,0,0,1,1,0,0,0,0
C5120ST,8,99,District-Ganganagar ,Urban,60-69,10,7,3,1,0,1,2,2,0,1,0,1,2,2,0,0,0,0,0,0,0,3,2,1,1,1,0
C5120ST,8,99,District-Ganganagar ,Urban,70-79,4,3,1,1,1,0,0,0,0,0,0,0,2,1,1,0,0,0,0,0,0,0,0,0,1,1,0
C5120ST,8,99,District-Ganganagar ,Urban,80-89,5,1,4,2,0,2,0,0,0,0,0,0,2,1,1,0,0,0,0,0,0,1,0,1,0,0,0
C5120ST,8,99,District-Ganganagar ,Urban,90+,2,0,2,0,0,0,0,0,0,0,0,0,0,0,0,0,0,0,0,0,0,1,0,1,1,0,1
C5120ST,8,99,District-Ganganagar ,Urban,Age Not Stated,2,2,0,0,0,0,0,0,0,0,0,0,2,2,0,0,0,0,0,0,0,0,0,0,0,0,0
C5120ST,8,100,District-Hanumangarh,Total,Total,275,165,110,49,23,26,48,23,25,9,8,1,66,44,22,21,16,5,3,2,1,60,40,20,19,9,10
C5120ST,8,100,District-Hanumangarh,Total,0-4,12,8,4,1,1,0,3,2,1,0,0,0,1,1,0,2,1,1,0,0,0,5,3,2,0,0,0
C5120ST,8,100,District-Hanumangarh,Total,5-9,23,12,11,6,1,5,5,4,1,0,0,0,3,2,1,3,2,1,0,0,0,5,2,3,1,1,0
C5120ST,8,100,District-Hanumangarh,Total,10-19,52,37,15,9,5,4,7,4,3,4,4,0,9,6,3,4,4,0,1,1,0,15,10,5,3,3,0
C5120ST,8,100,District-Hanumangarh,Total,20-29,35,25,10,4,2,2,3,1,2,2,1,1,8,7,1,6,6,0,0,0,0,9,7,2,3,1,2
C5120ST,8,100,District-Hanumangarh,Total,30-39,43,31,12,4,2,2,4,2,2,2,2,0,19,15,4,3,2,1,1,1,0,10,7,3,0,0,0
C5120ST,8,100,District-Hanumangarh,Total,40-49,28,15,13,7,4,3,7,2,5,1,1,0,5,2,3,2,1,1,1,0,1,5,5,0,0,0,0
C5120ST,8,100,District-Hanumangarh,Total,50-59,19,7,12,5,1,4,4,1,3,0,0,0,6,4,2,0,0,0,0,0,0,2,0,2,2,1,1
C5120ST,8,100,District-Hanumangarh,Total,60-69,31,18,13,7,4,3,9,5,4,0,0,0,5,4,1,1,0,1,0,0,0,8,5,3,1,0,1
C5120ST,8,100,District-Hanumangarh,Total,70-79,20,8,12,3,1,2,4,2,2,0,0,0,6,2,4,0,0,0,0,0,0,1,1,0,6,2,4
C5120ST,8,100,District-Hanumangarh,Total,80-89,7,3,4,1,1,0,2,0,2,0,0,0,3,1,2,0,0,0,0,0,0,0,0,0,1,1,0
C5120ST,8,100,District-Hanumangarh,Total,90+,3,0,3,1,0,1,0,0,0,0,0,0,0,0,0,0,0,0,0,0,0,0,0,0,2,0,2
C5120ST,8,100,District-Hanumangarh,Total,Age Not Stated,2,1,1,1,1,0,0,0,0,0,0,0,1,0,1,0,0,0,0,0,0,0,0,0,0,0,0
C5120ST,8,100,District-Hanumangarh,Rural,Total,130,80,50,19,12,7,19,8,11,5,4,1,32,20,12,11,9,2,3,2,1,33,21,12,8,4,4
C5120ST,8,100,District-Hanumangarh,Rural,0-4,7,5,2,1,1,0,0,0,0,0,0,0,0,0,0,1,1,0,0,0,0,5,3,2,0,0,0
C5120ST,8,100,District-Hanumangarh,Rural,5-9,13,9,4,3,1,2,1,1,0,0,0,0,2,2,0,2,2,0,0,0,0,4,2,2,1,1,0
C5120ST,8,100,District-Hanumangarh,Rural,10-19,26,19,7,3,3,0,3,2,1,3,3,0,5,2,3,3,3,0,1,1,0,6,3,3,2,2,0
C5120ST,8,100,District-Hanumangarh,Rural,20-29,14,11,3,2,1,1,1,1,0,1,0,1,2,2,0,3,3,0,0,0,0,4,4,0,1,0,1
C5120ST,8,100,District-Hanumangarh,Rural,30-39,18,13,5,1,1,0,2,1,1,1,1,0,8,7,1,1,0,1,1,1,0,4,2,2,0,0,0
C5120ST,8,100,District-Hanumangarh,Rural,40-49,8,3,5,0,0,0,3,0,3,0,0,0,1,0,1,0,0,0,1,0,1,3,3,0,0,0,0
C5120ST,8,100,District-Hanumangarh,Rural,50-59,8,2,6,3,1,2,2,0,2,0,0,0,2,1,1,0,0,0,0,0,0,1,0,1,0,0,0
C5120ST,8,100,District-Hanumangarh,Rural,60-69,19,11,8,3,2,1,3,1,2,0,0,0,5,4,1,1,0,1,0,0,0,6,4,2,1,0,1
C5120ST,8,100,District-Hanumangarh,Rural,70-79,11,5,6,1,0,1,3,2,1,0,0,0,5,2,3,0,0,0,0,0,0,0,0,0,2,1,1
C5120ST,8,100,District-Hanumangarh,Rural,80-89,4,1,3,1,1,0,1,0,1,0,0,0,2,0,2,0,0,0,0,0,0,0,0,0,0,0,0
C5120ST,8,100,District-Hanumangarh,Rural,90+,1,0,1,0,0,0,0,0,0,0,0,0,0,0,0,0,0,0,0,0,0,0,0,0,1,0,1
C5120ST,8,100,District-Hanumangarh,Rural,Age Not Stated,1,1,0,1,1,0,0,0,0,0,0,0,0,0,0,0,0,0,0,0,0,0,0,0,0,0,0
C5120ST,8,100,District-Hanumangarh,Urban,Total,145,85,60,30,11,19,29,15,14,4,4,0,34,24,10,10,7,3,0,0,0,27,19,8,11,5,6
C5120ST,8,100,District-Hanumangarh,Urban,0-4,5,3,2,0,0,0,3,2,1,0,0,0,1,1,0,1,0,1,0,0,0,0,0,0,0,0,0
C5120ST,8,100,District-Hanumangarh,Urban,5-9,10,3,7,3,0,3,4,3,1,0,0,0,1,0,1,1,0,1,0,0,0,1,0,1,0,0,0
C5120ST,8,100,District-Hanumangarh,Urban,10-19,26,18,8,6,2,4,4,2,2,1,1,0,4,4,0,1,1,0,0,0,0,9,7,2,1,1,0
C5120ST,8,100,District-Hanumangarh,Urban,20-29,21,14,7,2,1,1,2,0,2,1,1,0,6,5,1,3,3,0,0,0,0,5,3,2,2,1,1
C5120ST,8,100,District-Hanumangarh,Urban,30-39,25,18,7,3,1,2,2,1,1,1,1,0,11,8,3,2,2,0,0,0,0,6,5,1,0,0,0
C5120ST,8,100,District-Hanumangarh,Urban,40-49,20,12,8,7,4,3,4,2,2,1,1,0,4,2,2,2,1,1,0,0,0,2,2,0,0,0,0
C5120ST,8,100,District-Hanumangarh,Urban,50-59,11,5,6,2,0,2,2,1,1,0,0,0,4,3,1,0,0,0,0,0,0,1,0,1,2,1,1
C5120ST,8,100,District-Hanumangarh,Urban,60-69,12,7,5,4,2,2,6,4,2,0,0,0,0,0,0,0,0,0,0,0,0,2,1,1,0,0,0
C5120ST,8,100,District-Hanumangarh,Urban,70-79,9,3,6,2,1,1,1,0,1,0,0,0,1,0,1,0,0,0,0,0,0,1,1,0,4,1,3
C5120ST,8,100,District-Hanumangarh,Urban,80-89,3,2,1,0,0,0,1,0,1,0,0,0,1,1,0,0,0,0,0,0,0,0,0,0,1,1,0
C5120ST,8,100,District-Hanumangarh,Urban,90+,2,0,2,1,0,1,0,0,0,0,0,0,0,0,0,0,0,0,0,0,0,0,0,0,1,0,1
C5120ST,8,100,District-Hanumangarh,Urban,Age Not Stated,1,0,1,0,0,0,0,0,0,0,0,0,1,0,1,0,0,0,0,0,0,0,0,0,0,0,0
C5120ST,8,101,District-Bikaner,Total,Total,124,69,55,27,14,13,12,8,4,8,4,4,29,14,15,8,7,1,5,2,3,20,11,9,15,9,6
C5120ST,8,101,District-Bikaner,Total,0-4,5,3,2,2,2,0,2,1,1,0,0,0,0,0,0,0,0,0,0,0,0,1,0,1,0,0,0
C5120ST,8,101,District-Bikaner,Total,5-9,4,2,2,0,0,0,1,0,1,1,0,1,0,0,0,1,1,0,0,0,0,0,0,0,1,1,0
C5120ST,8,101,District-Bikaner,Total,10-19,16,13,3,2,1,1,0,0,0,3,2,1,0,0,0,5,5,0,0,0,0,3,3,0,3,2,1
C5120ST,8,101,District-Bikaner,Total,20-29,21,15,6,3,3,0,2,2,0,2,1,1,7,5,2,1,1,0,0,0,0,5,2,3,1,1,0
C5120ST,8,101,District-Bikaner,Total,30-39,10,8,2,2,1,1,1,1,0,0,0,0,2,2,0,0,0,0,2,1,1,2,2,0,1,1,0
C5120ST,8,101,District-Bikaner,Total,40-49,7,2,5,2,0,2,1,1,0,2,1,1,1,0,1,0,0,0,1,0,1,0,0,0,0,0,0
C5120ST,8,101,District-Bikaner,Total,50-59,17,10,7,3,2,1,4,2,2,0,0,0,4,3,1,0,0,0,2,1,1,3,1,2,1,1,0
C5120ST,8,101,District-Bikaner,Total,60-69,16,6,10,10,4,6,0,0,0,0,0,0,3,0,3,0,0,0,0,0,0,3,2,1,0,0,0
C5120ST,8,101,District-Bikaner,Total,70-79,12,3,9,2,0,2,0,0,0,0,0,0,6,2,4,0,0,0,0,0,0,0,0,0,4,1,3
C5120ST,8,101,District-Bikaner,Total,80-89,11,6,5,1,1,0,1,1,0,0,0,0,4,1,3,1,0,1,0,0,0,1,1,0,3,2,1
C5120ST,8,101,District-Bikaner,Total,90+,5,1,4,0,0,0,0,0,0,0,0,0,2,1,1,0,0,0,0,0,0,2,0,2,1,0,1
C5120ST,8,101,District-Bikaner,Total,Age Not Stated,0,0,0,0,0,0,0,0,0,0,0,0,0,0,0,0,0,0,0,0,0,0,0,0,0,0,0
C5120ST,8,101,District-Bikaner,Rural,Total,86,50,36,19,11,8,7,6,1,4,1,3,20,9,11,7,6,1,5,2,3,13,8,5,11,7,4
C5120ST,8,101,District-Bikaner,Rural,0-4,2,2,0,2,2,0,0,0,0,0,0,0,0,0,0,0,0,0,0,0,0,0,0,0,0,0,0
C5120ST,8,101,District-Bikaner,Rural,5-9,3,2,1,0,0,0,0,0,0,1,0,1,0,0,0,1,1,0,0,0,0,0,0,0,1,1,0
C5120ST,8,101,District-Bikaner,Rural,10-19,10,8,2,0,0,0,0,0,0,2,1,1,0,0,0,5,5,0,0,0,0,1,1,0,2,1,1
C5120ST,8,101,District-Bikaner,Rural,20-29,8,6,2,1,1,0,1,1,0,0,0,0,3,2,1,0,0,0,0,0,0,2,1,1,1,1,0
C5120ST,8,101,District-Bikaner,Rural,30-39,8,6,2,2,1,1,1,1,0,0,0,0,1,1,0,0,0,0,2,1,1,2,2,0,0,0,0
C5120ST,8,101,District-Bikaner,Rural,40-49,4,1,3,1,0,1,1,1,0,1,0,1,0,0,0,0,0,0,1,0,1,0,0,0,0,0,0
C5120ST,8,101,District-Bikaner,Rural,50-59,16,10,6,3,2,1,3,2,1,0,0,0,4,3,1,0,0,0,2,1,1,3,1,2,1,1,0
C5120ST,8,101,District-Bikaner,Rural,60-69,14,6,8,9,4,5,0,0,0,0,0,0,2,0,2,0,0,0,0,0,0,3,2,1,0,0,0
C5120ST,8,101,District-Bikaner,Rural,70-79,9,2,7,0,0,0,0,0,0,0,0,0,5,1,4,0,0,0,0,0,0,0,0,0,4,1,3
C5120ST,8,101,District-Bikaner,Rural,80-89,9,6,3,1,1,0,1,1,0,0,0,0,3,1,2,1,0,1,0,0,0,1,1,0,2,2,0
C5120ST,8,101,District-Bikaner,Rural,90+,3,1,2,0,0,0,0,0,0,0,0,0,2,1,1,0,0,0,0,0,0,1,0,1,0,0,0
C5120ST,8,101,District-Bikaner,Rural,Age Not Stated,0,0,0,0,0,0,0,0,0,0,0,0,0,0,0,0,0,0,0,0,0,0,0,0,0,0,0
C5120ST,8,101,District-Bikaner,Urban,Total,38,19,19,8,3,5,5,2,3,4,3,1,9,5,4,1,1,0,0,0,0,7,3,4,4,2,2
C5120ST,8,101,District-Bikaner,Urban,0-4,3,1,2,0,0,0,2,1,1,0,0,0,0,0,0,0,0,0,0,0,0,1,0,1,0,0,0
C5120ST,8,101,District-Bikaner,Urban,5-9,1,0,1,0,0,0,1,0,1,0,0,0,0,0,0,0,0,0,0,0,0,0,0,0,0,0,0
C5120ST,8,101,District-Bikaner,Urban,10-19,6,5,1,2,1,1,0,0,0,1,1,0,0,0,0,0,0,0,0,0,0,2,2,0,1,1,0
C5120ST,8,101,District-Bikaner,Urban,20-29,13,9,4,2,2,0,1,1,0,2,1,1,4,3,1,1,1,0,0,0,0,3,1,2,0,0,0
C5120ST,8,101,District-Bikaner,Urban,30-39,2,2,0,0,0,0,0,0,0,0,0,0,1,1,0,0,0,0,0,0,0,0,0,0,1,1,0
C5120ST,8,101,District-Bikaner,Urban,40-49,3,1,2,1,0,1,0,0,0,1,1,0,1,0,1,0,0,0,0,0,0,0,0,0,0,0,0
C5120ST,8,101,District-Bikaner,Urban,50-59,1,0,1,0,0,0,1,0,1,0,0,0,0,0,0,0,0,0,0,0,0,0,0,0,0,0,0
C5120ST,8,101,District-Bikaner,Urban,60-69,2,0,2,1,0,1,0,0,0,0,0,0,1,0,1,0,0,0,0,0,0,0,0,0,0,0,0
C5120ST,8,101,District-Bikaner,Urban,70-79,3,1,2,2,0,2,0,0,0,0,0,0,1,1,0,0,0,0,0,0,0,0,0,0,0,0,0
C5120ST,8,101,District-Bikaner,Urban,80-89,2,0,2,0,0,0,0,0,0,0,0,0,1,0,1,0,0,0,0,0,0,0,0,0,1,0,1
C5120ST,8,101,District-Bikaner,Urban,90+,2,0,2,0,0,0,0,0,0,0,0,0,0,0,0,0,0,0,0,0,0,1,0,1,1,0,1
C5120ST,8,101,District-Bikaner,Urban,Age Not Stated,0,0,0,0,0,0,0,0,0,0,0,0,0,0,0,0,0,0,0,0,0,0,0,0,0,0,0
C5120ST,8,102,District-Churu,Total,Total,159,99,60,25,13,12,22,15,7,8,6,2,47,33,14,6,2,4,4,2,2,26,18,8,21,10,11
C5120ST,8,102,District-Churu,Total,0-4,5,4,1,2,1,1,1,1,0,0,0,0,1,1,0,0,0,0,0,0,0,1,1,0,0,0,0
C5120ST,8,102,District-Churu,Total,5-9,7,5,2,2,1,1,1,1,0,1,1,0,2,1,1,0,0,0,0,0,0,1,1,0,0,0,0
C5120ST,8,102,District-Churu,Total,10-19,27,19,8,3,3,0,2,2,0,5,5,0,4,3,1,3,1,2,1,0,1,6,4,2,3,1,2
C5120ST,8,102,District-Churu,Total,20-29,27,16,11,3,2,1,1,1,0,1,0,1,14,9,5,0,0,0,2,1,1,3,2,1,3,1,2
C5120ST,8,102,District-Churu,Total,30-39,18,13,5,1,0,1,4,4,0,1,0,1,5,4,1,0,0,0,0,0,0,5,3,2,2,2,0
C5120ST,8,102,District-Churu,Total,40-49,18,11,7,2,0,2,0,0,0,0,0,0,10,9,1,2,1,1,0,0,0,4,1,3,0,0,0
C5120ST,8,102,District-Churu,Total,50-59,15,10,5,4,2,2,4,2,2,0,0,0,4,3,1,0,0,0,0,0,0,1,1,0,2,2,0
C5120ST,8,102,District-Churu,Total,60-69,16,10,6,6,3,3,2,2,0,0,0,0,4,2,2,0,0,0,1,1,0,2,2,0,1,0,1
C5120ST,8,102,District-Churu,Total,70-79,15,7,8,1,0,1,4,2,2,0,0,0,2,1,1,1,0,1,0,0,0,2,2,0,5,2,3
C5120ST,8,102,District-Churu,Total,80-89,5,0,5,0,0,0,2,0,2,0,0,0,0,0,0,0,0,0,0,0,0,0,0,0,3,0,3
C5120ST,8,102,District-Churu,Total,90+,4,2,2,1,1,0,1,0,1,0,0,0,1,0,1,0,0,0,0,0,0,0,0,0,1,1,0
C5120ST,8,102,District-Churu,Total,Age Not Stated,2,2,0,0,0,0,0,0,0,0,0,0,0,0,0,0,0,0,0,0,0,1,1,0,1,1,0
C5120ST,8,102,District-Churu,Rural,Total,112,66,46,15,7,8,15,8,7,7,5,2,35,22,13,4,1,3,2,2,0,18,14,4,16,7,9
C5120ST,8,102,District-Churu,Rural,0-4,1,1,0,0,0,0,0,0,0,0,0,0,0,0,0,0,0,0,0,0,0,1,1,0,0,0,0
C5120ST,8,102,District-Churu,Rural,5-9,4,3,1,1,1,0,0,0,0,1,1,0,1,0,1,0,0,0,0,0,0,1,1,0,0,0,0
C5120ST,8,102,District-Churu,Rural,10-19,18,14,4,2,2,0,1,1,0,4,4,0,4,3,1,3,1,2,0,0,0,3,3,0,1,0,1
C5120ST,8,102,District-Churu,Rural,20-29,17,9,8,0,0,0,1,1,0,1,0,1,10,6,4,0,0,0,1,1,0,2,1,1,2,0,2
C5120ST,8,102,District-Churu,Rural,30-39,10,7,3,1,0,1,1,1,0,1,0,1,3,2,1,0,0,0,0,0,0,3,3,0,1,1,0
C5120ST,8,102,District-Churu,Rural,40-49,14,8,6,2,0,2,0,0,0,0,0,0,8,7,1,0,0,0,0,0,0,4,1,3,0,0,0
C5120ST,8,102,District-Churu,Rural,50-59,14,10,4,3,2,1,4,2,2,0,0,0,4,3,1,0,0,0,0,0,0,1,1,0,2,2,0
C5120ST,8,102,District-Churu,Rural,60-69,10,5,5,4,1,3,2,2,0,0,0,0,2,0,2,0,0,0,1,1,0,1,1,0,0,0,0
C5120ST,8,102,District-Churu,Rural,70-79,13,5,8,1,0,1,3,1,2,0,0,0,2,1,1,1,0,1,0,0,0,1,1,0,5,2,3
C5120ST,8,102,District-Churu,Rural,80-89,5,0,5,0,0,0,2,0,2,0,0,0,0,0,0,0,0,0,0,0,0,0,0,0,3,0,3
C5120ST,8,102,District-Churu,Rural,90+,4,2,2,1,1,0,1,0,1,0,0,0,1,0,1,0,0,0,0,0,0,0,0,0,1,1,0
C5120ST,8,102,District-Churu,Rural,Age Not Stated,2,2,0,0,0,0,0,0,0,0,0,0,0,0,0,0,0,0,0,0,0,1,1,0,1,1,0
C5120ST,8,102,District-Churu,Urban,Total,47,33,14,10,6,4,7,7,0,1,1,0,12,11,1,2,1,1,2,0,2,8,4,4,5,3,2
C5120ST,8,102,District-Churu,Urban,0-4,4,3,1,2,1,1,1,1,0,0,0,0,1,1,0,0,0,0,0,0,0,0,0,0,0,0,0
C5120ST,8,102,District-Churu,Urban,5-9,3,2,1,1,0,1,1,1,0,0,0,0,1,1,0,0,0,0,0,0,0,0,0,0,0,0,0
C5120ST,8,102,District-Churu,Urban,10-19,9,5,4,1,1,0,1,1,0,1,1,0,0,0,0,0,0,0,1,0,1,3,1,2,2,1,1
C5120ST,8,102,District-Churu,Urban,20-29,10,7,3,3,2,1,0,0,0,0,0,0,4,3,1,0,0,0,1,0,1,1,1,0,1,1,0
C5120ST,8,102,District-Churu,Urban,30-39,8,6,2,0,0,0,3,3,0,0,0,0,2,2,0,0,0,0,0,0,0,2,0,2,1,1,0
C5120ST,8,102,District-Churu,Urban,40-49,4,3,1,0,0,0,0,0,0,0,0,0,2,2,0,2,1,1,0,0,0,0,0,0,0,0,0
C5120ST,8,102,District-Churu,Urban,50-59,1,0,1,1,0,1,0,0,0,0,0,0,0,0,0,0,0,0,0,0,0,0,0,0,0,0,0
C5120ST,8,102,District-Churu,Urban,60-69,6,5,1,2,2,0,0,0,0,0,0,0,2,2,0,0,0,0,0,0,0,1,1,0,1,0,1
C5120ST,8,102,District-Churu,Urban,70-79,2,2,0,0,0,0,1,1,0,0,0,0,0,0,0,0,0,0,0,0,0,1,1,0,0,0,0
C5120ST,8,102,District-Churu,Urban,80-89,0,0,0,0,0,0,0,0,0,0,0,0,0,0,0,0,0,0,0,0,0,0,0,0,0,0,0
C5120ST,8,102,District-Churu,Urban,90+,0,0,0,0,0,0,0,0,0,0,0,0,0,0,0,0,0,0,0,0,0,0,0,0,0,0,0
C5120ST,8,102,District-Churu,Urban,Age Not Stated,0,0,0,0,0,0,0,0,0,0,0,0,0,0,0,0,0,0,0,0,0,0,0,0,0,0,0
C5120ST,8,103,District-Jhunjhunun,Total,Total,779,441,338,122,61,61,107,46,61,32,18,14,236,156,80,40,27,13,35,24,11,99,58,41,108,51,57
C5120ST,8,103,District-Jhunjhunun,Total,0-4,18,12,6,2,0,2,2,2,0,1,1,0,1,1,0,0,0,0,1,0,1,6,4,2,5,4,1
C5120ST,8,103,District-Jhunjhunun,Total,5-9,36,19,17,2,0,2,7,2,5,3,1,2,9,6,3,3,3,0,2,2,0,3,2,1,7,3,4
C5120ST,8,103,District-Jhunjhunun,Total,10-19,108,73,35,12,9,3,8,4,4,10,7,3,31,24,7,16,12,4,1,0,1,17,8,9,13,9,4
C5120ST,8,103,District-Jhunjhunun,Total,20-29,95,65,30,9,4,5,7,3,4,3,2,1,40,31,9,7,6,1,8,6,2,13,7,6,8,6,2
C5120ST,8,103,District-Jhunjhunun,Total,30-39,87,58,29,9,7,2,8,4,4,5,3,2,26,17,9,6,3,3,9,7,2,12,7,5,12,10,2
C5120ST,8,103,District-Jhunjhunun,Total,40-49,79,57,22,11,8,3,4,4,0,6,3,3,30,24,6,5,2,3,6,4,2,14,11,3,3,1,2
C5120ST,8,103,District-Jhunjhunun,Total,50-59,74,43,31,15,9,6,15,9,6,1,0,1,22,16,6,1,0,1,2,0,2,14,6,8,4,3,1
C5120ST,8,103,District-Jhunjhunun,Total,60-69,105,51,54,27,10,17,24,13,11,0,0,0,30,14,16,0,0,0,3,3,0,10,8,2,11,3,8
C5120ST,8,103,District-Jhunjhunun,Total,70-79,91,40,51,18,9,9,18,4,14,0,0,0,25,17,8,1,0,1,2,1,1,5,2,3,22,7,15
C5120ST,8,103,District-Jhunjhunun,Total,80-89,61,17,44,10,4,6,11,1,10,3,1,2,16,6,10,0,0,0,0,0,0,3,1,2,18,4,14
C5120ST,8,103,District-Jhunjhunun,Total,90+,14,1,13,3,0,3,1,0,1,0,0,0,6,0,6,0,0,0,0,0,0,0,0,0,4,1,3
C5120ST,8,103,District-Jhunjhunun,Total,Age Not Stated,11,5,6,4,1,3,2,0,2,0,0,0,0,0,0,1,1,0,1,1,0,2,2,0,1,0,1
C5120ST,8,103,District-Jhunjhunun,Rural,Total,704,390,314,109,51,58,95,41,54,29,16,13,218,144,74,36,23,13,32,22,10,90,50,40,95,43,52
C5120ST,8,103,District-Jhunjhunun,Rural,0-4,15,11,4,2,0,2,2,2,0,1,1,0,1,1,0,0,0,0,0,0,0,5,4,1,4,3,1
C5120ST,8,103,District-Jhunjhunun,Rural,5-9,34,18,16,2,0,2,6,2,4,3,1,2,9,6,3,3,3,0,2,2,0,3,2,1,6,2,4
C5120ST,8,103,District-Jhunjhunun,Rural,10-19,97,63,34,10,7,3,7,3,4,10,7,3,30,23,7,14,10,4,1,0,1,16,7,9,9,6,3
C5120ST,8,103,District-Jhunjhunun,Rural,20-29,87,60,27,9,4,5,5,2,3,1,1,0,37,29,8,7,6,1,7,5,2,13,7,6,8,6,2
C5120ST,8,103,District-Jhunjhunun,Rural,30-39,78,50,28,8,6,2,7,3,4,4,2,2,24,16,8,6,3,3,8,6,2,9,4,5,12,10,2
C5120ST,8,103,District-Jhunjhunun,Rural,40-49,74,52,22,9,6,3,4,4,0,6,3,3,28,22,6,4,1,3,6,4,2,14,11,3,3,1,2
C5120ST,8,103,District-Jhunjhunun,Rural,50-59,65,39,26,12,7,5,13,9,4,1,0,1,19,15,4,1,0,1,2,0,2,13,5,8,4,3,1
C5120ST,8,103,District-Jhunjhunun,Rural,60-69,93,43,50,25,9,16,22,12,10,0,0,0,26,11,15,0,0,0,3,3,0,8,6,2,9,2,7
C5120ST,8,103,District-Jhunjhunun,Rural,70-79,86,36,50,18,9,9,16,3,13,0,0,0,23,15,8,1,0,1,2,1,1,4,1,3,22,7,15
C5120ST,8,103,District-Jhunjhunun,Rural,80-89,55,14,41,9,3,6,10,1,9,3,1,2,15,6,9,0,0,0,0,0,0,3,1,2,15,2,13
C5120ST,8,103,District-Jhunjhunun,Rural,90+,12,1,11,3,0,3,1,0,1,0,0,0,6,0,6,0,0,0,0,0,0,0,0,0,2,1,1
C5120ST,8,103,District-Jhunjhunun,Rural,Age Not Stated,8,3,5,2,0,2,2,0,2,0,0,0,0,0,0,0,0,0,1,1,0,2,2,0,1,0,1
C5120ST,8,103,District-Jhunjhunun,Urban,Total,75,51,24,13,10,3,12,5,7,3,2,1,18,12,6,4,4,0,3,2,1,9,8,1,13,8,5
C5120ST,8,103,District-Jhunjhunun,Urban,0-4,3,1,2,0,0,0,0,0,0,0,0,0,0,0,0,0,0,0,1,0,1,1,0,1,1,1,0
C5120ST,8,103,District-Jhunjhunun,Urban,5-9,2,1,1,0,0,0,1,0,1,0,0,0,0,0,0,0,0,0,0,0,0,0,0,0,1,1,0
C5120ST,8,103,District-Jhunjhunun,Urban,10-19,11,10,1,2,2,0,1,1,0,0,0,0,1,1,0,2,2,0,0,0,0,1,1,0,4,3,1
C5120ST,8,103,District-Jhunjhunun,Urban,20-29,8,5,3,0,0,0,2,1,1,2,1,1,3,2,1,0,0,0,1,1,0,0,0,0,0,0,0
C5120ST,8,103,District-Jhunjhunun,Urban,30-39,9,8,1,1,1,0,1,1,0,1,1,0,2,1,1,0,0,0,1,1,0,3,3,0,0,0,0
C5120ST,8,103,District-Jhunjhunun,Urban,40-49,5,5,0,2,2,0,0,0,0,0,0,0,2,2,0,1,1,0,0,0,0,0,0,0,0,0,0
C5120ST,8,103,District-Jhunjhunun,Urban,50-59,9,4,5,3,2,1,2,0,2,0,0,0,3,1,2,0,0,0,0,0,0,1,1,0,0,0,0
C5120ST,8,103,District-Jhunjhunun,Urban,60-69,12,8,4,2,1,1,2,1,1,0,0,0,4,3,1,0,0,0,0,0,0,2,2,0,2,1,1
C5120ST,8,103,District-Jhunjhunun,Urban,70-79,5,4,1,0,0,0,2,1,1,0,0,0,2,2,0,0,0,0,0,0,0,1,1,0,0,0,0
C5120ST,8,103,District-Jhunjhunun,Urban,80-89,6,3,3,1,1,0,1,0,1,0,0,0,1,0,1,0,0,0,0,0,0,0,0,0,3,2,1
C5120ST,8,103,District-Jhunjhunun,Urban,90+,2,0,2,0,0,0,0,0,0,0,0,0,0,0,0,0,0,0,0,0,0,0,0,0,2,0,2
C5120ST,8,103,District-Jhunjhunun,Urban,Age Not Stated,3,2,1,2,1,1,0,0,0,0,0,0,0,0,0,1,1,0,0,0,0,0,0,0,0,0,0
C5120ST,8,104,District-Alwar,Total,Total,6038,3254,2784,1191,572,619,835,450,385,222,128,94,1864,1081,783,263,155,108,114,67,47,559,325,234,990,476,514
C5120ST,8,104,District-Alwar,Total,0-4,157,85,72,40,22,18,37,19,18,3,3,0,17,12,5,11,2,9,0,0,0,29,16,13,20,11,9
C5120ST,8,104,District-Alwar,Total,5-9,287,169,118,57,34,23,52,30,22,22,11,11,38,25,13,37,22,15,6,2,4,36,21,15,39,24,15
C5120ST,8,104,District-Alwar,Total,10-19,795,465,330,128,67,61,92,52,40,73,41,32,196,123,73,89,49,40,14,11,3,116,61,55,87,61,26
C5120ST,8,104,District-Alwar,Total,20-29,697,456,241,69,41,28,94,55,39,36,24,12,289,201,88,49,34,15,19,15,4,85,50,35,56,36,20
C5120ST,8,104,District-Alwar,Total,30-39,546,364,182,74,45,29,69,43,26,29,16,13,227,159,68,24,19,5,20,12,8,73,50,23,30,20,10
C5120ST,8,104,District-Alwar,Total,40-49,467,300,167,80,45,35,64,33,31,18,10,8,156,108,48,20,14,6,21,11,10,75,54,21,33,25,8
C5120ST,8,104,District-Alwar,Total,50-59,474,270,204,123,66,57,80,46,34,18,10,8,133,82,51,18,10,8,13,8,5,48,27,21,41,21,20
C5120ST,8,104,District-Alwar,Total,60-69,895,373,522,248,99,149,146,62,84,15,9,6,261,116,145,8,1,7,8,3,5,50,29,21,159,54,105
C5120ST,8,104,District-Alwar,Total,70-79,1092,467,625,263,105,158,126,63,63,4,1,3,367,164,203,5,3,2,9,3,6,33,12,21,285,116,169
C5120ST,8,104,District-Alwar,Total,80-89,521,248,273,92,38,54,56,36,20,3,2,1,157,80,77,2,1,1,4,2,2,13,4,9,194,85,109
C5120ST,8,104,District-Alwar,Total,90+,106,57,49,17,10,7,18,11,7,1,1,0,23,11,12,0,0,0,0,0,0,1,1,0,46,23,23
C5120ST,8,104,District-Alwar,Total,Age Not Stated,1,0,1,0,0,0,1,0,1,0,0,0,0,0,0,0,0,0,0,0,0,0,0,0,0,0,0
C5120ST,8,104,District-Alwar,Rural,Total,5576,3005,2571,1085,519,566,753,402,351,195,115,80,1760,1016,744,249,148,101,106,61,45,504,295,209,924,449,475
C5120ST,8,104,District-Alwar,Rural,0-4,136,73,63,33,17,16,32,17,15,2,2,0,15,10,5,11,2,9,0,0,0,24,14,10,19,11,8
C5120ST,8,104,District-Alwar,Rural,5-9,262,154,108,48,28,20,46,26,20,18,10,8,36,24,12,36,21,15,6,2,4,34,20,14,38,23,15
C5120ST,8,104,District-Alwar,Rural,10-19,713,421,292,106,59,47,75,41,34,62,35,27,185,117,68,85,46,39,13,10,3,105,56,49,82,57,25
C5120ST,8,104,District-Alwar,Rural,20-29,617,411,206,54,33,21,78,46,32,33,22,11,265,188,77,44,32,12,18,14,4,74,43,31,51,33,18
C5120ST,8,104,District-Alwar,Rural,30-39,484,327,157,64,39,25,56,35,21,26,15,11,207,145,62,23,18,5,19,11,8,64,47,17,25,17,8
C5120ST,8,104,District-Alwar,Rural,40-49,421,271,150,71,41,30,56,29,27,15,9,6,145,98,47,18,14,4,18,9,9,66,47,19,32,24,8
C5120ST,8,104,District-Alwar,Rural,50-59,439,247,192,110,57,53,75,42,33,17,9,8,125,78,47,17,10,7,13,8,5,44,25,19,38,18,20
C5120ST,8,104,District-Alwar,Rural,60-69,859,353,506,240,95,145,139,58,81,14,9,5,252,108,144,8,1,7,6,2,4,46,26,20,154,54,100
C5120ST,8,104,District-Alwar,Rural,70-79,1045,455,590,253,102,151,125,63,62,4,1,3,354,161,193,5,3,2,9,3,6,33,12,21,262,110,152
C5120ST,8,104,District-Alwar,Rural,80-89,501,241,260,89,38,51,54,35,19,3,2,1,155,78,77,2,1,1,4,2,2,13,4,9,181,81,100
C5120ST,8,104,District-Alwar,Rural,90+,98,52,46,17,10,7,16,10,6,1,1,0,21,9,12,0,0,0,0,0,0,1,1,0,42,21,21
C5120ST,8,104,District-Alwar,Rural,Age Not Stated,1,0,1,0,0,0,1,0,1,0,0,0,0,0,0,0,0,0,0,0,0,0,0,0,0,0,0
C5120ST,8,104,District-Alwar,Urban,Total,462,249,213,106,53,53,82,48,34,27,13,14,104,65,39,14,7,7,8,6,2,55,30,25,66,27,39
C5120ST,8,104,District-Alwar,Urban,0-4,21,12,9,7,5,2,5,2,3,1,1,0,2,2,0,0,0,0,0,0,0,5,2,3,1,0,1
C5120ST,8,104,District-Alwar,Urban,5-9,25,15,10,9,6,3,6,4,2,4,1,3,2,1,1,1,1,0,0,0,0,2,1,1,1,1,0
C5120ST,8,104,District-Alwar,Urban,10-19,82,44,38,22,8,14,17,11,6,11,6,5,11,6,5,4,3,1,1,1,0,11,5,6,5,4,1
C5120ST,8,104,District-Alwar,Urban,20-29,80,45,35,15,8,7,16,9,7,3,2,1,24,13,11,5,2,3,1,1,0,11,7,4,5,3,2
C5120ST,8,104,District-Alwar,Urban,30-39,62,37,25,10,6,4,13,8,5,3,1,2,20,14,6,1,1,0,1,1,0,9,3,6,5,3,2
C5120ST,8,104,District-Alwar,Urban,40-49,46,29,17,9,4,5,8,4,4,3,1,2,11,10,1,2,0,2,3,2,1,9,7,2,1,1,0
C5120ST,8,104,District-Alwar,Urban,50-59,35,23,12,13,9,4,5,4,1,1,1,0,8,4,4,1,0,1,0,0,0,4,2,2,3,3,0
C5120ST,8,104,District-Alwar,Urban,60-69,36,20,16,8,4,4,7,4,3,1,0,1,9,8,1,0,0,0,2,1,1,4,3,1,5,0,5
C5120ST,8,104,District-Alwar,Urban,70-79,47,12,35,10,3,7,1,0,1,0,0,0,13,3,10,0,0,0,0,0,0,0,0,0,23,6,17
C5120ST,8,104,District-Alwar,Urban,80-89,20,7,13,3,0,3,2,1,1,0,0,0,2,2,0,0,0,0,0,0,0,0,0,0,13,4,9
C5120ST,8,104,District-Alwar,Urban,90+,8,5,3,0,0,0,2,1,1,0,0,0,2,2,0,0,0,0,0,0,0,0,0,0,4,2,2
C5120ST,8,104,District-Alwar,Urban,Age Not Stated,0,0,0,0,0,0,0,0,0,0,0,0,0,0,0,0,0,0,0,0,0,0,0,0,0,0,0
C5120ST,8,105,District-Bharatpur,Total,Total,1131,586,545,170,77,93,214,66,148,29,14,15,309,191,118,52,31,21,23,17,6,190,119,71,144,71,73
C5120ST,8,105,District-Bharatpur,Total,0-4,31,19,12,2,2,0,12,5,7,0,0,0,5,3,2,2,2,0,0,0,0,7,5,2,3,2,1
C5120ST,8,105,District-Bharatpur,Total,5-9,53,26,27,5,1,4,13,6,7,3,2,1,8,5,3,5,2,3,0,0,0,11,5,6,8,5,3
C5120ST,8,105,District-Bharatpur,Total,10-19,162,89,73,15,7,8,30,9,21,6,3,3,34,20,14,15,11,4,5,4,1,41,22,19,16,13,3
C5120ST,8,105,District-Bharatpur,Total,20-29,187,122,65,18,14,4,35,11,24,7,3,4,58,42,16,13,11,2,3,3,0,46,33,13,7,5,2
C5120ST,8,105,District-Bharatpur,Total,30-39,142,80,62,18,10,8,21,4,17,6,2,4,47,32,15,10,2,8,6,3,3,25,19,6,9,8,1
C5120ST,8,105,District-Bharatpur,Total,40-49,98,56,42,13,8,5,24,7,17,2,2,0,27,17,10,3,3,0,4,4,0,18,10,8,7,5,2
C5120ST,8,105,District-Bharatpur,Total,50-59,81,44,37,8,2,6,19,5,14,3,1,2,24,21,3,4,0,4,2,1,1,18,11,7,3,3,0
C5120ST,8,105,District-Bharatpur,Total,60-69,142,56,86,36,11,25,27,8,19,1,0,1,42,21,21,0,0,0,1,1,0,17,8,9,18,7,11
C5120ST,8,105,District-Bharatpur,Total,70-79,145,61,84,34,15,19,29,11,18,1,1,0,43,20,23,0,0,0,1,1,0,4,4,0,33,9,24
C5120ST,8,105,District-Bharatpur,Total,80-89,65,19,46,13,3,10,3,0,3,0,0,0,16,7,9,0,0,0,1,0,1,1,0,1,31,9,22
C5120ST,8,105,District-Bharatpur,Total,90+,22,13,9,6,4,2,1,0,1,0,0,0,5,3,2,0,0,0,0,0,0,1,1,0,9,5,4
C5120ST,8,105,District-Bharatpur,Total,Age Not Stated,3,1,2,2,0,2,0,0,0,0,0,0,0,0,0,0,0,0,0,0,0,1,1,0,0,0,0
C5120ST,8,105,District-Bharatpur,Rural,Total,1053,550,503,160,74,86,203,63,140,28,13,15,280,179,101,50,29,21,21,15,6,173,111,62,138,66,72
C5120ST,8,105,District-Bharatpur,Rural,0-4,28,17,11,2,2,0,12,5,7,0,0,0,4,2,2,2,2,0,0,0,0,5,4,1,3,2,1
C5120ST,8,105,District-Bharatpur,Rural,5-9,52,25,27,4,0,4,13,6,7,3,2,1,8,5,3,5,2,3,0,0,0,11,5,6,8,5,3
C5120ST,8,105,District-Bharatpur,Rural,10-19,137,80,57,13,7,6,25,7,18,6,3,3,27,19,8,14,10,4,4,3,1,35,21,14,13,10,3
C5120ST,8,105,District-Bharatpur,Rural,20-29,179,117,62,16,12,4,35,11,24,7,3,4,52,39,13,13,11,2,3,3,0,46,33,13,7,5,2
C5120ST,8,105,District-Bharatpur,Rural,30-39,133,74,59,17,10,7,19,3,16,6,2,4,45,31,14,9,1,8,6,3,3,23,17,6,8,7,1
C5120ST,8,105,District-Bharatpur,Rural,40-49,89,52,37,12,8,4,23,7,16,1,1,0,25,17,8,3,3,0,3,3,0,16,8,8,6,5,1
C5120ST,8,105,District-Bharatpur,Rural,50-59,76,41,35,8,2,6,19,5,14,3,1,2,21,19,2,4,0,4,2,1,1,16,10,6,3,3,0
C5120ST,8,105,District-Bharatpur,Rural,60-69,135,55,80,33,11,22,27,8,19,1,0,1,41,21,20,0,0,0,1,1,0,14,7,7,18,7,11
C5120ST,8,105,District-Bharatpur,Rural,70-79,139,60,79,34,15,19,27,11,16,1,1,0,39,19,20,0,0,0,1,1,0,4,4,0,33,9,24
C5120ST,8,105,District-Bharatpur,Rural,80-89,62,16,46,13,3,10,3,0,3,0,0,0,14,5,9,0,0,0,1,0,1,1,0,1,30,8,22
C5120ST,8,105,District-Bharatpur,Rural,90+,20,12,8,6,4,2,0,0,0,0,0,0,4,2,2,0,0,0,0,0,0,1,1,0,9,5,4
C5120ST,8,105,District-Bharatpur,Rural,Age Not Stated,3,1,2,2,0,2,0,0,0,0,0,0,0,0,0,0,0,0,0,0,0,1,1,0,0,0,0
C5120ST,8,105,District-Bharatpur,Urban,Total,78,36,42,10,3,7,11,3,8,1,1,0,29,12,17,2,2,0,2,2,0,17,8,9,6,5,1
C5120ST,8,105,District-Bharatpur,Urban,0-4,3,2,1,0,0,0,0,0,0,0,0,0,1,1,0,0,0,0,0,0,0,2,1,1,0,0,0
C5120ST,8,105,District-Bharatpur,Urban,5-9,1,1,0,1,1,0,0,0,0,0,0,0,0,0,0,0,0,0,0,0,0,0,0,0,0,0,0
C5120ST,8,105,District-Bharatpur,Urban,10-19,25,9,16,2,0,2,5,2,3,0,0,0,7,1,6,1,1,0,1,1,0,6,1,5,3,3,0
C5120ST,8,105,District-Bharatpur,Urban,20-29,8,5,3,2,2,0,0,0,0,0,0,0,6,3,3,0,0,0,0,0,0,0,0,0,0,0,0
C5120ST,8,105,District-Bharatpur,Urban,30-39,9,6,3,1,0,1,2,1,1,0,0,0,2,1,1,1,1,0,0,0,0,2,2,0,1,1,0
C5120ST,8,105,District-Bharatpur,Urban,40-49,9,4,5,1,0,1,1,0,1,1,1,0,2,0,2,0,0,0,1,1,0,2,2,0,1,0,1
C5120ST,8,105,District-Bharatpur,Urban,50-59,5,3,2,0,0,0,0,0,0,0,0,0,3,2,1,0,0,0,0,0,0,2,1,1,0,0,0
C5120ST,8,105,District-Bharatpur,Urban,60-69,7,1,6,3,0,3,0,0,0,0,0,0,1,0,1,0,0,0,0,0,0,3,1,2,0,0,0
C5120ST,8,105,District-Bharatpur,Urban,70-79,6,1,5,0,0,0,2,0,2,0,0,0,4,1,3,0,0,0,0,0,0,0,0,0,0,0,0
C5120ST,8,105,District-Bharatpur,Urban,80-89,3,3,0,0,0,0,0,0,0,0,0,0,2,2,0,0,0,0,0,0,0,0,0,0,1,1,0
C5120ST,8,105,District-Bharatpur,Urban,90+,2,1,1,0,0,0,1,0,1,0,0,0,1,1,0,0,0,0,0,0,0,0,0,0,0,0,0
C5120ST,8,105,District-Bharatpur,Urban,Age Not Stated,0,0,0,0,0,0,0,0,0,0,0,0,0,0,0,0,0,0,0,0,0,0,0,0,0,0,0
C5120ST,8,106,District-Dhaulpur,Total,Total,930,541,389,156,67,89,123,76,47,23,18,5,284,193,91,41,26,15,15,11,4,125,71,54,163,79,84
C5120ST,8,106,District-Dhaulpur,Total,0-4,32,22,10,3,2,1,7,4,3,0,0,0,7,6,1,1,1,0,0,0,0,11,7,4,3,2,1
C5120ST,8,106,District-Dhaulpur,Total,5-9,60,35,25,3,2,1,9,7,2,7,5,2,13,8,5,5,1,4,5,4,1,9,5,4,9,3,6
C5120ST,8,106,District-Dhaulpur,Total,10-19,135,87,48,6,6,0,14,10,4,5,4,1,40,23,17,18,13,5,2,1,1,25,14,11,25,16,9
C5120ST,8,106,District-Dhaulpur,Total,20-29,123,87,36,10,5,5,9,3,6,5,4,1,57,44,13,7,5,2,4,4,0,21,13,8,10,9,1
C5120ST,8,106,District-Dhaulpur,Total,30-39,77,55,22,4,3,1,10,7,3,1,1,0,40,31,9,4,2,2,1,0,1,12,7,5,5,4,1
C5120ST,8,106,District-Dhaulpur,Total,40-49,75,51,24,10,7,3,11,8,3,3,3,0,23,18,5,5,3,2,1,1,0,16,8,8,6,3,3
C5120ST,8,106,District-Dhaulpur,Total,50-59,63,39,24,13,4,9,11,6,5,1,1,0,24,17,7,1,1,0,1,1,0,10,8,2,2,1,1
C5120ST,8,106,District-Dhaulpur,Total,60-69,145,61,84,41,9,32,20,11,9,1,0,1,48,25,23,0,0,0,0,0,0,8,5,3,27,11,16
C5120ST,8,106,District-Dhaulpur,Total,70-79,134,62,72,41,16,25,23,15,8,0,0,0,24,16,8,0,0,0,0,0,0,6,2,4,40,13,27
C5120ST,8,106,District-Dhaulpur,Total,80-89,63,30,33,20,10,10,6,3,3,0,0,0,8,5,3,0,0,0,1,0,1,5,1,4,23,11,12
C5120ST,8,106,District-Dhaulpur,Total,90+,22,11,11,5,3,2,3,2,1,0,0,0,0,0,0,0,0,0,0,0,0,1,0,1,13,6,7
C5120ST,8,106,District-Dhaulpur,Total,Age Not Stated,1,1,0,0,0,0,0,0,0,0,0,0,0,0,0,0,0,0,0,0,0,1,1,0,0,0,0
C5120ST,8,106,District-Dhaulpur,Rural,Total,911,528,383,154,66,88,121,75,46,23,18,5,278,188,90,40,25,15,15,11,4,119,68,51,161,77,84
C5120ST,8,106,District-Dhaulpur,Rural,0-4,31,22,9,3,2,1,7,4,3,0,0,0,7,6,1,1,1,0,0,0,0,10,7,3,3,2,1
C5120ST,8,106,District-Dhaulpur,Rural,5-9,60,35,25,3,2,1,9,7,2,7,5,2,13,8,5,5,1,4,5,4,1,9,5,4,9,3,6
C5120ST,8,106,District-Dhaulpur,Rural,10-19,131,83,48,6,6,0,14,10,4,5,4,1,39,22,17,17,12,5,2,1,1,24,13,11,24,15,9
C5120ST,8,106,District-Dhaulpur,Rural,20-29,119,84,35,10,5,5,8,3,5,5,4,1,56,43,13,7,5,2,4,4,0,19,11,8,10,9,1
C5120ST,8,106,District-Dhaulpur,Rural,30-39,76,55,21,4,3,1,10,7,3,1,1,0,40,31,9,4,2,2,1,0,1,11,7,4,5,4,1
C5120ST,8,106,District-Dhaulpur,Rural,40-49,69,46,23,8,6,2,10,7,3,3,3,0,20,15,5,5,3,2,1,1,0,16,8,8,6,3,3
C5120ST,8,106,District-Dhaulpur,Rural,50-59,63,39,24,13,4,9,11,6,5,1,1,0,24,17,7,1,1,0,1,1,0,10,8,2,2,1,1
C5120ST,8,106,District-Dhaulpur,Rural,60-69,144,61,83,41,9,32,20,11,9,1,0,1,47,25,22,0,0,0,0,0,0,8,5,3,27,11,16
C5120ST,8,106,District-Dhaulpur,Rural,70-79,132,61,71,41,16,25,23,15,8,0,0,0,24,16,8,0,0,0,0,0,0,5,2,3,39,12,27
C5120ST,8,106,District-Dhaulpur,Rural,80-89,63,30,33,20,10,10,6,3,3,0,0,0,8,5,3,0,0,0,1,0,1,5,1,4,23,11,12
C5120ST,8,106,District-Dhaulpur,Rural,90+,22,11,11,5,3,2,3,2,1,0,0,0,0,0,0,0,0,0,0,0,0,1,0,1,13,6,7
C5120ST,8,106,District-Dhaulpur,Rural,Age Not Stated,1,1,0,0,0,0,0,0,0,0,0,0,0,0,0,0,0,0,0,0,0,1,1,0,0,0,0
C5120ST,8,106,District-Dhaulpur,Urban,Total,19,13,6,2,1,1,2,1,1,0,0,0,6,5,1,1,1,0,0,0,0,6,3,3,2,2,0
C5120ST,8,106,District-Dhaulpur,Urban,0-4,1,0,1,0,0,0,0,0,0,0,0,0,0,0,0,0,0,0,0,0,0,1,0,1,0,0,0
C5120ST,8,106,District-Dhaulpur,Urban,5-9,0,0,0,0,0,0,0,0,0,0,0,0,0,0,0,0,0,0,0,0,0,0,0,0,0,0,0
C5120ST,8,106,District-Dhaulpur,Urban,10-19,4,4,0,0,0,0,0,0,0,0,0,0,1,1,0,1,1,0,0,0,0,1,1,0,1,1,0
C5120ST,8,106,District-Dhaulpur,Urban,20-29,4,3,1,0,0,0,1,0,1,0,0,0,1,1,0,0,0,0,0,0,0,2,2,0,0,0,0
C5120ST,8,106,District-Dhaulpur,Urban,30-39,1,0,1,0,0,0,0,0,0,0,0,0,0,0,0,0,0,0,0,0,0,1,0,1,0,0,0
C5120ST,8,106,District-Dhaulpur,Urban,40-49,6,5,1,2,1,1,1,1,0,0,0,0,3,3,0,0,0,0,0,0,0,0,0,0,0,0,0
C5120ST,8,106,District-Dhaulpur,Urban,50-59,0,0,0,0,0,0,0,0,0,0,0,0,0,0,0,0,0,0,0,0,0,0,0,0,0,0,0
C5120ST,8,106,District-Dhaulpur,Urban,60-69,1,0,1,0,0,0,0,0,0,0,0,0,1,0,1,0,0,0,0,0,0,0,0,0,0,0,0
C5120ST,8,106,District-Dhaulpur,Urban,70-79,2,1,1,0,0,0,0,0,0,0,0,0,0,0,0,0,0,0,0,0,0,1,0,1,1,1,0
C5120ST,8,106,District-Dhaulpur,Urban,80-89,0,0,0,0,0,0,0,0,0,0,0,0,0,0,0,0,0,0,0,0,0,0,0,0,0,0,0
C5120ST,8,106,District-Dhaulpur,Urban,90+,0,0,0,0,0,0,0,0,0,0,0,0,0,0,0,0,0,0,0,0,0,0,0,0,0,0,0
C5120ST,8,106,District-Dhaulpur,Urban,Age Not Stated,0,0,0,0,0,0,0,0,0,0,0,0,0,0,0,0,0,0,0,0,0,0,0,0,0,0,0
C5120ST,8,107,District-Karauli,Total,Total,6794,3871,2923,1393,724,669,1058,607,451,219,153,66,1821,1097,724,302,203,99,111,69,42,853,476,377,1037,542,495
C5120ST,8,107,District-Karauli,Total,0-4,210,126,84,57,32,25,36,24,12,6,5,1,17,9,8,13,7,6,2,0,2,52,26,26,27,23,4
C5120ST,8,107,District-Karauli,Total,5-9,334,193,141,52,30,22,63,32,31,32,21,11,60,32,28,24,17,7,7,4,3,51,29,22,45,28,17
C5120ST,8,107,District-Karauli,Total,10-19,1016,644,372,146,86,60,135,89,46,74,53,21,215,141,74,105,71,34,20,15,5,182,97,85,139,92,47
C5120ST,8,107,District-Karauli,Total,20-29,691,464,227,92,56,36,118,72,46,33,26,7,244,170,74,46,35,11,17,13,4,95,55,40,46,37,9
C5120ST,8,107,District-Karauli,Total,30-39,652,425,227,88,50,38,98,64,34,24,17,7,210,137,73,37,30,7,27,20,7,129,81,48,39,26,13
C5120ST,8,107,District-Karauli,Total,40-49,549,343,206,85,54,31,86,51,35,14,9,5,180,120,60,38,22,16,13,6,7,99,61,38,34,20,14
C5120ST,8,107,District-Karauli,Total,50-59,541,301,240,115,63,52,80,42,38,12,8,4,177,111,66,22,12,10,8,4,4,74,34,40,53,27,26
C5120ST,8,107,District-Karauli,Total,60-69,976,456,520,285,114,171,177,84,93,13,7,6,260,133,127,12,6,6,9,5,4,80,53,27,140,54,86
C5120ST,8,107,District-Karauli,Total,70-79,1178,586,592,336,169,167,174,96,78,9,7,2,290,153,137,4,2,2,5,2,3,65,28,37,295,129,166
C5120ST,8,107,District-Karauli,Total,80-89,502,269,233,111,61,50,72,42,30,2,0,2,128,71,57,0,0,0,2,0,2,22,12,10,165,83,82
C5120ST,8,107,District-Karauli,Total,90+,106,46,60,18,7,11,13,8,5,0,0,0,23,11,12,0,0,0,0,0,0,1,0,1,51,20,31
C5120ST,8,107,District-Karauli,Total,Age Not Stated,39,18,21,8,2,6,6,3,3,0,0,0,17,9,8,1,1,0,1,0,1,3,0,3,3,3,0
C5120ST,8,107,District-Karauli,Rural,Total,6614,3757,2857,1349,701,648,1029,590,439,210,148,62,1782,1069,713,288,192,96,109,68,41,821,453,368,1026,536,490
C5120ST,8,107,District-Karauli,Rural,0-4,201,118,83,56,31,25,35,23,12,5,4,1,16,9,7,13,7,6,2,0,2,49,23,26,25,21,4
C5120ST,8,107,District-Karauli,Rural,5-9,327,187,140,52,30,22,62,32,30,30,19,11,59,31,28,23,16,7,7,4,3,51,29,22,43,26,17
C5120ST,8,107,District-Karauli,Rural,10-19,968,612,356,134,80,54,128,83,45,71,52,19,208,136,72,98,66,32,19,14,5,172,90,82,138,91,47
C5120ST,8,107,District-Karauli,Rural,20-29,671,450,221,86,52,34,116,71,45,31,25,6,240,166,74,44,33,11,17,13,4,93,54,39,44,36,8
C5120ST,8,107,District-Karauli,Rural,30-39,625,411,214,82,48,34,96,63,33,24,17,7,202,133,69,37,30,7,26,20,6,119,74,45,39,26,13
C5120ST,8,107,District-Karauli,Rural,40-49,533,330,203,83,52,31,84,50,34,13,9,4,174,115,59,35,19,16,13,6,7,97,59,38,34,20,14
C5120ST,8,107,District-Karauli,Rural,50-59,529,295,234,111,60,51,78,42,36,12,8,4,174,109,65,21,12,9,8,4,4,72,33,39,53,27,26
C5120ST,8,107,District-Karauli,Rural,60-69,959,447,512,281,113,168,174,82,92,13,7,6,254,129,125,12,6,6,9,5,4,77,51,26,139,54,85
C5120ST,8,107,District-Karauli,Rural,70-79,1160,578,582,329,166,163,168,93,75,9,7,2,288,151,137,4,2,2,5,2,3,65,28,37,292,129,163
C5120ST,8,107,District-Karauli,Rural,80-89,496,265,231,109,60,49,69,40,29,2,0,2,127,70,57,0,0,0,2,0,2,22,12,10,165,83,82
C5120ST,8,107,District-Karauli,Rural,90+,106,46,60,18,7,11,13,8,5,0,0,0,23,11,12,0,0,0,0,0,0,1,0,1,51,20,31
C5120ST,8,107,District-Karauli,Rural,Age Not Stated,39,18,21,8,2,6,6,3,3,0,0,0,17,9,8,1,1,0,1,0,1,3,0,3,3,3,0
C5120ST,8,107,District-Karauli,Urban,Total,180,114,66,44,23,21,29,17,12,9,5,4,39,28,11,14,11,3,2,1,1,32,23,9,11,6,5
C5120ST,8,107,District-Karauli,Urban,0-4,9,8,1,1,1,0,1,1,0,1,1,0,1,0,1,0,0,0,0,0,0,3,3,0,2,2,0
C5120ST,8,107,District-Karauli,Urban,5-9,7,6,1,0,0,0,1,0,1,2,2,0,1,1,0,1,1,0,0,0,0,0,0,0,2,2,0
C5120ST,8,107,District-Karauli,Urban,10-19,48,32,16,12,6,6,7,6,1,3,1,2,7,5,2,7,5,2,1,1,0,10,7,3,1,1,0
C5120ST,8,107,District-Karauli,Urban,20-29,20,14,6,6,4,2,2,1,1,2,1,1,4,4,0,2,2,0,0,0,0,2,1,1,2,1,1
C5120ST,8,107,District-Karauli,Urban,30-39,27,14,13,6,2,4,2,1,1,0,0,0,8,4,4,0,0,0,1,0,1,10,7,3,0,0,0
C5120ST,8,107,District-Karauli,Urban,40-49,16,13,3,2,2,0,2,1,1,1,0,1,6,5,1,3,3,0,0,0,0,2,2,0,0,0,0
C5120ST,8,107,District-Karauli,Urban,50-59,12,6,6,4,3,1,2,0,2,0,0,0,3,2,1,1,0,1,0,0,0,2,1,1,0,0,0
C5120ST,8,107,District-Karauli,Urban,60-69,17,9,8,4,1,3,3,2,1,0,0,0,6,4,2,0,0,0,0,0,0,3,2,1,1,0,1
C5120ST,8,107,District-Karauli,Urban,70-79,18,8,10,7,3,4,6,3,3,0,0,0,2,2,0,0,0,0,0,0,0,0,0,0,3,0,3
C5120ST,8,107,District-Karauli,Urban,80-89,6,4,2,2,1,1,3,2,1,0,0,0,1,1,0,0,0,0,0,0,0,0,0,0,0,0,0
C5120ST,8,107,District-Karauli,Urban,90+,0,0,0,0,0,0,0,0,0,0,0,0,0,0,0,0,0,0,0,0,0,0,0,0,0,0,0
C5120ST,8,107,District-Karauli,Urban,Age Not Stated,0,0,0,0,0,0,0,0,0,0,0,0,0,0,0,0,0,0,0,0,0,0,0,0,0,0,0
C5120ST,8,108,District-Sawai Madhopur,Total,Total,6949,3813,3136,1937,1009,928,964,540,424,174,111,63,1682,948,734,232,159,73,118,75,43,693,397,296,1149,574,575
C5120ST,8,108,District-Sawai Madhopur,Total,0-4,208,132,76,101,67,34,34,21,13,2,2,0,16,6,10,6,5,1,2,1,1,34,19,15,13,11,2
C5120ST,8,108,District-Sawai Madhopur,Total,5-9,418,230,188,145,70,75,76,45,31,36,20,16,33,18,15,20,11,9,4,4,0,53,30,23,51,32,19
C5120ST,8,108,District-Sawai Madhopur,Total,10-19,893,534,359,239,129,110,145,75,70,44,30,14,133,82,51,78,56,22,15,11,4,149,87,62,90,64,26
C5120ST,8,108,District-Sawai Madhopur,Total,20-29,797,519,278,205,114,91,118,77,41,24,17,7,231,155,76,41,28,13,17,13,4,102,68,34,59,47,12
C5120ST,8,108,District-Sawai Madhopur,Total,30-39,680,438,242,175,98,77,76,50,26,22,13,9,210,158,52,26,19,7,21,14,7,102,59,43,48,27,21
C5120ST,8,108,District-Sawai Madhopur,Total,40-49,619,387,232,165,106,59,80,51,29,20,12,8,156,96,60,31,22,9,30,15,15,87,54,33,50,31,19
C5120ST,8,108,District-Sawai Madhopur,Total,50-59,632,332,300,206,105,101,102,55,47,12,8,4,155,78,77,16,9,7,9,6,3,68,37,31,64,34,30
C5120ST,8,108,District-Sawai Madhopur,Total,60-69,986,414,572,303,133,170,157,68,89,6,5,1,262,107,155,10,7,3,17,10,7,36,18,18,195,66,129
C5120ST,8,108,District-Sawai Madhopur,Total,70-79,1139,529,610,291,129,162,122,69,53,3,1,2,327,157,170,3,2,1,1,0,1,44,19,25,348,152,196
C5120ST,8,108,District-Sawai Madhopur,Total,80-89,486,248,238,95,50,45,50,26,24,3,2,1,137,79,58,0,0,0,1,0,1,15,6,9,185,85,100
C5120ST,8,108,District-Sawai Madhopur,Total,90+,87,46,41,11,7,4,3,2,1,2,1,1,21,11,10,1,0,1,0,0,0,3,0,3,46,25,21
C5120ST,8,108,District-Sawai Madhopur,Total,Age Not Stated,4,4,0,1,1,0,1,1,0,0,0,0,1,1,0,0,0,0,1,1,0,0,0,0,0,0,0
C5120ST,8,108,District-Sawai Madhopur,Rural,Total,6765,3701,3064,1912,995,917,918,510,408,164,104,60,1647,926,721,221,152,69,112,72,40,650,371,279,1141,571,570
C5120ST,8,108,District-Sawai Madhopur,Rural,0-4,203,128,75,100,66,34,33,20,13,2,2,0,14,5,9,6,5,1,2,1,1,33,18,15,13,11,2
C5120ST,8,108,District-Sawai Madhopur,Rural,5-9,402,220,182,144,69,75,69,40,29,35,20,15,33,18,15,20,11,9,4,4,0,48,27,21,49,31,18
C5120ST,8,108,District-Sawai Madhopur,Rural,10-19,853,506,347,234,127,107,132,65,67,40,27,13,130,80,50,73,52,21,14,10,4,141,82,59,89,63,26
C5120ST,8,108,District-Sawai Madhopur,Rural,20-29,762,501,261,202,114,88,112,75,37,22,15,7,222,150,72,37,26,11,15,12,3,93,62,31,59,47,12
C5120ST,8,108,District-Sawai Madhopur,Rural,30-39,653,424,229,170,95,75,71,48,23,20,12,8,202,152,50,26,19,7,21,14,7,95,57,38,48,27,21
C5120ST,8,108,District-Sawai Madhopur,Rural,40-49,595,372,223,161,103,58,74,47,27,20,12,8,149,91,58,30,22,8,29,15,14,82,51,31,50,31,19
C5120ST,8,108,District-Sawai Madhopur,Rural,50-59,616,321,295,204,103,101,99,53,46,12,8,4,153,77,76,15,8,7,8,5,3,63,33,30,62,34,28
C5120ST,8,108,District-Sawai Madhopur,Rural,60-69,975,408,567,301,132,169,154,66,88,6,5,1,259,106,153,10,7,3,16,10,6,35,17,18,194,65,129
C5120ST,8,108,District-Sawai Madhopur,Rural,70-79,1137,528,609,290,129,161,121,68,53,3,1,2,327,157,170,3,2,1,1,0,1,44,19,25,348,152,196
C5120ST,8,108,District-Sawai Madhopur,Rural,80-89,481,244,237,94,49,45,49,25,24,3,2,1,136,78,58,0,0,0,1,0,1,14,5,9,184,85,99
C5120ST,8,108,District-Sawai Madhopur,Rural,90+,84,45,39,11,7,4,3,2,1,1,0,1,21,11,10,1,0,1,0,0,0,2,0,2,45,25,20
C5120ST,8,108,District-Sawai Madhopur,Rural,Age Not Stated,4,4,0,1,1,0,1,1,0,0,0,0,1,1,0,0,0,0,1,1,0,0,0,0,0,0,0
C5120ST,8,108,District-Sawai Madhopur,Urban,Total,184,112,72,25,14,11,46,30,16,10,7,3,35,22,13,11,7,4,6,3,3,43,26,17,8,3,5
C5120ST,8,108,District-Sawai Madhopur,Urban,0-4,5,4,1,1,1,0,1,1,0,0,0,0,2,1,1,0,0,0,0,0,0,1,1,0,0,0,0
C5120ST,8,108,District-Sawai Madhopur,Urban,5-9,16,10,6,1,1,0,7,5,2,1,0,1,0,0,0,0,0,0,0,0,0,5,3,2,2,1,1
C5120ST,8,108,District-Sawai Madhopur,Urban,10-19,40,28,12,5,2,3,13,10,3,4,3,1,3,2,1,5,4,1,1,1,0,8,5,3,1,1,0
C5120ST,8,108,District-Sawai Madhopur,Urban,20-29,35,18,17,3,0,3,6,2,4,2,2,0,9,5,4,4,2,2,2,1,1,9,6,3,0,0,0
C5120ST,8,108,District-Sawai Madhopur,Urban,30-39,27,14,13,5,3,2,5,2,3,2,1,1,8,6,2,0,0,0,0,0,0,7,2,5,0,0,0
C5120ST,8,108,District-Sawai Madhopur,Urban,40-49,24,15,9,4,3,1,6,4,2,0,0,0,7,5,2,1,0,1,1,0,1,5,3,2,0,0,0
C5120ST,8,108,District-Sawai Madhopur,Urban,50-59,16,11,5,2,2,0,3,2,1,0,0,0,2,1,1,1,1,0,1,1,0,5,4,1,2,0,2
C5120ST,8,108,District-Sawai Madhopur,Urban,60-69,11,6,5,2,1,1,3,2,1,0,0,0,3,1,2,0,0,0,1,0,1,1,1,0,1,1,0
C5120ST,8,108,District-Sawai Madhopur,Urban,70-79,2,1,1,1,0,1,1,1,0,0,0,0,0,0,0,0,0,0,0,0,0,0,0,0,0,0,0
C5120ST,8,108,District-Sawai Madhopur,Urban,80-89,5,4,1,1,1,0,1,1,0,0,0,0,1,1,0,0,0,0,0,0,0,1,1,0,1,0,1
C5120ST,8,108,District-Sawai Madhopur,Urban,90+,3,1,2,0,0,0,0,0,0,1,1,0,0,0,0,0,0,0,0,0,0,1,0,1,1,0,1
C5120ST,8,108,District-Sawai Madhopur,Urban,Age Not Stated,0,0,0,0,0,0,0,0,0,0,0,0,0,0,0,0,0,0,0,0,0,0,0,0,0,0,0
C5120ST,8,109,District-Dausa,Total,Total,9442,5208,4234,1709,898,811,1027,548,479,191,116,75,2508,1464,1044,370,239,131,154,92,62,1992,1066,926,1491,785,706
C5120ST,8,109,District-Dausa,Total,0-4,393,221,172,68,40,28,51,29,22,5,4,1,38,21,17,8,6,2,1,0,1,192,103,89,30,18,12
C5120ST,8,109,District-Dausa,Total,5-9,633,367,266,91,47,44,61,34,27,36,23,13,73,51,22,46,30,16,9,6,3,246,133,113,71,43,28
C5120ST,8,109,District-Dausa,Total,10-19,1416,836,580,219,127,92,137,76,61,51,31,20,245,156,89,119,77,42,34,19,15,453,231,222,158,119,39
C5120ST,8,109,District-Dausa,Total,20-29,983,635,348,108,71,37,109,58,51,27,14,13,327,227,100,59,46,13,20,17,3,267,150,117,66,52,14
C5120ST,8,109,District-Dausa,Total,30-39,877,547,330,116,71,45,104,61,43,23,14,9,261,191,70,53,27,26,26,13,13,244,141,103,50,29,21
C5120ST,8,109,District-Dausa,Total,40-49,705,444,261,123,77,46,91,51,40,23,14,9,191,133,58,45,29,16,18,11,7,166,95,71,48,34,14
C5120ST,8,109,District-Dausa,Total,50-59,760,388,372,178,83,95,107,61,46,11,5,6,234,123,111,23,13,10,20,10,10,117,61,56,70,32,38
C5120ST,8,109,District-Dausa,Total,60-69,1312,604,708,327,149,178,160,75,85,7,6,1,446,205,241,10,7,3,13,8,5,115,58,57,234,96,138
C5120ST,8,109,District-Dausa,Total,70-79,1468,723,745,333,162,171,143,69,74,5,4,1,459,232,227,3,3,0,7,5,2,89,45,44,429,203,226
C5120ST,8,109,District-Dausa,Total,80-89,609,305,304,108,54,54,41,21,20,3,1,2,166,87,79,3,1,2,4,2,2,35,18,17,249,121,128
C5120ST,8,109,District-Dausa,Total,90+,153,78,75,20,9,11,13,10,3,0,0,0,40,23,17,0,0,0,0,0,0,10,4,6,70,32,38
C5120ST,8,109,District-Dausa,Total,Age Not Stated,133,60,73,18,8,10,10,3,7,0,0,0,28,15,13,1,0,1,2,1,1,58,27,31,16,6,10
C5120ST,8,109,District-Dausa,Rural,Total,9143,5030,4113,1614,844,770,973,516,457,182,109,73,2462,1434,1028,363,233,130,151,89,62,1942,1038,904,1456,767,689
C5120ST,8,109,District-Dausa,Rural,0-4,384,215,169,64,37,27,48,27,21,5,4,1,38,21,17,8,6,2,1,0,1,191,103,88,29,17,12
C5120ST,8,109,District-Dausa,Rural,5-9,607,346,261,83,41,42,55,29,26,35,22,13,72,50,22,45,29,16,8,5,3,241,129,112,68,41,27
C5120ST,8,109,District-Dausa,Rural,10-19,1337,788,549,186,111,75,127,68,59,47,28,19,240,153,87,116,74,42,34,19,15,434,219,215,153,116,37
C5120ST,8,109,District-Dausa,Rural,20-29,955,617,338,98,64,34,104,56,48,26,13,13,322,223,99,59,46,13,18,15,3,263,148,115,65,52,13
C5120ST,8,109,District-Dausa,Rural,30-39,834,526,308,103,68,35,91,53,38,22,14,8,253,184,69,52,27,25,26,13,13,239,139,100,48,28,20
C5120ST,8,109,District-Dausa,Rural,40-49,671,418,253,109,65,44,85,47,38,21,12,9,185,128,57,45,29,16,18,11,7,161,93,68,47,33,14
C5120ST,8,109,District-Dausa,Rural,50-59,747,381,366,176,83,93,106,61,45,11,5,6,229,120,109,21,11,10,20,10,10,114,59,55,70,32,38
C5120ST,8,109,District-Dausa,Rural,60-69,1283,592,691,323,147,176,156,74,82,7,6,1,433,200,233,10,7,3,13,8,5,114,57,57,227,93,134
C5120ST,8,109,District-Dausa,Rural,70-79,1443,711,732,329,159,170,138,67,71,5,4,1,458,231,227,3,3,0,7,5,2,85,43,42,418,199,219
C5120ST,8,109,District-Dausa,Rural,80-89,602,300,302,105,52,53,41,21,20,3,1,2,166,87,79,3,1,2,4,2,2,35,18,17,245,118,127
C5120ST,8,109,District-Dausa,Rural,90+,152,78,74,20,9,11,12,10,2,0,0,0,40,23,17,0,0,0,0,0,0,10,4,6,70,32,38
C5120ST,8,109,District-Dausa,Rural,Age Not Stated,128,58,70,18,8,10,10,3,7,0,0,0,26,14,12,1,0,1,2,1,1,55,26,29,16,6,10
C5120ST,8,109,District-Dausa,Urban,Total,299,178,121,95,54,41,54,32,22,9,7,2,46,30,16,7,6,1,3,3,0,50,28,22,35,18,17
C5120ST,8,109,District-Dausa,Urban,0-4,9,6,3,4,3,1,3,2,1,0,0,0,0,0,0,0,0,0,0,0,0,1,0,1,1,1,0
C5120ST,8,109,District-Dausa,Urban,5-9,26,21,5,8,6,2,6,5,1,1,1,0,1,1,0,1,1,0,1,1,0,5,4,1,3,2,1
C5120ST,8,109,District-Dausa,Urban,10-19,79,48,31,33,16,17,10,8,2,4,3,1,5,3,2,3,3,0,0,0,0,19,12,7,5,3,2
C5120ST,8,109,District-Dausa,Urban,20-29,28,18,10,10,7,3,5,2,3,1,1,0,5,4,1,0,0,0,2,2,0,4,2,2,1,0,1
C5120ST,8,109,District-Dausa,Urban,30-39,43,21,22,13,3,10,13,8,5,1,0,1,8,7,1,1,0,1,0,0,0,5,2,3,2,1,1
C5120ST,8,109,District-Dausa,Urban,40-49,34,26,8,14,12,2,6,4,2,2,2,0,6,5,1,0,0,0,0,0,0,5,2,3,1,1,0
C5120ST,8,109,District-Dausa,Urban,50-59,13,7,6,2,0,2,1,0,1,0,0,0,5,3,2,2,2,0,0,0,0,3,2,1,0,0,0
C5120ST,8,109,District-Dausa,Urban,60-69,29,12,17,4,2,2,4,1,3,0,0,0,13,5,8,0,0,0,0,0,0,1,1,0,7,3,4
C5120ST,8,109,District-Dausa,Urban,70-79,25,12,13,4,3,1,5,2,3,0,0,0,1,1,0,0,0,0,0,0,0,4,2,2,11,4,7
C5120ST,8,109,District-Dausa,Urban,80-89,7,5,2,3,2,1,0,0,0,0,0,0,0,0,0,0,0,0,0,0,0,0,0,0,4,3,1
C5120ST,8,109,District-Dausa,Urban,90+,1,0,1,0,0,0,1,0,1,0,0,0,0,0,0,0,0,0,0,0,0,0,0,0,0,0,0
C5120ST,8,109,District-Dausa,Urban,Age Not Stated,5,2,3,0,0,0,0,0,0,0,0,0,2,1,1,0,0,0,0,0,0,3,1,2,0,0,0
C5120ST,8,110,District-Jaipur,Total,Total,12128,6739,5389,3137,1638,1499,2065,1100,965,545,320,225,2824,1697,1127,554,362,192,240,145,95,1412,824,588,1351,653,698
C5120ST,8,110,District-Jaipur,Total,0-4,586,320,266,210,117,93,131,60,71,18,8,10,55,34,21,12,9,3,2,1,1,128,72,56,30,19,11
C5120ST,8,110,District-Jaipur,Total,5-9,900,515,385,245,128,117,213,118,95,65,33,32,95,62,33,59,38,21,13,7,6,118,69,49,92,60,32
C5120ST,8,110,District-Jaipur,Total,10-19,2138,1215,923,553,279,274,394,210,184,138,82,56,318,200,118,181,123,58,44,29,15,327,178,149,183,114,69
C5120ST,8,110,District-Jaipur,Total,20-29,1747,1113,634,418,242,176,313,180,133,86,53,33,452,311,141,113,83,30,47,35,12,220,144,76,98,65,33
C5120ST,8,110,District-Jaipur,Total,30-39,1416,860,556,319,193,126,258,134,124,79,44,35,398,273,125,80,47,33,44,27,17,178,108,70,60,34,26
C5120ST,8,110,District-Jaipur,Total,40-49,1233,757,476,301,187,114,228,116,112,66,47,19,300,205,95,56,36,20,43,22,21,171,101,70,68,43,25
C5120ST,8,110,District-Jaipur,Total,50-59,937,548,389,274,145,129,156,93,63,44,25,19,235,166,69,32,16,16,25,14,11,104,61,43,67,28,39
C5120ST,8,110,District-Jaipur,Total,60-69,1219,541,678,365,157,208,163,77,86,31,16,15,346,157,189,9,5,4,16,6,10,91,49,42,198,74,124
C5120ST,8,110,District-Jaipur,Total,70-79,1291,587,704,315,126,189,141,80,61,14,9,5,443,210,233,6,4,2,6,4,2,47,28,19,319,126,193
C5120ST,8,110,District-Jaipur,Total,80-89,483,215,268,100,47,53,50,22,28,1,1,0,142,67,75,1,1,0,0,0,0,17,9,8,172,68,104
C5120ST,8,110,District-Jaipur,Total,90+,161,63,98,32,15,17,17,10,7,3,2,1,38,12,26,2,0,2,0,0,0,5,2,3,64,22,42
C5120ST,8,110,District-Jaipur,Total,Age Not Stated,17,5,12,5,2,3,1,0,1,0,0,0,2,0,2,3,0,3,0,0,0,6,3,3,0,0,0
C5120ST,8,110,District-Jaipur,Rural,Total,8649,4756,3893,1950,988,962,1343,701,642,295,184,111,2336,1386,950,412,279,133,177,103,74,933,547,386,1203,568,635
C5120ST,8,110,District-Jaipur,Rural,0-4,386,211,175,130,72,58,86,38,48,9,3,6,44,28,16,8,6,2,2,1,1,85,50,35,22,13,9
C5120ST,8,110,District-Jaipur,Rural,5-9,607,349,258,136,67,69,142,80,62,42,22,20,76,51,25,45,28,17,10,7,3,84,47,37,72,47,25
C5120ST,8,110,District-Jaipur,Rural,10-19,1417,828,589,284,145,139,245,125,120,85,56,29,256,163,93,142,103,39,31,19,12,229,124,105,145,93,52
C5120ST,8,110,District-Jaipur,Rural,20-29,1083,713,370,207,122,85,166,98,68,37,26,11,351,244,107,76,56,20,30,18,12,136,95,41,80,54,26
C5120ST,8,110,District-Jaipur,Rural,30-39,904,562,342,144,84,60,154,81,73,40,24,16,311,213,98,57,38,19,36,24,12,111,69,42,51,29,22
C5120ST,8,110,District-Jaipur,Rural,40-49,844,518,326,183,116,67,152,75,77,34,25,9,235,162,73,44,26,18,32,16,16,107,62,45,57,36,21
C5120ST,8,110,District-Jaipur,Rural,50-59,641,362,279,177,91,86,98,54,44,18,10,8,186,127,59,24,13,11,20,11,9,59,32,27,59,24,35
C5120ST,8,110,District-Jaipur,Rural,60-69,1023,442,581,300,126,174,125,56,69,19,11,8,307,138,169,7,4,3,12,4,8,67,35,32,186,68,118
C5120ST,8,110,District-Jaipur,Rural,70-79,1171,529,642,278,111,167,123,71,52,10,6,4,409,193,216,6,4,2,4,3,1,36,23,13,305,118,187
C5120ST,8,110,District-Jaipur,Rural,80-89,431,187,244,82,41,41,40,16,24,1,1,0,127,57,70,1,1,0,0,0,0,13,7,6,167,64,103
C5120ST,8,110,District-Jaipur,Rural,90+,131,50,81,24,11,13,12,7,5,0,0,0,34,10,24,0,0,0,0,0,0,2,0,2,59,22,37
C5120ST,8,110,District-Jaipur,Rural,Age Not Stated,11,5,6,5,2,3,0,0,0,0,0,0,0,0,0,2,0,2,0,0,0,4,3,1,0,0,0
C5120ST,8,110,District-Jaipur,Urban,Total,3479,1983,1496,1187,650,537,722,399,323,250,136,114,488,311,177,142,83,59,63,42,21,479,277,202,148,85,63
C5120ST,8,110,District-Jaipur,Urban,0-4,200,109,91,80,45,35,45,22,23,9,5,4,11,6,5,4,3,1,0,0,0,43,22,21,8,6,2
C5120ST,8,110,District-Jaipur,Urban,5-9,293,166,127,109,61,48,71,38,33,23,11,12,19,11,8,14,10,4,3,0,3,34,22,12,20,13,7
C5120ST,8,110,District-Jaipur,Urban,10-19,721,387,334,269,134,135,149,85,64,53,26,27,62,37,25,39,20,19,13,10,3,98,54,44,38,21,17
C5120ST,8,110,District-Jaipur,Urban,20-29,664,400,264,211,120,91,147,82,65,49,27,22,101,67,34,37,27,10,17,17,0,84,49,35,18,11,7
C5120ST,8,110,District-Jaipur,Urban,30-39,512,298,214,175,109,66,104,53,51,39,20,19,87,60,27,23,9,14,8,3,5,67,39,28,9,5,4
C5120ST,8,110,District-Jaipur,Urban,40-49,389,239,150,118,71,47,76,41,35,32,22,10,65,43,22,12,10,2,11,6,5,64,39,25,11,7,4
C5120ST,8,110,District-Jaipur,Urban,50-59,296,186,110,97,54,43,58,39,19,26,15,11,49,39,10,8,3,5,5,3,2,45,29,16,8,4,4
C5120ST,8,110,District-Jaipur,Urban,60-69,196,99,97,65,31,34,38,21,17,12,5,7,39,19,20,2,1,1,4,2,2,24,14,10,12,6,6
C5120ST,8,110,District-Jaipur,Urban,70-79,120,58,62,37,15,22,18,9,9,4,3,1,34,17,17,0,0,0,2,1,1,11,5,6,14,8,6
C5120ST,8,110,District-Jaipur,Urban,80-89,52,28,24,18,6,12,10,6,4,0,0,0,15,10,5,0,0,0,0,0,0,4,2,2,5,4,1
C5120ST,8,110,District-Jaipur,Urban,90+,30,13,17,8,4,4,5,3,2,3,2,1,4,2,2,2,0,2,0,0,0,3,2,1,5,0,5
C5120ST,8,110,District-Jaipur,Urban,Age Not Stated,6,0,6,0,0,0,1,0,1,0,0,0,2,0,2,1,0,1,0,0,0,2,0,2,0,0,0
C5120ST,8,111,District-Sikar,Total,Total,1181,679,502,203,98,105,139,77,62,83,47,36,345,212,133,64,50,14,44,33,11,148,79,69,155,83,72
C5120ST,8,111,District-Sikar,Total,0-4,40,23,17,5,4,1,6,2,4,2,1,1,4,3,1,1,1,0,0,0,0,15,7,8,7,5,2
C5120ST,8,111,District-Sikar,Total,5-9,75,44,31,9,3,6,8,5,3,10,6,4,9,6,3,9,6,3,2,2,0,14,8,6,14,8,6
C5120ST,8,111,District-Sikar,Total,10-19,203,109,94,17,7,10,24,11,13,26,18,8,42,22,20,21,15,6,7,6,1,34,13,21,32,17,15
C5120ST,8,111,District-Sikar,Total,20-29,165,118,47,12,8,4,17,12,5,14,7,7,68,53,15,11,9,2,5,4,1,25,15,10,13,10,3
C5120ST,8,111,District-Sikar,Total,30-39,126,79,47,10,5,5,11,7,4,13,8,5,45,28,17,7,6,1,10,4,6,17,13,4,13,8,5
C5120ST,8,111,District-Sikar,Total,40-49,113,81,32,12,7,5,8,8,0,12,5,7,39,28,11,7,6,1,11,9,2,14,10,4,10,8,2
C5120ST,8,111,District-Sikar,Total,50-59,87,48,39,25,14,11,10,5,5,3,0,3,26,14,12,4,3,1,5,4,1,9,3,6,5,5,0
C5120ST,8,111,District-Sikar,Total,60-69,134,75,59,40,21,19,16,7,9,3,2,1,38,24,14,4,4,0,2,2,0,9,4,5,22,11,11
C5120ST,8,111,District-Sikar,Total,70-79,137,61,76,47,18,29,24,12,12,0,0,0,38,19,19,0,0,0,1,1,0,7,3,4,20,8,12
C5120ST,8,111,District-Sikar,Total,80-89,81,35,46,23,11,12,12,8,4,0,0,0,31,12,19,0,0,0,0,0,0,2,1,1,13,3,10
C5120ST,8,111,District-Sikar,Total,90+,16,3,13,3,0,3,3,0,3,0,0,0,3,2,1,0,0,0,0,0,0,1,1,0,6,0,6
C5120ST,8,111,District-Sikar,Total,Age Not Stated,4,3,1,0,0,0,0,0,0,0,0,0,2,1,1,0,0,0,1,1,0,1,1,0,0,0,0
C5120ST,8,111,District-Sikar,Rural,Total,1071,611,460,181,84,97,124,67,57,70,42,28,317,192,125,61,48,13,41,30,11,131,71,60,146,77,69
C5120ST,8,111,District-Sikar,Rural,0-4,35,20,15,4,3,1,6,2,4,1,1,0,4,3,1,0,0,0,0,0,0,13,6,7,7,5,2
C5120ST,8,111,District-Sikar,Rural,5-9,69,42,27,6,2,4,8,5,3,9,6,3,9,6,3,8,6,2,2,2,0,13,7,6,14,8,6
C5120ST,8,111,District-Sikar,Rural,10-19,180,97,83,16,6,10,21,9,12,22,16,6,35,18,17,20,14,6,7,6,1,31,13,18,28,15,13
C5120ST,8,111,District-Sikar,Rural,20-29,142,103,39,8,6,2,15,11,4,10,5,5,60,47,13,11,9,2,4,3,1,22,13,9,12,9,3
C5120ST,8,111,District-Sikar,Rural,30-39,113,69,44,8,4,4,9,6,3,12,7,5,40,24,16,7,6,1,10,4,6,14,10,4,13,8,5
C5120ST,8,111,District-Sikar,Rural,40-49,101,72,29,8,3,5,7,7,0,10,5,5,36,25,11,7,6,1,10,8,2,13,10,3,10,8,2
C5120ST,8,111,District-Sikar,Rural,50-59,79,42,37,24,13,11,7,3,4,3,0,3,24,12,12,4,3,1,5,4,1,7,2,5,5,5,0
C5120ST,8,111,District-Sikar,Rural,60-69,127,70,57,38,19,19,15,6,9,3,2,1,36,23,13,4,4,0,2,2,0,9,4,5,20,10,10
C5120ST,8,111,District-Sikar,Rural,70-79,129,58,71,43,17,26,23,12,11,0,0,0,38,19,19,0,0,0,1,1,0,6,3,3,18,6,12
C5120ST,8,111,District-Sikar,Rural,80-89,77,33,44,23,11,12,10,6,4,0,0,0,30,12,18,0,0,0,0,0,0,1,1,0,13,3,10
C5120ST,8,111,District-Sikar,Rural,90+,16,3,13,3,0,3,3,0,3,0,0,0,3,2,1,0,0,0,0,0,0,1,1,0,6,0,6
C5120ST,8,111,District-Sikar,Rural,Age Not Stated,3,2,1,0,0,0,0,0,0,0,0,0,2,1,1,0,0,0,0,0,0,1,1,0,0,0,0
C5120ST,8,111,District-Sikar,Urban,Total,110,68,42,22,14,8,15,10,5,13,5,8,28,20,8,3,2,1,3,3,0,17,8,9,9,6,3
C5120ST,8,111,District-Sikar,Urban,0-4,5,3,2,1,1,0,0,0,0,1,0,1,0,0,0,1,1,0,0,0,0,2,1,1,0,0,0
C5120ST,8,111,District-Sikar,Urban,5-9,6,2,4,3,1,2,0,0,0,1,0,1,0,0,0,1,0,1,0,0,0,1,1,0,0,0,0
C5120ST,8,111,District-Sikar,Urban,10-19,23,12,11,1,1,0,3,2,1,4,2,2,7,4,3,1,1,0,0,0,0,3,0,3,4,2,2
C5120ST,8,111,District-Sikar,Urban,20-29,23,15,8,4,2,2,2,1,1,4,2,2,8,6,2,0,0,0,1,1,0,3,2,1,1,1,0
C5120ST,8,111,District-Sikar,Urban,30-39,13,10,3,2,1,1,2,1,1,1,1,0,5,4,1,0,0,0,0,0,0,3,3,0,0,0,0
C5120ST,8,111,District-Sikar,Urban,40-49,12,9,3,4,4,0,1,1,0,2,0,2,3,3,0,0,0,0,1,1,0,1,0,1,0,0,0
C5120ST,8,111,District-Sikar,Urban,50-59,8,6,2,1,1,0,3,2,1,0,0,0,2,2,0,0,0,0,0,0,0,2,1,1,0,0,0
C5120ST,8,111,District-Sikar,Urban,60-69,7,5,2,2,2,0,1,1,0,0,0,0,2,1,1,0,0,0,0,0,0,0,0,0,2,1,1
C5120ST,8,111,District-Sikar,Urban,70-79,8,3,5,4,1,3,1,0,1,0,0,0,0,0,0,0,0,0,0,0,0,1,0,1,2,2,0
C5120ST,8,111,District-Sikar,Urban,80-89,4,2,2,0,0,0,2,2,0,0,0,0,1,0,1,0,0,0,0,0,0,1,0,1,0,0,0
C5120ST,8,111,District-Sikar,Urban,90+,0,0,0,0,0,0,0,0,0,0,0,0,0,0,0,0,0,0,0,0,0,0,0,0,0,0,0
C5120ST,8,111,District-Sikar,Urban,Age Not Stated,1,1,0,0,0,0,0,0,0,0,0,0,0,0,0,0,0,0,1,1,0,0,0,0,0,0,0
C5120ST,8,112,District-Nagaur,Total,Total,319,167,152,49,27,22,53,28,25,25,16,9,90,35,55,9,6,3,12,7,5,33,21,12,48,27,21
C5120ST,8,112,District-Nagaur,Total,0-4,12,7,5,0,0,0,3,3,0,0,0,0,3,1,2,0,0,0,0,0,0,5,3,2,1,0,1
C5120ST,8,112,District-Nagaur,Total,5-9,16,9,7,1,0,1,7,5,2,3,3,0,4,1,3,1,0,1,0,0,0,0,0,0,0,0,0
C5120ST,8,112,District-Nagaur,Total,10-19,40,25,15,4,4,0,11,7,4,7,4,3,3,2,1,1,1,0,0,0,0,7,3,4,7,4,3
C5120ST,8,112,District-Nagaur,Total,20-29,34,23,11,2,2,0,4,3,1,5,3,2,13,7,6,2,1,1,0,0,0,5,5,0,3,2,1
C5120ST,8,112,District-Nagaur,Total,30-39,30,17,13,0,0,0,7,3,4,2,1,1,6,3,3,2,2,0,4,2,2,7,4,3,2,2,0
C5120ST,8,112,District-Nagaur,Total,40-49,31,18,13,7,4,3,5,4,1,4,2,2,5,1,4,2,1,1,2,1,1,1,1,0,5,4,1
C5120ST,8,112,District-Nagaur,Total,50-59,36,19,17,6,4,2,3,0,3,1,1,0,13,6,7,1,1,0,4,3,1,4,2,2,4,2,2
C5120ST,8,112,District-Nagaur,Total,60-69,47,21,26,9,4,5,4,1,3,1,1,0,22,9,13,0,0,0,0,0,0,4,3,1,7,3,4
C5120ST,8,112,District-Nagaur,Total,70-79,52,22,30,13,7,6,6,1,5,1,0,1,16,3,13,0,0,0,1,1,0,0,0,0,15,10,5
C5120ST,8,112,District-Nagaur,Total,80-89,15,3,12,6,1,5,3,1,2,0,0,0,4,1,3,0,0,0,1,0,1,0,0,0,1,0,1
C5120ST,8,112,District-Nagaur,Total,90+,5,2,3,1,1,0,0,0,0,0,0,0,1,1,0,0,0,0,0,0,0,0,0,0,3,0,3
C5120ST,8,112,District-Nagaur,Total,Age Not Stated,1,1,0,0,0,0,0,0,0,1,1,0,0,0,0,0,0,0,0,0,0,0,0,0,0,0,0
C5120ST,8,112,District-Nagaur,Rural,Total,285,151,134,46,26,20,51,27,24,13,10,3,80,31,49,8,5,3,10,6,4,30,19,11,47,27,20
C5120ST,8,112,District-Nagaur,Rural,0-4,11,6,5,0,0,0,3,3,0,0,0,0,3,1,2,0,0,0,0,0,0,4,2,2,1,0,1
C5120ST,8,112,District-Nagaur,Rural,5-9,16,9,7,1,0,1,7,5,2,3,3,0,4,1,3,1,0,1,0,0,0,0,0,0,0,0,0
C5120ST,8,112,District-Nagaur,Rural,10-19,32,22,10,3,3,0,10,7,3,4,3,1,3,2,1,0,0,0,0,0,0,6,3,3,6,4,2
C5120ST,8,112,District-Nagaur,Rural,20-29,27,19,8,2,2,0,3,2,1,1,1,0,12,7,5,2,1,1,0,0,0,4,4,0,3,2,1
C5120ST,8,112,District-Nagaur,Rural,30-39,29,17,12,0,0,0,7,3,4,2,1,1,5,3,2,2,2,0,4,2,2,7,4,3,2,2,0
C5120ST,8,112,District-Nagaur,Rural,40-49,23,15,8,6,4,2,5,4,1,1,0,1,2,0,2,2,1,1,1,1,0,1,1,0,5,4,1
C5120ST,8,112,District-Nagaur,Rural,50-59,30,15,15,5,4,1,3,0,3,1,1,0,9,3,6,1,1,0,3,2,1,4,2,2,4,2,2
C5120ST,8,112,District-Nagaur,Rural,60-69,46,21,25,9,4,5,4,1,3,1,1,0,21,9,12,0,0,0,0,0,0,4,3,1,7,3,4
C5120ST,8,112,District-Nagaur,Rural,70-79,51,22,29,13,7,6,6,1,5,0,0,0,16,3,13,0,0,0,1,1,0,0,0,0,15,10,5
C5120ST,8,112,District-Nagaur,Rural,80-89,15,3,12,6,1,5,3,1,2,0,0,0,4,1,3,0,0,0,1,0,1,0,0,0,1,0,1
C5120ST,8,112,District-Nagaur,Rural,90+,5,2,3,1,1,0,0,0,0,0,0,0,1,1,0,0,0,0,0,0,0,0,0,0,3,0,3
C5120ST,8,112,District-Nagaur,Rural,Age Not Stated,0,0,0,0,0,0,0,0,0,0,0,0,0,0,0,0,0,0,0,0,0,0,0,0,0,0,0
C5120ST,8,112,District-Nagaur,Urban,Total,34,16,18,3,1,2,2,1,1,12,6,6,10,4,6,1,1,0,2,1,1,3,2,1,1,0,1
C5120ST,8,112,District-Nagaur,Urban,0-4,1,1,0,0,0,0,0,0,0,0,0,0,0,0,0,0,0,0,0,0,0,1,1,0,0,0,0
C5120ST,8,112,District-Nagaur,Urban,5-9,0,0,0,0,0,0,0,0,0,0,0,0,0,0,0,0,0,0,0,0,0,0,0,0,0,0,0
C5120ST,8,112,District-Nagaur,Urban,10-19,8,3,5,1,1,0,1,0,1,3,1,2,0,0,0,1,1,0,0,0,0,1,0,1,1,0,1
C5120ST,8,112,District-Nagaur,Urban,20-29,7,4,3,0,0,0,1,1,0,4,2,2,1,0,1,0,0,0,0,0,0,1,1,0,0,0,0
C5120ST,8,112,District-Nagaur,Urban,30-39,1,0,1,0,0,0,0,0,0,0,0,0,1,0,1,0,0,0,0,0,0,0,0,0,0,0,0
C5120ST,8,112,District-Nagaur,Urban,40-49,8,3,5,1,0,1,0,0,0,3,2,1,3,1,2,0,0,0,1,0,1,0,0,0,0,0,0
C5120ST,8,112,District-Nagaur,Urban,50-59,6,4,2,1,0,1,0,0,0,0,0,0,4,3,1,0,0,0,1,1,0,0,0,0,0,0,0
C5120ST,8,112,District-Nagaur,Urban,60-69,1,0,1,0,0,0,0,0,0,0,0,0,1,0,1,0,0,0,0,0,0,0,0,0,0,0,0
C5120ST,8,112,District-Nagaur,Urban,70-79,1,0,1,0,0,0,0,0,0,1,0,1,0,0,0,0,0,0,0,0,0,0,0,0,0,0,0
C5120ST,8,112,District-Nagaur,Urban,80-89,0,0,0,0,0,0,0,0,0,0,0,0,0,0,0,0,0,0,0,0,0,0,0,0,0,0,0
C5120ST,8,112,District-Nagaur,Urban,90+,0,0,0,0,0,0,0,0,0,0,0,0,0,0,0,0,0,0,0,0,0,0,0,0,0,0,0
C5120ST,8,112,District-Nagaur,Urban,Age Not Stated,1,1,0,0,0,0,0,0,0,1,1,0,0,0,0,0,0,0,0,0,0,0,0,0,0,0,0
C5120ST,8,113,District-Jodhpur,Total,Total,3057,1635,1422,942,477,465,500,255,245,158,85,73,557,334,223,130,83,47,72,38,34,408,223,185,290,140,150
C5120ST,8,113,District-Jodhpur,Total,0-4,237,116,121,119,66,53,42,19,23,2,0,2,17,5,12,5,5,0,0,0,0,48,20,28,4,1,3
C5120ST,8,113,District-Jodhpur,Total,5-9,326,166,160,131,59,72,66,38,28,33,16,17,21,15,6,13,6,7,0,0,0,46,21,25,16,11,5
C5120ST,8,113,District-Jodhpur,Total,10-19,546,313,233,175,90,85,88,49,39,38,21,17,84,60,24,35,24,11,10,5,5,74,37,37,42,27,15
C5120ST,8,113,District-Jodhpur,Total,20-29,404,234,170,129,74,55,55,29,26,28,15,13,63,43,20,23,12,11,13,4,9,70,46,24,23,11,12
C5120ST,8,113,District-Jodhpur,Total,30-39,315,192,123,71,44,27,59,30,29,23,13,10,50,33,17,16,12,4,17,13,4,67,37,30,12,10,2
C5120ST,8,113,District-Jodhpur,Total,40-49,268,171,97,57,32,25,46,28,18,13,9,4,56,41,15,23,11,12,14,9,5,43,31,12,16,10,6
C5120ST,8,113,District-Jodhpur,Total,50-59,233,131,102,59,33,26,41,19,22,10,6,4,60,34,26,12,11,1,10,4,6,23,13,10,18,11,7
C5120ST,8,113,District-Jodhpur,Total,60-69,317,155,162,87,40,47,51,18,33,9,5,4,89,51,38,3,2,1,4,1,3,19,9,10,55,29,26
C5120ST,8,113,District-Jodhpur,Total,70-79,260,108,152,68,24,44,37,20,17,0,0,0,81,35,46,0,0,0,3,2,1,13,6,7,58,21,37
C5120ST,8,113,District-Jodhpur,Total,80-89,119,40,79,38,13,25,11,4,7,2,0,2,27,13,14,0,0,0,1,0,1,3,2,1,37,8,29
C5120ST,8,113,District-Jodhpur,Total,90+,30,8,22,8,2,6,4,1,3,0,0,0,8,4,4,0,0,0,0,0,0,1,0,1,9,1,8
C5120ST,8,113,District-Jodhpur,Total,Age Not Stated,2,1,1,0,0,0,0,0,0,0,0,0,1,0,1,0,0,0,0,0,0,1,1,0,0,0,0
C5120ST,8,113,District-Jodhpur,Rural,Total,2320,1218,1102,699,347,352,386,186,200,96,56,40,439,255,184,94,60,34,55,30,25,295,160,135,256,124,132
C5120ST,8,113,District-Jodhpur,Rural,0-4,184,91,93,93,54,39,37,15,22,1,0,1,14,4,10,4,4,0,0,0,0,32,13,19,3,1,2
C5120ST,8,113,District-Jodhpur,Rural,5-9,243,126,117,101,45,56,45,27,18,25,12,13,18,13,5,9,5,4,0,0,0,34,18,16,11,6,5
C5120ST,8,113,District-Jodhpur,Rural,10-19,402,234,168,123,66,57,61,30,31,23,14,9,64,47,17,28,19,9,7,5,2,58,28,30,38,25,13
C5120ST,8,113,District-Jodhpur,Rural,20-29,264,153,111,78,41,37,41,19,22,12,9,3,46,34,12,14,8,6,10,3,7,46,30,16,17,9,8
C5120ST,8,113,District-Jodhpur,Rural,30-39,213,134,79,48,30,18,44,24,20,13,8,5,33,21,12,12,8,4,11,10,1,43,25,18,9,8,1
C5120ST,8,113,District-Jodhpur,Rural,40-49,200,124,76,37,21,16,31,17,14,9,7,2,47,32,15,19,10,9,11,7,4,33,22,11,13,8,5
C5120ST,8,113,District-Jodhpur,Rural,50-59,180,93,87,43,23,20,32,15,17,8,4,4,46,23,23,6,5,1,8,2,6,19,10,9,18,11,7
C5120ST,8,113,District-Jodhpur,Rural,60-69,270,130,140,74,33,41,47,16,31,3,2,1,72,42,30,2,1,1,4,1,3,16,7,9,52,28,24
C5120ST,8,113,District-Jodhpur,Rural,70-79,230,93,137,59,21,38,34,19,15,0,0,0,68,26,42,0,0,0,3,2,1,12,5,7,54,20,34
C5120ST,8,113,District-Jodhpur,Rural,80-89,108,35,73,36,11,25,11,4,7,2,0,2,23,10,13,0,0,0,1,0,1,2,2,0,33,8,25
C5120ST,8,113,District-Jodhpur,Rural,90+,25,5,20,7,2,5,3,0,3,0,0,0,7,3,4,0,0,0,0,0,0,0,0,0,8,0,8
C5120ST,8,113,District-Jodhpur,Rural,Age Not Stated,1,0,1,0,0,0,0,0,0,0,0,0,1,0,1,0,0,0,0,0,0,0,0,0,0,0,0
C5120ST,8,113,District-Jodhpur,Urban,Total,737,417,320,243,130,113,114,69,45,62,29,33,118,79,39,36,23,13,17,8,9,113,63,50,34,16,18
C5120ST,8,113,District-Jodhpur,Urban,0-4,53,25,28,26,12,14,5,4,1,1,0,1,3,1,2,1,1,0,0,0,0,16,7,9,1,0,1
C5120ST,8,113,District-Jodhpur,Urban,5-9,83,40,43,30,14,16,21,11,10,8,4,4,3,2,1,4,1,3,0,0,0,12,3,9,5,5,0
C5120ST,8,113,District-Jodhpur,Urban,10-19,144,79,65,52,24,28,27,19,8,15,7,8,20,13,7,7,5,2,3,0,3,16,9,7,4,2,2
C5120ST,8,113,District-Jodhpur,Urban,20-29,140,81,59,51,33,18,14,10,4,16,6,10,17,9,8,9,4,5,3,1,2,24,16,8,6,2,4
C5120ST,8,113,District-Jodhpur,Urban,30-39,102,58,44,23,14,9,15,6,9,10,5,5,17,12,5,4,4,0,6,3,3,24,12,12,3,2,1
C5120ST,8,113,District-Jodhpur,Urban,40-49,68,47,21,20,11,9,15,11,4,4,2,2,9,9,0,4,1,3,3,2,1,10,9,1,3,2,1
C5120ST,8,113,District-Jodhpur,Urban,50-59,53,38,15,16,10,6,9,4,5,2,2,0,14,11,3,6,6,0,2,2,0,4,3,1,0,0,0
C5120ST,8,113,District-Jodhpur,Urban,60-69,47,25,22,13,7,6,4,2,2,6,3,3,17,9,8,1,1,0,0,0,0,3,2,1,3,1,2
C5120ST,8,113,District-Jodhpur,Urban,70-79,30,15,15,9,3,6,3,1,2,0,0,0,13,9,4,0,0,0,0,0,0,1,1,0,4,1,3
C5120ST,8,113,District-Jodhpur,Urban,80-89,11,5,6,2,2,0,0,0,0,0,0,0,4,3,1,0,0,0,0,0,0,1,0,1,4,0,4
C5120ST,8,113,District-Jodhpur,Urban,90+,5,3,2,1,0,1,1,1,0,0,0,0,1,1,0,0,0,0,0,0,0,1,0,1,1,1,0
C5120ST,8,113,District-Jodhpur,Urban,Age Not Stated,1,1,0,0,0,0,0,0,0,0,0,0,0,0,0,0,0,0,0,0,0,1,1,0,0,0,0
C5120ST,8,114,District-Jaisalmer,Total,Total,1029,569,460,349,183,166,148,79,69,39,25,14,205,121,84,41,17,24,25,16,9,133,78,55,89,50,39
C5120ST,8,114,District-Jaisalmer,Total,0-4,93,52,41,44,26,18,12,7,5,2,0,2,7,4,3,2,1,1,0,0,0,23,12,11,3,2,1
C5120ST,8,114,District-Jaisalmer,Total,5-9,90,46,44,40,21,19,11,6,5,5,4,1,8,4,4,5,2,3,0,0,0,17,6,11,4,3,1
C5120ST,8,114,District-Jaisalmer,Total,10-19,185,113,72,63,37,26,25,16,9,11,8,3,27,22,5,18,6,12,8,4,4,18,11,7,15,9,6
C5120ST,8,114,District-Jaisalmer,Total,20-29,145,88,57,44,25,19,18,8,10,7,3,4,30,19,11,5,4,1,2,0,2,30,21,9,9,8,1
C5120ST,8,114,District-Jaisalmer,Total,30-39,100,63,37,25,14,11,15,9,6,5,4,1,29,20,9,1,1,0,7,5,2,10,6,4,8,4,4
C5120ST,8,114,District-Jaisalmer,Total,40-49,85,52,33,32,16,16,13,7,6,2,1,1,15,9,6,2,1,1,7,7,0,12,9,3,2,2,0
C5120ST,8,114,District-Jaisalmer,Total,50-59,77,32,45,22,9,13,12,4,8,4,2,2,19,7,12,3,1,2,1,0,1,12,7,5,4,2,2
C5120ST,8,114,District-Jaisalmer,Total,60-69,103,52,51,34,17,17,19,8,11,2,2,0,32,18,14,2,0,2,0,0,0,5,2,3,9,5,4
C5120ST,8,114,District-Jaisalmer,Total,70-79,99,51,48,29,15,14,15,9,6,0,0,0,30,15,15,2,0,2,0,0,0,4,3,1,19,9,10
C5120ST,8,114,District-Jaisalmer,Total,80-89,44,16,28,15,3,12,8,5,3,0,0,0,7,2,5,0,0,0,0,0,0,2,1,1,12,5,7
C5120ST,8,114,District-Jaisalmer,Total,90+,7,3,4,1,0,1,0,0,0,0,0,0,1,1,0,1,1,0,0,0,0,0,0,0,4,1,3
C5120ST,8,114,District-Jaisalmer,Total,Age Not Stated,1,1,0,0,0,0,0,0,0,1,1,0,0,0,0,0,0,0,0,0,0,0,0,0,0,0,0
C5120ST,8,114,District-Jaisalmer,Rural,Total,909,487,422,303,150,153,127,64,63,31,20,11,180,105,75,32,12,20,23,15,8,126,72,54,87,49,38
C5120ST,8,114,District-Jaisalmer,Rural,0-4,80,44,36,37,22,15,10,6,4,2,0,2,5,3,2,1,0,1,0,0,0,22,11,11,3,2,1
C5120ST,8,114,District-Jaisalmer,Rural,5-9,74,35,39,34,17,17,8,3,5,4,3,1,5,3,2,3,0,3,0,0,0,16,6,10,4,3,1
C5120ST,8,114,District-Jaisalmer,Rural,10-19,162,97,65,54,29,25,22,14,8,9,7,2,22,17,5,15,6,9,7,4,3,18,11,7,15,9,6
C5120ST,8,114,District-Jaisalmer,Rural,20-29,126,74,52,38,21,17,16,6,10,4,1,3,27,17,10,3,2,1,2,0,2,29,20,9,7,7,0
C5120ST,8,114,District-Jaisalmer,Rural,30-39,85,52,33,20,9,11,10,6,4,5,4,1,24,17,7,1,1,0,7,5,2,10,6,4,8,4,4
C5120ST,8,114,District-Jaisalmer,Rural,40-49,72,44,28,26,13,13,11,6,5,1,1,0,14,8,6,2,1,1,6,6,0,10,7,3,2,2,0
C5120ST,8,114,District-Jaisalmer,Rural,50-59,69,27,42,19,7,12,11,4,7,3,1,2,19,7,12,2,1,1,1,0,1,10,5,5,4,2,2
C5120ST,8,114,District-Jaisalmer,Rural,60-69,94,47,47,32,16,16,17,6,11,2,2,0,27,16,11,2,0,2,0,0,0,5,2,3,9,5,4
C5120ST,8,114,District-Jaisalmer,Rural,70-79,96,48,48,27,13,14,14,8,6,0,0,0,30,15,15,2,0,2,0,0,0,4,3,1,19,9,10
C5120ST,8,114,District-Jaisalmer,Rural,80-89,43,15,28,15,3,12,8,5,3,0,0,0,6,1,5,0,0,0,0,0,0,2,1,1,12,5,7
C5120ST,8,114,District-Jaisalmer,Rural,90+,7,3,4,1,0,1,0,0,0,0,0,0,1,1,0,1,1,0,0,0,0,0,0,0,4,1,3
C5120ST,8,114,District-Jaisalmer,Rural,Age Not Stated,1,1,0,0,0,0,0,0,0,1,1,0,0,0,0,0,0,0,0,0,0,0,0,0,0,0,0
C5120ST,8,114,District-Jaisalmer,Urban,Total,120,82,38,46,33,13,21,15,6,8,5,3,25,16,9,9,5,4,2,1,1,7,6,1,2,1,1
C5120ST,8,114,District-Jaisalmer,Urban,0-4,13,8,5,7,4,3,2,1,1,0,0,0,2,1,1,1,1,0,0,0,0,1,1,0,0,0,0
C5120ST,8,114,District-Jaisalmer,Urban,5-9,16,11,5,6,4,2,3,3,0,1,1,0,3,1,2,2,2,0,0,0,0,1,0,1,0,0,0
C5120ST,8,114,District-Jaisalmer,Urban,10-19,23,16,7,9,8,1,3,2,1,2,1,1,5,5,0,3,0,3,1,0,1,0,0,0,0,0,0
C5120ST,8,114,District-Jaisalmer,Urban,20-29,19,14,5,6,4,2,2,2,0,3,2,1,3,2,1,2,2,0,0,0,0,1,1,0,2,1,1
C5120ST,8,114,District-Jaisalmer,Urban,30-39,15,11,4,5,5,0,5,3,2,0,0,0,5,3,2,0,0,0,0,0,0,0,0,0,0,0,0
C5120ST,8,114,District-Jaisalmer,Urban,40-49,13,8,5,6,3,3,2,1,1,1,0,1,1,1,0,0,0,0,1,1,0,2,2,0,0,0,0
C5120ST,8,114,District-Jaisalmer,Urban,50-59,8,5,3,3,2,1,1,0,1,1,1,0,0,0,0,1,0,1,0,0,0,2,2,0,0,0,0
C5120ST,8,114,District-Jaisalmer,Urban,60-69,9,5,4,2,1,1,2,2,0,0,0,0,5,2,3,0,0,0,0,0,0,0,0,0,0,0,0
C5120ST,8,114,District-Jaisalmer,Urban,70-79,3,3,0,2,2,0,1,1,0,0,0,0,0,0,0,0,0,0,0,0,0,0,0,0,0,0,0
C5120ST,8,114,District-Jaisalmer,Urban,80-89,1,1,0,0,0,0,0,0,0,0,0,0,1,1,0,0,0,0,0,0,0,0,0,0,0,0,0
C5120ST,8,114,District-Jaisalmer,Urban,90+,0,0,0,0,0,0,0,0,0,0,0,0,0,0,0,0,0,0,0,0,0,0,0,0,0,0,0
C5120ST,8,114,District-Jaisalmer,Urban,Age Not Stated,0,0,0,0,0,0,0,0,0,0,0,0,0,0,0,0,0,0,0,0,0,0,0,0,0,0,0
C5120ST,8,115,District-Barmer,Total,Total,3981,2188,1793,794,383,411,816,425,391,147,102,45,863,526,337,183,123,60,96,54,42,494,297,197,588,278,310
C5120ST,8,115,District-Barmer,Total,0-4,211,107,104,60,31,29,65,32,33,6,4,2,27,15,12,4,2,2,1,1,0,40,17,23,8,5,3
C5120ST,8,115,District-Barmer,Total,5-9,260,152,108,44,22,22,70,38,32,22,13,9,40,27,13,20,14,6,4,2,2,47,25,22,13,11,2
C5120ST,8,115,District-Barmer,Total,10-19,589,377,212,64,39,25,150,84,66,52,38,14,118,87,31,49,29,20,14,8,6,87,55,32,55,37,18
C5120ST,8,115,District-Barmer,Total,20-29,415,276,139,47,22,25,80,59,21,20,16,4,108,75,33,30,23,7,17,11,6,76,49,27,37,21,16
C5120ST,8,115,District-Barmer,Total,30-39,404,264,140,52,35,17,83,45,38,13,10,3,98,73,25,34,24,10,23,14,9,71,43,28,30,20,10
C5120ST,8,115,District-Barmer,Total,40-49,322,204,118,47,29,18,63,39,24,12,8,4,76,51,25,20,13,7,23,13,10,51,30,21,30,21,9
C5120ST,8,115,District-Barmer,Total,50-59,308,176,132,70,44,26,77,37,40,7,5,2,68,39,29,13,10,3,3,0,3,34,24,10,36,17,19
C5120ST,8,115,District-Barmer,Total,60-69,615,280,335,195,82,113,105,42,63,6,3,3,153,78,75,10,6,4,10,5,5,46,30,16,90,34,56
C5120ST,8,115,District-Barmer,Total,70-79,547,228,319,153,59,94,83,34,49,3,1,2,117,55,62,3,2,1,0,0,0,28,18,10,160,59,101
C5120ST,8,115,District-Barmer,Total,80-89,215,76,139,41,12,29,30,11,19,2,0,2,41,19,22,0,0,0,0,0,0,9,4,5,92,30,62
C5120ST,8,115,District-Barmer,Total,90+,59,26,33,15,6,9,3,1,2,0,0,0,13,5,8,0,0,0,0,0,0,2,0,2,26,14,12
C5120ST,8,115,District-Barmer,Total,Age Not Stated,36,22,14,6,2,4,7,3,4,4,4,0,4,2,2,0,0,0,1,0,1,3,2,1,11,9,2
C5120ST,8,115,District-Barmer,Rural,Total,3930,2158,1772,790,381,409,806,420,386,147,102,45,846,514,332,181,121,60,93,52,41,484,292,192,583,276,307
C5120ST,8,115,District-Barmer,Rural,0-4,206,104,102,58,29,29,64,32,32,6,4,2,27,15,12,4,2,2,1,1,0,38,16,22,8,5,3
C5120ST,8,115,District-Barmer,Rural,5-9,258,151,107,44,22,22,69,38,31,22,13,9,39,26,13,20,14,6,4,2,2,47,25,22,13,11,2
C5120ST,8,115,District-Barmer,Rural,10-19,579,371,208,64,39,25,148,83,65,52,38,14,115,84,31,49,29,20,14,8,6,83,53,30,54,37,17
C5120ST,8,115,District-Barmer,Rural,20-29,408,271,137,47,22,25,79,58,21,20,16,4,103,72,31,29,22,7,17,11,6,76,49,27,37,21,16
C5120ST,8,115,District-Barmer,Rural,30-39,393,258,135,52,35,17,80,43,37,13,10,3,96,72,24,34,24,10,21,13,8,67,41,26,30,20,10
C5120ST,8,115,District-Barmer,Rural,40-49,319,202,117,46,29,17,63,39,24,12,8,4,75,50,25,20,13,7,22,12,10,51,30,21,30,21,9
C5120ST,8,115,District-Barmer,Rural,50-59,306,175,131,70,44,26,76,37,39,7,5,2,67,38,29,13,10,3,3,0,3,34,24,10,36,17,19
C5120ST,8,115,District-Barmer,Rural,60-69,609,277,332,194,82,112,104,41,63,6,3,3,151,77,74,9,5,4,10,5,5,46,30,16,89,34,55
C5120ST,8,115,District-Barmer,Rural,70-79,545,226,319,153,59,94,83,34,49,3,1,2,116,54,62,3,2,1,0,0,0,28,18,10,159,58,101
C5120ST,8,115,District-Barmer,Rural,80-89,213,76,137,41,12,29,30,11,19,2,0,2,40,19,21,0,0,0,0,0,0,9,4,5,91,30,61
C5120ST,8,115,District-Barmer,Rural,90+,58,25,33,15,6,9,3,1,2,0,0,0,13,5,8,0,0,0,0,0,0,2,0,2,25,13,12
C5120ST,8,115,District-Barmer,Rural,Age Not Stated,36,22,14,6,2,4,7,3,4,4,4,0,4,2,2,0,0,0,1,0,1,3,2,1,11,9,2
C5120ST,8,115,District-Barmer,Urban,Total,51,30,21,4,2,2,10,5,5,0,0,0,17,12,5,2,2,0,3,2,1,10,5,5,5,2,3
C5120ST,8,115,District-Barmer,Urban,0-4,5,3,2,2,2,0,1,0,1,0,0,0,0,0,0,0,0,0,0,0,0,2,1,1,0,0,0
C5120ST,8,115,District-Barmer,Urban,5-9,2,1,1,0,0,0,1,0,1,0,0,0,1,1,0,0,0,0,0,0,0,0,0,0,0,0,0
C5120ST,8,115,District-Barmer,Urban,10-19,10,6,4,0,0,0,2,1,1,0,0,0,3,3,0,0,0,0,0,0,0,4,2,2,1,0,1
C5120ST,8,115,District-Barmer,Urban,20-29,7,5,2,0,0,0,1,1,0,0,0,0,5,3,2,1,1,0,0,0,0,0,0,0,0,0,0
C5120ST,8,115,District-Barmer,Urban,30-39,11,6,5,0,0,0,3,2,1,0,0,0,2,1,1,0,0,0,2,1,1,4,2,2,0,0,0
C5120ST,8,115,District-Barmer,Urban,40-49,3,2,1,1,0,1,0,0,0,0,0,0,1,1,0,0,0,0,1,1,0,0,0,0,0,0,0
C5120ST,8,115,District-Barmer,Urban,50-59,2,1,1,0,0,0,1,0,1,0,0,0,1,1,0,0,0,0,0,0,0,0,0,0,0,0,0
C5120ST,8,115,District-Barmer,Urban,60-69,6,3,3,1,0,1,1,1,0,0,0,0,2,1,1,1,1,0,0,0,0,0,0,0,1,0,1
C5120ST,8,115,District-Barmer,Urban,70-79,2,2,0,0,0,0,0,0,0,0,0,0,1,1,0,0,0,0,0,0,0,0,0,0,1,1,0
C5120ST,8,115,District-Barmer,Urban,80-89,2,0,2,0,0,0,0,0,0,0,0,0,1,0,1,0,0,0,0,0,0,0,0,0,1,0,1
C5120ST,8,115,District-Barmer,Urban,90+,1,1,0,0,0,0,0,0,0,0,0,0,0,0,0,0,0,0,0,0,0,0,0,0,1,1,0
C5120ST,8,115,District-Barmer,Urban,Age Not Stated,0,0,0,0,0,0,0,0,0,0,0,0,0,0,0,0,0,0,0,0,0,0,0,0,0,0,0
C5120ST,8,116,District-Jalor,Total,Total,4046,2081,1965,919,432,487,460,232,228,144,89,55,1138,614,524,181,123,58,100,47,53,555,293,262,549,251,298
C5120ST,8,116,District-Jalor,Total,0-4,136,70,66,20,9,11,11,5,6,5,2,3,26,15,11,5,3,2,1,1,0,54,25,29,14,10,4
C5120ST,8,116,District-Jalor,Total,5-9,247,146,101,34,19,15,35,19,16,32,20,12,29,19,10,17,16,1,6,4,2,58,29,29,36,20,16
C5120ST,8,116,District-Jalor,Total,10-19,513,302,211,62,31,31,57,35,22,43,28,15,144,93,51,47,35,12,14,9,5,92,44,48,54,27,27
C5120ST,8,116,District-Jalor,Total,20-29,369,253,116,48,33,15,36,23,13,21,15,6,123,93,30,34,27,7,8,3,5,71,41,30,28,18,10
C5120ST,8,116,District-Jalor,Total,30-39,372,220,152,61,40,21,39,24,15,14,6,8,102,61,41,32,18,14,25,12,13,71,47,24,28,12,16
C5120ST,8,116,District-Jalor,Total,40-49,369,216,153,86,56,30,43,30,13,6,1,5,96,57,39,23,14,9,19,6,13,60,31,29,36,21,15
C5120ST,8,116,District-Jalor,Total,50-59,426,220,206,137,58,79,58,27,31,13,7,6,113,69,44,9,4,5,13,8,5,53,35,18,30,12,18
C5120ST,8,116,District-Jalor,Total,60-69,713,298,415,221,92,129,79,33,46,7,7,0,232,95,137,10,3,7,9,3,6,50,19,31,105,46,59
C5120ST,8,116,District-Jalor,Total,70-79,601,253,348,191,81,110,70,24,46,1,1,0,179,77,102,3,2,1,5,1,4,30,16,14,122,51,71
C5120ST,8,116,District-Jalor,Total,80-89,228,76,152,50,12,38,23,8,15,0,0,0,72,28,44,0,0,0,0,0,0,4,0,4,79,28,51
C5120ST,8,116,District-Jalor,Total,90+,48,17,31,4,0,4,8,4,4,1,1,0,17,6,11,0,0,0,0,0,0,4,1,3,14,5,9
C5120ST,8,116,District-Jalor,Total,Age Not Stated,24,10,14,5,1,4,1,0,1,1,1,0,5,1,4,1,1,0,0,0,0,8,5,3,3,1,2
C5120ST,8,116,District-Jalor,Rural,Total,3858,1993,1865,875,411,464,432,219,213,125,79,46,1092,594,498,174,118,56,97,46,51,526,284,242,537,242,295
C5120ST,8,116,District-Jalor,Rural,0-4,130,69,61,19,9,10,11,5,6,5,2,3,24,15,9,5,3,2,1,1,0,51,24,27,14,10,4
C5120ST,8,116,District-Jalor,Rural,5-9,238,141,97,34,19,15,34,19,15,30,19,11,27,18,9,16,15,1,6,4,2,57,29,28,34,18,16
C5120ST,8,116,District-Jalor,Rural,10-19,481,285,196,60,30,30,51,32,19,34,24,10,137,88,49,43,32,11,14,9,5,88,43,45,54,27,27
C5120ST,8,116,District-Jalor,Rural,20-29,352,243,109,48,33,15,33,22,11,19,13,6,119,90,29,33,26,7,8,3,5,66,40,26,26,16,10
C5120ST,8,116,District-Jalor,Rural,30-39,352,209,143,58,38,20,36,23,13,12,5,7,97,58,39,31,18,13,25,12,13,65,43,22,28,12,16
C5120ST,8,116,District-Jalor,Rural,40-49,348,206,142,80,53,27,37,26,11,4,1,3,93,55,38,23,14,9,19,6,13,56,30,26,36,21,15
C5120ST,8,116,District-Jalor,Rural,50-59,392,205,187,124,51,73,53,25,28,11,5,6,106,67,39,9,4,5,10,7,3,50,34,16,29,12,17
C5120ST,8,116,District-Jalor,Rural,60-69,692,290,402,210,87,123,79,33,46,7,7,0,225,93,132,10,3,7,9,3,6,49,19,30,103,45,58
C5120ST,8,116,District-Jalor,Rural,70-79,580,243,337,186,78,108,66,22,44,1,1,0,171,75,96,3,2,1,5,1,4,30,16,14,118,48,70
C5120ST,8,116,District-Jalor,Rural,80-89,223,75,148,47,12,35,23,8,15,0,0,0,72,28,44,0,0,0,0,0,0,3,0,3,78,27,51
C5120ST,8,116,District-Jalor,Rural,90+,46,17,29,4,0,4,8,4,4,1,1,0,16,6,10,0,0,0,0,0,0,3,1,2,14,5,9
C5120ST,8,116,District-Jalor,Rural,Age Not Stated,24,10,14,5,1,4,1,0,1,1,1,0,5,1,4,1,1,0,0,0,0,8,5,3,3,1,2
C5120ST,8,116,District-Jalor,Urban,Total,188,88,100,44,21,23,28,13,15,19,10,9,46,20,26,7,5,2,3,1,2,29,9,20,12,9,3
C5120ST,8,116,District-Jalor,Urban,0-4,6,1,5,1,0,1,0,0,0,0,0,0,2,0,2,0,0,0,0,0,0,3,1,2,0,0,0
C5120ST,8,116,District-Jalor,Urban,5-9,9,5,4,0,0,0,1,0,1,2,1,1,2,1,1,1,1,0,0,0,0,1,0,1,2,2,0
C5120ST,8,116,District-Jalor,Urban,10-19,32,17,15,2,1,1,6,3,3,9,4,5,7,5,2,4,3,1,0,0,0,4,1,3,0,0,0
C5120ST,8,116,District-Jalor,Urban,20-29,17,10,7,0,0,0,3,1,2,2,2,0,4,3,1,1,1,0,0,0,0,5,1,4,2,2,0
C5120ST,8,116,District-Jalor,Urban,30-39,20,11,9,3,2,1,3,1,2,2,1,1,5,3,2,1,0,1,0,0,0,6,4,2,0,0,0
C5120ST,8,116,District-Jalor,Urban,40-49,21,10,11,6,3,3,6,4,2,2,0,2,3,2,1,0,0,0,0,0,0,4,1,3,0,0,0
C5120ST,8,116,District-Jalor,Urban,50-59,34,15,19,13,7,6,5,2,3,2,2,0,7,2,5,0,0,0,3,1,2,3,1,2,1,0,1
C5120ST,8,116,District-Jalor,Urban,60-69,21,8,13,11,5,6,0,0,0,0,0,0,7,2,5,0,0,0,0,0,0,1,0,1,2,1,1
C5120ST,8,116,District-Jalor,Urban,70-79,21,10,11,5,3,2,4,2,2,0,0,0,8,2,6,0,0,0,0,0,0,0,0,0,4,3,1
C5120ST,8,116,District-Jalor,Urban,80-89,5,1,4,3,0,3,0,0,0,0,0,0,0,0,0,0,0,0,0,0,0,1,0,1,1,1,0
C5120ST,8,116,District-Jalor,Urban,90+,2,0,2,0,0,0,0,0,0,0,0,0,1,0,1,0,0,0,0,0,0,1,0,1,0,0,0
C5120ST,8,116,District-Jalor,Urban,Age Not Stated,0,0,0,0,0,0,0,0,0,0,0,0,0,0,0,0,0,0,0,0,0,0,0,0,0,0,0
C5120ST,8,117,District-Sirohi,Total,Total,5433,2905,2528,1079,559,520,754,396,358,160,109,51,1775,952,823,264,163,101,155,98,57,632,355,277,614,273,341
C5120ST,8,117,District-Sirohi,Total,0-4,274,154,120,68,34,34,57,31,26,3,2,1,55,35,20,4,3,1,1,1,0,68,39,29,18,9,9
C5120ST,8,117,District-Sirohi,Total,5-9,402,228,174,86,46,40,70,40,30,32,19,13,77,43,34,25,17,8,5,4,1,70,40,30,37,19,18
C5120ST,8,117,District-Sirohi,Total,10-19,773,465,308,99,49,50,122,64,58,57,42,15,216,134,82,74,57,17,19,14,5,104,61,43,82,44,38
C5120ST,8,117,District-Sirohi,Total,20-29,642,402,240,106,69,37,60,38,22,25,21,4,217,144,73,51,26,25,33,19,14,111,61,50,39,24,15
C5120ST,8,117,District-Sirohi,Total,30-39,543,338,205,95,57,38,65,41,24,11,6,5,174,109,65,37,24,13,44,29,15,85,55,30,32,17,15
C5120ST,8,117,District-Sirohi,Total,40-49,514,314,200,104,62,42,80,52,28,11,8,3,154,94,60,38,21,17,20,10,10,76,46,30,31,21,10
C5120ST,8,117,District-Sirohi,Total,50-59,607,296,311,160,88,72,90,45,45,7,3,4,221,100,121,19,8,11,19,13,6,51,25,26,40,14,26
C5120ST,8,117,District-Sirohi,Total,60-69,898,382,516,215,95,120,107,38,69,9,4,5,375,169,206,9,3,6,8,6,2,44,19,25,131,48,83
C5120ST,8,117,District-Sirohi,Total,70-79,573,242,331,108,48,60,69,29,40,4,4,0,215,97,118,5,3,2,5,2,3,18,8,10,149,51,98
C5120ST,8,117,District-Sirohi,Total,80-89,176,64,112,35,8,27,28,13,15,0,0,0,58,21,37,0,0,0,1,0,1,5,1,4,49,21,28
C5120ST,8,117,District-Sirohi,Total,90+,31,20,11,3,3,0,6,5,1,1,0,1,13,6,7,2,1,1,0,0,0,0,0,0,6,5,1
C5120ST,8,117,District-Sirohi,Total,Age Not Stated,0,0,0,0,0,0,0,0,0,0,0,0,0,0,0,0,0,0,0,0,0,0,0,0,0,0,0
C5120ST,8,117,District-Sirohi,Rural,Total,5074,2696,2378,1022,531,491,727,385,342,144,98,46,1632,866,766,244,151,93,142,88,54,584,321,263,579,256,323
C5120ST,8,117,District-Sirohi,Rural,0-4,261,147,114,64,31,33,56,31,25,2,2,0,53,33,20,4,3,1,1,1,0,64,37,27,17,9,8
C5120ST,8,117,District-Sirohi,Rural,5-9,379,213,166,82,44,38,67,37,30,31,19,12,71,39,32,24,16,8,5,4,1,66,37,29,33,17,16
C5120ST,8,117,District-Sirohi,Rural,10-19,722,435,287,98,49,49,117,61,56,51,38,13,202,126,76,67,52,15,19,14,5,98,56,42,70,39,31
C5120ST,8,117,District-Sirohi,Rural,20-29,590,363,227,100,66,34,57,36,21,21,17,4,196,128,68,49,25,24,29,16,13,102,54,48,36,21,15
C5120ST,8,117,District-Sirohi,Rural,30-39,499,305,194,89,52,37,65,41,24,10,6,4,150,91,59,34,23,11,41,26,15,79,50,29,31,16,15
C5120ST,8,117,District-Sirohi,Rural,40-49,475,291,184,95,59,36,79,51,28,9,6,3,140,86,54,36,20,16,17,8,9,70,41,29,29,20,9
C5120ST,8,117,District-Sirohi,Rural,50-59,565,272,293,153,83,70,86,44,42,6,2,4,207,93,114,14,5,9,17,11,6,43,21,22,39,13,26
C5120ST,8,117,District-Sirohi,Rural,60-69,852,361,491,204,92,112,104,38,66,9,4,5,349,154,195,9,3,6,8,6,2,40,16,24,129,48,81
C5120ST,8,117,District-Sirohi,Rural,70-79,539,230,309,103,45,58,63,28,35,4,4,0,202,93,109,5,3,2,4,2,2,18,8,10,140,47,93
C5120ST,8,117,District-Sirohi,Rural,80-89,162,60,102,31,7,24,27,13,14,0,0,0,50,18,32,0,0,0,1,0,1,4,1,3,49,21,28
C5120ST,8,117,District-Sirohi,Rural,90+,30,19,11,3,3,0,6,5,1,1,0,1,12,5,7,2,1,1,0,0,0,0,0,0,6,5,1
C5120ST,8,117,District-Sirohi,Rural,Age Not Stated,0,0,0,0,0,0,0,0,0,0,0,0,0,0,0,0,0,0,0,0,0,0,0,0,0,0,0
C5120ST,8,117,District-Sirohi,Urban,Total,359,209,150,57,28,29,27,11,16,16,11,5,143,86,57,20,12,8,13,10,3,48,34,14,35,17,18
C5120ST,8,117,District-Sirohi,Urban,0-4,13,7,6,4,3,1,1,0,1,1,0,1,2,2,0,0,0,0,0,0,0,4,2,2,1,0,1
C5120ST,8,117,District-Sirohi,Urban,5-9,23,15,8,4,2,2,3,3,0,1,0,1,6,4,2,1,1,0,0,0,0,4,3,1,4,2,2
C5120ST,8,117,District-Sirohi,Urban,10-19,51,30,21,1,0,1,5,3,2,6,4,2,14,8,6,7,5,2,0,0,0,6,5,1,12,5,7
C5120ST,8,117,District-Sirohi,Urban,20-29,52,39,13,6,3,3,3,2,1,4,4,0,21,16,5,2,1,1,4,3,1,9,7,2,3,3,0
C5120ST,8,117,District-Sirohi,Urban,30-39,44,33,11,6,5,1,0,0,0,1,0,1,24,18,6,3,1,2,3,3,0,6,5,1,1,1,0
C5120ST,8,117,District-Sirohi,Urban,40-49,39,23,16,9,3,6,1,1,0,2,2,0,14,8,6,2,1,1,3,2,1,6,5,1,2,1,1
C5120ST,8,117,District-Sirohi,Urban,50-59,42,24,18,7,5,2,4,1,3,1,1,0,14,7,7,5,3,2,2,2,0,8,4,4,1,1,0
C5120ST,8,117,District-Sirohi,Urban,60-69,46,21,25,11,3,8,3,0,3,0,0,0,26,15,11,0,0,0,0,0,0,4,3,1,2,0,2
C5120ST,8,117,District-Sirohi,Urban,70-79,34,12,22,5,3,2,6,1,5,0,0,0,13,4,9,0,0,0,1,0,1,0,0,0,9,4,5
C5120ST,8,117,District-Sirohi,Urban,80-89,14,4,10,4,1,3,1,0,1,0,0,0,8,3,5,0,0,0,0,0,0,1,0,1,0,0,0
C5120ST,8,117,District-Sirohi,Urban,90+,1,1,0,0,0,0,0,0,0,0,0,0,1,1,0,0,0,0,0,0,0,0,0,0,0,0,0
C5120ST,8,117,District-Sirohi,Urban,Age Not Stated,0,0,0,0,0,0,0,0,0,0,0,0,0,0,0,0,0,0,0,0,0,0,0,0,0,0,0
C5120ST,8,118,District-Pali,Total,Total,3630,1898,1732,878,434,444,498,249,249,68,45,23,1137,613,524,148,95,53,76,42,34,400,212,188,425,208,217
C5120ST,8,118,District-Pali,Total,0-4,126,69,57,50,26,24,32,15,17,1,1,0,14,8,6,3,1,2,0,0,0,19,13,6,7,5,2
C5120ST,8,118,District-Pali,Total,5-9,178,100,78,43,22,21,38,20,18,11,7,4,28,17,11,11,7,4,0,0,0,28,14,14,19,13,6
C5120ST,8,118,District-Pali,Total,10-19,505,297,208,114,59,55,74,43,31,22,15,7,115,69,46,47,33,14,19,10,9,74,41,33,40,27,13
C5120ST,8,118,District-Pali,Total,20-29,357,234,123,68,45,23,49,29,20,9,6,3,114,83,31,27,18,9,16,9,7,55,29,26,19,15,4
C5120ST,8,118,District-Pali,Total,30-39,304,193,111,68,40,28,44,26,18,8,7,1,101,70,31,19,10,9,18,14,4,35,21,14,11,5,6
C5120ST,8,118,District-Pali,Total,40-49,299,187,112,74,51,23,39,17,22,3,2,1,79,54,25,22,15,7,13,4,9,49,29,20,20,15,5
C5120ST,8,118,District-Pali,Total,50-59,405,209,196,111,51,60,56,26,30,7,5,2,128,70,58,11,8,3,6,3,3,55,32,23,31,14,17
C5120ST,8,118,District-Pali,Total,60-69,634,280,354,168,70,98,81,38,43,5,1,4,241,111,130,2,0,2,2,0,2,41,19,22,94,41,53
C5120ST,8,118,District-Pali,Total,70-79,520,219,301,119,47,72,59,23,36,1,1,0,192,89,103,2,0,2,1,1,0,31,11,20,115,47,68
C5120ST,8,118,District-Pali,Total,80-89,211,78,133,50,17,33,15,6,9,1,0,1,87,31,56,1,1,0,0,0,0,11,3,8,46,20,26
C5120ST,8,118,District-Pali,Total,90+,59,18,41,8,5,3,6,2,4,0,0,0,25,7,18,0,0,0,0,0,0,1,0,1,19,4,15
C5120ST,8,118,District-Pali,Total,Age Not Stated,32,14,18,5,1,4,5,4,1,0,0,0,13,4,9,3,2,1,1,1,0,1,0,1,4,2,2
C5120ST,8,118,District-Pali,Rural,Total,3249,1676,1573,792,384,408,448,223,225,60,40,20,999,532,467,126,77,49,66,35,31,372,199,173,386,186,200
C5120ST,8,118,District-Pali,Rural,0-4,112,58,54,43,21,22,30,13,17,1,1,0,13,7,6,3,1,2,0,0,0,17,12,5,5,3,2
C5120ST,8,118,District-Pali,Rural,5-9,156,87,69,37,18,19,34,19,15,9,5,4,23,14,9,8,4,4,0,0,0,27,14,13,18,13,5
C5120ST,8,118,District-Pali,Rural,10-19,441,254,187,105,51,54,65,37,28,20,14,6,94,55,39,40,27,13,14,8,6,68,39,29,35,23,12
C5120ST,8,118,District-Pali,Rural,20-29,308,199,109,59,36,23,42,24,18,9,6,3,96,72,24,21,14,7,13,6,7,52,28,24,16,13,3
C5120ST,8,118,District-Pali,Rural,30-39,271,170,101,56,33,23,42,25,17,8,7,1,87,59,28,18,9,9,17,13,4,34,20,14,9,4,5
C5120ST,8,118,District-Pali,Rural,40-49,264,161,103,71,49,22,33,13,20,2,2,0,62,41,21,19,13,6,12,3,9,46,26,20,19,14,5
C5120ST,8,118,District-Pali,Rural,50-59,354,184,170,101,47,54,47,23,24,5,3,2,110,62,48,10,7,3,6,3,3,47,28,19,28,11,17
C5120ST,8,118,District-Pali,Rural,60-69,587,261,326,158,66,92,76,36,40,5,1,4,218,102,116,2,0,2,2,0,2,38,18,20,88,38,50
C5120ST,8,118,District-Pali,Rural,70-79,481,202,279,109,42,67,54,22,32,1,1,0,178,82,96,2,0,2,1,1,0,31,11,20,105,43,62
C5120ST,8,118,District-Pali,Rural,80-89,192,73,119,42,16,26,15,6,9,0,0,0,83,29,54,1,1,0,0,0,0,10,3,7,41,18,23
C5120ST,8,118,District-Pali,Rural,90+,57,17,40,7,4,3,6,2,4,0,0,0,24,7,17,0,0,0,0,0,0,1,0,1,19,4,15
C5120ST,8,118,District-Pali,Rural,Age Not Stated,26,10,16,4,1,3,4,3,1,0,0,0,11,2,9,2,1,1,1,1,0,1,0,1,3,2,1
C5120ST,8,118,District-Pali,Urban,Total,381,222,159,86,50,36,50,26,24,8,5,3,138,81,57,22,18,4,10,7,3,28,13,15,39,22,17
C5120ST,8,118,District-Pali,Urban,0-4,14,11,3,7,5,2,2,2,0,0,0,0,1,1,0,0,0,0,0,0,0,2,1,1,2,2,0
C5120ST,8,118,District-Pali,Urban,5-9,22,13,9,6,4,2,4,1,3,2,2,0,5,3,2,3,3,0,0,0,0,1,0,1,1,0,1
C5120ST,8,118,District-Pali,Urban,10-19,64,43,21,9,8,1,9,6,3,2,1,1,21,14,7,7,6,1,5,2,3,6,2,4,5,4,1
C5120ST,8,118,District-Pali,Urban,20-29,49,35,14,9,9,0,7,5,2,0,0,0,18,11,7,6,4,2,3,3,0,3,1,2,3,2,1
C5120ST,8,118,District-Pali,Urban,30-39,33,23,10,12,7,5,2,1,1,0,0,0,14,11,3,1,1,0,1,1,0,1,1,0,2,1,1
C5120ST,8,118,District-Pali,Urban,40-49,35,26,9,3,2,1,6,4,2,1,0,1,17,13,4,3,2,1,1,1,0,3,3,0,1,1,0
C5120ST,8,118,District-Pali,Urban,50-59,51,25,26,10,4,6,9,3,6,2,2,0,18,8,10,1,1,0,0,0,0,8,4,4,3,3,0
C5120ST,8,118,District-Pali,Urban,60-69,47,19,28,10,4,6,5,2,3,0,0,0,23,9,14,0,0,0,0,0,0,3,1,2,6,3,3
C5120ST,8,118,District-Pali,Urban,70-79,39,17,22,10,5,5,5,1,4,0,0,0,14,7,7,0,0,0,0,0,0,0,0,0,10,4,6
C5120ST,8,118,District-Pali,Urban,80-89,19,5,14,8,1,7,0,0,0,1,0,1,4,2,2,0,0,0,0,0,0,1,0,1,5,2,3
C5120ST,8,118,District-Pali,Urban,90+,2,1,1,1,1,0,0,0,0,0,0,0,1,0,1,0,0,0,0,0,0,0,0,0,0,0,0
C5120ST,8,118,District-Pali,Urban,Age Not Stated,6,4,2,1,0,1,1,1,0,0,0,0,2,2,0,1,1,0,0,0,0,0,0,0,1,0,1
C5120ST,8,119,District-Ajmer,Total,Total,1492,783,709,229,126,103,159,69,90,65,39,26,509,284,225,81,50,31,44,25,19,199,97,102,206,93,113
C5120ST,8,119,District-Ajmer,Total,0-4,41,23,18,6,3,3,6,2,4,2,1,1,6,5,1,4,1,3,1,1,0,13,7,6,3,3,0
C5120ST,8,119,District-Ajmer,Total,5-9,66,34,32,7,3,4,11,5,6,11,6,5,7,3,4,7,3,4,4,2,2,8,3,5,11,9,2
C5120ST,8,119,District-Ajmer,Total,10-19,217,131,86,35,26,9,24,15,9,19,11,8,47,30,17,27,15,12,7,2,5,36,18,18,22,14,8
C5120ST,8,119,District-Ajmer,Total,20-29,165,119,46,15,12,3,15,11,4,10,7,3,57,41,16,15,13,2,12,9,3,31,18,13,10,8,2
C5120ST,8,119,District-Ajmer,Total,30-39,129,83,46,12,9,3,17,10,7,6,4,2,47,36,11,12,6,6,5,2,3,19,9,10,11,7,4
C5120ST,8,119,District-Ajmer,Total,40-49,139,87,52,22,15,7,13,3,10,8,5,3,49,34,15,8,7,1,11,6,5,20,13,7,8,4,4
C5120ST,8,119,District-Ajmer,Total,50-59,177,94,83,38,22,16,15,6,9,4,2,2,71,40,31,1,1,0,3,2,1,24,11,13,21,10,11
C5120ST,8,119,District-Ajmer,Total,60-69,271,111,160,55,18,37,23,7,16,2,1,1,108,54,54,6,3,3,1,1,0,31,14,17,45,13,32
C5120ST,8,119,District-Ajmer,Total,70-79,209,79,130,28,15,13,23,8,15,2,1,1,91,34,57,1,1,0,0,0,0,13,3,10,51,17,34
C5120ST,8,119,District-Ajmer,Total,80-89,65,20,45,8,3,5,7,1,6,0,0,0,24,7,17,0,0,0,0,0,0,4,1,3,22,8,14
C5120ST,8,119,District-Ajmer,Total,90+,8,2,6,2,0,2,3,1,2,1,1,0,1,0,1,0,0,0,0,0,0,0,0,0,1,0,1
C5120ST,8,119,District-Ajmer,Total,Age Not Stated,5,0,5,1,0,1,2,0,2,0,0,0,1,0,1,0,0,0,0,0,0,0,0,0,1,0,1
C5120ST,8,119,District-Ajmer,Rural,Total,1296,668,628,192,98,94,136,59,77,41,25,16,466,255,211,67,42,25,37,23,14,171,83,88,186,83,103
C5120ST,8,119,District-Ajmer,Rural,0-4,37,21,16,6,3,3,5,2,3,2,1,1,5,4,1,3,1,2,1,1,0,12,6,6,3,3,0
C5120ST,8,119,District-Ajmer,Rural,5-9,51,28,23,6,3,3,11,5,6,6,4,2,7,3,4,5,2,3,2,2,0,6,2,4,8,7,1
C5120ST,8,119,District-Ajmer,Rural,10-19,164,98,66,15,8,7,21,13,8,11,6,5,41,27,14,21,12,9,6,2,4,31,17,14,18,13,5
C5120ST,8,119,District-Ajmer,Rural,20-29,132,96,36,12,10,2,12,9,3,6,5,1,49,34,15,13,12,1,9,7,2,23,13,10,8,6,2
C5120ST,8,119,District-Ajmer,Rural,30-39,107,67,40,9,7,2,11,5,6,5,3,2,38,30,8,11,5,6,5,2,3,17,8,9,11,7,4
C5120ST,8,119,District-Ajmer,Rural,40-49,120,71,49,19,12,7,13,3,10,5,3,2,41,27,14,7,6,1,10,6,4,18,11,7,7,3,4
C5120ST,8,119,District-Ajmer,Rural,50-59,166,88,78,35,20,15,14,6,8,3,1,2,68,39,29,0,0,0,3,2,1,22,10,12,21,10,11
C5120ST,8,119,District-Ajmer,Rural,60-69,260,104,156,54,18,36,20,6,14,2,1,1,106,52,54,6,3,3,1,1,0,28,12,16,43,11,32
C5120ST,8,119,District-Ajmer,Rural,70-79,191,76,115,28,15,13,17,8,9,1,1,0,87,32,55,1,1,0,0,0,0,11,3,8,46,16,30
C5120ST,8,119,District-Ajmer,Rural,80-89,59,18,41,7,2,5,7,1,6,0,0,0,23,7,16,0,0,0,0,0,0,3,1,2,19,7,12
C5120ST,8,119,District-Ajmer,Rural,90+,5,1,4,1,0,1,3,1,2,0,0,0,0,0,0,0,0,0,0,0,0,0,0,0,1,0,1
C5120ST,8,119,District-Ajmer,Rural,Age Not Stated,4,0,4,0,0,0,2,0,2,0,0,0,1,0,1,0,0,0,0,0,0,0,0,0,1,0,1
C5120ST,8,119,District-Ajmer,Urban,Total,196,115,81,37,28,9,23,10,13,24,14,10,43,29,14,14,8,6,7,2,5,28,14,14,20,10,10
C5120ST,8,119,District-Ajmer,Urban,0-4,4,2,2,0,0,0,1,0,1,0,0,0,1,1,0,1,0,1,0,0,0,1,1,0,0,0,0
C5120ST,8,119,District-Ajmer,Urban,5-9,15,6,9,1,0,1,0,0,0,5,2,3,0,0,0,2,1,1,2,0,2,2,1,1,3,2,1
C5120ST,8,119,District-Ajmer,Urban,10-19,53,33,20,20,18,2,3,2,1,8,5,3,6,3,3,6,3,3,1,0,1,5,1,4,4,1,3
C5120ST,8,119,District-Ajmer,Urban,20-29,33,23,10,3,2,1,3,2,1,4,2,2,8,7,1,2,1,1,3,2,1,8,5,3,2,2,0
C5120ST,8,119,District-Ajmer,Urban,30-39,22,16,6,3,2,1,6,5,1,1,1,0,9,6,3,1,1,0,0,0,0,2,1,1,0,0,0
C5120ST,8,119,District-Ajmer,Urban,40-49,19,16,3,3,3,0,0,0,0,3,2,1,8,7,1,1,1,0,1,0,1,2,2,0,1,1,0
C5120ST,8,119,District-Ajmer,Urban,50-59,11,6,5,3,2,1,1,0,1,1,1,0,3,1,2,1,1,0,0,0,0,2,1,1,0,0,0
C5120ST,8,119,District-Ajmer,Urban,60-69,11,7,4,1,0,1,3,1,2,0,0,0,2,2,0,0,0,0,0,0,0,3,2,1,2,2,0
C5120ST,8,119,District-Ajmer,Urban,70-79,18,3,15,0,0,0,6,0,6,1,0,1,4,2,2,0,0,0,0,0,0,2,0,2,5,1,4
C5120ST,8,119,District-Ajmer,Urban,80-89,6,2,4,1,1,0,0,0,0,0,0,0,1,0,1,0,0,0,0,0,0,1,0,1,3,1,2
C5120ST,8,119,District-Ajmer,Urban,90+,3,1,2,1,0,1,0,0,0,1,1,0,1,0,1,0,0,0,0,0,0,0,0,0,0,0,0
C5120ST,8,119,District-Ajmer,Urban,Age Not Stated,1,0,1,1,0,1,0,0,0,0,0,0,0,0,0,0,0,0,0,0,0,0,0,0,0,0,0
C5120ST,8,120,District-Tonk,Total,Total,4339,2281,2058,883,427,456,437,225,212,130,83,47,1336,720,616,187,112,75,93,61,32,387,245,142,886,408,478
C5120ST,8,120,District-Tonk,Total,0-4,99,46,53,18,5,13,20,9,11,1,1,0,23,12,11,4,3,1,1,1,0,15,5,10,17,10,7
C5120ST,8,120,District-Tonk,Total,5-9,229,141,88,20,10,10,25,10,15,35,23,12,32,22,10,35,21,14,5,5,0,36,26,10,41,24,17
C5120ST,8,120,District-Tonk,Total,10-19,484,305,179,56,32,24,52,33,19,31,20,11,112,68,44,60,38,22,23,13,10,73,48,25,77,53,24
C5120ST,8,120,District-Tonk,Total,20-29,370,249,121,46,29,17,38,23,15,16,10,6,147,104,43,22,15,7,17,14,3,50,31,19,34,23,11
C5120ST,8,120,District-Tonk,Total,30-39,354,239,115,43,26,17,42,32,10,15,9,6,136,94,42,21,11,10,13,9,4,47,33,14,37,25,12
C5120ST,8,120,District-Tonk,Total,40-49,369,214,155,78,39,39,41,21,20,12,7,5,118,79,39,23,12,11,17,11,6,46,30,16,34,15,19
C5120ST,8,120,District-Tonk,Total,50-59,476,251,225,139,70,69,42,18,24,5,5,0,158,82,76,10,5,5,14,7,7,47,31,16,61,33,28
C5120ST,8,120,District-Tonk,Total,60-69,796,365,431,231,103,128,74,35,39,6,3,3,260,117,143,7,5,2,3,1,2,39,24,15,176,77,99
C5120ST,8,120,District-Tonk,Total,70-79,789,318,471,180,74,106,70,25,45,5,3,2,260,110,150,3,2,1,0,0,0,24,10,14,247,94,153
C5120ST,8,120,District-Tonk,Total,80-89,311,135,176,59,36,23,30,18,12,4,2,2,69,23,46,2,0,2,0,0,0,8,6,2,139,50,89
C5120ST,8,120,District-Tonk,Total,90+,59,16,43,13,3,10,2,0,2,0,0,0,19,8,11,0,0,0,0,0,0,2,1,1,23,4,19
C5120ST,8,120,District-Tonk,Total,Age Not Stated,3,2,1,0,0,0,1,1,0,0,0,0,2,1,1,0,0,0,0,0,0,0,0,0,0,0,0
C5120ST,8,120,District-Tonk,Rural,Total,4271,2240,2031,876,424,452,424,214,210,121,79,42,1322,711,611,183,111,72,91,59,32,376,239,137,878,403,475
C5120ST,8,120,District-Tonk,Rural,0-4,96,43,53,18,5,13,20,9,11,1,1,0,22,11,11,4,3,1,1,1,0,14,4,10,16,9,7
C5120ST,8,120,District-Tonk,Rural,5-9,221,137,84,19,9,10,25,10,15,32,22,10,31,21,10,34,21,13,4,4,0,36,26,10,40,24,16
C5120ST,8,120,District-Tonk,Rural,10-19,471,295,176,54,31,23,49,30,19,30,19,11,112,68,44,58,37,21,22,12,10,71,47,24,75,51,24
C5120ST,8,120,District-Tonk,Rural,20-29,361,243,118,44,28,16,37,22,15,16,10,6,144,102,42,22,15,7,17,14,3,48,30,18,33,22,11
C5120ST,8,120,District-Tonk,Rural,30-39,346,235,111,42,26,16,40,31,9,12,8,4,135,93,42,21,11,10,13,9,4,46,32,14,37,25,12
C5120ST,8,120,District-Tonk,Rural,40-49,363,211,152,78,39,39,40,20,20,11,6,5,116,78,38,22,12,10,17,11,6,46,30,16,33,15,18
C5120ST,8,120,District-Tonk,Rural,50-59,471,249,222,139,70,69,41,17,24,5,5,0,156,81,75,10,5,5,14,7,7,45,31,14,61,33,28
C5120ST,8,120,District-Tonk,Rural,60-69,790,362,428,231,103,128,73,34,39,5,3,2,259,117,142,7,5,2,3,1,2,37,23,14,175,76,99
C5120ST,8,120,District-Tonk,Rural,70-79,784,316,468,179,74,105,69,25,44,5,3,2,257,108,149,3,2,1,0,0,0,24,10,14,247,94,153
C5120ST,8,120,District-Tonk,Rural,80-89,307,131,176,59,36,23,27,15,12,4,2,2,69,23,46,2,0,2,0,0,0,7,5,2,139,50,89
C5120ST,8,120,District-Tonk,Rural,90+,58,16,42,13,3,10,2,0,2,0,0,0,19,8,11,0,0,0,0,0,0,2,1,1,22,4,18
C5120ST,8,120,District-Tonk,Rural,Age Not Stated,3,2,1,0,0,0,1,1,0,0,0,0,2,1,1,0,0,0,0,0,0,0,0,0,0,0,0
C5120ST,8,120,District-Tonk,Urban,Total,68,41,27,7,3,4,13,11,2,9,4,5,14,9,5,4,1,3,2,2,0,11,6,5,8,5,3
C5120ST,8,120,District-Tonk,Urban,0-4,3,3,0,0,0,0,0,0,0,0,0,0,1,1,0,0,0,0,0,0,0,1,1,0,1,1,0
C5120ST,8,120,District-Tonk,Urban,5-9,8,4,4,1,1,0,0,0,0,3,1,2,1,1,0,1,0,1,1,1,0,0,0,0,1,0,1
C5120ST,8,120,District-Tonk,Urban,10-19,13,10,3,2,1,1,3,3,0,1,1,0,0,0,0,2,1,1,1,1,0,2,1,1,2,2,0
C5120ST,8,120,District-Tonk,Urban,20-29,9,6,3,2,1,1,1,1,0,0,0,0,3,2,1,0,0,0,0,0,0,2,1,1,1,1,0
C5120ST,8,120,District-Tonk,Urban,30-39,8,4,4,1,0,1,2,1,1,3,1,2,1,1,0,0,0,0,0,0,0,1,1,0,0,0,0
C5120ST,8,120,District-Tonk,Urban,40-49,6,3,3,0,0,0,1,1,0,1,1,0,2,1,1,1,0,1,0,0,0,0,0,0,1,0,1
C5120ST,8,120,District-Tonk,Urban,50-59,5,2,3,0,0,0,1,1,0,0,0,0,2,1,1,0,0,0,0,0,0,2,0,2,0,0,0
C5120ST,8,120,District-Tonk,Urban,60-69,6,3,3,0,0,0,1,1,0,1,0,1,1,0,1,0,0,0,0,0,0,2,1,1,1,1,0
C5120ST,8,120,District-Tonk,Urban,70-79,5,2,3,1,0,1,1,0,1,0,0,0,3,2,1,0,0,0,0,0,0,0,0,0,0,0,0
C5120ST,8,120,District-Tonk,Urban,80-89,4,4,0,0,0,0,3,3,0,0,0,0,0,0,0,0,0,0,0,0,0,1,1,0,0,0,0
C5120ST,8,120,District-Tonk,Urban,90+,1,0,1,0,0,0,0,0,0,0,0,0,0,0,0,0,0,0,0,0,0,0,0,0,1,0,1
C5120ST,8,120,District-Tonk,Urban,Age Not Stated,0,0,0,0,0,0,0,0,0,0,0,0,0,0,0,0,0,0,0,0,0,0,0,0,0,0,0
C5120ST,8,121,District-Bundi,Total,Total,6224,3451,2773,1775,924,851,746,431,315,188,122,66,1587,932,655,327,200,127,128,80,48,668,368,300,805,394,411
C5120ST,8,121,District-Bundi,Total,0-4,248,143,105,101,59,42,41,20,21,5,2,3,20,12,8,3,2,1,1,0,1,56,32,24,21,16,5
C5120ST,8,121,District-Bundi,Total,5-9,403,247,156,121,73,48,57,32,25,38,27,11,32,24,8,40,29,11,3,2,1,62,30,32,50,30,20
C5120ST,8,121,District-Bundi,Total,10-19,874,513,361,254,142,112,97,56,41,41,26,15,134,89,45,128,74,54,19,11,8,113,60,53,88,55,33
C5120ST,8,121,District-Bundi,Total,20-29,806,509,297,180,99,81,94,63,31,31,18,13,255,177,78,54,33,21,29,21,8,105,66,39,58,32,26
C5120ST,8,121,District-Bundi,Total,30-39,670,430,240,137,77,60,81,54,27,34,22,12,224,154,70,49,29,20,24,14,10,87,59,28,34,21,13
C5120ST,8,121,District-Bundi,Total,40-49,616,388,228,178,99,79,75,50,25,14,10,4,170,120,50,33,19,14,27,20,7,83,51,32,36,19,17
C5120ST,8,121,District-Bundi,Total,50-59,548,325,223,195,120,75,69,44,25,10,8,2,152,93,59,10,9,1,16,9,7,57,23,34,39,19,20
C5120ST,8,121,District-Bundi,Total,60-69,876,402,474,293,131,162,113,53,60,11,6,5,248,119,129,7,4,3,5,1,4,61,30,31,138,58,80
C5120ST,8,121,District-Bundi,Total,70-79,817,331,486,240,90,150,86,39,47,3,2,1,248,104,144,3,1,2,4,2,2,34,14,20,199,79,120
C5120ST,8,121,District-Bundi,Total,80-89,296,132,164,65,31,34,25,14,11,1,1,0,88,33,55,0,0,0,0,0,0,8,2,6,109,51,58
C5120ST,8,121,District-Bundi,Total,90+,68,30,38,11,3,8,8,6,2,0,0,0,15,7,8,0,0,0,0,0,0,2,1,1,32,13,19
C5120ST,8,121,District-Bundi,Total,Age Not Stated,2,1,1,0,0,0,0,0,0,0,0,0,1,0,1,0,0,0,0,0,0,0,0,0,1,1,0
C5120ST,8,121,District-Bundi,Rural,Total,6045,3344,2701,1740,907,833,724,419,305,181,118,63,1525,890,635,314,193,121,124,77,47,647,355,292,790,385,405
C5120ST,8,121,District-Bundi,Rural,0-4,240,139,101,100,59,41,38,18,20,5,2,3,17,10,7,3,2,1,1,0,1,55,32,23,21,16,5
C5120ST,8,121,District-Bundi,Rural,5-9,398,246,152,119,72,47,56,32,24,38,27,11,32,24,8,40,29,11,3,2,1,62,30,32,48,30,18
C5120ST,8,121,District-Bundi,Rural,10-19,848,495,353,246,137,109,94,54,40,39,25,14,129,86,43,125,71,54,18,11,7,109,56,53,88,55,33
C5120ST,8,121,District-Bundi,Rural,20-29,772,489,283,176,97,79,89,62,27,31,18,13,241,167,74,51,32,19,26,18,8,102,65,37,56,30,26
C5120ST,8,121,District-Bundi,Rural,30-39,641,409,232,136,76,60,78,51,27,31,21,10,209,142,67,45,28,17,24,14,10,84,56,28,34,21,13
C5120ST,8,121,District-Bundi,Rural,40-49,600,378,222,176,98,78,74,49,25,14,10,4,163,114,49,32,19,13,27,20,7,79,50,29,35,18,17
C5120ST,8,121,District-Bundi,Rural,50-59,527,313,214,191,118,73,67,43,24,9,7,2,145,91,54,8,7,1,16,9,7,54,20,34,37,18,19
C5120ST,8,121,District-Bundi,Rural,60-69,865,397,468,290,131,159,113,53,60,10,5,5,243,117,126,7,4,3,5,1,4,60,29,31,137,57,80
C5120ST,8,121,District-Bundi,Rural,70-79,795,320,475,230,85,145,84,39,45,3,2,1,244,100,144,3,1,2,4,2,2,33,14,19,194,77,117
C5120ST,8,121,District-Bundi,Rural,80-89,292,130,162,65,31,34,24,13,11,1,1,0,86,32,54,0,0,0,0,0,0,7,2,5,109,51,58
C5120ST,8,121,District-Bundi,Rural,90+,65,27,38,11,3,8,7,5,2,0,0,0,15,7,8,0,0,0,0,0,0,2,1,1,30,11,19
C5120ST,8,121,District-Bundi,Rural,Age Not Stated,2,1,1,0,0,0,0,0,0,0,0,0,1,0,1,0,0,0,0,0,0,0,0,0,1,1,0
C5120ST,8,121,District-Bundi,Urban,Total,179,107,72,35,17,18,22,12,10,7,4,3,62,42,20,13,7,6,4,3,1,21,13,8,15,9,6
C5120ST,8,121,District-Bundi,Urban,0-4,8,4,4,1,0,1,3,2,1,0,0,0,3,2,1,0,0,0,0,0,0,1,0,1,0,0,0
C5120ST,8,121,District-Bundi,Urban,5-9,5,1,4,2,1,1,1,0,1,0,0,0,0,0,0,0,0,0,0,0,0,0,0,0,2,0,2
C5120ST,8,121,District-Bundi,Urban,10-19,26,18,8,8,5,3,3,2,1,2,1,1,5,3,2,3,3,0,1,0,1,4,4,0,0,0,0
C5120ST,8,121,District-Bundi,Urban,20-29,34,20,14,4,2,2,5,1,4,0,0,0,14,10,4,3,1,2,3,3,0,3,1,2,2,2,0
C5120ST,8,121,District-Bundi,Urban,30-39,29,21,8,1,1,0,3,3,0,3,1,2,15,12,3,4,1,3,0,0,0,3,3,0,0,0,0
C5120ST,8,121,District-Bundi,Urban,40-49,16,10,6,2,1,1,1,1,0,0,0,0,7,6,1,1,0,1,0,0,0,4,1,3,1,1,0
C5120ST,8,121,District-Bundi,Urban,50-59,21,12,9,4,2,2,2,1,1,1,1,0,7,2,5,2,2,0,0,0,0,3,3,0,2,1,1
C5120ST,8,121,District-Bundi,Urban,60-69,11,5,6,3,0,3,0,0,0,1,1,0,5,2,3,0,0,0,0,0,0,1,1,0,1,1,0
C5120ST,8,121,District-Bundi,Urban,70-79,22,11,11,10,5,5,2,0,2,0,0,0,4,4,0,0,0,0,0,0,0,1,0,1,5,2,3
C5120ST,8,121,District-Bundi,Urban,80-89,4,2,2,0,0,0,1,1,0,0,0,0,2,1,1,0,0,0,0,0,0,1,0,1,0,0,0
C5120ST,8,121,District-Bundi,Urban,90+,3,3,0,0,0,0,1,1,0,0,0,0,0,0,0,0,0,0,0,0,0,0,0,0,2,2,0
C5120ST,8,121,District-Bundi,Urban,Age Not Stated,0,0,0,0,0,0,0,0,0,0,0,0,0,0,0,0,0,0,0,0,0,0,0,0,0,0,0
C5120ST,8,122,District-Bhilwara,Total,Total,5037,2619,2418,934,439,495,704,333,371,147,97,50,1532,843,689,211,145,66,111,66,45,637,359,278,761,337,424
C5120ST,8,122,District-Bhilwara,Total,0-4,160,90,70,19,7,12,26,16,10,6,4,2,26,13,13,6,2,4,2,2,0,61,39,22,14,7,7
C5120ST,8,122,District-Bhilwara,Total,5-9,250,145,105,29,17,12,38,17,21,26,17,9,36,21,15,22,13,9,3,3,0,56,32,24,40,25,15
C5120ST,8,122,District-Bhilwara,Total,10-19,561,343,218,60,36,24,76,33,43,33,22,11,122,79,43,60,43,17,23,15,8,115,68,47,72,47,25
C5120ST,8,122,District-Bhilwara,Total,20-29,500,324,176,52,34,18,75,41,34,18,15,3,173,118,55,40,29,11,15,12,3,90,55,35,37,20,17
C5120ST,8,122,District-Bhilwara,Total,30-39,473,324,149,55,39,16,76,43,33,20,16,4,184,132,52,21,16,5,19,12,7,69,48,21,29,18,11
C5120ST,8,122,District-Bhilwara,Total,40-49,501,276,225,87,47,40,73,35,38,17,8,9,172,107,65,32,20,12,18,8,10,59,28,31,43,23,20
C5120ST,8,122,District-Bhilwara,Total,50-59,541,295,246,120,52,68,80,49,31,9,5,4,186,108,78,14,12,2,15,8,7,64,35,29,53,26,27
C5120ST,8,122,District-Bhilwara,Total,60-69,880,347,533,216,80,136,119,40,79,11,6,5,303,127,176,11,6,5,11,5,6,67,33,34,142,50,92
C5120ST,8,122,District-Bhilwara,Total,70-79,789,326,463,224,99,125,100,46,54,7,4,3,231,94,137,5,4,1,4,1,3,32,13,19,186,65,121
C5120ST,8,122,District-Bhilwara,Total,80-89,295,117,178,60,25,35,28,9,19,0,0,0,85,37,48,0,0,0,0,0,0,13,3,10,109,43,66
C5120ST,8,122,District-Bhilwara,Total,90+,63,23,40,10,3,7,9,2,7,0,0,0,10,4,6,0,0,0,0,0,0,3,2,1,31,12,19
C5120ST,8,122,District-Bhilwara,Total,Age Not Stated,24,9,15,2,0,2,4,2,2,0,0,0,4,3,1,0,0,0,1,0,1,8,3,5,5,1,4
C5120ST,8,122,District-Bhilwara,Rural,Total,4754,2458,2296,897,419,478,664,310,354,142,96,46,1444,787,657,203,139,64,101,57,44,594,333,261,709,317,392
C5120ST,8,122,District-Bhilwara,Rural,0-4,152,84,68,19,7,12,25,15,10,6,4,2,25,13,12,6,2,4,2,2,0,57,35,22,12,6,6
C5120ST,8,122,District-Bhilwara,Rural,5-9,238,136,102,28,16,12,35,15,20,26,17,9,33,19,14,21,12,9,3,3,0,53,30,23,39,24,15
C5120ST,8,122,District-Bhilwara,Rural,10-19,530,323,207,54,33,21,73,30,43,30,22,8,117,74,43,59,42,17,23,15,8,107,63,44,67,44,23
C5120ST,8,122,District-Bhilwara,Rural,20-29,465,299,166,49,31,18,69,38,31,18,15,3,164,110,54,37,28,9,13,10,3,82,50,32,33,17,16
C5120ST,8,122,District-Bhilwara,Rural,30-39,443,305,138,54,38,16,70,40,30,19,16,3,172,124,48,20,15,5,16,9,7,64,45,19,28,18,10
C5120ST,8,122,District-Bhilwara,Rural,40-49,473,255,218,85,45,40,69,32,37,17,8,9,158,95,63,31,19,12,17,8,9,55,26,29,41,22,19
C5120ST,8,122,District-Bhilwara,Rural,50-59,522,283,239,115,49,66,78,49,29,9,5,4,182,106,76,14,12,2,12,5,7,60,32,28,52,25,27
C5120ST,8,122,District-Bhilwara,Rural,60-69,830,326,504,208,76,132,114,37,77,11,6,5,277,116,161,10,5,5,10,4,6,64,33,31,136,49,87
C5120ST,8,122,District-Bhilwara,Rural,70-79,740,307,433,215,98,117,94,41,53,6,3,3,219,87,132,5,4,1,4,1,3,28,11,17,169,62,107
C5120ST,8,122,District-Bhilwara,Rural,80-89,278,109,169,58,23,35,26,9,17,0,0,0,83,36,47,0,0,0,0,0,0,13,3,10,98,38,60
C5120ST,8,122,District-Bhilwara,Rural,90+,60,22,38,10,3,7,8,2,6,0,0,0,10,4,6,0,0,0,0,0,0,3,2,1,29,11,18
C5120ST,8,122,District-Bhilwara,Rural,Age Not Stated,23,9,14,2,0,2,3,2,1,0,0,0,4,3,1,0,0,0,1,0,1,8,3,5,5,1,4
C5120ST,8,122,District-Bhilwara,Urban,Total,283,161,122,37,20,17,40,23,17,5,1,4,88,56,32,8,6,2,10,9,1,43,26,17,52,20,32
C5120ST,8,122,District-Bhilwara,Urban,0-4,8,6,2,0,0,0,1,1,0,0,0,0,1,0,1,0,0,0,0,0,0,4,4,0,2,1,1
C5120ST,8,122,District-Bhilwara,Urban,5-9,12,9,3,1,1,0,3,2,1,0,0,0,3,2,1,1,1,0,0,0,0,3,2,1,1,1,0
C5120ST,8,122,District-Bhilwara,Urban,10-19,31,20,11,6,3,3,3,3,0,3,0,3,5,5,0,1,1,0,0,0,0,8,5,3,5,3,2
C5120ST,8,122,District-Bhilwara,Urban,20-29,35,25,10,3,3,0,6,3,3,0,0,0,9,8,1,3,1,2,2,2,0,8,5,3,4,3,1
C5120ST,8,122,District-Bhilwara,Urban,30-39,30,19,11,1,1,0,6,3,3,1,0,1,12,8,4,1,1,0,3,3,0,5,3,2,1,0,1
C5120ST,8,122,District-Bhilwara,Urban,40-49,28,21,7,2,2,0,4,3,1,0,0,0,14,12,2,1,1,0,1,0,1,4,2,2,2,1,1
C5120ST,8,122,District-Bhilwara,Urban,50-59,19,12,7,5,3,2,2,0,2,0,0,0,4,2,2,0,0,0,3,3,0,4,3,1,1,1,0
C5120ST,8,122,District-Bhilwara,Urban,60-69,50,21,29,8,4,4,5,3,2,0,0,0,26,11,15,1,1,0,1,1,0,3,0,3,6,1,5
C5120ST,8,122,District-Bhilwara,Urban,70-79,49,19,30,9,1,8,6,5,1,1,1,0,12,7,5,0,0,0,0,0,0,4,2,2,17,3,14
C5120ST,8,122,District-Bhilwara,Urban,80-89,17,8,9,2,2,0,2,0,2,0,0,0,2,1,1,0,0,0,0,0,0,0,0,0,11,5,6
C5120ST,8,122,District-Bhilwara,Urban,90+,3,1,2,0,0,0,1,0,1,0,0,0,0,0,0,0,0,0,0,0,0,0,0,0,2,1,1
C5120ST,8,122,District-Bhilwara,Urban,Age Not Stated,1,0,1,0,0,0,1,0,1,0,0,0,0,0,0,0,0,0,0,0,0,0,0,0,0,0,0
C5120ST,8,123,District-Rajsamand,Total,Total,3545,1848,1697,761,365,396,403,181,222,127,77,50,1069,601,468,210,110,100,109,59,50,342,206,136,524,249,275
C5120ST,8,123,District-Rajsamand,Total,0-4,102,61,41,27,12,15,14,8,6,1,1,0,20,13,7,2,1,1,0,0,0,29,20,9,9,6,3
C5120ST,8,123,District-Rajsamand,Total,5-9,197,105,92,50,25,25,20,8,12,20,15,5,31,17,14,20,9,11,4,1,3,30,18,12,22,12,10
C5120ST,8,123,District-Rajsamand,Total,10-19,419,234,185,70,33,37,43,27,16,31,21,10,98,59,39,68,35,33,14,8,6,52,27,25,43,24,19
C5120ST,8,123,District-Rajsamand,Total,20-29,325,196,129,42,21,21,24,10,14,19,12,7,115,73,42,36,23,13,15,11,4,47,28,19,27,18,9
C5120ST,8,123,District-Rajsamand,Total,30-39,356,218,138,49,29,20,33,15,18,21,10,11,109,75,34,39,23,16,30,18,12,46,32,14,29,16,13
C5120ST,8,123,District-Rajsamand,Total,40-49,349,210,139,48,23,25,27,13,14,9,6,3,131,87,44,28,12,16,29,16,13,46,33,13,31,20,11
C5120ST,8,123,District-Rajsamand,Total,50-59,348,182,166,74,42,32,49,20,29,12,4,8,123,76,47,9,4,5,11,2,9,38,21,17,32,13,19
C5120ST,8,123,District-Rajsamand,Total,60-69,600,263,337,182,76,106,88,31,57,12,8,4,202,93,109,5,2,3,2,1,1,22,13,9,87,39,48
C5120ST,8,123,District-Rajsamand,Total,70-79,565,247,318,157,75,82,75,35,40,2,0,2,150,69,81,2,1,1,2,1,1,23,11,12,154,55,99
C5120ST,8,123,District-Rajsamand,Total,80-89,224,105,119,50,25,25,25,13,12,0,0,0,75,32,43,1,0,1,2,1,1,7,2,5,64,32,32
C5120ST,8,123,District-Rajsamand,Total,90+,60,27,33,12,4,8,5,1,4,0,0,0,15,7,8,0,0,0,0,0,0,2,1,1,26,14,12
C5120ST,8,123,District-Rajsamand,Total,Age Not Stated,0,0,0,0,0,0,0,0,0,0,0,0,0,0,0,0,0,0,0,0,0,0,0,0,0,0,0
C5120ST,8,123,District-Rajsamand,Rural,Total,3246,1707,1539,678,335,343,377,170,207,110,67,43,996,565,431,195,102,93,96,50,46,299,180,119,495,238,257
C5120ST,8,123,District-Rajsamand,Rural,0-4,82,48,34,19,9,10,12,7,5,0,0,0,18,11,7,0,0,0,0,0,0,25,16,9,8,5,3
C5120ST,8,123,District-Rajsamand,Rural,5-9,180,97,83,41,21,20,18,7,11,17,13,4,31,17,14,20,9,11,4,1,3,27,17,10,22,12,10
C5120ST,8,123,District-Rajsamand,Rural,10-19,371,208,163,57,28,29,39,23,16,25,16,9,90,55,35,64,34,30,13,8,5,42,20,22,41,24,17
C5120ST,8,123,District-Rajsamand,Rural,20-29,292,183,109,33,19,14,23,10,13,19,12,7,111,72,39,34,22,12,12,8,4,35,24,11,25,16,9
C5120ST,8,123,District-Rajsamand,Rural,30-39,326,200,126,39,23,16,32,15,17,19,10,9,104,71,33,35,19,16,25,14,11,45,32,13,27,16,11
C5120ST,8,123,District-Rajsamand,Rural,40-49,322,194,128,43,22,21,27,13,14,7,5,2,120,78,42,26,12,14,27,15,12,41,29,12,31,20,11
C5120ST,8,123,District-Rajsamand,Rural,50-59,314,166,148,70,39,31,43,19,24,12,4,8,106,69,37,8,3,5,10,2,8,34,18,16,31,12,19
C5120ST,8,123,District-Rajsamand,Rural,60-69,558,248,310,169,72,97,83,30,53,10,7,3,185,87,98,5,2,3,2,1,1,22,13,9,82,36,46
C5120ST,8,123,District-Rajsamand,Rural,70-79,533,239,294,147,74,73,71,33,38,1,0,1,147,69,78,2,1,1,2,1,1,21,9,12,142,52,90
C5120ST,8,123,District-Rajsamand,Rural,80-89,210,98,112,48,24,24,24,12,12,0,0,0,70,30,40,1,0,1,1,0,1,6,1,5,60,31,29
C5120ST,8,123,District-Rajsamand,Rural,90+,58,26,32,12,4,8,5,1,4,0,0,0,14,6,8,0,0,0,0,0,0,1,1,0,26,14,12
C5120ST,8,123,District-Rajsamand,Rural,Age Not Stated,0,0,0,0,0,0,0,0,0,0,0,0,0,0,0,0,0,0,0,0,0,0,0,0,0,0,0
C5120ST,8,123,District-Rajsamand,Urban,Total,299,141,158,83,30,53,26,11,15,17,10,7,73,36,37,15,8,7,13,9,4,43,26,17,29,11,18
C5120ST,8,123,District-Rajsamand,Urban,0-4,20,13,7,8,3,5,2,1,1,1,1,0,2,2,0,2,1,1,0,0,0,4,4,0,1,1,0
C5120ST,8,123,District-Rajsamand,Urban,5-9,17,8,9,9,4,5,2,1,1,3,2,1,0,0,0,0,0,0,0,0,0,3,1,2,0,0,0
C5120ST,8,123,District-Rajsamand,Urban,10-19,48,26,22,13,5,8,4,4,0,6,5,1,8,4,4,4,1,3,1,0,1,10,7,3,2,0,2
C5120ST,8,123,District-Rajsamand,Urban,20-29,33,13,20,9,2,7,1,0,1,0,0,0,4,1,3,2,1,1,3,3,0,12,4,8,2,2,0
C5120ST,8,123,District-Rajsamand,Urban,30-39,30,18,12,10,6,4,1,0,1,2,0,2,5,4,1,4,4,0,5,4,1,1,0,1,2,0,2
C5120ST,8,123,District-Rajsamand,Urban,40-49,27,16,11,5,1,4,0,0,0,2,1,1,11,9,2,2,0,2,2,1,1,5,4,1,0,0,0
C5120ST,8,123,District-Rajsamand,Urban,50-59,34,16,18,4,3,1,6,1,5,0,0,0,17,7,10,1,1,0,1,0,1,4,3,1,1,1,0
C5120ST,8,123,District-Rajsamand,Urban,60-69,42,15,27,13,4,9,5,1,4,2,1,1,17,6,11,0,0,0,0,0,0,0,0,0,5,3,2
C5120ST,8,123,District-Rajsamand,Urban,70-79,32,8,24,10,1,9,4,2,2,1,0,1,3,0,3,0,0,0,0,0,0,2,2,0,12,3,9
C5120ST,8,123,District-Rajsamand,Urban,80-89,14,7,7,2,1,1,1,1,0,0,0,0,5,2,3,0,0,0,1,1,0,1,1,0,4,1,3
C5120ST,8,123,District-Rajsamand,Urban,90+,2,1,1,0,0,0,0,0,0,0,0,0,1,1,0,0,0,0,0,0,0,1,0,1,0,0,0
C5120ST,8,123,District-Rajsamand,Urban,Age Not Stated,0,0,0,0,0,0,0,0,0,0,0,0,0,0,0,0,0,0,0,0,0,0,0,0,0,0,0
C5120ST,8,124,District-Dungarpur,Total,Total,21486,11288,10198,4449,2176,2273,3397,1697,1700,740,445,295,5936,3239,2697,1149,723,426,666,404,262,2558,1332,1226,2591,1272,1319
C5120ST,8,124,District-Dungarpur,Total,0-4,997,535,462,295,150,145,177,87,90,26,9,17,140,86,54,33,19,14,7,5,2,255,135,120,64,44,20
C5120ST,8,124,District-Dungarpur,Total,5-9,1602,897,705,413,223,190,262,149,113,133,92,41,196,103,93,101,62,39,26,14,12,295,154,141,176,100,76
C5120ST,8,124,District-Dungarpur,Total,10-19,3498,1947,1551,650,320,330,504,276,228,242,151,91,745,435,310,324,204,120,116,60,56,502,262,240,415,239,176
C5120ST,8,124,District-Dungarpur,Total,20-29,2468,1429,1039,393,216,177,309,165,144,115,67,48,828,526,302,183,104,79,138,90,48,301,145,156,201,116,85
C5120ST,8,124,District-Dungarpur,Total,30-39,2192,1351,841,339,193,146,275,158,117,80,47,33,637,404,233,199,141,58,150,107,43,344,192,152,168,109,59
C5120ST,8,124,District-Dungarpur,Total,40-49,1919,1140,779,335,177,158,250,142,108,53,33,20,608,391,217,130,87,43,120,67,53,283,157,126,140,86,54
C5120ST,8,124,District-Dungarpur,Total,50-59,1637,856,781,351,166,185,252,114,138,29,13,16,560,310,250,85,53,32,53,28,25,175,100,75,132,72,60
C5120ST,8,124,District-Dungarpur,Total,60-69,3170,1351,1819,819,365,454,677,284,393,40,22,18,987,413,574,58,34,24,29,16,13,201,92,109,359,125,234
C5120ST,8,124,District-Dungarpur,Total,70-79,2696,1216,1480,620,278,342,485,226,259,14,6,8,869,403,466,20,11,9,14,9,5,124,58,66,550,225,325
C5120ST,8,124,District-Dungarpur,Total,80-89,899,401,498,172,65,107,152,73,79,3,2,1,266,124,142,4,1,3,5,5,0,41,20,21,256,111,145
C5120ST,8,124,District-Dungarpur,Total,90+,262,104,158,34,13,21,39,19,20,1,1,0,61,26,35,3,1,2,4,2,2,9,3,6,111,39,72
C5120ST,8,124,District-Dungarpur,Total,Age Not Stated,146,61,85,28,10,18,15,4,11,4,2,2,39,18,21,9,6,3,4,1,3,28,14,14,19,6,13
C5120ST,8,124,District-Dungarpur,Rural,Total,21117,11095,10022,4366,2143,2223,3335,1666,1669,730,439,291,5873,3204,2669,1126,706,420,653,398,255,2518,1306,1212,2516,1233,1283
C5120ST,8,124,District-Dungarpur,Rural,0-4,985,531,454,289,147,142,176,87,89,26,9,17,138,86,52,33,19,14,7,5,2,253,135,118,63,43,20
C5120ST,8,124,District-Dungarpur,Rural,5-9,1558,875,683,402,219,183,256,147,109,130,90,40,194,101,93,96,57,39,26,14,12,293,153,140,161,94,67
C5120ST,8,124,District-Dungarpur,Rural,10-19,3385,1886,1499,626,314,312,494,269,225,239,150,89,733,429,304,316,198,118,113,59,54,492,253,239,372,214,158
C5120ST,8,124,District-Dungarpur,Rural,20-29,2424,1407,1017,383,213,170,300,161,139,112,65,47,815,519,296,179,101,78,137,89,48,301,145,156,197,114,83
C5120ST,8,124,District-Dungarpur,Rural,30-39,2160,1330,830,331,189,142,271,155,116,79,46,33,631,400,231,198,140,58,147,105,42,337,188,149,166,107,59
C5120ST,8,124,District-Dungarpur,Rural,40-49,1888,1121,767,327,172,155,243,138,105,53,33,20,605,389,216,129,86,43,116,66,50,276,152,124,139,85,54
C5120ST,8,124,District-Dungarpur,Rural,50-59,1601,837,764,347,164,183,242,110,132,29,13,16,548,303,245,83,52,31,53,28,25,168,96,72,131,71,60
C5120ST,8,124,District-Dungarpur,Rural,60-69,3146,1341,1805,811,361,450,671,281,390,40,22,18,982,412,570,56,34,22,28,16,12,199,90,109,359,125,234
C5120ST,8,124,District-Dungarpur,Rural,70-79,2681,1211,1470,618,278,340,482,224,258,14,6,8,867,402,465,20,11,9,14,9,5,122,57,65,544,224,320
C5120ST,8,124,District-Dungarpur,Rural,80-89,889,396,493,172,65,107,147,72,75,3,2,1,263,121,142,4,1,3,4,4,0,40,20,20,256,111,145
C5120ST,8,124,District-Dungarpur,Rural,90+,257,101,156,32,11,21,38,18,20,1,1,0,60,26,34,3,1,2,4,2,2,9,3,6,110,39,71
C5120ST,8,124,District-Dungarpur,Rural,Age Not Stated,143,59,84,28,10,18,15,4,11,4,2,2,37,16,21,9,6,3,4,1,3,28,14,14,18,6,12
C5120ST,8,124,District-Dungarpur,Urban,Total,369,193,176,83,33,50,62,31,31,10,6,4,63,35,28,23,17,6,13,6,7,40,26,14,75,39,36
C5120ST,8,124,District-Dungarpur,Urban,0-4,12,4,8,6,3,3,1,0,1,0,0,0,2,0,2,0,0,0,0,0,0,2,0,2,1,1,0
C5120ST,8,124,District-Dungarpur,Urban,5-9,44,22,22,11,4,7,6,2,4,3,2,1,2,2,0,5,5,0,0,0,0,2,1,1,15,6,9
C5120ST,8,124,District-Dungarpur,Urban,10-19,113,61,52,24,6,18,10,7,3,3,1,2,12,6,6,8,6,2,3,1,2,10,9,1,43,25,18
C5120ST,8,124,District-Dungarpur,Urban,20-29,44,22,22,10,3,7,9,4,5,3,2,1,13,7,6,4,3,1,1,1,0,0,0,0,4,2,2
C5120ST,8,124,District-Dungarpur,Urban,30-39,32,21,11,8,4,4,4,3,1,1,1,0,6,4,2,1,1,0,3,2,1,7,4,3,2,2,0
C5120ST,8,124,District-Dungarpur,Urban,40-49,31,19,12,8,5,3,7,4,3,0,0,0,3,2,1,1,1,0,4,1,3,7,5,2,1,1,0
C5120ST,8,124,District-Dungarpur,Urban,50-59,36,19,17,4,2,2,10,4,6,0,0,0,12,7,5,2,1,1,0,0,0,7,4,3,1,1,0
C5120ST,8,124,District-Dungarpur,Urban,60-69,24,10,14,8,4,4,6,3,3,0,0,0,5,1,4,2,0,2,1,0,1,2,2,0,0,0,0
C5120ST,8,124,District-Dungarpur,Urban,70-79,15,5,10,2,0,2,3,2,1,0,0,0,2,1,1,0,0,0,0,0,0,2,1,1,6,1,5
C5120ST,8,124,District-Dungarpur,Urban,80-89,10,5,5,0,0,0,5,1,4,0,0,0,3,3,0,0,0,0,1,1,0,1,0,1,0,0,0
C5120ST,8,124,District-Dungarpur,Urban,90+,5,3,2,2,2,0,1,1,0,0,0,0,1,0,1,0,0,0,0,0,0,0,0,0,1,0,1
C5120ST,8,124,District-Dungarpur,Urban,Age Not Stated,3,2,1,0,0,0,0,0,0,0,0,0,2,2,0,0,0,0,0,0,0,0,0,0,1,0,1
C5120ST,8,125,District-Banswara,Total,Total,26949,13951,12998,5371,2563,2808,4224,2115,2109,843,503,340,8271,4455,3816,1294,798,496,634,356,278,3070,1649,1421,3242,1512,1730
C5120ST,8,125,District-Banswara,Total,0-4,1351,735,616,389,206,183,234,121,113,19,14,5,248,138,110,36,21,15,11,8,3,324,181,143,90,46,44
C5120ST,8,125,District-Banswara,Total,5-9,1974,1061,913,454,219,235,371,199,172,163,102,61,328,201,127,111,58,53,23,14,9,319,160,159,205,108,97
C5120ST,8,125,District-Banswara,Total,10-19,4922,2724,2198,867,461,406,715,382,333,261,161,100,1439,790,649,349,210,139,91,51,40,704,386,318,496,283,213
C5120ST,8,125,District-Banswara,Total,20-29,3409,1989,1420,489,257,232,441,224,217,111,65,46,1378,860,518,212,136,76,121,68,53,399,229,170,258,150,108
C5120ST,8,125,District-Banswara,Total,30-39,2724,1609,1115,385,214,171,367,208,159,104,59,45,956,566,390,207,144,63,134,73,61,377,221,156,194,124,70
C5120ST,8,125,District-Banswara,Total,40-49,2239,1316,923,388,191,197,355,197,158,72,36,36,647,418,229,198,134,64,114,70,44,311,181,130,154,89,65
C5120ST,8,125,District-Banswara,Total,50-59,1905,996,909,417,208,209,304,158,146,39,25,14,654,358,296,75,39,36,64,33,31,175,95,80,177,80,97
C5120ST,8,125,District-Banswara,Total,60-69,3652,1553,2099,904,346,558,671,280,391,32,18,14,1159,532,627,60,35,25,55,29,26,220,88,132,551,225,326
C5120ST,8,125,District-Banswara,Total,70-79,2864,1154,1710,667,263,404,515,234,281,22,10,12,905,361,544,25,11,14,14,7,7,133,49,84,583,219,364
C5120ST,8,125,District-Banswara,Total,80-89,1162,474,688,258,122,136,164,69,95,6,5,1,340,135,205,3,2,1,1,0,1,40,21,19,350,120,230
C5120ST,8,125,District-Banswara,Total,90+,399,166,233,70,32,38,38,17,21,1,0,1,127,54,73,1,0,1,1,0,1,16,8,8,145,55,90
C5120ST,8,125,District-Banswara,Total,Age Not Stated,348,174,174,83,44,39,49,26,23,13,8,5,90,42,48,17,8,9,5,3,2,52,30,22,39,13,26
C5120ST,8,125,District-Banswara,Rural,Total,26466,13698,12768,5247,2503,2744,4106,2053,2053,824,489,335,8184,4405,3779,1271,786,485,620,351,269,2989,1607,1382,3225,1504,1721
C5120ST,8,125,District-Banswara,Rural,0-4,1315,714,601,376,197,179,229,118,111,18,13,5,245,137,108,36,21,15,11,8,3,311,175,136,89,45,44
C5120ST,8,125,District-Banswara,Rural,5-9,1937,1036,901,445,214,231,362,192,170,156,96,60,323,198,125,110,58,52,23,14,9,315,158,157,203,106,97
C5120ST,8,125,District-Banswara,Rural,10-19,4814,2675,2139,837,449,388,687,368,319,259,159,100,1423,784,639,342,206,136,89,51,38,682,376,306,495,282,213
C5120ST,8,125,District-Banswara,Rural,20-29,3326,1950,1376,466,245,221,424,216,208,108,63,45,1362,852,510,209,134,75,118,67,51,385,224,161,254,149,105
C5120ST,8,125,District-Banswara,Rural,30-39,2655,1569,1086,368,205,163,350,199,151,102,58,44,940,554,386,204,144,60,132,73,59,367,213,154,192,123,69
C5120ST,8,125,District-Banswara,Rural,40-49,2187,1286,901,374,185,189,339,189,150,71,35,36,641,413,228,193,131,62,111,68,43,304,176,128,154,89,65
C5120ST,8,125,District-Banswara,Rural,50-59,1874,979,895,411,206,205,300,155,145,37,25,12,643,350,293,73,38,35,62,31,31,172,94,78,176,80,96
C5120ST,8,125,District-Banswara,Rural,60-69,3625,1543,2082,899,344,555,659,275,384,32,18,14,1155,530,625,59,34,25,53,29,24,219,88,131,549,225,324
C5120ST,8,125,District-Banswara,Rural,70-79,2844,1145,1699,662,261,401,510,232,278,22,10,12,900,358,542,25,11,14,14,7,7,130,47,83,581,219,362
C5120ST,8,125,District-Banswara,Rural,80-89,1154,469,685,258,122,136,161,68,93,5,4,1,337,133,204,3,2,1,1,0,1,40,21,19,349,119,230
C5120ST,8,125,District-Banswara,Rural,90+,398,166,232,70,32,38,38,17,21,1,0,1,126,54,72,1,0,1,1,0,1,16,8,8,145,55,90
C5120ST,8,125,District-Banswara,Rural,Age Not Stated,337,166,171,81,43,38,47,24,23,13,8,5,89,42,47,16,7,9,5,3,2,48,27,21,38,12,26
C5120ST,8,125,District-Banswara,Urban,Total,483,253,230,124,60,64,118,62,56,19,14,5,87,50,37,23,12,11,14,5,9,81,42,39,17,8,9
C5120ST,8,125,District-Banswara,Urban,0-4,36,21,15,13,9,4,5,3,2,1,1,0,3,1,2,0,0,0,0,0,0,13,6,7,1,1,0
C5120ST,8,125,District-Banswara,Urban,5-9,37,25,12,9,5,4,9,7,2,7,6,1,5,3,2,1,0,1,0,0,0,4,2,2,2,2,0
C5120ST,8,125,District-Banswara,Urban,10-19,108,49,59,30,12,18,28,14,14,2,2,0,16,6,10,7,4,3,2,0,2,22,10,12,1,1,0
C5120ST,8,125,District-Banswara,Urban,20-29,83,39,44,23,12,11,17,8,9,3,2,1,16,8,8,3,2,1,3,1,2,14,5,9,4,1,3
C5120ST,8,125,District-Banswara,Urban,30-39,69,40,29,17,9,8,17,9,8,2,1,1,16,12,4,3,0,3,2,0,2,10,8,2,2,1,1
C5120ST,8,125,District-Banswara,Urban,40-49,52,30,22,14,6,8,16,8,8,1,1,0,6,5,1,5,3,2,3,2,1,7,5,2,0,0,0
C5120ST,8,125,District-Banswara,Urban,50-59,31,17,14,6,2,4,4,3,1,2,0,2,11,8,3,2,1,1,2,2,0,3,1,2,1,0,1
C5120ST,8,125,District-Banswara,Urban,60-69,27,10,17,5,2,3,12,5,7,0,0,0,4,2,2,1,1,0,2,0,2,1,0,1,2,0,2
C5120ST,8,125,District-Banswara,Urban,70-79,20,9,11,5,2,3,5,2,3,0,0,0,5,3,2,0,0,0,0,0,0,3,2,1,2,0,2
C5120ST,8,125,District-Banswara,Urban,80-89,8,5,3,0,0,0,3,1,2,1,1,0,3,2,1,0,0,0,0,0,0,0,0,0,1,1,0
C5120ST,8,125,District-Banswara,Urban,90+,1,0,1,0,0,0,0,0,0,0,0,0,1,0,1,0,0,0,0,0,0,0,0,0,0,0,0
C5120ST,8,125,District-Banswara,Urban,Age Not Stated,11,8,3,2,1,1,2,2,0,0,0,0,1,0,1,1,1,0,0,0,0,4,3,1,1,1,0
C5120ST,8,126,District-Chittaurgarh,Total,Total,4835,2499,2336,1046,494,552,618,316,302,121,78,43,1455,785,670,278,162,116,99,55,44,559,318,241,659,291,368
C5120ST,8,126,District-Chittaurgarh,Total,0-4,164,97,67,46,31,15,27,15,12,4,4,0,29,17,12,9,3,6,0,0,0,38,23,15,11,4,7
C5120ST,8,126,District-Chittaurgarh,Total,5-9,286,174,112,54,31,23,32,17,15,27,18,9,47,34,13,41,18,23,4,3,1,43,28,15,38,25,13
C5120ST,8,126,District-Chittaurgarh,Total,10-19,549,328,221,83,39,44,58,36,22,35,22,13,117,75,42,92,66,26,20,13,7,83,41,42,61,36,25
C5120ST,8,126,District-Chittaurgarh,Total,20-29,458,291,167,61,39,22,45,34,11,16,7,9,176,113,63,44,27,17,15,9,6,73,40,33,28,22,6
C5120ST,8,126,District-Chittaurgarh,Total,30-39,408,262,146,68,45,23,49,32,17,10,6,4,138,98,40,32,18,14,25,12,13,63,38,25,23,13,10
C5120ST,8,126,District-Chittaurgarh,Total,40-49,411,254,157,80,42,38,43,31,12,13,11,2,127,80,47,30,17,13,13,8,5,85,55,30,20,10,10
C5120ST,8,126,District-Chittaurgarh,Total,50-59,467,246,221,120,59,61,76,39,37,2,1,1,142,79,63,13,6,7,7,2,5,63,38,25,44,22,22
C5120ST,8,126,District-Chittaurgarh,Total,60-69,885,341,544,250,87,163,140,49,91,9,5,4,266,112,154,9,6,3,10,5,5,64,29,35,137,48,89
C5120ST,8,126,District-Chittaurgarh,Total,70-79,844,356,488,219,93,126,103,47,56,3,2,1,291,128,163,6,1,5,3,2,1,32,14,18,187,69,118
C5120ST,8,126,District-Chittaurgarh,Total,80-89,261,110,151,48,20,28,35,11,24,0,0,0,94,38,56,0,0,0,2,1,1,12,9,3,70,31,39
C5120ST,8,126,District-Chittaurgarh,Total,90+,82,32,50,10,4,6,10,5,5,1,1,0,23,9,14,0,0,0,0,0,0,2,2,0,36,11,25
C5120ST,8,126,District-Chittaurgarh,Total,Age Not Stated,20,8,12,7,4,3,0,0,0,1,1,0,5,2,3,2,0,2,0,0,0,1,1,0,4,0,4
C5120ST,8,126,District-Chittaurgarh,Rural,Total,4647,2405,2242,1008,475,533,589,299,290,106,72,34,1413,763,650,272,162,110,91,49,42,527,303,224,641,282,359
C5120ST,8,126,District-Chittaurgarh,Rural,0-4,154,92,62,45,31,14,25,13,12,3,3,0,26,15,11,9,3,6,0,0,0,35,23,12,11,4,7
C5120ST,8,126,District-Chittaurgarh,Rural,5-9,270,165,105,53,30,23,27,13,14,25,18,7,45,34,11,40,18,22,4,3,1,42,27,15,34,22,12
C5120ST,8,126,District-Chittaurgarh,Rural,10-19,518,312,206,79,37,42,53,34,19,31,20,11,114,73,41,89,66,23,18,11,7,78,40,38,56,31,25
C5120ST,8,126,District-Chittaurgarh,Rural,20-29,430,276,154,56,36,20,40,31,9,13,7,6,169,108,61,44,27,17,12,7,5,69,38,31,27,22,5
C5120ST,8,126,District-Chittaurgarh,Rural,30-39,385,249,136,64,42,22,43,28,15,8,5,3,134,96,38,31,18,13,24,11,13,58,36,22,23,13,10
C5120ST,8,126,District-Chittaurgarh,Rural,40-49,396,245,151,77,41,36,42,30,12,12,10,2,122,77,45,30,17,13,13,8,5,80,52,28,20,10,10
C5120ST,8,126,District-Chittaurgarh,Rural,50-59,451,239,212,116,56,60,74,38,36,2,1,1,135,78,57,13,6,7,7,2,5,61,36,25,43,22,21
C5120ST,8,126,District-Chittaurgarh,Rural,60-69,858,332,526,241,85,156,139,49,90,8,5,3,261,109,152,9,6,3,8,4,4,58,26,32,134,48,86
C5120ST,8,126,District-Chittaurgarh,Rural,70-79,830,347,483,216,90,126,101,47,54,3,2,1,285,124,161,6,1,5,3,2,1,31,13,18,185,68,117
C5120ST,8,126,District-Chittaurgarh,Rural,80-89,259,109,150,47,19,28,35,11,24,0,0,0,94,38,56,0,0,0,2,1,1,12,9,3,69,31,38
C5120ST,8,126,District-Chittaurgarh,Rural,90+,79,32,47,8,4,4,10,5,5,1,1,0,23,9,14,0,0,0,0,0,0,2,2,0,35,11,24
C5120ST,8,126,District-Chittaurgarh,Rural,Age Not Stated,17,7,10,6,4,2,0,0,0,0,0,0,5,2,3,1,0,1,0,0,0,1,1,0,4,0,4
C5120ST,8,126,District-Chittaurgarh,Urban,Total,188,94,94,38,19,19,29,17,12,15,6,9,42,22,20,6,0,6,8,6,2,32,15,17,18,9,9
C5120ST,8,126,District-Chittaurgarh,Urban,0-4,10,5,5,1,0,1,2,2,0,1,1,0,3,2,1,0,0,0,0,0,0,3,0,3,0,0,0
C5120ST,8,126,District-Chittaurgarh,Urban,5-9,16,9,7,1,1,0,5,4,1,2,0,2,2,0,2,1,0,1,0,0,0,1,1,0,4,3,1
C5120ST,8,126,District-Chittaurgarh,Urban,10-19,31,16,15,4,2,2,5,2,3,4,2,2,3,2,1,3,0,3,2,2,0,5,1,4,5,5,0
C5120ST,8,126,District-Chittaurgarh,Urban,20-29,28,15,13,5,3,2,5,3,2,3,0,3,7,5,2,0,0,0,3,2,1,4,2,2,1,0,1
C5120ST,8,126,District-Chittaurgarh,Urban,30-39,23,13,10,4,3,1,6,4,2,2,1,1,4,2,2,1,0,1,1,1,0,5,2,3,0,0,0
C5120ST,8,126,District-Chittaurgarh,Urban,40-49,15,9,6,3,1,2,1,1,0,1,1,0,5,3,2,0,0,0,0,0,0,5,3,2,0,0,0
C5120ST,8,126,District-Chittaurgarh,Urban,50-59,16,7,9,4,3,1,2,1,1,0,0,0,7,1,6,0,0,0,0,0,0,2,2,0,1,0,1
C5120ST,8,126,District-Chittaurgarh,Urban,60-69,27,9,18,9,2,7,1,0,1,1,0,1,5,3,2,0,0,0,2,1,1,6,3,3,3,0,3
C5120ST,8,126,District-Chittaurgarh,Urban,70-79,14,9,5,3,3,0,2,0,2,0,0,0,6,4,2,0,0,0,0,0,0,1,1,0,2,1,1
C5120ST,8,126,District-Chittaurgarh,Urban,80-89,2,1,1,1,1,0,0,0,0,0,0,0,0,0,0,0,0,0,0,0,0,0,0,0,1,0,1
C5120ST,8,126,District-Chittaurgarh,Urban,90+,3,0,3,2,0,2,0,0,0,0,0,0,0,0,0,0,0,0,0,0,0,0,0,0,1,0,1
C5120ST,8,126,District-Chittaurgarh,Urban,Age Not Stated,3,1,2,1,0,1,0,0,0,1,1,0,0,0,0,1,0,1,0,0,0,0,0,0,0,0,0
C5120ST,8,127,District-Kota,Total,Total,4391,2403,1988,812,404,408,790,421,369,206,127,79,1117,632,485,218,115,103,117,70,47,613,373,240,518,261,257
C5120ST,8,127,District-Kota,Total,0-4,156,73,83,34,13,21,46,23,23,2,1,1,14,7,7,4,2,2,1,0,1,40,21,19,15,6,9
C5120ST,8,127,District-Kota,Total,5-9,275,169,106,38,23,15,62,34,28,28,20,8,28,19,9,24,13,11,5,2,3,48,28,20,42,30,12
C5120ST,8,127,District-Kota,Total,10-19,666,375,291,103,55,48,109,57,52,61,35,26,104,61,43,78,38,40,25,14,11,108,62,46,78,53,25
C5120ST,8,127,District-Kota,Total,20-29,695,437,258,84,48,36,106,64,42,40,26,14,244,159,85,47,26,21,21,16,5,124,79,45,29,19,10
C5120ST,8,127,District-Kota,Total,30-39,548,344,204,65,41,24,95,58,37,17,12,5,196,114,82,23,15,8,25,18,7,102,67,35,25,19,6
C5120ST,8,127,District-Kota,Total,40-49,456,256,200,84,40,44,72,38,34,25,16,9,124,80,44,27,13,14,23,13,10,74,45,29,27,11,16
C5120ST,8,127,District-Kota,Total,50-59,389,224,165,94,48,46,75,49,26,22,12,10,86,50,36,9,5,4,7,5,2,53,36,17,43,19,24
C5120ST,8,127,District-Kota,Total,60-69,499,230,269,145,65,80,99,41,58,9,4,5,136,66,70,5,2,3,7,1,6,29,21,8,69,30,39
C5120ST,8,127,District-Kota,Total,70-79,478,206,272,120,52,68,96,44,52,0,0,0,121,55,66,1,1,0,3,1,2,23,11,12,114,42,72
C5120ST,8,127,District-Kota,Total,80-89,180,66,114,39,15,24,18,7,11,1,1,0,50,14,36,0,0,0,0,0,0,10,2,8,62,27,35
C5120ST,8,127,District-Kota,Total,90+,35,16,19,3,2,1,5,3,2,0,0,0,13,6,7,0,0,0,0,0,0,0,0,0,14,5,9
C5120ST,8,127,District-Kota,Total,Age Not Stated,14,7,7,3,2,1,7,3,4,1,0,1,1,1,0,0,0,0,0,0,0,2,1,1,0,0,0
C5120ST,8,127,District-Kota,Rural,Total,3266,1760,1506,607,306,301,517,261,256,145,95,50,888,493,395,181,92,89,94,58,36,387,234,153,447,221,226
C5120ST,8,127,District-Kota,Rural,0-4,89,39,50,21,8,13,21,7,14,1,1,0,11,6,5,2,0,2,0,0,0,24,13,11,9,4,5
C5120ST,8,127,District-Kota,Rural,5-9,179,110,69,20,14,6,34,18,16,21,15,6,21,15,6,20,10,10,4,2,2,31,15,16,28,21,7
C5120ST,8,127,District-Kota,Rural,10-19,476,261,215,65,33,32,69,32,37,45,29,16,77,47,30,66,31,35,19,11,8,73,41,32,62,37,25
C5120ST,8,127,District-Kota,Rural,20-29,455,294,161,52,32,20,55,31,24,28,19,9,177,118,59,36,20,16,15,11,4,69,46,23,23,17,6
C5120ST,8,127,District-Kota,Rural,30-39,380,245,135,41,25,16,58,38,20,13,10,3,155,92,63,21,14,7,21,16,5,51,34,17,20,16,4
C5120ST,8,127,District-Kota,Rural,40-49,320,184,136,55,30,25,44,25,19,15,10,5,93,57,36,23,11,12,18,11,7,50,31,19,22,9,13
C5120ST,8,127,District-Kota,Rural,50-59,293,166,127,75,40,35,49,30,19,14,7,7,68,37,31,8,4,4,7,5,2,37,27,10,35,16,19
C5120ST,8,127,District-Kota,Rural,60-69,425,187,238,130,56,74,77,31,46,7,3,4,110,49,61,5,2,3,7,1,6,24,16,8,65,29,36
C5120ST,8,127,District-Kota,Rural,70-79,444,193,251,108,50,58,88,41,47,0,0,0,116,51,65,0,0,0,3,1,2,18,9,9,111,41,70
C5120ST,8,127,District-Kota,Rural,80-89,169,63,106,36,14,22,17,6,11,1,1,0,46,14,32,0,0,0,0,0,0,9,2,7,60,26,34
C5120ST,8,127,District-Kota,Rural,90+,31,15,16,2,2,0,4,2,2,0,0,0,13,6,7,0,0,0,0,0,0,0,0,0,12,5,7
C5120ST,8,127,District-Kota,Rural,Age Not Stated,5,3,2,2,2,0,1,0,1,0,0,0,1,1,0,0,0,0,0,0,0,1,0,1,0,0,0
C5120ST,8,127,District-Kota,Urban,Total,1125,643,482,205,98,107,273,160,113,61,32,29,229,139,90,37,23,14,23,12,11,226,139,87,71,40,31
C5120ST,8,127,District-Kota,Urban,0-4,67,34,33,13,5,8,25,16,9,1,0,1,3,1,2,2,2,0,1,0,1,16,8,8,6,2,4
C5120ST,8,127,District-Kota,Urban,5-9,96,59,37,18,9,9,28,16,12,7,5,2,7,4,3,4,3,1,1,0,1,17,13,4,14,9,5
C5120ST,8,127,District-Kota,Urban,10-19,190,114,76,38,22,16,40,25,15,16,6,10,27,14,13,12,7,5,6,3,3,35,21,14,16,16,0
C5120ST,8,127,District-Kota,Urban,20-29,240,143,97,32,16,16,51,33,18,12,7,5,67,41,26,11,6,5,6,5,1,55,33,22,6,2,4
C5120ST,8,127,District-Kota,Urban,30-39,168,99,69,24,16,8,37,20,17,4,2,2,41,22,19,2,1,1,4,2,2,51,33,18,5,3,2
C5120ST,8,127,District-Kota,Urban,40-49,136,72,64,29,10,19,28,13,15,10,6,4,31,23,8,4,2,2,5,2,3,24,14,10,5,2,3
C5120ST,8,127,District-Kota,Urban,50-59,96,58,38,19,8,11,26,19,7,8,5,3,18,13,5,1,1,0,0,0,0,16,9,7,8,3,5
C5120ST,8,127,District-Kota,Urban,60-69,74,43,31,15,9,6,22,10,12,2,1,1,26,17,9,0,0,0,0,0,0,5,5,0,4,1,3
C5120ST,8,127,District-Kota,Urban,70-79,34,13,21,12,2,10,8,3,5,0,0,0,5,4,1,1,1,0,0,0,0,5,2,3,3,1,2
C5120ST,8,127,District-Kota,Urban,80-89,11,3,8,3,1,2,1,1,0,0,0,0,4,0,4,0,0,0,0,0,0,1,0,1,2,1,1
C5120ST,8,127,District-Kota,Urban,90+,4,1,3,1,0,1,1,1,0,0,0,0,0,0,0,0,0,0,0,0,0,0,0,0,2,0,2
C5120ST,8,127,District-Kota,Urban,Age Not Stated,9,4,5,1,0,1,6,3,3,1,0,1,0,0,0,0,0,0,0,0,0,1,1,0,0,0,0
C5120ST,8,128,District-Baran,Total,Total,6552,3579,2973,1316,680,636,960,496,464,207,137,70,1824,1071,753,326,182,144,169,100,69,958,521,437,792,392,400
C5120ST,8,128,District-Baran,Total,0-4,288,154,134,86,42,44,48,25,23,9,6,3,36,23,13,6,1,5,1,0,1,80,44,36,22,13,9
C5120ST,8,128,District-Baran,Total,5-9,450,253,197,91,53,38,75,40,35,37,23,14,69,44,25,34,17,17,7,1,6,94,48,46,43,27,16
C5120ST,8,128,District-Baran,Total,10-19,1123,640,483,191,107,84,158,84,74,65,46,19,240,138,102,116,64,52,29,19,10,215,121,94,109,61,48
C5120ST,8,128,District-Baran,Total,20-29,831,505,326,135,78,57,120,64,56,29,18,11,278,182,96,46,30,16,26,18,8,145,82,63,52,33,19
C5120ST,8,128,District-Baran,Total,30-39,789,492,297,114,70,44,119,69,50,27,20,7,270,184,86,45,26,19,36,26,10,128,70,58,50,27,23
C5120ST,8,128,District-Baran,Total,40-49,624,374,250,132,74,58,82,45,37,14,8,6,205,131,74,36,23,13,20,12,8,92,54,38,43,27,16
C5120ST,8,128,District-Baran,Total,50-59,525,307,218,121,61,60,85,47,38,10,6,4,152,99,53,21,13,8,22,13,9,70,35,35,44,33,11
C5120ST,8,128,District-Baran,Total,60-69,815,376,439,228,102,126,103,43,60,14,8,6,247,127,120,19,6,13,16,6,10,76,43,33,112,41,71
C5120ST,8,128,District-Baran,Total,70-79,740,333,407,155,70,85,114,52,62,1,1,0,218,101,117,3,2,1,7,4,3,41,16,25,201,87,114
C5120ST,8,128,District-Baran,Total,80-89,293,115,178,55,21,34,46,23,23,0,0,0,88,33,55,0,0,0,5,1,4,7,4,3,92,33,59
C5120ST,8,128,District-Baran,Total,90+,65,26,39,7,2,5,8,3,5,0,0,0,19,8,11,0,0,0,0,0,0,7,3,4,24,10,14
C5120ST,8,128,District-Baran,Total,Age Not Stated,9,4,5,1,0,1,2,1,1,1,1,0,2,1,1,0,0,0,0,0,0,3,1,2,0,0,0
C5120ST,8,128,District-Baran,Rural,Total,6318,3438,2880,1267,653,614,921,473,448,188,124,64,1756,1030,726,315,175,140,167,98,69,927,502,425,777,383,394
C5120ST,8,128,District-Baran,Rural,0-4,271,144,127,80,41,39,46,23,23,9,6,3,35,23,12,5,0,5,1,0,1,75,39,36,20,12,8
C5120ST,8,128,District-Baran,Rural,5-9,433,241,192,83,48,35,72,38,34,36,22,14,67,43,24,34,17,17,6,0,6,93,47,46,42,26,16
C5120ST,8,128,District-Baran,Rural,10-19,1067,604,463,183,103,80,153,81,72,53,37,16,228,130,98,111,60,51,29,19,10,204,115,89,106,59,47
C5120ST,8,128,District-Baran,Rural,20-29,799,487,312,130,76,54,113,60,53,28,17,11,266,174,92,44,28,16,26,18,8,140,81,59,52,33,19
C5120ST,8,128,District-Baran,Rural,30-39,754,471,283,107,66,41,115,66,49,26,19,7,257,177,80,44,26,18,35,25,10,123,66,57,47,26,21
C5120ST,8,128,District-Baran,Rural,40-49,595,355,240,123,66,57,77,40,37,11,7,4,196,127,69,35,23,12,20,12,8,91,54,37,42,26,16
C5120ST,8,128,District-Baran,Rural,50-59,513,298,215,119,60,59,83,46,37,10,6,4,146,94,52,21,13,8,22,13,9,69,34,35,43,32,11
C5120ST,8,128,District-Baran,Rural,60-69,797,366,431,227,101,126,100,42,58,13,8,5,238,120,118,18,6,12,16,6,10,76,43,33,109,40,69
C5120ST,8,128,District-Baran,Rural,70-79,726,329,397,153,70,83,109,51,58,1,1,0,214,100,114,3,2,1,7,4,3,39,15,24,200,86,114
C5120ST,8,128,District-Baran,Rural,80-89,289,113,176,54,20,34,43,22,21,0,0,0,88,33,55,0,0,0,5,1,4,7,4,3,92,33,59
C5120ST,8,128,District-Baran,Rural,90+,65,26,39,7,2,5,8,3,5,0,0,0,19,8,11,0,0,0,0,0,0,7,3,4,24,10,14
C5120ST,8,128,District-Baran,Rural,Age Not Stated,9,4,5,1,0,1,2,1,1,1,1,0,2,1,1,0,0,0,0,0,0,3,1,2,0,0,0
C5120ST,8,128,District-Baran,Urban,Total,234,141,93,49,27,22,39,23,16,19,13,6,68,41,27,11,7,4,2,2,0,31,19,12,15,9,6
C5120ST,8,128,District-Baran,Urban,0-4,17,10,7,6,1,5,2,2,0,0,0,0,1,0,1,1,1,0,0,0,0,5,5,0,2,1,1
C5120ST,8,128,District-Baran,Urban,5-9,17,12,5,8,5,3,3,2,1,1,1,0,2,1,1,0,0,0,1,1,0,1,1,0,1,1,0
C5120ST,8,128,District-Baran,Urban,10-19,56,36,20,8,4,4,5,3,2,12,9,3,12,8,4,5,4,1,0,0,0,11,6,5,3,2,1
C5120ST,8,128,District-Baran,Urban,20-29,32,18,14,5,2,3,7,4,3,1,1,0,12,8,4,2,2,0,0,0,0,5,1,4,0,0,0
C5120ST,8,128,District-Baran,Urban,30-39,35,21,14,7,4,3,4,3,1,1,1,0,13,7,6,1,0,1,1,1,0,5,4,1,3,1,2
C5120ST,8,128,District-Baran,Urban,40-49,29,19,10,9,8,1,5,5,0,3,1,2,9,4,5,1,0,1,0,0,0,1,0,1,1,1,0
C5120ST,8,128,District-Baran,Urban,50-59,12,9,3,2,1,1,2,1,1,0,0,0,6,5,1,0,0,0,0,0,0,1,1,0,1,1,0
C5120ST,8,128,District-Baran,Urban,60-69,18,10,8,1,1,0,3,1,2,1,0,1,9,7,2,1,0,1,0,0,0,0,0,0,3,1,2
C5120ST,8,128,District-Baran,Urban,70-79,14,4,10,2,0,2,5,1,4,0,0,0,4,1,3,0,0,0,0,0,0,2,1,1,1,1,0
C5120ST,8,128,District-Baran,Urban,80-89,4,2,2,1,1,0,3,1,2,0,0,0,0,0,0,0,0,0,0,0,0,0,0,0,0,0,0
C5120ST,8,128,District-Baran,Urban,90+,0,0,0,0,0,0,0,0,0,0,0,0,0,0,0,0,0,0,0,0,0,0,0,0,0,0,0
C5120ST,8,128,District-Baran,Urban,Age Not Stated,0,0,0,0,0,0,0,0,0,0,0,0,0,0,0,0,0,0,0,0,0,0,0,0,0,0,0
C5120ST,8,129,District-Jhalawar,Total,Total,4275,2335,1940,772,374,398,776,377,399,114,73,41,1414,838,576,232,148,84,118,69,49,380,212,168,469,244,225
C5120ST,8,129,District-Jhalawar,Total,0-4,135,74,61,15,10,5,35,15,20,2,0,2,33,22,11,4,2,2,2,1,1,36,18,18,8,6,2
C5120ST,8,129,District-Jhalawar,Total,5-9,231,121,110,23,9,14,51,17,34,22,15,7,55,34,21,18,9,9,3,2,1,29,14,15,30,21,9
C5120ST,8,129,District-Jhalawar,Total,10-19,560,337,223,69,39,30,91,46,45,38,27,11,137,86,51,86,56,30,18,12,6,65,36,29,56,35,21
C5120ST,8,129,District-Jhalawar,Total,20-29,484,311,173,45,25,20,58,33,25,10,8,2,223,145,78,34,26,8,29,19,10,64,41,23,21,14,7
C5120ST,8,129,District-Jhalawar,Total,30-39,473,285,188,40,21,19,75,43,32,7,4,3,223,139,84,34,25,9,25,12,13,43,22,21,26,19,7
C5120ST,8,129,District-Jhalawar,Total,40-49,387,229,158,59,31,28,66,38,28,13,6,7,136,85,51,29,19,10,19,11,8,34,20,14,31,19,12
C5120ST,8,129,District-Jhalawar,Total,50-59,333,198,135,79,43,36,86,40,46,11,8,3,99,70,29,9,6,3,8,4,4,21,15,6,20,12,8
C5120ST,8,129,District-Jhalawar,Total,60-69,727,344,383,205,95,110,161,77,84,5,3,2,208,104,104,13,2,11,9,5,4,53,29,24,73,29,44
C5120ST,8,129,District-Jhalawar,Total,70-79,648,296,352,173,76,97,117,51,66,4,2,2,198,92,106,4,2,2,4,2,2,25,12,13,123,59,64
C5120ST,8,129,District-Jhalawar,Total,80-89,239,116,123,55,20,35,31,16,15,2,0,2,79,51,28,1,1,0,1,1,0,9,4,5,61,23,38
C5120ST,8,129,District-Jhalawar,Total,90+,56,22,34,9,5,4,5,1,4,0,0,0,21,8,13,0,0,0,0,0,0,1,1,0,20,7,13
C5120ST,8,129,District-Jhalawar,Total,Age Not Stated,2,2,0,0,0,0,0,0,0,0,0,0,2,2,0,0,0,0,0,0,0,0,0,0,0,0,0
C5120ST,8,129,District-Jhalawar,Rural,Total,4115,2241,1874,745,358,387,756,367,389,109,69,40,1352,800,552,224,143,81,113,65,48,360,202,158,456,237,219
C5120ST,8,129,District-Jhalawar,Rural,0-4,134,74,60,15,10,5,35,15,20,2,0,2,32,22,10,4,2,2,2,1,1,36,18,18,8,6,2
C5120ST,8,129,District-Jhalawar,Rural,5-9,225,116,109,22,9,13,50,16,34,21,14,7,55,34,21,17,8,9,3,2,1,28,13,15,29,20,9
C5120ST,8,129,District-Jhalawar,Rural,10-19,538,323,215,66,37,29,88,43,45,37,27,10,135,85,50,83,54,29,18,12,6,59,32,27,52,33,19
C5120ST,8,129,District-Jhalawar,Rural,20-29,454,292,162,43,24,19,57,33,24,9,7,2,204,131,73,32,25,7,26,17,9,62,41,21,21,14,7
C5120ST,8,129,District-Jhalawar,Rural,30-39,441,268,173,40,21,19,71,40,31,7,4,3,205,131,74,33,24,9,24,11,13,37,20,17,24,17,7
C5120ST,8,129,District-Jhalawar,Rural,40-49,369,216,153,55,29,26,64,37,27,11,4,7,129,78,51,29,19,10,19,11,8,32,20,12,30,18,12
C5120ST,8,129,District-Jhalawar,Rural,50-59,322,188,134,77,41,36,83,38,45,11,8,3,95,66,29,9,6,3,8,4,4,20,14,6,19,11,8
C5120ST,8,129,District-Jhalawar,Rural,60-69,710,336,374,198,90,108,158,77,81,5,3,2,204,103,101,12,2,10,8,4,4,52,28,24,73,29,44
C5120ST,8,129,District-Jhalawar,Rural,70-79,629,289,340,165,72,93,114,51,63,4,2,2,194,90,104,4,2,2,4,2,2,24,11,13,120,59,61
C5120ST,8,129,District-Jhalawar,Rural,80-89,236,115,121,55,20,35,31,16,15,2,0,2,77,50,27,1,1,0,1,1,0,9,4,5,60,23,37
C5120ST,8,129,District-Jhalawar,Rural,90+,55,22,33,9,5,4,5,1,4,0,0,0,20,8,12,0,0,0,0,0,0,1,1,0,20,7,13
C5120ST,8,129,District-Jhalawar,Rural,Age Not Stated,2,2,0,0,0,0,0,0,0,0,0,0,2,2,0,0,0,0,0,0,0,0,0,0,0,0,0
C5120ST,8,129,District-Jhalawar,Urban,Total,160,94,66,27,16,11,20,10,10,5,4,1,62,38,24,8,5,3,5,4,1,20,10,10,13,7,6
C5120ST,8,129,District-Jhalawar,Urban,0-4,1,0,1,0,0,0,0,0,0,0,0,0,1,0,1,0,0,0,0,0,0,0,0,0,0,0,0
C5120ST,8,129,District-Jhalawar,Urban,5-9,6,5,1,1,0,1,1,1,0,1,1,0,0,0,0,1,1,0,0,0,0,1,1,0,1,1,0
C5120ST,8,129,District-Jhalawar,Urban,10-19,22,14,8,3,2,1,3,3,0,1,0,1,2,1,1,3,2,1,0,0,0,6,4,2,4,2,2
C5120ST,8,129,District-Jhalawar,Urban,20-29,30,19,11,2,1,1,1,0,1,1,1,0,19,14,5,2,1,1,3,2,1,2,0,2,0,0,0
C5120ST,8,129,District-Jhalawar,Urban,30-39,32,17,15,0,0,0,4,3,1,0,0,0,18,8,10,1,1,0,1,1,0,6,2,4,2,2,0
C5120ST,8,129,District-Jhalawar,Urban,40-49,18,13,5,4,2,2,2,1,1,2,2,0,7,7,0,0,0,0,0,0,0,2,0,2,1,1,0
C5120ST,8,129,District-Jhalawar,Urban,50-59,11,10,1,2,2,0,3,2,1,0,0,0,4,4,0,0,0,0,0,0,0,1,1,0,1,1,0
C5120ST,8,129,District-Jhalawar,Urban,60-69,17,8,9,7,5,2,3,0,3,0,0,0,4,1,3,1,0,1,1,1,0,1,1,0,0,0,0
C5120ST,8,129,District-Jhalawar,Urban,70-79,19,7,12,8,4,4,3,0,3,0,0,0,4,2,2,0,0,0,0,0,0,1,1,0,3,0,3
C5120ST,8,129,District-Jhalawar,Urban,80-89,3,1,2,0,0,0,0,0,0,0,0,0,2,1,1,0,0,0,0,0,0,0,0,0,1,0,1
C5120ST,8,129,District-Jhalawar,Urban,90+,1,0,1,0,0,0,0,0,0,0,0,0,1,0,1,0,0,0,0,0,0,0,0,0,0,0,0
C5120ST,8,129,District-Jhalawar,Urban,Age Not Stated,0,0,0,0,0,0,0,0,0,0,0,0,0,0,0,0,0,0,0,0,0,0,0,0,0,0,0
C5120ST,8,130,District-Udaipur,Total,Total,38385,19903,18482,7557,3736,3821,5833,2898,2935,902,551,351,10987,5869,5118,1833,1132,701,962,570,392,4314,2398,1916,5997,2749,3248
C5120ST,8,130,District-Udaipur,Total,0-4,1262,657,605,235,113,122,295,154,141,22,16,6,179,101,78,44,17,27,9,2,7,380,201,179,98,53,45
C5120ST,8,130,District-Udaipur,Total,5-9,2244,1229,1015,363,193,170,450,237,213,176,104,72,304,173,131,215,115,100,63,39,24,449,234,215,224,134,90
C5120ST,8,130,District-Udaipur,Total,10-19,4527,2599,1928,603,333,270,719,394,325,253,173,80,1033,604,429,506,309,197,160,94,66,779,421,358,474,271,203
C5120ST,8,130,District-Udaipur,Total,20-29,3407,2104,1303,378,227,151,530,280,250,111,72,39,1102,731,371,280,185,95,177,116,61,533,326,207,296,167,129
C5120ST,8,130,District-Udaipur,Total,30-39,3311,2036,1275,396,230,166,496,278,218,104,66,38,1030,664,366,290,196,94,204,125,79,542,331,211,249,146,103
C5120ST,8,130,District-Udaipur,Total,40-49,3529,2081,1448,639,360,279,523,276,247,77,40,37,1055,643,412,253,172,81,183,110,73,480,295,185,319,185,134
C5120ST,8,130,District-Udaipur,Total,50-59,3958,2001,1957,1001,472,529,596,275,321,60,31,29,1264,672,592,132,83,49,79,47,32,339,197,142,487,224,263
C5120ST,8,130,District-Udaipur,Total,60-69,7599,3348,4251,2030,901,1129,1181,502,679,55,31,24,2324,1063,1261,74,35,39,59,22,37,479,230,249,1397,564,833
C5120ST,8,130,District-Udaipur,Total,70-79,5813,2598,3215,1371,635,736,763,353,410,36,13,23,1901,860,1041,28,14,14,18,10,8,242,121,121,1454,592,862
C5120ST,8,130,District-Udaipur,Total,80-89,2138,961,1177,445,220,225,219,112,107,8,5,3,640,280,360,7,4,3,9,4,5,67,29,38,743,307,436
C5120ST,8,130,District-Udaipur,Total,90+,560,268,292,93,52,41,51,30,21,0,0,0,144,71,73,4,2,2,1,1,0,15,7,8,252,105,147
C5120ST,8,130,District-Udaipur,Total,Age Not Stated,37,21,16,3,0,3,10,7,3,0,0,0,11,7,4,0,0,0,0,0,0,9,6,3,4,1,3
C5120ST,8,130,District-Udaipur,Rural,Total,37256,19283,17973,7298,3606,3692,5633,2791,2842,852,519,333,10730,5713,5017,1781,1099,682,917,539,378,4192,2334,1858,5853,2682,3171
C5120ST,8,130,District-Udaipur,Rural,0-4,1216,630,586,229,110,119,286,148,138,20,14,6,177,100,77,44,17,27,9,2,7,365,193,172,86,46,40
C5120ST,8,130,District-Udaipur,Rural,5-9,2194,1202,992,357,189,168,441,233,208,171,101,70,295,168,127,211,114,97,61,38,23,442,230,212,216,129,87
C5120ST,8,130,District-Udaipur,Rural,10-19,4379,2502,1877,587,326,261,687,373,314,241,164,77,991,574,417,498,302,196,155,89,66,755,407,348,465,267,198
C5120ST,8,130,District-Udaipur,Rural,20-29,3280,2025,1255,362,217,145,508,266,242,99,65,34,1068,705,363,269,180,89,170,112,58,514,316,198,290,164,126
C5120ST,8,130,District-Udaipur,Rural,30-39,3190,1970,1220,378,222,156,476,265,211,95,61,34,1004,648,356,276,188,88,193,119,74,524,323,201,244,144,100
C5120ST,8,130,District-Udaipur,Rural,40-49,3430,2014,1416,618,348,270,505,267,238,73,38,35,1040,631,409,244,164,80,174,101,73,465,286,179,311,179,132
C5120ST,8,130,District-Udaipur,Rural,50-59,3845,1940,1905,963,451,512,575,264,311,55,27,28,1242,657,585,129,82,47,76,47,29,326,192,134,479,220,259
C5120ST,8,130,District-Udaipur,Rural,60-69,7377,3245,4132,1938,857,1081,1144,485,659,54,31,23,2280,1043,1237,72,33,39,54,19,35,474,227,247,1361,550,811
C5120ST,8,130,District-Udaipur,Rural,70-79,5671,2537,3134,1337,621,716,738,344,394,36,13,23,1860,839,1021,27,13,14,17,9,8,238,119,119,1418,579,839
C5120ST,8,130,District-Udaipur,Rural,80-89,2097,942,1155,434,214,220,214,110,104,8,5,3,626,276,350,7,4,3,7,2,5,65,28,37,736,303,433
C5120ST,8,130,District-Udaipur,Rural,90+,540,255,285,92,51,41,49,29,20,0,0,0,136,65,71,4,2,2,1,1,0,15,7,8,243,100,143
C5120ST,8,130,District-Udaipur,Rural,Age Not Stated,37,21,16,3,0,3,10,7,3,0,0,0,11,7,4,0,0,0,0,0,0,9,6,3,4,1,3
C5120ST,8,130,District-Udaipur,Urban,Total,1129,620,509,259,130,129,200,107,93,50,32,18,257,156,101,52,33,19,45,31,14,122,64,58,144,67,77
C5120ST,8,130,District-Udaipur,Urban,0-4,46,27,19,6,3,3,9,6,3,2,2,0,2,1,1,0,0,0,0,0,0,15,8,7,12,7,5
C5120ST,8,130,District-Udaipur,Urban,5-9,50,27,23,6,4,2,9,4,5,5,3,2,9,5,4,4,1,3,2,1,1,7,4,3,8,5,3
C5120ST,8,130,District-Udaipur,Urban,10-19,148,97,51,16,7,9,32,21,11,12,9,3,42,30,12,8,7,1,5,5,0,24,14,10,9,4,5
C5120ST,8,130,District-Udaipur,Urban,20-29,127,79,48,16,10,6,22,14,8,12,7,5,34,26,8,11,5,6,7,4,3,19,10,9,6,3,3
C5120ST,8,130,District-Udaipur,Urban,30-39,121,66,55,18,8,10,20,13,7,9,5,4,26,16,10,14,8,6,11,6,5,18,8,10,5,2,3
C5120ST,8,130,District-Udaipur,Urban,40-49,99,67,32,21,12,9,18,9,9,4,2,2,15,12,3,9,8,1,9,9,0,15,9,6,8,6,2
C5120ST,8,130,District-Udaipur,Urban,50-59,113,61,52,38,21,17,21,11,10,5,4,1,22,15,7,3,1,2,3,0,3,13,5,8,8,4,4
C5120ST,8,130,District-Udaipur,Urban,60-69,222,103,119,92,44,48,37,17,20,1,0,1,44,20,24,2,2,0,5,3,2,5,3,2,36,14,22
C5120ST,8,130,District-Udaipur,Urban,70-79,142,61,81,34,14,20,25,9,16,0,0,0,41,21,20,1,1,0,1,1,0,4,2,2,36,13,23
C5120ST,8,130,District-Udaipur,Urban,80-89,41,19,22,11,6,5,5,2,3,0,0,0,14,4,10,0,0,0,2,2,0,2,1,1,7,4,3
C5120ST,8,130,District-Udaipur,Urban,90+,20,13,7,1,1,0,2,1,1,0,0,0,8,6,2,0,0,0,0,0,0,0,0,0,9,5,4
C5120ST,8,130,District-Udaipur,Urban,Age Not Stated,0,0,0,0,0,0,0,0,0,0,0,0,0,0,0,0,0,0,0,0,0,0,0,0,0,0,0
C5120ST,8,131,District-Pratapgarh,Total,Total,12099,6389,5710,2273,1121,1152,2083,1044,1039,324,181,143,3619,2016,1603,494,318,176,272,164,108,1493,791,702,1541,754,787
C5120ST,8,131,District-Pratapgarh,Total,0-4,561,302,259,100,57,43,115,57,58,3,1,2,87,52,35,15,13,2,2,2,0,201,97,104,38,23,15
C5120ST,8,131,District-Pratapgarh,Total,5-9,862,471,391,121,63,58,153,78,75,55,33,22,125,81,44,42,22,20,14,6,8,271,139,132,81,49,32
C5120ST,8,131,District-Pratapgarh,Total,10-19,1838,1052,786,215,110,105,254,140,114,94,52,42,551,328,223,149,82,67,52,33,19,358,202,156,165,105,60
C5120ST,8,131,District-Pratapgarh,Total,20-29,1401,873,528,146,93,53,183,114,69,48,25,23,596,383,213,93,64,29,53,35,18,180,95,85,102,64,38
C5120ST,8,131,District-Pratapgarh,Total,30-39,1086,681,405,124,82,42,187,117,70,32,16,16,415,257,158,85,59,26,56,38,18,115,72,43,72,40,32
C5120ST,8,131,District-Pratapgarh,Total,40-49,989,587,402,165,88,77,214,108,106,28,17,11,302,196,106,60,42,18,41,22,19,107,69,38,72,45,27
C5120ST,8,131,District-Pratapgarh,Total,50-59,1011,533,478,252,126,126,224,109,115,26,14,12,292,168,124,24,15,9,30,14,16,65,28,37,98,59,39
C5120ST,8,131,District-Pratapgarh,Total,60-69,1896,849,1047,529,240,289,381,167,214,23,14,9,546,240,306,20,17,3,12,7,5,86,46,40,299,118,181
C5120ST,8,131,District-Pratapgarh,Total,70-79,1607,701,906,413,179,234,251,101,150,10,5,5,465,219,246,4,3,1,8,5,3,75,28,47,381,161,220
C5120ST,8,131,District-Pratapgarh,Total,80-89,626,257,369,162,65,97,96,42,54,3,2,1,165,64,101,2,1,1,3,2,1,23,11,12,172,70,102
C5120ST,8,131,District-Pratapgarh,Total,90+,206,79,127,46,18,28,23,9,14,1,1,0,68,28,40,0,0,0,0,0,0,9,4,5,59,19,40
C5120ST,8,131,District-Pratapgarh,Total,Age Not Stated,16,4,12,0,0,0,2,2,0,1,1,0,7,0,7,0,0,0,1,0,1,3,0,3,2,1,1
C5120ST,8,131,District-Pratapgarh,Rural,Total,11986,6319,5667,2257,1113,1144,2054,1022,1032,316,178,138,3599,2001,1598,484,314,170,269,161,108,1472,779,693,1535,751,784
C5120ST,8,131,District-Pratapgarh,Rural,0-4,553,297,256,100,57,43,113,55,58,3,1,2,87,52,35,15,13,2,2,2,0,197,95,102,36,22,14
C5120ST,8,131,District-Pratapgarh,Rural,5-9,849,460,389,119,62,57,147,72,75,54,32,22,125,81,44,40,21,19,14,6,8,270,138,132,80,48,32
C5120ST,8,131,District-Pratapgarh,Rural,10-19,1819,1044,775,212,109,103,253,140,113,91,52,39,549,326,223,146,81,65,51,32,19,353,199,154,164,105,59
C5120ST,8,131,District-Pratapgarh,Rural,20-29,1379,860,519,142,90,52,178,110,68,47,24,23,590,379,211,91,64,27,53,35,18,176,94,82,102,64,38
C5120ST,8,131,District-Pratapgarh,Rural,30-39,1069,670,399,122,81,41,184,116,68,30,15,15,410,253,157,84,58,26,56,38,18,113,70,43,70,39,31
C5120ST,8,131,District-Pratapgarh,Rural,40-49,976,575,401,164,88,76,211,105,106,28,17,11,297,191,106,59,41,18,41,22,19,104,66,38,72,45,27
C5120ST,8,131,District-Pratapgarh,Rural,50-59,1005,529,476,251,126,125,221,106,115,26,14,12,291,168,123,24,15,9,29,13,16,65,28,37,98,59,39
C5120ST,8,131,District-Pratapgarh,Rural,60-69,1890,849,1041,529,240,289,378,167,211,23,14,9,545,240,305,19,17,2,12,7,5,85,46,39,299,118,181
C5120ST,8,131,District-Pratapgarh,Rural,70-79,1605,700,905,413,179,234,250,100,150,9,5,4,465,219,246,4,3,1,8,5,3,75,28,47,381,161,220
C5120ST,8,131,District-Pratapgarh,Rural,80-89,621,254,367,160,64,96,95,41,54,3,2,1,165,64,101,2,1,1,2,1,1,22,11,11,172,70,102
C5120ST,8,131,District-Pratapgarh,Rural,90+,204,77,127,45,17,28,22,8,14,1,1,0,68,28,40,0,0,0,0,0,0,9,4,5,59,19,40
C5120ST,8,131,District-Pratapgarh,Rural,Age Not Stated,16,4,12,0,0,0,2,2,0,1,1,0,7,0,7,0,0,0,1,0,1,3,0,3,2,1,1
C5120ST,8,131,District-Pratapgarh,Urban,Total,113,70,43,16,8,8,29,22,7,8,3,5,20,15,5,10,4,6,3,3,0,21,12,9,6,3,3
C5120ST,8,131,District-Pratapgarh,Urban,0-4,8,5,3,0,0,0,2,2,0,0,0,0,0,0,0,0,0,0,0,0,0,4,2,2,2,1,1
C5120ST,8,131,District-Pratapgarh,Urban,5-9,13,11,2,2,1,1,6,6,0,1,1,0,0,0,0,2,1,1,0,0,0,1,1,0,1,1,0
C5120ST,8,131,District-Pratapgarh,Urban,10-19,19,8,11,3,1,2,1,0,1,3,0,3,2,2,0,3,1,2,1,1,0,5,3,2,1,0,1
C5120ST,8,131,District-Pratapgarh,Urban,20-29,22,13,9,4,3,1,5,4,1,1,1,0,6,4,2,2,0,2,0,0,0,4,1,3,0,0,0
C5120ST,8,131,District-Pratapgarh,Urban,30-39,17,11,6,2,1,1,3,1,2,2,1,1,5,4,1,1,1,0,0,0,0,2,2,0,2,1,1
C5120ST,8,131,District-Pratapgarh,Urban,40-49,13,12,1,1,0,1,3,3,0,0,0,0,5,5,0,1,1,0,0,0,0,3,3,0,0,0,0
C5120ST,8,131,District-Pratapgarh,Urban,50-59,6,4,2,1,0,1,3,3,0,0,0,0,1,0,1,0,0,0,1,1,0,0,0,0,0,0,0
C5120ST,8,131,District-Pratapgarh,Urban,60-69,6,0,6,0,0,0,3,0,3,0,0,0,1,0,1,1,0,1,0,0,0,1,0,1,0,0,0
C5120ST,8,131,District-Pratapgarh,Urban,70-79,2,1,1,0,0,0,1,1,0,1,0,1,0,0,0,0,0,0,0,0,0,0,0,0,0,0,0
C5120ST,8,131,District-Pratapgarh,Urban,80-89,5,3,2,2,1,1,1,1,0,0,0,0,0,0,0,0,0,0,1,1,0,1,0,1,0,0,0
C5120ST,8,131,District-Pratapgarh,Urban,90+,2,2,0,1,1,0,1,1,0,0,0,0,0,0,0,0,0,0,0,0,0,0,0,0,0,0,0
C5120ST,8,131,District-Pratapgarh,Urban,Age Not Stated,0,0,0,0,0,0,0,0,0,0,0,0,0,0,0,0,0,0,0,0,0,0,0,0,0,0,0
C5120ST,9,0,State-UTTAR PRADESH,Total,Total,23078,12881,10197,4772,2523,2249,6111,3276,2835,1344,763,581,3509,2281,1228,828,482,346,372,226,146,4948,2645,2303,1194,685,509
C5120ST,9,0,State-UTTAR PRADESH,Total,0-4,1653,859,794,390,203,187,542,295,247,25,16,9,113,69,44,43,21,22,7,4,3,490,228,262,43,23,20
C5120ST,9,0,State-UTTAR PRADESH,Total,5-9,2482,1327,1155,515,277,238,766,379,387,170,102,68,209,137,72,106,56,50,19,7,12,571,294,277,126,75,51
C5120ST,9,0,State-UTTAR PRADESH,Total,10-19,5119,2827,2292,994,506,488,1348,725,623,374,200,174,724,469,255,226,134,92,105,60,45,1102,588,514,246,145,101
C5120ST,9,0,State-UTTAR PRADESH,Total,20-29,3346,1931,1415,597,319,278,873,459,414,222,124,98,606,426,180,133,81,52,67,43,24,731,399,332,117,80,37
C5120ST,9,0,State-UTTAR PRADESH,Total,30-39,2844,1648,1196,546,288,258,759,410,349,197,121,76,429,311,118,132,82,50,57,37,20,641,352,289,83,47,36
C5120ST,9,0,State-UTTAR PRADESH,Total,40-49,2256,1332,924,474,266,208,589,344,245,134,81,53,325,235,90,94,56,38,44,28,16,502,264,238,94,58,36
C5120ST,9,0,State-UTTAR PRADESH,Total,50-59,1756,1000,756,360,191,169,452,242,210,103,63,40,294,181,113,43,24,19,32,19,13,373,226,147,99,54,45
C5120ST,9,0,State-UTTAR PRADESH,Total,60-69,1863,1033,830,450,233,217,431,240,191,73,35,38,398,241,157,37,21,16,26,19,7,288,157,131,160,87,73
C5120ST,9,0,State-UTTAR PRADESH,Total,70-79,1049,563,486,276,142,134,232,124,108,32,15,17,246,138,108,8,4,4,10,7,3,125,68,57,120,65,55
C5120ST,9,0,State-UTTAR PRADESH,Total,80-89,392,192,200,93,56,37,64,28,36,5,2,3,106,45,61,0,0,0,1,1,0,50,26,24,73,34,39
C5120ST,9,0,State-UTTAR PRADESH,Total,90+,183,95,88,39,22,17,24,13,11,4,3,1,42,21,21,1,0,1,2,0,2,41,20,21,30,16,14
C5120ST,9,0,State-UTTAR PRADESH,Total,Age Not Stated,135,74,61,38,20,18,31,17,14,5,1,4,17,8,9,5,3,2,2,1,1,34,23,11,3,1,2
C5120ST,9,0,State-UTTAR PRADESH,Rural,Total,20373,11304,9069,4346,2268,2078,5432,2894,2538,1200,688,512,3145,2025,1120,751,438,313,315,187,128,4086,2178,1908,1098,626,472
C5120ST,9,0,State-UTTAR PRADESH,Rural,0-4,1482,765,717,353,184,169,499,269,230,21,14,7,102,62,40,38,18,20,5,3,2,428,196,232,36,19,17
C5120ST,9,0,State-UTTAR PRADESH,Rural,5-9,2234,1201,1033,475,251,224,693,351,342,152,96,56,194,125,69,100,53,47,18,7,11,490,254,236,112,64,48
C5120ST,9,0,State-UTTAR PRADESH,Rural,10-19,4585,2518,2067,919,461,458,1205,648,557,345,181,164,661,420,241,207,125,82,96,55,41,922,491,431,230,137,93
C5120ST,9,0,State-UTTAR PRADESH,Rural,20-29,2872,1640,1232,537,280,257,764,390,374,189,109,80,535,372,163,120,70,50,50,33,17,568,311,257,109,75,34
C5120ST,9,0,State-UTTAR PRADESH,Rural,30-39,2482,1426,1056,490,253,237,666,352,314,178,112,66,386,280,106,116,73,43,49,30,19,523,285,238,74,41,33
C5120ST,9,0,State-UTTAR PRADESH,Rural,40-49,1964,1167,797,430,239,191,523,305,218,120,71,49,285,214,71,85,50,35,37,22,15,396,212,184,88,54,34
C5120ST,9,0,State-UTTAR PRADESH,Rural,50-59,1488,843,645,321,171,150,383,203,180,82,54,28,248,150,98,37,22,15,26,15,11,302,179,123,89,49,40
C5120ST,9,0,State-UTTAR PRADESH,Rural,60-69,1663,906,757,406,204,202,387,213,174,68,31,37,356,212,144,35,20,15,20,13,7,244,135,109,147,78,69
C5120ST,9,0,State-UTTAR PRADESH,Rural,70-79,974,516,458,260,134,126,218,114,104,32,15,17,224,123,101,8,4,4,9,7,2,109,57,52,114,62,52
C5120ST,9,0,State-UTTAR PRADESH,Rural,80-89,368,179,189,88,54,34,59,27,32,4,1,3,102,41,61,0,0,0,1,1,0,47,25,22,67,30,37
C5120ST,9,0,State-UTTAR PRADESH,Rural,90+,164,88,76,35,20,15,19,11,8,4,3,1,40,20,20,1,0,1,2,0,2,34,18,16,29,16,13
C5120ST,9,0,State-UTTAR PRADESH,Rural,Age Not Stated,97,55,42,32,17,15,16,11,5,5,1,4,12,6,6,4,3,1,2,1,1,23,15,8,3,1,2
C5120ST,9,0,State-UTTAR PRADESH,Urban,Total,2705,1577,1128,426,255,171,679,382,297,144,75,69,364,256,108,77,44,33,57,39,18,862,467,395,96,59,37
C5120ST,9,0,State-UTTAR PRADESH,Urban,0-4,171,94,77,37,19,18,43,26,17,4,2,2,11,7,4,5,3,2,2,1,1,62,32,30,7,4,3
C5120ST,9,0,State-UTTAR PRADESH,Urban,5-9,248,126,122,40,26,14,73,28,45,18,6,12,15,12,3,6,3,3,1,0,1,81,40,41,14,11,3
C5120ST,9,0,State-UTTAR PRADESH,Urban,10-19,534,309,225,75,45,30,143,77,66,29,19,10,63,49,14,19,9,10,9,5,4,180,97,83,16,8,8
C5120ST,9,0,State-UTTAR PRADESH,Urban,20-29,474,291,183,60,39,21,109,69,40,33,15,18,71,54,17,13,11,2,17,10,7,163,88,75,8,5,3
C5120ST,9,0,State-UTTAR PRADESH,Urban,30-39,362,222,140,56,35,21,93,58,35,19,9,10,43,31,12,16,9,7,8,7,1,118,67,51,9,6,3
C5120ST,9,0,State-UTTAR PRADESH,Urban,40-49,292,165,127,44,27,17,66,39,27,14,10,4,40,21,19,9,6,3,7,6,1,106,52,54,6,4,2
C5120ST,9,0,State-UTTAR PRADESH,Urban,50-59,268,157,111,39,20,19,69,39,30,21,9,12,46,31,15,6,2,4,6,4,2,71,47,24,10,5,5
C5120ST,9,0,State-UTTAR PRADESH,Urban,60-69,200,127,73,44,29,15,44,27,17,5,4,1,42,29,13,2,1,1,6,6,0,44,22,22,13,9,4
C5120ST,9,0,State-UTTAR PRADESH,Urban,70-79,75,47,28,16,8,8,14,10,4,0,0,0,22,15,7,0,0,0,1,0,1,16,11,5,6,3,3
C5120ST,9,0,State-UTTAR PRADESH,Urban,80-89,24,13,11,5,2,3,5,1,4,1,1,0,4,4,0,0,0,0,0,0,0,3,1,2,6,4,2
C5120ST,9,0,State-UTTAR PRADESH,Urban,90+,19,7,12,4,2,2,5,2,3,0,0,0,2,1,1,0,0,0,0,0,0,7,2,5,1,0,1
C5120ST,9,0,State-UTTAR PRADESH,Urban,Age Not Stated,38,19,19,6,3,3,15,6,9,0,0,0,5,2,3,1,0,1,0,0,0,11,8,3,0,0,0
C5120ST,9,132,District-Saharanpur,Total,Total,49,21,28,2,0,2,1,1,0,8,3,5,31,14,17,0,0,0,1,1,0,3,1,2,3,1,2
C5120ST,9,132,District-Saharanpur,Total,0-4,1,0,1,0,0,0,0,0,0,0,0,0,0,0,0,0,0,0,0,0,0,0,0,0,1,0,1
C5120ST,9,132,District-Saharanpur,Total,5-9,4,1,3,1,0,1,0,0,0,2,1,1,0,0,0,0,0,0,0,0,0,1,0,1,0,0,0
C5120ST,9,132,District-Saharanpur,Total,10-19,4,2,2,0,0,0,0,0,0,3,1,2,1,1,0,0,0,0,0,0,0,0,0,0,0,0,0
C5120ST,9,132,District-Saharanpur,Total,20-29,2,0,2,0,0,0,0,0,0,0,0,0,1,0,1,0,0,0,0,0,0,0,0,0,1,0,1
C5120ST,9,132,District-Saharanpur,Total,30-39,3,1,2,1,0,1,0,0,0,1,0,1,0,0,0,0,0,0,0,0,0,0,0,0,1,1,0
C5120ST,9,132,District-Saharanpur,Total,40-49,8,2,6,0,0,0,0,0,0,2,1,1,6,1,5,0,0,0,0,0,0,0,0,0,0,0,0
C5120ST,9,132,District-Saharanpur,Total,50-59,10,4,6,0,0,0,1,1,0,0,0,0,9,3,6,0,0,0,0,0,0,0,0,0,0,0,0
C5120ST,9,132,District-Saharanpur,Total,60-69,13,8,5,0,0,0,0,0,0,0,0,0,11,6,5,0,0,0,1,1,0,1,1,0,0,0,0
C5120ST,9,132,District-Saharanpur,Total,70-79,3,3,0,0,0,0,0,0,0,0,0,0,3,3,0,0,0,0,0,0,0,0,0,0,0,0,0
C5120ST,9,132,District-Saharanpur,Total,80-89,0,0,0,0,0,0,0,0,0,0,0,0,0,0,0,0,0,0,0,0,0,0,0,0,0,0,0
C5120ST,9,132,District-Saharanpur,Total,90+,0,0,0,0,0,0,0,0,0,0,0,0,0,0,0,0,0,0,0,0,0,0,0,0,0,0,0
C5120ST,9,132,District-Saharanpur,Total,Age Not Stated,1,0,1,0,0,0,0,0,0,0,0,0,0,0,0,0,0,0,0,0,0,1,0,1,0,0,0
C5120ST,9,132,District-Saharanpur,Rural,Total,11,3,8,1,0,1,0,0,0,8,3,5,1,0,1,0,0,0,0,0,0,1,0,1,0,0,0
C5120ST,9,132,District-Saharanpur,Rural,0-4,0,0,0,0,0,0,0,0,0,0,0,0,0,0,0,0,0,0,0,0,0,0,0,0,0,0,0
C5120ST,9,132,District-Saharanpur,Rural,5-9,2,1,1,0,0,0,0,0,0,2,1,1,0,0,0,0,0,0,0,0,0,0,0,0,0,0,0
C5120ST,9,132,District-Saharanpur,Rural,10-19,3,1,2,0,0,0,0,0,0,3,1,2,0,0,0,0,0,0,0,0,0,0,0,0,0,0,0
C5120ST,9,132,District-Saharanpur,Rural,20-29,1,0,1,0,0,0,0,0,0,0,0,0,1,0,1,0,0,0,0,0,0,0,0,0,0,0,0
C5120ST,9,132,District-Saharanpur,Rural,30-39,2,0,2,1,0,1,0,0,0,1,0,1,0,0,0,0,0,0,0,0,0,0,0,0,0,0,0
C5120ST,9,132,District-Saharanpur,Rural,40-49,2,1,1,0,0,0,0,0,0,2,1,1,0,0,0,0,0,0,0,0,0,0,0,0,0,0,0
C5120ST,9,132,District-Saharanpur,Rural,50-59,0,0,0,0,0,0,0,0,0,0,0,0,0,0,0,0,0,0,0,0,0,0,0,0,0,0,0
C5120ST,9,132,District-Saharanpur,Rural,60-69,0,0,0,0,0,0,0,0,0,0,0,0,0,0,0,0,0,0,0,0,0,0,0,0,0,0,0
C5120ST,9,132,District-Saharanpur,Rural,70-79,0,0,0,0,0,0,0,0,0,0,0,0,0,0,0,0,0,0,0,0,0,0,0,0,0,0,0
C5120ST,9,132,District-Saharanpur,Rural,80-89,0,0,0,0,0,0,0,0,0,0,0,0,0,0,0,0,0,0,0,0,0,0,0,0,0,0,0
C5120ST,9,132,District-Saharanpur,Rural,90+,0,0,0,0,0,0,0,0,0,0,0,0,0,0,0,0,0,0,0,0,0,0,0,0,0,0,0
C5120ST,9,132,District-Saharanpur,Rural,Age Not Stated,1,0,1,0,0,0,0,0,0,0,0,0,0,0,0,0,0,0,0,0,0,1,0,1,0,0,0
C5120ST,9,132,District-Saharanpur,Urban,Total,38,18,20,1,0,1,1,1,0,0,0,0,30,14,16,0,0,0,1,1,0,2,1,1,3,1,2
C5120ST,9,132,District-Saharanpur,Urban,0-4,1,0,1,0,0,0,0,0,0,0,0,0,0,0,0,0,0,0,0,0,0,0,0,0,1,0,1
C5120ST,9,132,District-Saharanpur,Urban,5-9,2,0,2,1,0,1,0,0,0,0,0,0,0,0,0,0,0,0,0,0,0,1,0,1,0,0,0
C5120ST,9,132,District-Saharanpur,Urban,10-19,1,1,0,0,0,0,0,0,0,0,0,0,1,1,0,0,0,0,0,0,0,0,0,0,0,0,0
C5120ST,9,132,District-Saharanpur,Urban,20-29,1,0,1,0,0,0,0,0,0,0,0,0,0,0,0,0,0,0,0,0,0,0,0,0,1,0,1
C5120ST,9,132,District-Saharanpur,Urban,30-39,1,1,0,0,0,0,0,0,0,0,0,0,0,0,0,0,0,0,0,0,0,0,0,0,1,1,0
C5120ST,9,132,District-Saharanpur,Urban,40-49,6,1,5,0,0,0,0,0,0,0,0,0,6,1,5,0,0,0,0,0,0,0,0,0,0,0,0
C5120ST,9,132,District-Saharanpur,Urban,50-59,10,4,6,0,0,0,1,1,0,0,0,0,9,3,6,0,0,0,0,0,0,0,0,0,0,0,0
C5120ST,9,132,District-Saharanpur,Urban,60-69,13,8,5,0,0,0,0,0,0,0,0,0,11,6,5,0,0,0,1,1,0,1,1,0,0,0,0
C5120ST,9,132,District-Saharanpur,Urban,70-79,3,3,0,0,0,0,0,0,0,0,0,0,3,3,0,0,0,0,0,0,0,0,0,0,0,0,0
C5120ST,9,132,District-Saharanpur,Urban,80-89,0,0,0,0,0,0,0,0,0,0,0,0,0,0,0,0,0,0,0,0,0,0,0,0,0,0,0
C5120ST,9,132,District-Saharanpur,Urban,90+,0,0,0,0,0,0,0,0,0,0,0,0,0,0,0,0,0,0,0,0,0,0,0,0,0,0,0
C5120ST,9,132,District-Saharanpur,Urban,Age Not Stated,0,0,0,0,0,0,0,0,0,0,0,0,0,0,0,0,0,0,0,0,0,0,0,0,0,0,0
C5120ST,9,133,District-Muzaffarnagar,Total,Total,9,5,4,0,0,0,1,0,1,3,1,2,0,0,0,1,0,1,0,0,0,3,3,0,1,1,0
C5120ST,9,133,District-Muzaffarnagar,Total,0-4,0,0,0,0,0,0,0,0,0,0,0,0,0,0,0,0,0,0,0,0,0,0,0,0,0,0,0
C5120ST,9,133,District-Muzaffarnagar,Total,5-9,1,0,1,0,0,0,0,0,0,1,0,1,0,0,0,0,0,0,0,0,0,0,0,0,0,0,0
C5120ST,9,133,District-Muzaffarnagar,Total,10-19,4,4,0,0,0,0,0,0,0,1,1,0,0,0,0,0,0,0,0,0,0,3,3,0,0,0,0
C5120ST,9,133,District-Muzaffarnagar,Total,20-29,1,0,1,0,0,0,0,0,0,0,0,0,0,0,0,1,0,1,0,0,0,0,0,0,0,0,0
C5120ST,9,133,District-Muzaffarnagar,Total,30-39,1,0,1,0,0,0,0,0,0,1,0,1,0,0,0,0,0,0,0,0,0,0,0,0,0,0,0
C5120ST,9,133,District-Muzaffarnagar,Total,40-49,0,0,0,0,0,0,0,0,0,0,0,0,0,0,0,0,0,0,0,0,0,0,0,0,0,0,0
C5120ST,9,133,District-Muzaffarnagar,Total,50-59,0,0,0,0,0,0,0,0,0,0,0,0,0,0,0,0,0,0,0,0,0,0,0,0,0,0,0
C5120ST,9,133,District-Muzaffarnagar,Total,60-69,0,0,0,0,0,0,0,0,0,0,0,0,0,0,0,0,0,0,0,0,0,0,0,0,0,0,0
C5120ST,9,133,District-Muzaffarnagar,Total,70-79,0,0,0,0,0,0,0,0,0,0,0,0,0,0,0,0,0,0,0,0,0,0,0,0,0,0,0
C5120ST,9,133,District-Muzaffarnagar,Total,80-89,2,1,1,0,0,0,1,0,1,0,0,0,0,0,0,0,0,0,0,0,0,0,0,0,1,1,0
C5120ST,9,133,District-Muzaffarnagar,Total,90+,0,0,0,0,0,0,0,0,0,0,0,0,0,0,0,0,0,0,0,0,0,0,0,0,0,0,0
C5120ST,9,133,District-Muzaffarnagar,Total,Age Not Stated,0,0,0,0,0,0,0,0,0,0,0,0,0,0,0,0,0,0,0,0,0,0,0,0,0,0,0
C5120ST,9,133,District-Muzaffarnagar,Rural,Total,5,3,2,0,0,0,1,0,1,1,1,0,0,0,0,1,0,1,0,0,0,2,2,0,0,0,0
C5120ST,9,133,District-Muzaffarnagar,Rural,0-4,0,0,0,0,0,0,0,0,0,0,0,0,0,0,0,0,0,0,0,0,0,0,0,0,0,0,0
C5120ST,9,133,District-Muzaffarnagar,Rural,5-9,0,0,0,0,0,0,0,0,0,0,0,0,0,0,0,0,0,0,0,0,0,0,0,0,0,0,0
C5120ST,9,133,District-Muzaffarnagar,Rural,10-19,3,3,0,0,0,0,0,0,0,1,1,0,0,0,0,0,0,0,0,0,0,2,2,0,0,0,0
C5120ST,9,133,District-Muzaffarnagar,Rural,20-29,1,0,1,0,0,0,0,0,0,0,0,0,0,0,0,1,0,1,0,0,0,0,0,0,0,0,0
C5120ST,9,133,District-Muzaffarnagar,Rural,30-39,0,0,0,0,0,0,0,0,0,0,0,0,0,0,0,0,0,0,0,0,0,0,0,0,0,0,0
C5120ST,9,133,District-Muzaffarnagar,Rural,40-49,0,0,0,0,0,0,0,0,0,0,0,0,0,0,0,0,0,0,0,0,0,0,0,0,0,0,0
C5120ST,9,133,District-Muzaffarnagar,Rural,50-59,0,0,0,0,0,0,0,0,0,0,0,0,0,0,0,0,0,0,0,0,0,0,0,0,0,0,0
C5120ST,9,133,District-Muzaffarnagar,Rural,60-69,0,0,0,0,0,0,0,0,0,0,0,0,0,0,0,0,0,0,0,0,0,0,0,0,0,0,0
C5120ST,9,133,District-Muzaffarnagar,Rural,70-79,0,0,0,0,0,0,0,0,0,0,0,0,0,0,0,0,0,0,0,0,0,0,0,0,0,0,0
C5120ST,9,133,District-Muzaffarnagar,Rural,80-89,1,0,1,0,0,0,1,0,1,0,0,0,0,0,0,0,0,0,0,0,0,0,0,0,0,0,0
C5120ST,9,133,District-Muzaffarnagar,Rural,90+,0,0,0,0,0,0,0,0,0,0,0,0,0,0,0,0,0,0,0,0,0,0,0,0,0,0,0
C5120ST,9,133,District-Muzaffarnagar,Rural,Age Not Stated,0,0,0,0,0,0,0,0,0,0,0,0,0,0,0,0,0,0,0,0,0,0,0,0,0,0,0
C5120ST,9,133,District-Muzaffarnagar,Urban,Total,4,2,2,0,0,0,0,0,0,2,0,2,0,0,0,0,0,0,0,0,0,1,1,0,1,1,0
C5120ST,9,133,District-Muzaffarnagar,Urban,0-4,0,0,0,0,0,0,0,0,0,0,0,0,0,0,0,0,0,0,0,0,0,0,0,0,0,0,0
C5120ST,9,133,District-Muzaffarnagar,Urban,5-9,1,0,1,0,0,0,0,0,0,1,0,1,0,0,0,0,0,0,0,0,0,0,0,0,0,0,0
C5120ST,9,133,District-Muzaffarnagar,Urban,10-19,1,1,0,0,0,0,0,0,0,0,0,0,0,0,0,0,0,0,0,0,0,1,1,0,0,0,0
C5120ST,9,133,District-Muzaffarnagar,Urban,20-29,0,0,0,0,0,0,0,0,0,0,0,0,0,0,0,0,0,0,0,0,0,0,0,0,0,0,0
C5120ST,9,133,District-Muzaffarnagar,Urban,30-39,1,0,1,0,0,0,0,0,0,1,0,1,0,0,0,0,0,0,0,0,0,0,0,0,0,0,0
C5120ST,9,133,District-Muzaffarnagar,Urban,40-49,0,0,0,0,0,0,0,0,0,0,0,0,0,0,0,0,0,0,0,0,0,0,0,0,0,0,0
C5120ST,9,133,District-Muzaffarnagar,Urban,50-59,0,0,0,0,0,0,0,0,0,0,0,0,0,0,0,0,0,0,0,0,0,0,0,0,0,0,0
C5120ST,9,133,District-Muzaffarnagar,Urban,60-69,0,0,0,0,0,0,0,0,0,0,0,0,0,0,0,0,0,0,0,0,0,0,0,0,0,0,0
C5120ST,9,133,District-Muzaffarnagar,Urban,70-79,0,0,0,0,0,0,0,0,0,0,0,0,0,0,0,0,0,0,0,0,0,0,0,0,0,0,0
C5120ST,9,133,District-Muzaffarnagar,Urban,80-89,1,1,0,0,0,0,0,0,0,0,0,0,0,0,0,0,0,0,0,0,0,0,0,0,1,1,0
C5120ST,9,133,District-Muzaffarnagar,Urban,90+,0,0,0,0,0,0,0,0,0,0,0,0,0,0,0,0,0,0,0,0,0,0,0,0,0,0,0
C5120ST,9,133,District-Muzaffarnagar,Urban,Age Not Stated,0,0,0,0,0,0,0,0,0,0,0,0,0,0,0,0,0,0,0,0,0,0,0,0,0,0,0
C5120ST,9,134,District-Bijnor,Total,Total,44,22,22,8,5,3,17,9,8,1,1,0,9,3,6,1,1,0,0,0,0,8,3,5,0,0,0
C5120ST,9,134,District-Bijnor,Total,0-4,0,0,0,0,0,0,0,0,0,0,0,0,0,0,0,0,0,0,0,0,0,0,0,0,0,0,0
C5120ST,9,134,District-Bijnor,Total,5-9,3,0,3,0,0,0,1,0,1,0,0,0,1,0,1,0,0,0,0,0,0,1,0,1,0,0,0
C5120ST,9,134,District-Bijnor,Total,10-19,14,7,7,3,2,1,5,3,2,0,0,0,4,0,4,0,0,0,0,0,0,2,2,0,0,0,0
C5120ST,9,134,District-Bijnor,Total,20-29,8,3,5,0,0,0,4,2,2,0,0,0,2,1,1,0,0,0,0,0,0,2,0,2,0,0,0
C5120ST,9,134,District-Bijnor,Total,30-39,6,4,2,0,0,0,4,3,1,0,0,0,1,1,0,0,0,0,0,0,0,1,0,1,0,0,0
C5120ST,9,134,District-Bijnor,Total,40-49,4,3,1,2,2,0,1,0,1,1,1,0,0,0,0,0,0,0,0,0,0,0,0,0,0,0,0
C5120ST,9,134,District-Bijnor,Total,50-59,2,1,1,0,0,0,0,0,0,0,0,0,1,1,0,0,0,0,0,0,0,1,0,1,0,0,0
C5120ST,9,134,District-Bijnor,Total,60-69,2,1,1,1,1,0,1,0,1,0,0,0,0,0,0,0,0,0,0,0,0,0,0,0,0,0,0
C5120ST,9,134,District-Bijnor,Total,70-79,3,2,1,1,0,1,1,1,0,0,0,0,0,0,0,0,0,0,0,0,0,1,1,0,0,0,0
C5120ST,9,134,District-Bijnor,Total,80-89,0,0,0,0,0,0,0,0,0,0,0,0,0,0,0,0,0,0,0,0,0,0,0,0,0,0,0
C5120ST,9,134,District-Bijnor,Total,90+,1,0,1,1,0,1,0,0,0,0,0,0,0,0,0,0,0,0,0,0,0,0,0,0,0,0,0
C5120ST,9,134,District-Bijnor,Total,Age Not Stated,1,1,0,0,0,0,0,0,0,0,0,0,0,0,0,1,1,0,0,0,0,0,0,0,0,0,0
C5120ST,9,134,District-Bijnor,Rural,Total,44,22,22,8,5,3,17,9,8,1,1,0,9,3,6,1,1,0,0,0,0,8,3,5,0,0,0
C5120ST,9,134,District-Bijnor,Rural,0-4,0,0,0,0,0,0,0,0,0,0,0,0,0,0,0,0,0,0,0,0,0,0,0,0,0,0,0
C5120ST,9,134,District-Bijnor,Rural,5-9,3,0,3,0,0,0,1,0,1,0,0,0,1,0,1,0,0,0,0,0,0,1,0,1,0,0,0
C5120ST,9,134,District-Bijnor,Rural,10-19,14,7,7,3,2,1,5,3,2,0,0,0,4,0,4,0,0,0,0,0,0,2,2,0,0,0,0
C5120ST,9,134,District-Bijnor,Rural,20-29,8,3,5,0,0,0,4,2,2,0,0,0,2,1,1,0,0,0,0,0,0,2,0,2,0,0,0
C5120ST,9,134,District-Bijnor,Rural,30-39,6,4,2,0,0,0,4,3,1,0,0,0,1,1,0,0,0,0,0,0,0,1,0,1,0,0,0
C5120ST,9,134,District-Bijnor,Rural,40-49,4,3,1,2,2,0,1,0,1,1,1,0,0,0,0,0,0,0,0,0,0,0,0,0,0,0,0
C5120ST,9,134,District-Bijnor,Rural,50-59,2,1,1,0,0,0,0,0,0,0,0,0,1,1,0,0,0,0,0,0,0,1,0,1,0,0,0
C5120ST,9,134,District-Bijnor,Rural,60-69,2,1,1,1,1,0,1,0,1,0,0,0,0,0,0,0,0,0,0,0,0,0,0,0,0,0,0
C5120ST,9,134,District-Bijnor,Rural,70-79,3,2,1,1,0,1,1,1,0,0,0,0,0,0,0,0,0,0,0,0,0,1,1,0,0,0,0
C5120ST,9,134,District-Bijnor,Rural,80-89,0,0,0,0,0,0,0,0,0,0,0,0,0,0,0,0,0,0,0,0,0,0,0,0,0,0,0
C5120ST,9,134,District-Bijnor,Rural,90+,1,0,1,1,0,1,0,0,0,0,0,0,0,0,0,0,0,0,0,0,0,0,0,0,0,0,0
C5120ST,9,134,District-Bijnor,Rural,Age Not Stated,1,1,0,0,0,0,0,0,0,0,0,0,0,0,0,1,1,0,0,0,0,0,0,0,0,0,0
C5120ST,9,134,District-Bijnor,Urban,Total,0,0,0,0,0,0,0,0,0,0,0,0,0,0,0,0,0,0,0,0,0,0,0,0,0,0,0
C5120ST,9,134,District-Bijnor,Urban,0-4,0,0,0,0,0,0,0,0,0,0,0,0,0,0,0,0,0,0,0,0,0,0,0,0,0,0,0
C5120ST,9,134,District-Bijnor,Urban,5-9,0,0,0,0,0,0,0,0,0,0,0,0,0,0,0,0,0,0,0,0,0,0,0,0,0,0,0
C5120ST,9,134,District-Bijnor,Urban,10-19,0,0,0,0,0,0,0,0,0,0,0,0,0,0,0,0,0,0,0,0,0,0,0,0,0,0,0
C5120ST,9,134,District-Bijnor,Urban,20-29,0,0,0,0,0,0,0,0,0,0,0,0,0,0,0,0,0,0,0,0,0,0,0,0,0,0,0
C5120ST,9,134,District-Bijnor,Urban,30-39,0,0,0,0,0,0,0,0,0,0,0,0,0,0,0,0,0,0,0,0,0,0,0,0,0,0,0
C5120ST,9,134,District-Bijnor,Urban,40-49,0,0,0,0,0,0,0,0,0,0,0,0,0,0,0,0,0,0,0,0,0,0,0,0,0,0,0
C5120ST,9,134,District-Bijnor,Urban,50-59,0,0,0,0,0,0,0,0,0,0,0,0,0,0,0,0,0,0,0,0,0,0,0,0,0,0,0
C5120ST,9,134,District-Bijnor,Urban,60-69,0,0,0,0,0,0,0,0,0,0,0,0,0,0,0,0,0,0,0,0,0,0,0,0,0,0,0
C5120ST,9,134,District-Bijnor,Urban,70-79,0,0,0,0,0,0,0,0,0,0,0,0,0,0,0,0,0,0,0,0,0,0,0,0,0,0,0
C5120ST,9,134,District-Bijnor,Urban,80-89,0,0,0,0,0,0,0,0,0,0,0,0,0,0,0,0,0,0,0,0,0,0,0,0,0,0,0
C5120ST,9,134,District-Bijnor,Urban,90+,0,0,0,0,0,0,0,0,0,0,0,0,0,0,0,0,0,0,0,0,0,0,0,0,0,0,0
C5120ST,9,134,District-Bijnor,Urban,Age Not Stated,0,0,0,0,0,0,0,0,0,0,0,0,0,0,0,0,0,0,0,0,0,0,0,0,0,0,0
C5120ST,9,135,District-Moradabad,Total,Total,17,14,3,5,5,0,2,1,1,4,4,0,0,0,0,0,0,0,0,0,0,6,4,2,0,0,0
C5120ST,9,135,District-Moradabad,Total,0-4,0,0,0,0,0,0,0,0,0,0,0,0,0,0,0,0,0,0,0,0,0,0,0,0,0,0,0
C5120ST,9,135,District-Moradabad,Total,5-9,1,1,0,0,0,0,1,1,0,0,0,0,0,0,0,0,0,0,0,0,0,0,0,0,0,0,0
C5120ST,9,135,District-Moradabad,Total,10-19,4,4,0,3,3,0,0,0,0,0,0,0,0,0,0,0,0,0,0,0,0,1,1,0,0,0,0
C5120ST,9,135,District-Moradabad,Total,20-29,4,2,2,0,0,0,1,0,1,1,1,0,0,0,0,0,0,0,0,0,0,2,1,1,0,0,0
C5120ST,9,135,District-Moradabad,Total,30-39,3,2,1,0,0,0,0,0,0,1,1,0,0,0,0,0,0,0,0,0,0,2,1,1,0,0,0
C5120ST,9,135,District-Moradabad,Total,40-49,1,1,0,0,0,0,0,0,0,1,1,0,0,0,0,0,0,0,0,0,0,0,0,0,0,0,0
C5120ST,9,135,District-Moradabad,Total,50-59,1,1,0,0,0,0,0,0,0,0,0,0,0,0,0,0,0,0,0,0,0,1,1,0,0,0,0
C5120ST,9,135,District-Moradabad,Total,60-69,2,2,0,1,1,0,0,0,0,1,1,0,0,0,0,0,0,0,0,0,0,0,0,0,0,0,0
C5120ST,9,135,District-Moradabad,Total,70-79,0,0,0,0,0,0,0,0,0,0,0,0,0,0,0,0,0,0,0,0,0,0,0,0,0,0,0
C5120ST,9,135,District-Moradabad,Total,80-89,0,0,0,0,0,0,0,0,0,0,0,0,0,0,0,0,0,0,0,0,0,0,0,0,0,0,0
C5120ST,9,135,District-Moradabad,Total,90+,0,0,0,0,0,0,0,0,0,0,0,0,0,0,0,0,0,0,0,0,0,0,0,0,0,0,0
C5120ST,9,135,District-Moradabad,Total,Age Not Stated,1,1,0,1,1,0,0,0,0,0,0,0,0,0,0,0,0,0,0,0,0,0,0,0,0,0,0
C5120ST,9,135,District-Moradabad,Rural,Total,3,3,0,2,2,0,0,0,0,1,1,0,0,0,0,0,0,0,0,0,0,0,0,0,0,0,0
C5120ST,9,135,District-Moradabad,Rural,0-4,0,0,0,0,0,0,0,0,0,0,0,0,0,0,0,0,0,0,0,0,0,0,0,0,0,0,0
C5120ST,9,135,District-Moradabad,Rural,5-9,0,0,0,0,0,0,0,0,0,0,0,0,0,0,0,0,0,0,0,0,0,0,0,0,0,0,0
C5120ST,9,135,District-Moradabad,Rural,10-19,2,2,0,2,2,0,0,0,0,0,0,0,0,0,0,0,0,0,0,0,0,0,0,0,0,0,0
C5120ST,9,135,District-Moradabad,Rural,20-29,0,0,0,0,0,0,0,0,0,0,0,0,0,0,0,0,0,0,0,0,0,0,0,0,0,0,0
C5120ST,9,135,District-Moradabad,Rural,30-39,0,0,0,0,0,0,0,0,0,0,0,0,0,0,0,0,0,0,0,0,0,0,0,0,0,0,0
C5120ST,9,135,District-Moradabad,Rural,40-49,1,1,0,0,0,0,0,0,0,1,1,0,0,0,0,0,0,0,0,0,0,0,0,0,0,0,0
C5120ST,9,135,District-Moradabad,Rural,50-59,0,0,0,0,0,0,0,0,0,0,0,0,0,0,0,0,0,0,0,0,0,0,0,0,0,0,0
C5120ST,9,135,District-Moradabad,Rural,60-69,0,0,0,0,0,0,0,0,0,0,0,0,0,0,0,0,0,0,0,0,0,0,0,0,0,0,0
C5120ST,9,135,District-Moradabad,Rural,70-79,0,0,0,0,0,0,0,0,0,0,0,0,0,0,0,0,0,0,0,0,0,0,0,0,0,0,0
C5120ST,9,135,District-Moradabad,Rural,80-89,0,0,0,0,0,0,0,0,0,0,0,0,0,0,0,0,0,0,0,0,0,0,0,0,0,0,0
C5120ST,9,135,District-Moradabad,Rural,90+,0,0,0,0,0,0,0,0,0,0,0,0,0,0,0,0,0,0,0,0,0,0,0,0,0,0,0
C5120ST,9,135,District-Moradabad,Rural,Age Not Stated,0,0,0,0,0,0,0,0,0,0,0,0,0,0,0,0,0,0,0,0,0,0,0,0,0,0,0
C5120ST,9,135,District-Moradabad,Urban,Total,14,11,3,3,3,0,2,1,1,3,3,0,0,0,0,0,0,0,0,0,0,6,4,2,0,0,0
C5120ST,9,135,District-Moradabad,Urban,0-4,0,0,0,0,0,0,0,0,0,0,0,0,0,0,0,0,0,0,0,0,0,0,0,0,0,0,0
C5120ST,9,135,District-Moradabad,Urban,5-9,1,1,0,0,0,0,1,1,0,0,0,0,0,0,0,0,0,0,0,0,0,0,0,0,0,0,0
C5120ST,9,135,District-Moradabad,Urban,10-19,2,2,0,1,1,0,0,0,0,0,0,0,0,0,0,0,0,0,0,0,0,1,1,0,0,0,0
C5120ST,9,135,District-Moradabad,Urban,20-29,4,2,2,0,0,0,1,0,1,1,1,0,0,0,0,0,0,0,0,0,0,2,1,1,0,0,0
C5120ST,9,135,District-Moradabad,Urban,30-39,3,2,1,0,0,0,0,0,0,1,1,0,0,0,0,0,0,0,0,0,0,2,1,1,0,0,0
C5120ST,9,135,District-Moradabad,Urban,40-49,0,0,0,0,0,0,0,0,0,0,0,0,0,0,0,0,0,0,0,0,0,0,0,0,0,0,0
C5120ST,9,135,District-Moradabad,Urban,50-59,1,1,0,0,0,0,0,0,0,0,0,0,0,0,0,0,0,0,0,0,0,1,1,0,0,0,0
C5120ST,9,135,District-Moradabad,Urban,60-69,2,2,0,1,1,0,0,0,0,1,1,0,0,0,0,0,0,0,0,0,0,0,0,0,0,0,0
C5120ST,9,135,District-Moradabad,Urban,70-79,0,0,0,0,0,0,0,0,0,0,0,0,0,0,0,0,0,0,0,0,0,0,0,0,0,0,0
C5120ST,9,135,District-Moradabad,Urban,80-89,0,0,0,0,0,0,0,0,0,0,0,0,0,0,0,0,0,0,0,0,0,0,0,0,0,0,0
C5120ST,9,135,District-Moradabad,Urban,90+,0,0,0,0,0,0,0,0,0,0,0,0,0,0,0,0,0,0,0,0,0,0,0,0,0,0,0
C5120ST,9,135,District-Moradabad,Urban,Age Not Stated,1,1,0,1,1,0,0,0,0,0,0,0,0,0,0,0,0,0,0,0,0,0,0,0,0,0,0
C5120ST,9,136,District-Rampur,Total,Total,3,2,1,0,0,0,1,1,0,0,0,0,0,0,0,0,0,0,0,0,0,2,1,1,0,0,0
C5120ST,9,136,District-Rampur,Total,0-4,0,0,0,0,0,0,0,0,0,0,0,0,0,0,0,0,0,0,0,0,0,0,0,0,0,0,0
C5120ST,9,136,District-Rampur,Total,5-9,0,0,0,0,0,0,0,0,0,0,0,0,0,0,0,0,0,0,0,0,0,0,0,0,0,0,0
C5120ST,9,136,District-Rampur,Total,10-19,1,1,0,0,0,0,1,1,0,0,0,0,0,0,0,0,0,0,0,0,0,0,0,0,0,0,0
C5120ST,9,136,District-Rampur,Total,20-29,0,0,0,0,0,0,0,0,0,0,0,0,0,0,0,0,0,0,0,0,0,0,0,0,0,0,0
C5120ST,9,136,District-Rampur,Total,30-39,2,1,1,0,0,0,0,0,0,0,0,0,0,0,0,0,0,0,0,0,0,2,1,1,0,0,0
C5120ST,9,136,District-Rampur,Total,40-49,0,0,0,0,0,0,0,0,0,0,0,0,0,0,0,0,0,0,0,0,0,0,0,0,0,0,0
C5120ST,9,136,District-Rampur,Total,50-59,0,0,0,0,0,0,0,0,0,0,0,0,0,0,0,0,0,0,0,0,0,0,0,0,0,0,0
C5120ST,9,136,District-Rampur,Total,60-69,0,0,0,0,0,0,0,0,0,0,0,0,0,0,0,0,0,0,0,0,0,0,0,0,0,0,0
C5120ST,9,136,District-Rampur,Total,70-79,0,0,0,0,0,0,0,0,0,0,0,0,0,0,0,0,0,0,0,0,0,0,0,0,0,0,0
C5120ST,9,136,District-Rampur,Total,80-89,0,0,0,0,0,0,0,0,0,0,0,0,0,0,0,0,0,0,0,0,0,0,0,0,0,0,0
C5120ST,9,136,District-Rampur,Total,90+,0,0,0,0,0,0,0,0,0,0,0,0,0,0,0,0,0,0,0,0,0,0,0,0,0,0,0
C5120ST,9,136,District-Rampur,Total,Age Not Stated,0,0,0,0,0,0,0,0,0,0,0,0,0,0,0,0,0,0,0,0,0,0,0,0,0,0,0
C5120ST,9,136,District-Rampur,Rural,Total,2,2,0,0,0,0,1,1,0,0,0,0,0,0,0,0,0,0,0,0,0,1,1,0,0,0,0
C5120ST,9,136,District-Rampur,Rural,0-4,0,0,0,0,0,0,0,0,0,0,0,0,0,0,0,0,0,0,0,0,0,0,0,0,0,0,0
C5120ST,9,136,District-Rampur,Rural,5-9,0,0,0,0,0,0,0,0,0,0,0,0,0,0,0,0,0,0,0,0,0,0,0,0,0,0,0
C5120ST,9,136,District-Rampur,Rural,10-19,1,1,0,0,0,0,1,1,0,0,0,0,0,0,0,0,0,0,0,0,0,0,0,0,0,0,0
C5120ST,9,136,District-Rampur,Rural,20-29,0,0,0,0,0,0,0,0,0,0,0,0,0,0,0,0,0,0,0,0,0,0,0,0,0,0,0
C5120ST,9,136,District-Rampur,Rural,30-39,1,1,0,0,0,0,0,0,0,0,0,0,0,0,0,0,0,0,0,0,0,1,1,0,0,0,0
C5120ST,9,136,District-Rampur,Rural,40-49,0,0,0,0,0,0,0,0,0,0,0,0,0,0,0,0,0,0,0,0,0,0,0,0,0,0,0
C5120ST,9,136,District-Rampur,Rural,50-59,0,0,0,0,0,0,0,0,0,0,0,0,0,0,0,0,0,0,0,0,0,0,0,0,0,0,0
C5120ST,9,136,District-Rampur,Rural,60-69,0,0,0,0,0,0,0,0,0,0,0,0,0,0,0,0,0,0,0,0,0,0,0,0,0,0,0
C5120ST,9,136,District-Rampur,Rural,70-79,0,0,0,0,0,0,0,0,0,0,0,0,0,0,0,0,0,0,0,0,0,0,0,0,0,0,0
C5120ST,9,136,District-Rampur,Rural,80-89,0,0,0,0,0,0,0,0,0,0,0,0,0,0,0,0,0,0,0,0,0,0,0,0,0,0,0
C5120ST,9,136,District-Rampur,Rural,90+,0,0,0,0,0,0,0,0,0,0,0,0,0,0,0,0,0,0,0,0,0,0,0,0,0,0,0
C5120ST,9,136,District-Rampur,Rural,Age Not Stated,0,0,0,0,0,0,0,0,0,0,0,0,0,0,0,0,0,0,0,0,0,0,0,0,0,0,0
C5120ST,9,136,District-Rampur,Urban,Total,1,0,1,0,0,0,0,0,0,0,0,0,0,0,0,0,0,0,0,0,0,1,0,1,0,0,0
C5120ST,9,136,District-Rampur,Urban,0-4,0,0,0,0,0,0,0,0,0,0,0,0,0,0,0,0,0,0,0,0,0,0,0,0,0,0,0
C5120ST,9,136,District-Rampur,Urban,5-9,0,0,0,0,0,0,0,0,0,0,0,0,0,0,0,0,0,0,0,0,0,0,0,0,0,0,0
C5120ST,9,136,District-Rampur,Urban,10-19,0,0,0,0,0,0,0,0,0,0,0,0,0,0,0,0,0,0,0,0,0,0,0,0,0,0,0
C5120ST,9,136,District-Rampur,Urban,20-29,0,0,0,0,0,0,0,0,0,0,0,0,0,0,0,0,0,0,0,0,0,0,0,0,0,0,0
C5120ST,9,136,District-Rampur,Urban,30-39,1,0,1,0,0,0,0,0,0,0,0,0,0,0,0,0,0,0,0,0,0,1,0,1,0,0,0
C5120ST,9,136,District-Rampur,Urban,40-49,0,0,0,0,0,0,0,0,0,0,0,0,0,0,0,0,0,0,0,0,0,0,0,0,0,0,0
C5120ST,9,136,District-Rampur,Urban,50-59,0,0,0,0,0,0,0,0,0,0,0,0,0,0,0,0,0,0,0,0,0,0,0,0,0,0,0
C5120ST,9,136,District-Rampur,Urban,60-69,0,0,0,0,0,0,0,0,0,0,0,0,0,0,0,0,0,0,0,0,0,0,0,0,0,0,0
C5120ST,9,136,District-Rampur,Urban,70-79,0,0,0,0,0,0,0,0,0,0,0,0,0,0,0,0,0,0,0,0,0,0,0,0,0,0,0
C5120ST,9,136,District-Rampur,Urban,80-89,0,0,0,0,0,0,0,0,0,0,0,0,0,0,0,0,0,0,0,0,0,0,0,0,0,0,0
C5120ST,9,136,District-Rampur,Urban,90+,0,0,0,0,0,0,0,0,0,0,0,0,0,0,0,0,0,0,0,0,0,0,0,0,0,0,0
C5120ST,9,136,District-Rampur,Urban,Age Not Stated,0,0,0,0,0,0,0,0,0,0,0,0,0,0,0,0,0,0,0,0,0,0,0,0,0,0,0
C5120ST,9,137,District-Jyotiba Phule Nagar,Total,Total,3,1,2,0,0,0,0,0,0,0,0,0,0,0,0,0,0,0,0,0,0,3,1,2,0,0,0
C5120ST,9,137,District-Jyotiba Phule Nagar,Total,0-4,1,1,0,0,0,0,0,0,0,0,0,0,0,0,0,0,0,0,0,0,0,1,1,0,0,0,0
C5120ST,9,137,District-Jyotiba Phule Nagar,Total,5-9,1,0,1,0,0,0,0,0,0,0,0,0,0,0,0,0,0,0,0,0,0,1,0,1,0,0,0
C5120ST,9,137,District-Jyotiba Phule Nagar,Total,10-19,0,0,0,0,0,0,0,0,0,0,0,0,0,0,0,0,0,0,0,0,0,0,0,0,0,0,0
C5120ST,9,137,District-Jyotiba Phule Nagar,Total,20-29,0,0,0,0,0,0,0,0,0,0,0,0,0,0,0,0,0,0,0,0,0,0,0,0,0,0,0
C5120ST,9,137,District-Jyotiba Phule Nagar,Total,30-39,0,0,0,0,0,0,0,0,0,0,0,0,0,0,0,0,0,0,0,0,0,0,0,0,0,0,0
C5120ST,9,137,District-Jyotiba Phule Nagar,Total,40-49,0,0,0,0,0,0,0,0,0,0,0,0,0,0,0,0,0,0,0,0,0,0,0,0,0,0,0
C5120ST,9,137,District-Jyotiba Phule Nagar,Total,50-59,0,0,0,0,0,0,0,0,0,0,0,0,0,0,0,0,0,0,0,0,0,0,0,0,0,0,0
C5120ST,9,137,District-Jyotiba Phule Nagar,Total,60-69,1,0,1,0,0,0,0,0,0,0,0,0,0,0,0,0,0,0,0,0,0,1,0,1,0,0,0
C5120ST,9,137,District-Jyotiba Phule Nagar,Total,70-79,0,0,0,0,0,0,0,0,0,0,0,0,0,0,0,0,0,0,0,0,0,0,0,0,0,0,0
C5120ST,9,137,District-Jyotiba Phule Nagar,Total,80-89,0,0,0,0,0,0,0,0,0,0,0,0,0,0,0,0,0,0,0,0,0,0,0,0,0,0,0
C5120ST,9,137,District-Jyotiba Phule Nagar,Total,90+,0,0,0,0,0,0,0,0,0,0,0,0,0,0,0,0,0,0,0,0,0,0,0,0,0,0,0
C5120ST,9,137,District-Jyotiba Phule Nagar,Total,Age Not Stated,0,0,0,0,0,0,0,0,0,0,0,0,0,0,0,0,0,0,0,0,0,0,0,0,0,0,0
C5120ST,9,137,District-Jyotiba Phule Nagar,Rural,Total,1,1,0,0,0,0,0,0,0,0,0,0,0,0,0,0,0,0,0,0,0,1,1,0,0,0,0
C5120ST,9,137,District-Jyotiba Phule Nagar,Rural,0-4,1,1,0,0,0,0,0,0,0,0,0,0,0,0,0,0,0,0,0,0,0,1,1,0,0,0,0
C5120ST,9,137,District-Jyotiba Phule Nagar,Rural,5-9,0,0,0,0,0,0,0,0,0,0,0,0,0,0,0,0,0,0,0,0,0,0,0,0,0,0,0
C5120ST,9,137,District-Jyotiba Phule Nagar,Rural,10-19,0,0,0,0,0,0,0,0,0,0,0,0,0,0,0,0,0,0,0,0,0,0,0,0,0,0,0
C5120ST,9,137,District-Jyotiba Phule Nagar,Rural,20-29,0,0,0,0,0,0,0,0,0,0,0,0,0,0,0,0,0,0,0,0,0,0,0,0,0,0,0
C5120ST,9,137,District-Jyotiba Phule Nagar,Rural,30-39,0,0,0,0,0,0,0,0,0,0,0,0,0,0,0,0,0,0,0,0,0,0,0,0,0,0,0
C5120ST,9,137,District-Jyotiba Phule Nagar,Rural,40-49,0,0,0,0,0,0,0,0,0,0,0,0,0,0,0,0,0,0,0,0,0,0,0,0,0,0,0
C5120ST,9,137,District-Jyotiba Phule Nagar,Rural,50-59,0,0,0,0,0,0,0,0,0,0,0,0,0,0,0,0,0,0,0,0,0,0,0,0,0,0,0
C5120ST,9,137,District-Jyotiba Phule Nagar,Rural,60-69,0,0,0,0,0,0,0,0,0,0,0,0,0,0,0,0,0,0,0,0,0,0,0,0,0,0,0
C5120ST,9,137,District-Jyotiba Phule Nagar,Rural,70-79,0,0,0,0,0,0,0,0,0,0,0,0,0,0,0,0,0,0,0,0,0,0,0,0,0,0,0
C5120ST,9,137,District-Jyotiba Phule Nagar,Rural,80-89,0,0,0,0,0,0,0,0,0,0,0,0,0,0,0,0,0,0,0,0,0,0,0,0,0,0,0
C5120ST,9,137,District-Jyotiba Phule Nagar,Rural,90+,0,0,0,0,0,0,0,0,0,0,0,0,0,0,0,0,0,0,0,0,0,0,0,0,0,0,0
C5120ST,9,137,District-Jyotiba Phule Nagar,Rural,Age Not Stated,0,0,0,0,0,0,0,0,0,0,0,0,0,0,0,0,0,0,0,0,0,0,0,0,0,0,0
C5120ST,9,137,District-Jyotiba Phule Nagar,Urban,Total,2,0,2,0,0,0,0,0,0,0,0,0,0,0,0,0,0,0,0,0,0,2,0,2,0,0,0
C5120ST,9,137,District-Jyotiba Phule Nagar,Urban,0-4,0,0,0,0,0,0,0,0,0,0,0,0,0,0,0,0,0,0,0,0,0,0,0,0,0,0,0
C5120ST,9,137,District-Jyotiba Phule Nagar,Urban,5-9,1,0,1,0,0,0,0,0,0,0,0,0,0,0,0,0,0,0,0,0,0,1,0,1,0,0,0
C5120ST,9,137,District-Jyotiba Phule Nagar,Urban,10-19,0,0,0,0,0,0,0,0,0,0,0,0,0,0,0,0,0,0,0,0,0,0,0,0,0,0,0
C5120ST,9,137,District-Jyotiba Phule Nagar,Urban,20-29,0,0,0,0,0,0,0,0,0,0,0,0,0,0,0,0,0,0,0,0,0,0,0,0,0,0,0
C5120ST,9,137,District-Jyotiba Phule Nagar,Urban,30-39,0,0,0,0,0,0,0,0,0,0,0,0,0,0,0,0,0,0,0,0,0,0,0,0,0,0,0
C5120ST,9,137,District-Jyotiba Phule Nagar,Urban,40-49,0,0,0,0,0,0,0,0,0,0,0,0,0,0,0,0,0,0,0,0,0,0,0,0,0,0,0
C5120ST,9,137,District-Jyotiba Phule Nagar,Urban,50-59,0,0,0,0,0,0,0,0,0,0,0,0,0,0,0,0,0,0,0,0,0,0,0,0,0,0,0
C5120ST,9,137,District-Jyotiba Phule Nagar,Urban,60-69,1,0,1,0,0,0,0,0,0,0,0,0,0,0,0,0,0,0,0,0,0,1,0,1,0,0,0
C5120ST,9,137,District-Jyotiba Phule Nagar,Urban,70-79,0,0,0,0,0,0,0,0,0,0,0,0,0,0,0,0,0,0,0,0,0,0,0,0,0,0,0
C5120ST,9,137,District-Jyotiba Phule Nagar,Urban,80-89,0,0,0,0,0,0,0,0,0,0,0,0,0,0,0,0,0,0,0,0,0,0,0,0,0,0,0
C5120ST,9,137,District-Jyotiba Phule Nagar,Urban,90+,0,0,0,0,0,0,0,0,0,0,0,0,0,0,0,0,0,0,0,0,0,0,0,0,0,0,0
C5120ST,9,137,District-Jyotiba Phule Nagar,Urban,Age Not Stated,0,0,0,0,0,0,0,0,0,0,0,0,0,0,0,0,0,0,0,0,0,0,0,0,0,0,0
C5120ST,9,138,District-Meerut,Total,Total,68,40,28,3,3,0,25,11,14,3,3,0,7,6,1,0,0,0,0,0,0,26,15,11,4,2,2
C5120ST,9,138,District-Meerut,Total,0-4,6,3,3,1,1,0,4,2,2,0,0,0,0,0,0,0,0,0,0,0,0,1,0,1,0,0,0
C5120ST,9,138,District-Meerut,Total,5-9,8,5,3,0,0,0,3,1,2,0,0,0,0,0,0,0,0,0,0,0,0,3,2,1,2,2,0
C5120ST,9,138,District-Meerut,Total,10-19,18,9,9,0,0,0,3,1,2,0,0,0,3,3,0,0,0,0,0,0,0,11,5,6,1,0,1
C5120ST,9,138,District-Meerut,Total,20-29,9,6,3,0,0,0,4,3,1,0,0,0,0,0,0,0,0,0,0,0,0,5,3,2,0,0,0
C5120ST,9,138,District-Meerut,Total,30-39,6,3,3,0,0,0,4,1,3,0,0,0,1,1,0,0,0,0,0,0,0,1,1,0,0,0,0
C5120ST,9,138,District-Meerut,Total,40-49,3,1,2,0,0,0,2,0,2,0,0,0,0,0,0,0,0,0,0,0,0,1,1,0,0,0,0
C5120ST,9,138,District-Meerut,Total,50-59,13,11,2,2,2,0,2,2,0,3,3,0,3,2,1,0,0,0,0,0,0,2,2,0,1,0,1
C5120ST,9,138,District-Meerut,Total,60-69,1,1,0,0,0,0,0,0,0,0,0,0,0,0,0,0,0,0,0,0,0,1,1,0,0,0,0
C5120ST,9,138,District-Meerut,Total,70-79,2,1,1,0,0,0,2,1,1,0,0,0,0,0,0,0,0,0,0,0,0,0,0,0,0,0,0
C5120ST,9,138,District-Meerut,Total,80-89,2,0,2,0,0,0,1,0,1,0,0,0,0,0,0,0,0,0,0,0,0,1,0,1,0,0,0
C5120ST,9,138,District-Meerut,Total,90+,0,0,0,0,0,0,0,0,0,0,0,0,0,0,0,0,0,0,0,0,0,0,0,0,0,0,0
C5120ST,9,138,District-Meerut,Total,Age Not Stated,0,0,0,0,0,0,0,0,0,0,0,0,0,0,0,0,0,0,0,0,0,0,0,0,0,0,0
C5120ST,9,138,District-Meerut,Rural,Total,10,4,6,0,0,0,8,3,5,0,0,0,0,0,0,0,0,0,0,0,0,1,1,0,1,0,1
C5120ST,9,138,District-Meerut,Rural,0-4,2,1,1,0,0,0,2,1,1,0,0,0,0,0,0,0,0,0,0,0,0,0,0,0,0,0,0
C5120ST,9,138,District-Meerut,Rural,5-9,2,1,1,0,0,0,2,1,1,0,0,0,0,0,0,0,0,0,0,0,0,0,0,0,0,0,0
C5120ST,9,138,District-Meerut,Rural,10-19,2,0,2,0,0,0,1,0,1,0,0,0,0,0,0,0,0,0,0,0,0,0,0,0,1,0,1
C5120ST,9,138,District-Meerut,Rural,20-29,0,0,0,0,0,0,0,0,0,0,0,0,0,0,0,0,0,0,0,0,0,0,0,0,0,0,0
C5120ST,9,138,District-Meerut,Rural,30-39,2,1,1,0,0,0,2,1,1,0,0,0,0,0,0,0,0,0,0,0,0,0,0,0,0,0,0
C5120ST,9,138,District-Meerut,Rural,40-49,0,0,0,0,0,0,0,0,0,0,0,0,0,0,0,0,0,0,0,0,0,0,0,0,0,0,0
C5120ST,9,138,District-Meerut,Rural,50-59,1,1,0,0,0,0,0,0,0,0,0,0,0,0,0,0,0,0,0,0,0,1,1,0,0,0,0
C5120ST,9,138,District-Meerut,Rural,60-69,0,0,0,0,0,0,0,0,0,0,0,0,0,0,0,0,0,0,0,0,0,0,0,0,0,0,0
C5120ST,9,138,District-Meerut,Rural,70-79,0,0,0,0,0,0,0,0,0,0,0,0,0,0,0,0,0,0,0,0,0,0,0,0,0,0,0
C5120ST,9,138,District-Meerut,Rural,80-89,1,0,1,0,0,0,1,0,1,0,0,0,0,0,0,0,0,0,0,0,0,0,0,0,0,0,0
C5120ST,9,138,District-Meerut,Rural,90+,0,0,0,0,0,0,0,0,0,0,0,0,0,0,0,0,0,0,0,0,0,0,0,0,0,0,0
C5120ST,9,138,District-Meerut,Rural,Age Not Stated,0,0,0,0,0,0,0,0,0,0,0,0,0,0,0,0,0,0,0,0,0,0,0,0,0,0,0
C5120ST,9,138,District-Meerut,Urban,Total,58,36,22,3,3,0,17,8,9,3,3,0,7,6,1,0,0,0,0,0,0,25,14,11,3,2,1
C5120ST,9,138,District-Meerut,Urban,0-4,4,2,2,1,1,0,2,1,1,0,0,0,0,0,0,0,0,0,0,0,0,1,0,1,0,0,0
C5120ST,9,138,District-Meerut,Urban,5-9,6,4,2,0,0,0,1,0,1,0,0,0,0,0,0,0,0,0,0,0,0,3,2,1,2,2,0
C5120ST,9,138,District-Meerut,Urban,10-19,16,9,7,0,0,0,2,1,1,0,0,0,3,3,0,0,0,0,0,0,0,11,5,6,0,0,0
C5120ST,9,138,District-Meerut,Urban,20-29,9,6,3,0,0,0,4,3,1,0,0,0,0,0,0,0,0,0,0,0,0,5,3,2,0,0,0
C5120ST,9,138,District-Meerut,Urban,30-39,4,2,2,0,0,0,2,0,2,0,0,0,1,1,0,0,0,0,0,0,0,1,1,0,0,0,0
C5120ST,9,138,District-Meerut,Urban,40-49,3,1,2,0,0,0,2,0,2,0,0,0,0,0,0,0,0,0,0,0,0,1,1,0,0,0,0
C5120ST,9,138,District-Meerut,Urban,50-59,12,10,2,2,2,0,2,2,0,3,3,0,3,2,1,0,0,0,0,0,0,1,1,0,1,0,1
C5120ST,9,138,District-Meerut,Urban,60-69,1,1,0,0,0,0,0,0,0,0,0,0,0,0,0,0,0,0,0,0,0,1,1,0,0,0,0
C5120ST,9,138,District-Meerut,Urban,70-79,2,1,1,0,0,0,2,1,1,0,0,0,0,0,0,0,0,0,0,0,0,0,0,0,0,0,0
C5120ST,9,138,District-Meerut,Urban,80-89,1,0,1,0,0,0,0,0,0,0,0,0,0,0,0,0,0,0,0,0,0,1,0,1,0,0,0
C5120ST,9,138,District-Meerut,Urban,90+,0,0,0,0,0,0,0,0,0,0,0,0,0,0,0,0,0,0,0,0,0,0,0,0,0,0,0
C5120ST,9,138,District-Meerut,Urban,Age Not Stated,0,0,0,0,0,0,0,0,0,0,0,0,0,0,0,0,0,0,0,0,0,0,0,0,0,0,0
C5120ST,9,140,District-Ghaziabad,Total,Total,154,86,68,24,14,10,85,47,38,3,1,2,9,6,3,4,4,0,4,2,2,21,11,10,4,1,3
C5120ST,9,140,District-Ghaziabad,Total,0-4,13,8,5,2,2,0,7,4,3,1,1,0,0,0,0,1,1,0,0,0,0,1,0,1,1,0,1
C5120ST,9,140,District-Ghaziabad,Total,5-9,11,6,5,1,0,1,9,6,3,0,0,0,0,0,0,0,0,0,0,0,0,1,0,1,0,0,0
C5120ST,9,140,District-Ghaziabad,Total,10-19,34,18,16,6,4,2,21,10,11,1,0,1,0,0,0,1,1,0,0,0,0,5,3,2,0,0,0
C5120ST,9,140,District-Ghaziabad,Total,20-29,29,16,13,4,1,3,16,10,6,0,0,0,2,1,1,1,1,0,3,1,2,2,2,0,1,0,1
C5120ST,9,140,District-Ghaziabad,Total,30-39,20,14,6,5,4,1,9,6,3,0,0,0,2,2,0,0,0,0,0,0,0,3,1,2,1,1,0
C5120ST,9,140,District-Ghaziabad,Total,40-49,17,11,6,2,2,0,9,5,4,0,0,0,1,1,0,1,1,0,0,0,0,3,2,1,1,0,1
C5120ST,9,140,District-Ghaziabad,Total,50-59,12,3,9,2,0,2,5,2,3,1,0,1,0,0,0,0,0,0,0,0,0,4,1,3,0,0,0
C5120ST,9,140,District-Ghaziabad,Total,60-69,5,4,1,0,0,0,2,1,1,0,0,0,1,1,0,0,0,0,1,1,0,1,1,0,0,0,0
C5120ST,9,140,District-Ghaziabad,Total,70-79,3,1,2,1,0,1,0,0,0,0,0,0,2,1,1,0,0,0,0,0,0,0,0,0,0,0,0
C5120ST,9,140,District-Ghaziabad,Total,80-89,0,0,0,0,0,0,0,0,0,0,0,0,0,0,0,0,0,0,0,0,0,0,0,0,0,0,0
C5120ST,9,140,District-Ghaziabad,Total,90+,3,2,1,0,0,0,3,2,1,0,0,0,0,0,0,0,0,0,0,0,0,0,0,0,0,0,0
C5120ST,9,140,District-Ghaziabad,Total,Age Not Stated,7,3,4,1,1,0,4,1,3,0,0,0,1,0,1,0,0,0,0,0,0,1,1,0,0,0,0
C5120ST,9,140,District-Ghaziabad,Rural,Total,15,6,9,1,0,1,6,2,4,0,0,0,3,2,1,1,1,0,0,0,0,4,1,3,0,0,0
C5120ST,9,140,District-Ghaziabad,Rural,0-4,2,0,2,0,0,0,1,0,1,0,0,0,0,0,0,0,0,0,0,0,0,1,0,1,0,0,0
C5120ST,9,140,District-Ghaziabad,Rural,5-9,1,1,0,0,0,0,1,1,0,0,0,0,0,0,0,0,0,0,0,0,0,0,0,0,0,0,0
C5120ST,9,140,District-Ghaziabad,Rural,10-19,4,1,3,0,0,0,3,1,2,0,0,0,0,0,0,0,0,0,0,0,0,1,0,1,0,0,0
C5120ST,9,140,District-Ghaziabad,Rural,20-29,0,0,0,0,0,0,0,0,0,0,0,0,0,0,0,0,0,0,0,0,0,0,0,0,0,0,0
C5120ST,9,140,District-Ghaziabad,Rural,30-39,1,1,0,0,0,0,0,0,0,0,0,0,1,1,0,0,0,0,0,0,0,0,0,0,0,0,0
C5120ST,9,140,District-Ghaziabad,Rural,40-49,1,1,0,0,0,0,0,0,0,0,0,0,0,0,0,1,1,0,0,0,0,0,0,0,0,0,0
C5120ST,9,140,District-Ghaziabad,Rural,50-59,1,0,1,0,0,0,0,0,0,0,0,0,0,0,0,0,0,0,0,0,0,1,0,1,0,0,0
C5120ST,9,140,District-Ghaziabad,Rural,60-69,1,1,0,0,0,0,0,0,0,0,0,0,0,0,0,0,0,0,0,0,0,1,1,0,0,0,0
C5120ST,9,140,District-Ghaziabad,Rural,70-79,3,1,2,1,0,1,0,0,0,0,0,0,2,1,1,0,0,0,0,0,0,0,0,0,0,0,0
C5120ST,9,140,District-Ghaziabad,Rural,80-89,0,0,0,0,0,0,0,0,0,0,0,0,0,0,0,0,0,0,0,0,0,0,0,0,0,0,0
C5120ST,9,140,District-Ghaziabad,Rural,90+,1,0,1,0,0,0,1,0,1,0,0,0,0,0,0,0,0,0,0,0,0,0,0,0,0,0,0
C5120ST,9,140,District-Ghaziabad,Rural,Age Not Stated,0,0,0,0,0,0,0,0,0,0,0,0,0,0,0,0,0,0,0,0,0,0,0,0,0,0,0
C5120ST,9,140,District-Ghaziabad,Urban,Total,139,80,59,23,14,9,79,45,34,3,1,2,6,4,2,3,3,0,4,2,2,17,10,7,4,1,3
C5120ST,9,140,District-Ghaziabad,Urban,0-4,11,8,3,2,2,0,6,4,2,1,1,0,0,0,0,1,1,0,0,0,0,0,0,0,1,0,1
C5120ST,9,140,District-Ghaziabad,Urban,5-9,10,5,5,1,0,1,8,5,3,0,0,0,0,0,0,0,0,0,0,0,0,1,0,1,0,0,0
C5120ST,9,140,District-Ghaziabad,Urban,10-19,30,17,13,6,4,2,18,9,9,1,0,1,0,0,0,1,1,0,0,0,0,4,3,1,0,0,0
C5120ST,9,140,District-Ghaziabad,Urban,20-29,29,16,13,4,1,3,16,10,6,0,0,0,2,1,1,1,1,0,3,1,2,2,2,0,1,0,1
C5120ST,9,140,District-Ghaziabad,Urban,30-39,19,13,6,5,4,1,9,6,3,0,0,0,1,1,0,0,0,0,0,0,0,3,1,2,1,1,0
C5120ST,9,140,District-Ghaziabad,Urban,40-49,16,10,6,2,2,0,9,5,4,0,0,0,1,1,0,0,0,0,0,0,0,3,2,1,1,0,1
C5120ST,9,140,District-Ghaziabad,Urban,50-59,11,3,8,2,0,2,5,2,3,1,0,1,0,0,0,0,0,0,0,0,0,3,1,2,0,0,0
C5120ST,9,140,District-Ghaziabad,Urban,60-69,4,3,1,0,0,0,2,1,1,0,0,0,1,1,0,0,0,0,1,1,0,0,0,0,0,0,0
C5120ST,9,140,District-Ghaziabad,Urban,70-79,0,0,0,0,0,0,0,0,0,0,0,0,0,0,0,0,0,0,0,0,0,0,0,0,0,0,0
C5120ST,9,140,District-Ghaziabad,Urban,80-89,0,0,0,0,0,0,0,0,0,0,0,0,0,0,0,0,0,0,0,0,0,0,0,0,0,0,0
C5120ST,9,140,District-Ghaziabad,Urban,90+,2,2,0,0,0,0,2,2,0,0,0,0,0,0,0,0,0,0,0,0,0,0,0,0,0,0,0
C5120ST,9,140,District-Ghaziabad,Urban,Age Not Stated,7,3,4,1,1,0,4,1,3,0,0,0,1,0,1,0,0,0,0,0,0,1,1,0,0,0,0
C5120ST,9,141,District-Gautam Buddha Nagar,Total,Total,33,20,13,2,1,1,20,11,9,0,0,0,2,2,0,0,0,0,0,0,0,9,6,3,0,0,0
C5120ST,9,141,District-Gautam Buddha Nagar,Total,0-4,1,1,0,0,0,0,1,1,0,0,0,0,0,0,0,0,0,0,0,0,0,0,0,0,0,0,0
C5120ST,9,141,District-Gautam Buddha Nagar,Total,5-9,3,0,3,0,0,0,3,0,3,0,0,0,0,0,0,0,0,0,0,0,0,0,0,0,0,0,0
C5120ST,9,141,District-Gautam Buddha Nagar,Total,10-19,2,2,0,0,0,0,1,1,0,0,0,0,1,1,0,0,0,0,0,0,0,0,0,0,0,0,0
C5120ST,9,141,District-Gautam Buddha Nagar,Total,20-29,14,8,6,0,0,0,10,5,5,0,0,0,0,0,0,0,0,0,0,0,0,4,3,1,0,0,0
C5120ST,9,141,District-Gautam Buddha Nagar,Total,30-39,4,2,2,0,0,0,1,1,0,0,0,0,1,1,0,0,0,0,0,0,0,2,0,2,0,0,0
C5120ST,9,141,District-Gautam Buddha Nagar,Total,40-49,2,1,1,0,0,0,1,0,1,0,0,0,0,0,0,0,0,0,0,0,0,1,1,0,0,0,0
C5120ST,9,141,District-Gautam Buddha Nagar,Total,50-59,3,3,0,0,0,0,2,2,0,0,0,0,0,0,0,0,0,0,0,0,0,1,1,0,0,0,0
C5120ST,9,141,District-Gautam Buddha Nagar,Total,60-69,3,2,1,2,1,1,1,1,0,0,0,0,0,0,0,0,0,0,0,0,0,0,0,0,0,0,0
C5120ST,9,141,District-Gautam Buddha Nagar,Total,70-79,0,0,0,0,0,0,0,0,0,0,0,0,0,0,0,0,0,0,0,0,0,0,0,0,0,0,0
C5120ST,9,141,District-Gautam Buddha Nagar,Total,80-89,0,0,0,0,0,0,0,0,0,0,0,0,0,0,0,0,0,0,0,0,0,0,0,0,0,0,0
C5120ST,9,141,District-Gautam Buddha Nagar,Total,90+,0,0,0,0,0,0,0,0,0,0,0,0,0,0,0,0,0,0,0,0,0,0,0,0,0,0,0
C5120ST,9,141,District-Gautam Buddha Nagar,Total,Age Not Stated,1,1,0,0,0,0,0,0,0,0,0,0,0,0,0,0,0,0,0,0,0,1,1,0,0,0,0
C5120ST,9,141,District-Gautam Buddha Nagar,Rural,Total,2,2,0,0,0,0,1,1,0,0,0,0,1,1,0,0,0,0,0,0,0,0,0,0,0,0,0
C5120ST,9,141,District-Gautam Buddha Nagar,Rural,0-4,0,0,0,0,0,0,0,0,0,0,0,0,0,0,0,0,0,0,0,0,0,0,0,0,0,0,0
C5120ST,9,141,District-Gautam Buddha Nagar,Rural,5-9,0,0,0,0,0,0,0,0,0,0,0,0,0,0,0,0,0,0,0,0,0,0,0,0,0,0,0
C5120ST,9,141,District-Gautam Buddha Nagar,Rural,10-19,0,0,0,0,0,0,0,0,0,0,0,0,0,0,0,0,0,0,0,0,0,0,0,0,0,0,0
C5120ST,9,141,District-Gautam Buddha Nagar,Rural,20-29,1,1,0,0,0,0,1,1,0,0,0,0,0,0,0,0,0,0,0,0,0,0,0,0,0,0,0
C5120ST,9,141,District-Gautam Buddha Nagar,Rural,30-39,1,1,0,0,0,0,0,0,0,0,0,0,1,1,0,0,0,0,0,0,0,0,0,0,0,0,0
C5120ST,9,141,District-Gautam Buddha Nagar,Rural,40-49,0,0,0,0,0,0,0,0,0,0,0,0,0,0,0,0,0,0,0,0,0,0,0,0,0,0,0
C5120ST,9,141,District-Gautam Buddha Nagar,Rural,50-59,0,0,0,0,0,0,0,0,0,0,0,0,0,0,0,0,0,0,0,0,0,0,0,0,0,0,0
C5120ST,9,141,District-Gautam Buddha Nagar,Rural,60-69,0,0,0,0,0,0,0,0,0,0,0,0,0,0,0,0,0,0,0,0,0,0,0,0,0,0,0
C5120ST,9,141,District-Gautam Buddha Nagar,Rural,70-79,0,0,0,0,0,0,0,0,0,0,0,0,0,0,0,0,0,0,0,0,0,0,0,0,0,0,0
C5120ST,9,141,District-Gautam Buddha Nagar,Rural,80-89,0,0,0,0,0,0,0,0,0,0,0,0,0,0,0,0,0,0,0,0,0,0,0,0,0,0,0
C5120ST,9,141,District-Gautam Buddha Nagar,Rural,90+,0,0,0,0,0,0,0,0,0,0,0,0,0,0,0,0,0,0,0,0,0,0,0,0,0,0,0
C5120ST,9,141,District-Gautam Buddha Nagar,Rural,Age Not Stated,0,0,0,0,0,0,0,0,0,0,0,0,0,0,0,0,0,0,0,0,0,0,0,0,0,0,0
C5120ST,9,141,District-Gautam Buddha Nagar,Urban,Total,31,18,13,2,1,1,19,10,9,0,0,0,1,1,0,0,0,0,0,0,0,9,6,3,0,0,0
C5120ST,9,141,District-Gautam Buddha Nagar,Urban,0-4,1,1,0,0,0,0,1,1,0,0,0,0,0,0,0,0,0,0,0,0,0,0,0,0,0,0,0
C5120ST,9,141,District-Gautam Buddha Nagar,Urban,5-9,3,0,3,0,0,0,3,0,3,0,0,0,0,0,0,0,0,0,0,0,0,0,0,0,0,0,0
C5120ST,9,141,District-Gautam Buddha Nagar,Urban,10-19,2,2,0,0,0,0,1,1,0,0,0,0,1,1,0,0,0,0,0,0,0,0,0,0,0,0,0
C5120ST,9,141,District-Gautam Buddha Nagar,Urban,20-29,13,7,6,0,0,0,9,4,5,0,0,0,0,0,0,0,0,0,0,0,0,4,3,1,0,0,0
C5120ST,9,141,District-Gautam Buddha Nagar,Urban,30-39,3,1,2,0,0,0,1,1,0,0,0,0,0,0,0,0,0,0,0,0,0,2,0,2,0,0,0
C5120ST,9,141,District-Gautam Buddha Nagar,Urban,40-49,2,1,1,0,0,0,1,0,1,0,0,0,0,0,0,0,0,0,0,0,0,1,1,0,0,0,0
C5120ST,9,141,District-Gautam Buddha Nagar,Urban,50-59,3,3,0,0,0,0,2,2,0,0,0,0,0,0,0,0,0,0,0,0,0,1,1,0,0,0,0
C5120ST,9,141,District-Gautam Buddha Nagar,Urban,60-69,3,2,1,2,1,1,1,1,0,0,0,0,0,0,0,0,0,0,0,0,0,0,0,0,0,0,0
C5120ST,9,141,District-Gautam Buddha Nagar,Urban,70-79,0,0,0,0,0,0,0,0,0,0,0,0,0,0,0,0,0,0,0,0,0,0,0,0,0,0,0
C5120ST,9,141,District-Gautam Buddha Nagar,Urban,80-89,0,0,0,0,0,0,0,0,0,0,0,0,0,0,0,0,0,0,0,0,0,0,0,0,0,0,0
C5120ST,9,141,District-Gautam Buddha Nagar,Urban,90+,0,0,0,0,0,0,0,0,0,0,0,0,0,0,0,0,0,0,0,0,0,0,0,0,0,0,0
C5120ST,9,141,District-Gautam Buddha Nagar,Urban,Age Not Stated,1,1,0,0,0,0,0,0,0,0,0,0,0,0,0,0,0,0,0,0,0,1,1,0,0,0,0
C5120ST,9,142,District-Bulandshahr ,Total,Total,14,9,5,8,5,3,2,1,1,0,0,0,1,1,0,1,1,0,0,0,0,2,1,1,0,0,0
C5120ST,9,142,District-Bulandshahr ,Total,0-4,0,0,0,0,0,0,0,0,0,0,0,0,0,0,0,0,0,0,0,0,0,0,0,0,0,0,0
C5120ST,9,142,District-Bulandshahr ,Total,5-9,0,0,0,0,0,0,0,0,0,0,0,0,0,0,0,0,0,0,0,0,0,0,0,0,0,0,0
C5120ST,9,142,District-Bulandshahr ,Total,10-19,3,3,0,1,1,0,1,1,0,0,0,0,1,1,0,0,0,0,0,0,0,0,0,0,0,0,0
C5120ST,9,142,District-Bulandshahr ,Total,20-29,0,0,0,0,0,0,0,0,0,0,0,0,0,0,0,0,0,0,0,0,0,0,0,0,0,0,0
C5120ST,9,142,District-Bulandshahr ,Total,30-39,3,2,1,1,1,0,0,0,0,0,0,0,0,0,0,0,0,0,0,0,0,2,1,1,0,0,0
C5120ST,9,142,District-Bulandshahr ,Total,40-49,2,1,1,0,0,0,1,0,1,0,0,0,0,0,0,1,1,0,0,0,0,0,0,0,0,0,0
C5120ST,9,142,District-Bulandshahr ,Total,50-59,1,0,1,1,0,1,0,0,0,0,0,0,0,0,0,0,0,0,0,0,0,0,0,0,0,0,0
C5120ST,9,142,District-Bulandshahr ,Total,60-69,3,3,0,3,3,0,0,0,0,0,0,0,0,0,0,0,0,0,0,0,0,0,0,0,0,0,0
C5120ST,9,142,District-Bulandshahr ,Total,70-79,1,0,1,1,0,1,0,0,0,0,0,0,0,0,0,0,0,0,0,0,0,0,0,0,0,0,0
C5120ST,9,142,District-Bulandshahr ,Total,80-89,1,0,1,1,0,1,0,0,0,0,0,0,0,0,0,0,0,0,0,0,0,0,0,0,0,0,0
C5120ST,9,142,District-Bulandshahr ,Total,90+,0,0,0,0,0,0,0,0,0,0,0,0,0,0,0,0,0,0,0,0,0,0,0,0,0,0,0
C5120ST,9,142,District-Bulandshahr ,Total,Age Not Stated,0,0,0,0,0,0,0,0,0,0,0,0,0,0,0,0,0,0,0,0,0,0,0,0,0,0,0
C5120ST,9,142,District-Bulandshahr ,Rural,Total,0,0,0,0,0,0,0,0,0,0,0,0,0,0,0,0,0,0,0,0,0,0,0,0,0,0,0
C5120ST,9,142,District-Bulandshahr ,Rural,0-4,0,0,0,0,0,0,0,0,0,0,0,0,0,0,0,0,0,0,0,0,0,0,0,0,0,0,0
C5120ST,9,142,District-Bulandshahr ,Rural,5-9,0,0,0,0,0,0,0,0,0,0,0,0,0,0,0,0,0,0,0,0,0,0,0,0,0,0,0
C5120ST,9,142,District-Bulandshahr ,Rural,10-19,0,0,0,0,0,0,0,0,0,0,0,0,0,0,0,0,0,0,0,0,0,0,0,0,0,0,0
C5120ST,9,142,District-Bulandshahr ,Rural,20-29,0,0,0,0,0,0,0,0,0,0,0,0,0,0,0,0,0,0,0,0,0,0,0,0,0,0,0
C5120ST,9,142,District-Bulandshahr ,Rural,30-39,0,0,0,0,0,0,0,0,0,0,0,0,0,0,0,0,0,0,0,0,0,0,0,0,0,0,0
C5120ST,9,142,District-Bulandshahr ,Rural,40-49,0,0,0,0,0,0,0,0,0,0,0,0,0,0,0,0,0,0,0,0,0,0,0,0,0,0,0
C5120ST,9,142,District-Bulandshahr ,Rural,50-59,0,0,0,0,0,0,0,0,0,0,0,0,0,0,0,0,0,0,0,0,0,0,0,0,0,0,0
C5120ST,9,142,District-Bulandshahr ,Rural,60-69,0,0,0,0,0,0,0,0,0,0,0,0,0,0,0,0,0,0,0,0,0,0,0,0,0,0,0
C5120ST,9,142,District-Bulandshahr ,Rural,70-79,0,0,0,0,0,0,0,0,0,0,0,0,0,0,0,0,0,0,0,0,0,0,0,0,0,0,0
C5120ST,9,142,District-Bulandshahr ,Rural,80-89,0,0,0,0,0,0,0,0,0,0,0,0,0,0,0,0,0,0,0,0,0,0,0,0,0,0,0
C5120ST,9,142,District-Bulandshahr ,Rural,90+,0,0,0,0,0,0,0,0,0,0,0,0,0,0,0,0,0,0,0,0,0,0,0,0,0,0,0
C5120ST,9,142,District-Bulandshahr ,Rural,Age Not Stated,0,0,0,0,0,0,0,0,0,0,0,0,0,0,0,0,0,0,0,0,0,0,0,0,0,0,0
C5120ST,9,142,District-Bulandshahr ,Urban,Total,14,9,5,8,5,3,2,1,1,0,0,0,1,1,0,1,1,0,0,0,0,2,1,1,0,0,0
C5120ST,9,142,District-Bulandshahr ,Urban,0-4,0,0,0,0,0,0,0,0,0,0,0,0,0,0,0,0,0,0,0,0,0,0,0,0,0,0,0
C5120ST,9,142,District-Bulandshahr ,Urban,5-9,0,0,0,0,0,0,0,0,0,0,0,0,0,0,0,0,0,0,0,0,0,0,0,0,0,0,0
C5120ST,9,142,District-Bulandshahr ,Urban,10-19,3,3,0,1,1,0,1,1,0,0,0,0,1,1,0,0,0,0,0,0,0,0,0,0,0,0,0
C5120ST,9,142,District-Bulandshahr ,Urban,20-29,0,0,0,0,0,0,0,0,0,0,0,0,0,0,0,0,0,0,0,0,0,0,0,0,0,0,0
C5120ST,9,142,District-Bulandshahr ,Urban,30-39,3,2,1,1,1,0,0,0,0,0,0,0,0,0,0,0,0,0,0,0,0,2,1,1,0,0,0
C5120ST,9,142,District-Bulandshahr ,Urban,40-49,2,1,1,0,0,0,1,0,1,0,0,0,0,0,0,1,1,0,0,0,0,0,0,0,0,0,0
C5120ST,9,142,District-Bulandshahr ,Urban,50-59,1,0,1,1,0,1,0,0,0,0,0,0,0,0,0,0,0,0,0,0,0,0,0,0,0,0,0
C5120ST,9,142,District-Bulandshahr ,Urban,60-69,3,3,0,3,3,0,0,0,0,0,0,0,0,0,0,0,0,0,0,0,0,0,0,0,0,0,0
C5120ST,9,142,District-Bulandshahr ,Urban,70-79,1,0,1,1,0,1,0,0,0,0,0,0,0,0,0,0,0,0,0,0,0,0,0,0,0,0,0
C5120ST,9,142,District-Bulandshahr ,Urban,80-89,1,0,1,1,0,1,0,0,0,0,0,0,0,0,0,0,0,0,0,0,0,0,0,0,0,0,0
C5120ST,9,142,District-Bulandshahr ,Urban,90+,0,0,0,0,0,0,0,0,0,0,0,0,0,0,0,0,0,0,0,0,0,0,0,0,0,0,0
C5120ST,9,142,District-Bulandshahr ,Urban,Age Not Stated,0,0,0,0,0,0,0,0,0,0,0,0,0,0,0,0,0,0,0,0,0,0,0,0,0,0,0
C5120ST,9,143,District-Aligarh,Total,Total,29,17,12,12,6,6,6,4,2,0,0,0,5,4,1,2,2,0,0,0,0,4,1,3,0,0,0
C5120ST,9,143,District-Aligarh,Total,0-4,4,2,2,2,1,1,2,1,1,0,0,0,0,0,0,0,0,0,0,0,0,0,0,0,0,0,0
C5120ST,9,143,District-Aligarh,Total,5-9,2,0,2,1,0,1,0,0,0,0,0,0,1,0,1,0,0,0,0,0,0,0,0,0,0,0,0
C5120ST,9,143,District-Aligarh,Total,10-19,3,3,0,1,1,0,0,0,0,0,0,0,0,0,0,1,1,0,0,0,0,1,1,0,0,0,0
C5120ST,9,143,District-Aligarh,Total,20-29,2,2,0,0,0,0,0,0,0,0,0,0,1,1,0,1,1,0,0,0,0,0,0,0,0,0,0
C5120ST,9,143,District-Aligarh,Total,30-39,5,3,2,1,0,1,3,3,0,0,0,0,0,0,0,0,0,0,0,0,0,1,0,1,0,0,0
C5120ST,9,143,District-Aligarh,Total,40-49,4,2,2,3,2,1,0,0,0,0,0,0,0,0,0,0,0,0,0,0,0,1,0,1,0,0,0
C5120ST,9,143,District-Aligarh,Total,50-59,4,1,3,3,1,2,0,0,0,0,0,0,0,0,0,0,0,0,0,0,0,1,0,1,0,0,0
C5120ST,9,143,District-Aligarh,Total,60-69,3,3,0,1,1,0,0,0,0,0,0,0,2,2,0,0,0,0,0,0,0,0,0,0,0,0,0
C5120ST,9,143,District-Aligarh,Total,70-79,1,1,0,0,0,0,0,0,0,0,0,0,1,1,0,0,0,0,0,0,0,0,0,0,0,0,0
C5120ST,9,143,District-Aligarh,Total,80-89,0,0,0,0,0,0,0,0,0,0,0,0,0,0,0,0,0,0,0,0,0,0,0,0,0,0,0
C5120ST,9,143,District-Aligarh,Total,90+,1,0,1,0,0,0,1,0,1,0,0,0,0,0,0,0,0,0,0,0,0,0,0,0,0,0,0
C5120ST,9,143,District-Aligarh,Total,Age Not Stated,0,0,0,0,0,0,0,0,0,0,0,0,0,0,0,0,0,0,0,0,0,0,0,0,0,0,0
C5120ST,9,143,District-Aligarh,Rural,Total,11,6,5,6,2,4,3,2,1,0,0,0,1,1,0,1,1,0,0,0,0,0,0,0,0,0,0
C5120ST,9,143,District-Aligarh,Rural,0-4,3,2,1,1,1,0,2,1,1,0,0,0,0,0,0,0,0,0,0,0,0,0,0,0,0,0,0
C5120ST,9,143,District-Aligarh,Rural,5-9,1,0,1,1,0,1,0,0,0,0,0,0,0,0,0,0,0,0,0,0,0,0,0,0,0,0,0
C5120ST,9,143,District-Aligarh,Rural,10-19,2,2,0,1,1,0,0,0,0,0,0,0,0,0,0,1,1,0,0,0,0,0,0,0,0,0,0
C5120ST,9,143,District-Aligarh,Rural,20-29,0,0,0,0,0,0,0,0,0,0,0,0,0,0,0,0,0,0,0,0,0,0,0,0,0,0,0
C5120ST,9,143,District-Aligarh,Rural,30-39,2,1,1,1,0,1,1,1,0,0,0,0,0,0,0,0,0,0,0,0,0,0,0,0,0,0,0
C5120ST,9,143,District-Aligarh,Rural,40-49,1,0,1,1,0,1,0,0,0,0,0,0,0,0,0,0,0,0,0,0,0,0,0,0,0,0,0
C5120ST,9,143,District-Aligarh,Rural,50-59,1,0,1,1,0,1,0,0,0,0,0,0,0,0,0,0,0,0,0,0,0,0,0,0,0,0,0
C5120ST,9,143,District-Aligarh,Rural,60-69,1,1,0,0,0,0,0,0,0,0,0,0,1,1,0,0,0,0,0,0,0,0,0,0,0,0,0
C5120ST,9,143,District-Aligarh,Rural,70-79,0,0,0,0,0,0,0,0,0,0,0,0,0,0,0,0,0,0,0,0,0,0,0,0,0,0,0
C5120ST,9,143,District-Aligarh,Rural,80-89,0,0,0,0,0,0,0,0,0,0,0,0,0,0,0,0,0,0,0,0,0,0,0,0,0,0,0
C5120ST,9,143,District-Aligarh,Rural,90+,0,0,0,0,0,0,0,0,0,0,0,0,0,0,0,0,0,0,0,0,0,0,0,0,0,0,0
C5120ST,9,143,District-Aligarh,Rural,Age Not Stated,0,0,0,0,0,0,0,0,0,0,0,0,0,0,0,0,0,0,0,0,0,0,0,0,0,0,0
C5120ST,9,143,District-Aligarh,Urban,Total,18,11,7,6,4,2,3,2,1,0,0,0,4,3,1,1,1,0,0,0,0,4,1,3,0,0,0
C5120ST,9,143,District-Aligarh,Urban,0-4,1,0,1,1,0,1,0,0,0,0,0,0,0,0,0,0,0,0,0,0,0,0,0,0,0,0,0
C5120ST,9,143,District-Aligarh,Urban,5-9,1,0,1,0,0,0,0,0,0,0,0,0,1,0,1,0,0,0,0,0,0,0,0,0,0,0,0
C5120ST,9,143,District-Aligarh,Urban,10-19,1,1,0,0,0,0,0,0,0,0,0,0,0,0,0,0,0,0,0,0,0,1,1,0,0,0,0
C5120ST,9,143,District-Aligarh,Urban,20-29,2,2,0,0,0,0,0,0,0,0,0,0,1,1,0,1,1,0,0,0,0,0,0,0,0,0,0
C5120ST,9,143,District-Aligarh,Urban,30-39,3,2,1,0,0,0,2,2,0,0,0,0,0,0,0,0,0,0,0,0,0,1,0,1,0,0,0
C5120ST,9,143,District-Aligarh,Urban,40-49,3,2,1,2,2,0,0,0,0,0,0,0,0,0,0,0,0,0,0,0,0,1,0,1,0,0,0
C5120ST,9,143,District-Aligarh,Urban,50-59,3,1,2,2,1,1,0,0,0,0,0,0,0,0,0,0,0,0,0,0,0,1,0,1,0,0,0
C5120ST,9,143,District-Aligarh,Urban,60-69,2,2,0,1,1,0,0,0,0,0,0,0,1,1,0,0,0,0,0,0,0,0,0,0,0,0,0
C5120ST,9,143,District-Aligarh,Urban,70-79,1,1,0,0,0,0,0,0,0,0,0,0,1,1,0,0,0,0,0,0,0,0,0,0,0,0,0
C5120ST,9,143,District-Aligarh,Urban,80-89,0,0,0,0,0,0,0,0,0,0,0,0,0,0,0,0,0,0,0,0,0,0,0,0,0,0,0
C5120ST,9,143,District-Aligarh,Urban,90+,1,0,1,0,0,0,1,0,1,0,0,0,0,0,0,0,0,0,0,0,0,0,0,0,0,0,0
C5120ST,9,143,District-Aligarh,Urban,Age Not Stated,0,0,0,0,0,0,0,0,0,0,0,0,0,0,0,0,0,0,0,0,0,0,0,0,0,0,0
C5120ST,9,144,District-Mahamaya Nagar,Total,Total,1,1,0,0,0,0,0,0,0,0,0,0,1,1,0,0,0,0,0,0,0,0,0,0,0,0,0
C5120ST,9,144,District-Mahamaya Nagar,Total,0-4,0,0,0,0,0,0,0,0,0,0,0,0,0,0,0,0,0,0,0,0,0,0,0,0,0,0,0
C5120ST,9,144,District-Mahamaya Nagar,Total,5-9,0,0,0,0,0,0,0,0,0,0,0,0,0,0,0,0,0,0,0,0,0,0,0,0,0,0,0
C5120ST,9,144,District-Mahamaya Nagar,Total,10-19,1,1,0,0,0,0,0,0,0,0,0,0,1,1,0,0,0,0,0,0,0,0,0,0,0,0,0
C5120ST,9,144,District-Mahamaya Nagar,Total,20-29,0,0,0,0,0,0,0,0,0,0,0,0,0,0,0,0,0,0,0,0,0,0,0,0,0,0,0
C5120ST,9,144,District-Mahamaya Nagar,Total,30-39,0,0,0,0,0,0,0,0,0,0,0,0,0,0,0,0,0,0,0,0,0,0,0,0,0,0,0
C5120ST,9,144,District-Mahamaya Nagar,Total,40-49,0,0,0,0,0,0,0,0,0,0,0,0,0,0,0,0,0,0,0,0,0,0,0,0,0,0,0
C5120ST,9,144,District-Mahamaya Nagar,Total,50-59,0,0,0,0,0,0,0,0,0,0,0,0,0,0,0,0,0,0,0,0,0,0,0,0,0,0,0
C5120ST,9,144,District-Mahamaya Nagar,Total,60-69,0,0,0,0,0,0,0,0,0,0,0,0,0,0,0,0,0,0,0,0,0,0,0,0,0,0,0
C5120ST,9,144,District-Mahamaya Nagar,Total,70-79,0,0,0,0,0,0,0,0,0,0,0,0,0,0,0,0,0,0,0,0,0,0,0,0,0,0,0
C5120ST,9,144,District-Mahamaya Nagar,Total,80-89,0,0,0,0,0,0,0,0,0,0,0,0,0,0,0,0,0,0,0,0,0,0,0,0,0,0,0
C5120ST,9,144,District-Mahamaya Nagar,Total,90+,0,0,0,0,0,0,0,0,0,0,0,0,0,0,0,0,0,0,0,0,0,0,0,0,0,0,0
C5120ST,9,144,District-Mahamaya Nagar,Total,Age Not Stated,0,0,0,0,0,0,0,0,0,0,0,0,0,0,0,0,0,0,0,0,0,0,0,0,0,0,0
C5120ST,9,144,District-Mahamaya Nagar,Rural,Total,1,1,0,0,0,0,0,0,0,0,0,0,1,1,0,0,0,0,0,0,0,0,0,0,0,0,0
C5120ST,9,144,District-Mahamaya Nagar,Rural,0-4,0,0,0,0,0,0,0,0,0,0,0,0,0,0,0,0,0,0,0,0,0,0,0,0,0,0,0
C5120ST,9,144,District-Mahamaya Nagar,Rural,5-9,0,0,0,0,0,0,0,0,0,0,0,0,0,0,0,0,0,0,0,0,0,0,0,0,0,0,0
C5120ST,9,144,District-Mahamaya Nagar,Rural,10-19,1,1,0,0,0,0,0,0,0,0,0,0,1,1,0,0,0,0,0,0,0,0,0,0,0,0,0
C5120ST,9,144,District-Mahamaya Nagar,Rural,20-29,0,0,0,0,0,0,0,0,0,0,0,0,0,0,0,0,0,0,0,0,0,0,0,0,0,0,0
C5120ST,9,144,District-Mahamaya Nagar,Rural,30-39,0,0,0,0,0,0,0,0,0,0,0,0,0,0,0,0,0,0,0,0,0,0,0,0,0,0,0
C5120ST,9,144,District-Mahamaya Nagar,Rural,40-49,0,0,0,0,0,0,0,0,0,0,0,0,0,0,0,0,0,0,0,0,0,0,0,0,0,0,0
C5120ST,9,144,District-Mahamaya Nagar,Rural,50-59,0,0,0,0,0,0,0,0,0,0,0,0,0,0,0,0,0,0,0,0,0,0,0,0,0,0,0
C5120ST,9,144,District-Mahamaya Nagar,Rural,60-69,0,0,0,0,0,0,0,0,0,0,0,0,0,0,0,0,0,0,0,0,0,0,0,0,0,0,0
C5120ST,9,144,District-Mahamaya Nagar,Rural,70-79,0,0,0,0,0,0,0,0,0,0,0,0,0,0,0,0,0,0,0,0,0,0,0,0,0,0,0
C5120ST,9,144,District-Mahamaya Nagar,Rural,80-89,0,0,0,0,0,0,0,0,0,0,0,0,0,0,0,0,0,0,0,0,0,0,0,0,0,0,0
C5120ST,9,144,District-Mahamaya Nagar,Rural,90+,0,0,0,0,0,0,0,0,0,0,0,0,0,0,0,0,0,0,0,0,0,0,0,0,0,0,0
C5120ST,9,144,District-Mahamaya Nagar,Rural,Age Not Stated,0,0,0,0,0,0,0,0,0,0,0,0,0,0,0,0,0,0,0,0,0,0,0,0,0,0,0
C5120ST,9,144,District-Mahamaya Nagar,Urban,Total,0,0,0,0,0,0,0,0,0,0,0,0,0,0,0,0,0,0,0,0,0,0,0,0,0,0,0
C5120ST,9,144,District-Mahamaya Nagar,Urban,0-4,0,0,0,0,0,0,0,0,0,0,0,0,0,0,0,0,0,0,0,0,0,0,0,0,0,0,0
C5120ST,9,144,District-Mahamaya Nagar,Urban,5-9,0,0,0,0,0,0,0,0,0,0,0,0,0,0,0,0,0,0,0,0,0,0,0,0,0,0,0
C5120ST,9,144,District-Mahamaya Nagar,Urban,10-19,0,0,0,0,0,0,0,0,0,0,0,0,0,0,0,0,0,0,0,0,0,0,0,0,0,0,0
C5120ST,9,144,District-Mahamaya Nagar,Urban,20-29,0,0,0,0,0,0,0,0,0,0,0,0,0,0,0,0,0,0,0,0,0,0,0,0,0,0,0
C5120ST,9,144,District-Mahamaya Nagar,Urban,30-39,0,0,0,0,0,0,0,0,0,0,0,0,0,0,0,0,0,0,0,0,0,0,0,0,0,0,0
C5120ST,9,144,District-Mahamaya Nagar,Urban,40-49,0,0,0,0,0,0,0,0,0,0,0,0,0,0,0,0,0,0,0,0,0,0,0,0,0,0,0
C5120ST,9,144,District-Mahamaya Nagar,Urban,50-59,0,0,0,0,0,0,0,0,0,0,0,0,0,0,0,0,0,0,0,0,0,0,0,0,0,0,0
C5120ST,9,144,District-Mahamaya Nagar,Urban,60-69,0,0,0,0,0,0,0,0,0,0,0,0,0,0,0,0,0,0,0,0,0,0,0,0,0,0,0
C5120ST,9,144,District-Mahamaya Nagar,Urban,70-79,0,0,0,0,0,0,0,0,0,0,0,0,0,0,0,0,0,0,0,0,0,0,0,0,0,0,0
C5120ST,9,144,District-Mahamaya Nagar,Urban,80-89,0,0,0,0,0,0,0,0,0,0,0,0,0,0,0,0,0,0,0,0,0,0,0,0,0,0,0
C5120ST,9,144,District-Mahamaya Nagar,Urban,90+,0,0,0,0,0,0,0,0,0,0,0,0,0,0,0,0,0,0,0,0,0,0,0,0,0,0,0
C5120ST,9,144,District-Mahamaya Nagar,Urban,Age Not Stated,0,0,0,0,0,0,0,0,0,0,0,0,0,0,0,0,0,0,0,0,0,0,0,0,0,0,0
C5120ST,9,145,District-Mathura,Total,Total,30,21,9,9,5,4,4,2,2,1,0,1,6,5,1,2,2,0,2,2,0,6,5,1,0,0,0
C5120ST,9,145,District-Mathura,Total,0-4,2,0,2,2,0,2,0,0,0,0,0,0,0,0,0,0,0,0,0,0,0,0,0,0,0,0,0
C5120ST,9,145,District-Mathura,Total,5-9,1,0,1,0,0,0,1,0,1,0,0,0,0,0,0,0,0,0,0,0,0,0,0,0,0,0,0
C5120ST,9,145,District-Mathura,Total,10-19,9,9,0,3,3,0,0,0,0,0,0,0,1,1,0,1,1,0,0,0,0,4,4,0,0,0,0
C5120ST,9,145,District-Mathura,Total,20-29,8,4,4,3,1,2,0,0,0,0,0,0,3,2,1,0,0,0,1,1,0,1,0,1,0,0,0
C5120ST,9,145,District-Mathura,Total,30-39,4,4,0,0,0,0,1,1,0,0,0,0,0,0,0,1,1,0,1,1,0,1,1,0,0,0,0
C5120ST,9,145,District-Mathura,Total,40-49,1,0,1,0,0,0,0,0,0,1,0,1,0,0,0,0,0,0,0,0,0,0,0,0,0,0,0
C5120ST,9,145,District-Mathura,Total,50-59,1,1,0,1,1,0,0,0,0,0,0,0,0,0,0,0,0,0,0,0,0,0,0,0,0,0,0
C5120ST,9,145,District-Mathura,Total,60-69,3,2,1,0,0,0,2,1,1,0,0,0,1,1,0,0,0,0,0,0,0,0,0,0,0,0,0
C5120ST,9,145,District-Mathura,Total,70-79,0,0,0,0,0,0,0,0,0,0,0,0,0,0,0,0,0,0,0,0,0,0,0,0,0,0,0
C5120ST,9,145,District-Mathura,Total,80-89,0,0,0,0,0,0,0,0,0,0,0,0,0,0,0,0,0,0,0,0,0,0,0,0,0,0,0
C5120ST,9,145,District-Mathura,Total,90+,0,0,0,0,0,0,0,0,0,0,0,0,0,0,0,0,0,0,0,0,0,0,0,0,0,0,0
C5120ST,9,145,District-Mathura,Total,Age Not Stated,1,1,0,0,0,0,0,0,0,0,0,0,1,1,0,0,0,0,0,0,0,0,0,0,0,0,0
C5120ST,9,145,District-Mathura,Rural,Total,6,4,2,0,0,0,1,0,1,1,0,1,3,3,0,0,0,0,1,1,0,0,0,0,0,0,0
C5120ST,9,145,District-Mathura,Rural,0-4,0,0,0,0,0,0,0,0,0,0,0,0,0,0,0,0,0,0,0,0,0,0,0,0,0,0,0
C5120ST,9,145,District-Mathura,Rural,5-9,1,0,1,0,0,0,1,0,1,0,0,0,0,0,0,0,0,0,0,0,0,0,0,0,0,0,0
C5120ST,9,145,District-Mathura,Rural,10-19,1,1,0,0,0,0,0,0,0,0,0,0,1,1,0,0,0,0,0,0,0,0,0,0,0,0,0
C5120ST,9,145,District-Mathura,Rural,20-29,1,1,0,0,0,0,0,0,0,0,0,0,0,0,0,0,0,0,1,1,0,0,0,0,0,0,0
C5120ST,9,145,District-Mathura,Rural,30-39,0,0,0,0,0,0,0,0,0,0,0,0,0,0,0,0,0,0,0,0,0,0,0,0,0,0,0
C5120ST,9,145,District-Mathura,Rural,40-49,1,0,1,0,0,0,0,0,0,1,0,1,0,0,0,0,0,0,0,0,0,0,0,0,0,0,0
C5120ST,9,145,District-Mathura,Rural,50-59,0,0,0,0,0,0,0,0,0,0,0,0,0,0,0,0,0,0,0,0,0,0,0,0,0,0,0
C5120ST,9,145,District-Mathura,Rural,60-69,1,1,0,0,0,0,0,0,0,0,0,0,1,1,0,0,0,0,0,0,0,0,0,0,0,0,0
C5120ST,9,145,District-Mathura,Rural,70-79,0,0,0,0,0,0,0,0,0,0,0,0,0,0,0,0,0,0,0,0,0,0,0,0,0,0,0
C5120ST,9,145,District-Mathura,Rural,80-89,0,0,0,0,0,0,0,0,0,0,0,0,0,0,0,0,0,0,0,0,0,0,0,0,0,0,0
C5120ST,9,145,District-Mathura,Rural,90+,0,0,0,0,0,0,0,0,0,0,0,0,0,0,0,0,0,0,0,0,0,0,0,0,0,0,0
C5120ST,9,145,District-Mathura,Rural,Age Not Stated,1,1,0,0,0,0,0,0,0,0,0,0,1,1,0,0,0,0,0,0,0,0,0,0,0,0,0
C5120ST,9,145,District-Mathura,Urban,Total,24,17,7,9,5,4,3,2,1,0,0,0,3,2,1,2,2,0,1,1,0,6,5,1,0,0,0
C5120ST,9,145,District-Mathura,Urban,0-4,2,0,2,2,0,2,0,0,0,0,0,0,0,0,0,0,0,0,0,0,0,0,0,0,0,0,0
C5120ST,9,145,District-Mathura,Urban,5-9,0,0,0,0,0,0,0,0,0,0,0,0,0,0,0,0,0,0,0,0,0,0,0,0,0,0,0
C5120ST,9,145,District-Mathura,Urban,10-19,8,8,0,3,3,0,0,0,0,0,0,0,0,0,0,1,1,0,0,0,0,4,4,0,0,0,0
C5120ST,9,145,District-Mathura,Urban,20-29,7,3,4,3,1,2,0,0,0,0,0,0,3,2,1,0,0,0,0,0,0,1,0,1,0,0,0
C5120ST,9,145,District-Mathura,Urban,30-39,4,4,0,0,0,0,1,1,0,0,0,0,0,0,0,1,1,0,1,1,0,1,1,0,0,0,0
C5120ST,9,145,District-Mathura,Urban,40-49,0,0,0,0,0,0,0,0,0,0,0,0,0,0,0,0,0,0,0,0,0,0,0,0,0,0,0
C5120ST,9,145,District-Mathura,Urban,50-59,1,1,0,1,1,0,0,0,0,0,0,0,0,0,0,0,0,0,0,0,0,0,0,0,0,0,0
C5120ST,9,145,District-Mathura,Urban,60-69,2,1,1,0,0,0,2,1,1,0,0,0,0,0,0,0,0,0,0,0,0,0,0,0,0,0,0
C5120ST,9,145,District-Mathura,Urban,70-79,0,0,0,0,0,0,0,0,0,0,0,0,0,0,0,0,0,0,0,0,0,0,0,0,0,0,0
C5120ST,9,145,District-Mathura,Urban,80-89,0,0,0,0,0,0,0,0,0,0,0,0,0,0,0,0,0,0,0,0,0,0,0,0,0,0,0
C5120ST,9,145,District-Mathura,Urban,90+,0,0,0,0,0,0,0,0,0,0,0,0,0,0,0,0,0,0,0,0,0,0,0,0,0,0,0
C5120ST,9,145,District-Mathura,Urban,Age Not Stated,0,0,0,0,0,0,0,0,0,0,0,0,0,0,0,0,0,0,0,0,0,0,0,0,0,0,0
C5120ST,9,146,District-Agra,Total,Total,184,114,70,49,32,17,47,29,18,4,3,1,25,13,12,7,4,3,1,1,0,45,28,17,6,4,2
C5120ST,9,146,District-Agra,Total,0-4,19,11,8,4,2,2,7,4,3,0,0,0,0,0,0,0,0,0,0,0,0,7,4,3,1,1,0
C5120ST,9,146,District-Agra,Total,5-9,25,13,12,8,8,0,2,0,2,1,1,0,1,0,1,3,1,2,0,0,0,10,3,7,0,0,0
C5120ST,9,146,District-Agra,Total,10-19,34,22,12,7,3,4,8,4,4,1,1,0,7,4,3,1,1,0,0,0,0,9,9,0,1,0,1
C5120ST,9,146,District-Agra,Total,20-29,26,17,9,5,3,2,9,8,1,1,0,1,2,1,1,0,0,0,0,0,0,8,5,3,1,0,1
C5120ST,9,146,District-Agra,Total,30-39,23,18,5,5,4,1,7,5,2,1,1,0,2,2,0,1,1,0,0,0,0,6,4,2,1,1,0
C5120ST,9,146,District-Agra,Total,40-49,17,14,3,10,8,2,4,3,1,0,0,0,1,1,0,1,1,0,0,0,0,1,1,0,0,0,0
C5120ST,9,146,District-Agra,Total,50-59,9,6,3,0,0,0,3,2,1,0,0,0,2,1,1,0,0,0,1,1,0,3,2,1,0,0,0
C5120ST,9,146,District-Agra,Total,60-69,14,7,7,4,1,3,5,3,2,0,0,0,3,1,2,0,0,0,0,0,0,0,0,0,2,2,0
C5120ST,9,146,District-Agra,Total,70-79,12,5,7,4,2,2,0,0,0,0,0,0,7,3,4,0,0,0,0,0,0,1,0,1,0,0,0
C5120ST,9,146,District-Agra,Total,80-89,0,0,0,0,0,0,0,0,0,0,0,0,0,0,0,0,0,0,0,0,0,0,0,0,0,0,0
C5120ST,9,146,District-Agra,Total,90+,3,1,2,2,1,1,1,0,1,0,0,0,0,0,0,0,0,0,0,0,0,0,0,0,0,0,0
C5120ST,9,146,District-Agra,Total,Age Not Stated,2,0,2,0,0,0,1,0,1,0,0,0,0,0,0,1,0,1,0,0,0,0,0,0,0,0,0
C5120ST,9,146,District-Agra,Rural,Total,38,22,16,7,5,2,16,8,8,2,1,1,7,3,4,1,1,0,0,0,0,5,4,1,0,0,0
C5120ST,9,146,District-Agra,Rural,0-4,3,0,3,0,0,0,3,0,3,0,0,0,0,0,0,0,0,0,0,0,0,0,0,0,0,0,0
C5120ST,9,146,District-Agra,Rural,5-9,4,3,1,1,1,0,0,0,0,0,0,0,1,0,1,1,1,0,0,0,0,1,1,0,0,0,0
C5120ST,9,146,District-Agra,Rural,10-19,8,2,6,1,1,0,4,0,4,0,0,0,2,0,2,0,0,0,0,0,0,1,1,0,0,0,0
C5120ST,9,146,District-Agra,Rural,20-29,13,9,4,2,1,1,7,6,1,1,0,1,0,0,0,0,0,0,0,0,0,3,2,1,0,0,0
C5120ST,9,146,District-Agra,Rural,30-39,2,2,0,0,0,0,0,0,0,1,1,0,1,1,0,0,0,0,0,0,0,0,0,0,0,0,0
C5120ST,9,146,District-Agra,Rural,40-49,4,4,0,2,2,0,1,1,0,0,0,0,1,1,0,0,0,0,0,0,0,0,0,0,0,0,0
C5120ST,9,146,District-Agra,Rural,50-59,1,1,0,0,0,0,1,1,0,0,0,0,0,0,0,0,0,0,0,0,0,0,0,0,0,0,0
C5120ST,9,146,District-Agra,Rural,60-69,0,0,0,0,0,0,0,0,0,0,0,0,0,0,0,0,0,0,0,0,0,0,0,0,0,0,0
C5120ST,9,146,District-Agra,Rural,70-79,3,1,2,1,0,1,0,0,0,0,0,0,2,1,1,0,0,0,0,0,0,0,0,0,0,0,0
C5120ST,9,146,District-Agra,Rural,80-89,0,0,0,0,0,0,0,0,0,0,0,0,0,0,0,0,0,0,0,0,0,0,0,0,0,0,0
C5120ST,9,146,District-Agra,Rural,90+,0,0,0,0,0,0,0,0,0,0,0,0,0,0,0,0,0,0,0,0,0,0,0,0,0,0,0
C5120ST,9,146,District-Agra,Rural,Age Not Stated,0,0,0,0,0,0,0,0,0,0,0,0,0,0,0,0,0,0,0,0,0,0,0,0,0,0,0
C5120ST,9,146,District-Agra,Urban,Total,146,92,54,42,27,15,31,21,10,2,2,0,18,10,8,6,3,3,1,1,0,40,24,16,6,4,2
C5120ST,9,146,District-Agra,Urban,0-4,16,11,5,4,2,2,4,4,0,0,0,0,0,0,0,0,0,0,0,0,0,7,4,3,1,1,0
C5120ST,9,146,District-Agra,Urban,5-9,21,10,11,7,7,0,2,0,2,1,1,0,0,0,0,2,0,2,0,0,0,9,2,7,0,0,0
C5120ST,9,146,District-Agra,Urban,10-19,26,20,6,6,2,4,4,4,0,1,1,0,5,4,1,1,1,0,0,0,0,8,8,0,1,0,1
C5120ST,9,146,District-Agra,Urban,20-29,13,8,5,3,2,1,2,2,0,0,0,0,2,1,1,0,0,0,0,0,0,5,3,2,1,0,1
C5120ST,9,146,District-Agra,Urban,30-39,21,16,5,5,4,1,7,5,2,0,0,0,1,1,0,1,1,0,0,0,0,6,4,2,1,1,0
C5120ST,9,146,District-Agra,Urban,40-49,13,10,3,8,6,2,3,2,1,0,0,0,0,0,0,1,1,0,0,0,0,1,1,0,0,0,0
C5120ST,9,146,District-Agra,Urban,50-59,8,5,3,0,0,0,2,1,1,0,0,0,2,1,1,0,0,0,1,1,0,3,2,1,0,0,0
C5120ST,9,146,District-Agra,Urban,60-69,14,7,7,4,1,3,5,3,2,0,0,0,3,1,2,0,0,0,0,0,0,0,0,0,2,2,0
C5120ST,9,146,District-Agra,Urban,70-79,9,4,5,3,2,1,0,0,0,0,0,0,5,2,3,0,0,0,0,0,0,1,0,1,0,0,0
C5120ST,9,146,District-Agra,Urban,80-89,0,0,0,0,0,0,0,0,0,0,0,0,0,0,0,0,0,0,0,0,0,0,0,0,0,0,0
C5120ST,9,146,District-Agra,Urban,90+,3,1,2,2,1,1,1,0,1,0,0,0,0,0,0,0,0,0,0,0,0,0,0,0,0,0,0
C5120ST,9,146,District-Agra,Urban,Age Not Stated,2,0,2,0,0,0,1,0,1,0,0,0,0,0,0,1,0,1,0,0,0,0,0,0,0,0,0
C5120ST,9,147,District-Firozabad,Total,Total,47,24,23,2,2,0,32,14,18,1,0,1,4,3,1,2,1,1,0,0,0,6,4,2,0,0,0
C5120ST,9,147,District-Firozabad,Total,0-4,1,1,0,0,0,0,0,0,0,0,0,0,0,0,0,1,1,0,0,0,0,0,0,0,0,0,0
C5120ST,9,147,District-Firozabad,Total,5-9,6,1,5,0,0,0,5,1,4,0,0,0,0,0,0,1,0,1,0,0,0,0,0,0,0,0,0
C5120ST,9,147,District-Firozabad,Total,10-19,10,4,6,0,0,0,7,2,5,1,0,1,2,2,0,0,0,0,0,0,0,0,0,0,0,0,0
C5120ST,9,147,District-Firozabad,Total,20-29,6,4,2,0,0,0,4,2,2,0,0,0,1,1,0,0,0,0,0,0,0,1,1,0,0,0,0
C5120ST,9,147,District-Firozabad,Total,30-39,10,6,4,1,1,0,9,5,4,0,0,0,0,0,0,0,0,0,0,0,0,0,0,0,0,0,0
C5120ST,9,147,District-Firozabad,Total,40-49,2,2,0,0,0,0,1,1,0,0,0,0,0,0,0,0,0,0,0,0,0,1,1,0,0,0,0
C5120ST,9,147,District-Firozabad,Total,50-59,6,4,2,1,1,0,2,1,1,0,0,0,0,0,0,0,0,0,0,0,0,3,2,1,0,0,0
C5120ST,9,147,District-Firozabad,Total,60-69,1,0,1,0,0,0,1,0,1,0,0,0,0,0,0,0,0,0,0,0,0,0,0,0,0,0,0
C5120ST,9,147,District-Firozabad,Total,70-79,1,1,0,0,0,0,1,1,0,0,0,0,0,0,0,0,0,0,0,0,0,0,0,0,0,0,0
C5120ST,9,147,District-Firozabad,Total,80-89,1,0,1,0,0,0,0,0,0,0,0,0,0,0,0,0,0,0,0,0,0,1,0,1,0,0,0
C5120ST,9,147,District-Firozabad,Total,90+,0,0,0,0,0,0,0,0,0,0,0,0,0,0,0,0,0,0,0,0,0,0,0,0,0,0,0
C5120ST,9,147,District-Firozabad,Total,Age Not Stated,3,1,2,0,0,0,2,1,1,0,0,0,1,0,1,0,0,0,0,0,0,0,0,0,0,0,0
C5120ST,9,147,District-Firozabad,Rural,Total,3,1,2,0,0,0,0,0,0,0,0,0,1,1,0,1,0,1,0,0,0,1,0,1,0,0,0
C5120ST,9,147,District-Firozabad,Rural,0-4,0,0,0,0,0,0,0,0,0,0,0,0,0,0,0,0,0,0,0,0,0,0,0,0,0,0,0
C5120ST,9,147,District-Firozabad,Rural,5-9,1,0,1,0,0,0,0,0,0,0,0,0,0,0,0,1,0,1,0,0,0,0,0,0,0,0,0
C5120ST,9,147,District-Firozabad,Rural,10-19,0,0,0,0,0,0,0,0,0,0,0,0,0,0,0,0,0,0,0,0,0,0,0,0,0,0,0
C5120ST,9,147,District-Firozabad,Rural,20-29,1,1,0,0,0,0,0,0,0,0,0,0,1,1,0,0,0,0,0,0,0,0,0,0,0,0,0
C5120ST,9,147,District-Firozabad,Rural,30-39,0,0,0,0,0,0,0,0,0,0,0,0,0,0,0,0,0,0,0,0,0,0,0,0,0,0,0
C5120ST,9,147,District-Firozabad,Rural,40-49,0,0,0,0,0,0,0,0,0,0,0,0,0,0,0,0,0,0,0,0,0,0,0,0,0,0,0
C5120ST,9,147,District-Firozabad,Rural,50-59,0,0,0,0,0,0,0,0,0,0,0,0,0,0,0,0,0,0,0,0,0,0,0,0,0,0,0
C5120ST,9,147,District-Firozabad,Rural,60-69,0,0,0,0,0,0,0,0,0,0,0,0,0,0,0,0,0,0,0,0,0,0,0,0,0,0,0
C5120ST,9,147,District-Firozabad,Rural,70-79,0,0,0,0,0,0,0,0,0,0,0,0,0,0,0,0,0,0,0,0,0,0,0,0,0,0,0
C5120ST,9,147,District-Firozabad,Rural,80-89,1,0,1,0,0,0,0,0,0,0,0,0,0,0,0,0,0,0,0,0,0,1,0,1,0,0,0
C5120ST,9,147,District-Firozabad,Rural,90+,0,0,0,0,0,0,0,0,0,0,0,0,0,0,0,0,0,0,0,0,0,0,0,0,0,0,0
C5120ST,9,147,District-Firozabad,Rural,Age Not Stated,0,0,0,0,0,0,0,0,0,0,0,0,0,0,0,0,0,0,0,0,0,0,0,0,0,0,0
C5120ST,9,147,District-Firozabad,Urban,Total,44,23,21,2,2,0,32,14,18,1,0,1,3,2,1,1,1,0,0,0,0,5,4,1,0,0,0
C5120ST,9,147,District-Firozabad,Urban,0-4,1,1,0,0,0,0,0,0,0,0,0,0,0,0,0,1,1,0,0,0,0,0,0,0,0,0,0
C5120ST,9,147,District-Firozabad,Urban,5-9,5,1,4,0,0,0,5,1,4,0,0,0,0,0,0,0,0,0,0,0,0,0,0,0,0,0,0
C5120ST,9,147,District-Firozabad,Urban,10-19,10,4,6,0,0,0,7,2,5,1,0,1,2,2,0,0,0,0,0,0,0,0,0,0,0,0,0
C5120ST,9,147,District-Firozabad,Urban,20-29,5,3,2,0,0,0,4,2,2,0,0,0,0,0,0,0,0,0,0,0,0,1,1,0,0,0,0
C5120ST,9,147,District-Firozabad,Urban,30-39,10,6,4,1,1,0,9,5,4,0,0,0,0,0,0,0,0,0,0,0,0,0,0,0,0,0,0
C5120ST,9,147,District-Firozabad,Urban,40-49,2,2,0,0,0,0,1,1,0,0,0,0,0,0,0,0,0,0,0,0,0,1,1,0,0,0,0
C5120ST,9,147,District-Firozabad,Urban,50-59,6,4,2,1,1,0,2,1,1,0,0,0,0,0,0,0,0,0,0,0,0,3,2,1,0,0,0
C5120ST,9,147,District-Firozabad,Urban,60-69,1,0,1,0,0,0,1,0,1,0,0,0,0,0,0,0,0,0,0,0,0,0,0,0,0,0,0
C5120ST,9,147,District-Firozabad,Urban,70-79,1,1,0,0,0,0,1,1,0,0,0,0,0,0,0,0,0,0,0,0,0,0,0,0,0,0,0
C5120ST,9,147,District-Firozabad,Urban,80-89,0,0,0,0,0,0,0,0,0,0,0,0,0,0,0,0,0,0,0,0,0,0,0,0,0,0,0
C5120ST,9,147,District-Firozabad,Urban,90+,0,0,0,0,0,0,0,0,0,0,0,0,0,0,0,0,0,0,0,0,0,0,0,0,0,0,0
C5120ST,9,147,District-Firozabad,Urban,Age Not Stated,3,1,2,0,0,0,2,1,1,0,0,0,1,0,1,0,0,0,0,0,0,0,0,0,0,0,0
C5120ST,9,148,District-Mainpuri,Total,Total,7,4,3,2,1,1,1,1,0,0,0,0,1,1,0,0,0,0,0,0,0,2,1,1,1,0,1
C5120ST,9,148,District-Mainpuri,Total,0-4,0,0,0,0,0,0,0,0,0,0,0,0,0,0,0,0,0,0,0,0,0,0,0,0,0,0,0
C5120ST,9,148,District-Mainpuri,Total,5-9,0,0,0,0,0,0,0,0,0,0,0,0,0,0,0,0,0,0,0,0,0,0,0,0,0,0,0
C5120ST,9,148,District-Mainpuri,Total,10-19,1,0,1,0,0,0,0,0,0,0,0,0,0,0,0,0,0,0,0,0,0,1,0,1,0,0,0
C5120ST,9,148,District-Mainpuri,Total,20-29,0,0,0,0,0,0,0,0,0,0,0,0,0,0,0,0,0,0,0,0,0,0,0,0,0,0,0
C5120ST,9,148,District-Mainpuri,Total,30-39,1,1,0,0,0,0,1,1,0,0,0,0,0,0,0,0,0,0,0,0,0,0,0,0,0,0,0
C5120ST,9,148,District-Mainpuri,Total,40-49,1,1,0,0,0,0,0,0,0,0,0,0,1,1,0,0,0,0,0,0,0,0,0,0,0,0,0
C5120ST,9,148,District-Mainpuri,Total,50-59,2,2,0,1,1,0,0,0,0,0,0,0,0,0,0,0,0,0,0,0,0,1,1,0,0,0,0
C5120ST,9,148,District-Mainpuri,Total,60-69,1,0,1,1,0,1,0,0,0,0,0,0,0,0,0,0,0,0,0,0,0,0,0,0,0,0,0
C5120ST,9,148,District-Mainpuri,Total,70-79,1,0,1,0,0,0,0,0,0,0,0,0,0,0,0,0,0,0,0,0,0,0,0,0,1,0,1
C5120ST,9,148,District-Mainpuri,Total,80-89,0,0,0,0,0,0,0,0,0,0,0,0,0,0,0,0,0,0,0,0,0,0,0,0,0,0,0
C5120ST,9,148,District-Mainpuri,Total,90+,0,0,0,0,0,0,0,0,0,0,0,0,0,0,0,0,0,0,0,0,0,0,0,0,0,0,0
C5120ST,9,148,District-Mainpuri,Total,Age Not Stated,0,0,0,0,0,0,0,0,0,0,0,0,0,0,0,0,0,0,0,0,0,0,0,0,0,0,0
C5120ST,9,148,District-Mainpuri,Rural,Total,7,4,3,2,1,1,1,1,0,0,0,0,1,1,0,0,0,0,0,0,0,2,1,1,1,0,1
C5120ST,9,148,District-Mainpuri,Rural,0-4,0,0,0,0,0,0,0,0,0,0,0,0,0,0,0,0,0,0,0,0,0,0,0,0,0,0,0
C5120ST,9,148,District-Mainpuri,Rural,5-9,0,0,0,0,0,0,0,0,0,0,0,0,0,0,0,0,0,0,0,0,0,0,0,0,0,0,0
C5120ST,9,148,District-Mainpuri,Rural,10-19,1,0,1,0,0,0,0,0,0,0,0,0,0,0,0,0,0,0,0,0,0,1,0,1,0,0,0
C5120ST,9,148,District-Mainpuri,Rural,20-29,0,0,0,0,0,0,0,0,0,0,0,0,0,0,0,0,0,0,0,0,0,0,0,0,0,0,0
C5120ST,9,148,District-Mainpuri,Rural,30-39,1,1,0,0,0,0,1,1,0,0,0,0,0,0,0,0,0,0,0,0,0,0,0,0,0,0,0
C5120ST,9,148,District-Mainpuri,Rural,40-49,1,1,0,0,0,0,0,0,0,0,0,0,1,1,0,0,0,0,0,0,0,0,0,0,0,0,0
C5120ST,9,148,District-Mainpuri,Rural,50-59,2,2,0,1,1,0,0,0,0,0,0,0,0,0,0,0,0,0,0,0,0,1,1,0,0,0,0
C5120ST,9,148,District-Mainpuri,Rural,60-69,1,0,1,1,0,1,0,0,0,0,0,0,0,0,0,0,0,0,0,0,0,0,0,0,0,0,0
C5120ST,9,148,District-Mainpuri,Rural,70-79,1,0,1,0,0,0,0,0,0,0,0,0,0,0,0,0,0,0,0,0,0,0,0,0,1,0,1
C5120ST,9,148,District-Mainpuri,Rural,80-89,0,0,0,0,0,0,0,0,0,0,0,0,0,0,0,0,0,0,0,0,0,0,0,0,0,0,0
C5120ST,9,148,District-Mainpuri,Rural,90+,0,0,0,0,0,0,0,0,0,0,0,0,0,0,0,0,0,0,0,0,0,0,0,0,0,0,0
C5120ST,9,148,District-Mainpuri,Rural,Age Not Stated,0,0,0,0,0,0,0,0,0,0,0,0,0,0,0,0,0,0,0,0,0,0,0,0,0,0,0
C5120ST,9,148,District-Mainpuri,Urban,Total,0,0,0,0,0,0,0,0,0,0,0,0,0,0,0,0,0,0,0,0,0,0,0,0,0,0,0
C5120ST,9,148,District-Mainpuri,Urban,0-4,0,0,0,0,0,0,0,0,0,0,0,0,0,0,0,0,0,0,0,0,0,0,0,0,0,0,0
C5120ST,9,148,District-Mainpuri,Urban,5-9,0,0,0,0,0,0,0,0,0,0,0,0,0,0,0,0,0,0,0,0,0,0,0,0,0,0,0
C5120ST,9,148,District-Mainpuri,Urban,10-19,0,0,0,0,0,0,0,0,0,0,0,0,0,0,0,0,0,0,0,0,0,0,0,0,0,0,0
C5120ST,9,148,District-Mainpuri,Urban,20-29,0,0,0,0,0,0,0,0,0,0,0,0,0,0,0,0,0,0,0,0,0,0,0,0,0,0,0
C5120ST,9,148,District-Mainpuri,Urban,30-39,0,0,0,0,0,0,0,0,0,0,0,0,0,0,0,0,0,0,0,0,0,0,0,0,0,0,0
C5120ST,9,148,District-Mainpuri,Urban,40-49,0,0,0,0,0,0,0,0,0,0,0,0,0,0,0,0,0,0,0,0,0,0,0,0,0,0,0
C5120ST,9,148,District-Mainpuri,Urban,50-59,0,0,0,0,0,0,0,0,0,0,0,0,0,0,0,0,0,0,0,0,0,0,0,0,0,0,0
C5120ST,9,148,District-Mainpuri,Urban,60-69,0,0,0,0,0,0,0,0,0,0,0,0,0,0,0,0,0,0,0,0,0,0,0,0,0,0,0
C5120ST,9,148,District-Mainpuri,Urban,70-79,0,0,0,0,0,0,0,0,0,0,0,0,0,0,0,0,0,0,0,0,0,0,0,0,0,0,0
C5120ST,9,148,District-Mainpuri,Urban,80-89,0,0,0,0,0,0,0,0,0,0,0,0,0,0,0,0,0,0,0,0,0,0,0,0,0,0,0
C5120ST,9,148,District-Mainpuri,Urban,90+,0,0,0,0,0,0,0,0,0,0,0,0,0,0,0,0,0,0,0,0,0,0,0,0,0,0,0
C5120ST,9,148,District-Mainpuri,Urban,Age Not Stated,0,0,0,0,0,0,0,0,0,0,0,0,0,0,0,0,0,0,0,0,0,0,0,0,0,0,0
C5120ST,9,150,District-Bareilly,Total,Total,302,141,161,21,9,12,47,29,18,6,4,2,7,5,2,1,0,1,1,1,0,218,93,125,1,0,1
C5120ST,9,150,District-Bareilly,Total,0-4,21,9,12,0,0,0,2,1,1,0,0,0,0,0,0,0,0,0,0,0,0,19,8,11,0,0,0
C5120ST,9,150,District-Bareilly,Total,5-9,26,13,13,1,0,1,7,3,4,0,0,0,0,0,0,0,0,0,1,1,0,17,9,8,0,0,0
C5120ST,9,150,District-Bareilly,Total,10-19,51,18,33,3,1,2,13,7,6,1,1,0,0,0,0,0,0,0,0,0,0,33,9,24,1,0,1
C5120ST,9,150,District-Bareilly,Total,20-29,62,34,28,2,2,0,6,5,1,1,1,0,1,1,0,0,0,0,0,0,0,52,25,27,0,0,0
C5120ST,9,150,District-Bareilly,Total,30-39,33,16,17,2,0,2,2,1,1,0,0,0,2,2,0,1,0,1,0,0,0,26,13,13,0,0,0
C5120ST,9,150,District-Bareilly,Total,40-49,35,17,18,2,1,1,5,4,1,1,1,0,2,1,1,0,0,0,0,0,0,25,10,15,0,0,0
C5120ST,9,150,District-Bareilly,Total,50-59,30,14,16,3,0,3,7,5,2,2,0,2,1,0,1,0,0,0,0,0,0,17,9,8,0,0,0
C5120ST,9,150,District-Bareilly,Total,60-69,19,7,12,2,2,0,1,1,0,1,1,0,0,0,0,0,0,0,0,0,0,15,3,12,0,0,0
C5120ST,9,150,District-Bareilly,Total,70-79,8,6,2,1,1,0,1,1,0,0,0,0,0,0,0,0,0,0,0,0,0,6,4,2,0,0,0
C5120ST,9,150,District-Bareilly,Total,80-89,3,2,1,2,1,1,0,0,0,0,0,0,1,1,0,0,0,0,0,0,0,0,0,0,0,0,0
C5120ST,9,150,District-Bareilly,Total,90+,5,1,4,2,1,1,0,0,0,0,0,0,0,0,0,0,0,0,0,0,0,3,0,3,0,0,0
C5120ST,9,150,District-Bareilly,Total,Age Not Stated,9,4,5,1,0,1,3,1,2,0,0,0,0,0,0,0,0,0,0,0,0,5,3,2,0,0,0
C5120ST,9,150,District-Bareilly,Rural,Total,7,5,2,1,1,0,2,1,1,0,0,0,1,1,0,0,0,0,1,1,0,2,1,1,0,0,0
C5120ST,9,150,District-Bareilly,Rural,0-4,1,0,1,0,0,0,0,0,0,0,0,0,0,0,0,0,0,0,0,0,0,1,0,1,0,0,0
C5120ST,9,150,District-Bareilly,Rural,5-9,1,1,0,0,0,0,0,0,0,0,0,0,0,0,0,0,0,0,1,1,0,0,0,0,0,0,0
C5120ST,9,150,District-Bareilly,Rural,10-19,2,1,1,0,0,0,2,1,1,0,0,0,0,0,0,0,0,0,0,0,0,0,0,0,0,0,0
C5120ST,9,150,District-Bareilly,Rural,20-29,1,1,0,0,0,0,0,0,0,0,0,0,0,0,0,0,0,0,0,0,0,1,1,0,0,0,0
C5120ST,9,150,District-Bareilly,Rural,30-39,0,0,0,0,0,0,0,0,0,0,0,0,0,0,0,0,0,0,0,0,0,0,0,0,0,0,0
C5120ST,9,150,District-Bareilly,Rural,40-49,1,1,0,0,0,0,0,0,0,0,0,0,1,1,0,0,0,0,0,0,0,0,0,0,0,0,0
C5120ST,9,150,District-Bareilly,Rural,50-59,0,0,0,0,0,0,0,0,0,0,0,0,0,0,0,0,0,0,0,0,0,0,0,0,0,0,0
C5120ST,9,150,District-Bareilly,Rural,60-69,0,0,0,0,0,0,0,0,0,0,0,0,0,0,0,0,0,0,0,0,0,0,0,0,0,0,0
C5120ST,9,150,District-Bareilly,Rural,70-79,1,1,0,1,1,0,0,0,0,0,0,0,0,0,0,0,0,0,0,0,0,0,0,0,0,0,0
C5120ST,9,150,District-Bareilly,Rural,80-89,0,0,0,0,0,0,0,0,0,0,0,0,0,0,0,0,0,0,0,0,0,0,0,0,0,0,0
C5120ST,9,150,District-Bareilly,Rural,90+,0,0,0,0,0,0,0,0,0,0,0,0,0,0,0,0,0,0,0,0,0,0,0,0,0,0,0
C5120ST,9,150,District-Bareilly,Rural,Age Not Stated,0,0,0,0,0,0,0,0,0,0,0,0,0,0,0,0,0,0,0,0,0,0,0,0,0,0,0
C5120ST,9,150,District-Bareilly,Urban,Total,295,136,159,20,8,12,45,28,17,6,4,2,6,4,2,1,0,1,0,0,0,216,92,124,1,0,1
C5120ST,9,150,District-Bareilly,Urban,0-4,20,9,11,0,0,0,2,1,1,0,0,0,0,0,0,0,0,0,0,0,0,18,8,10,0,0,0
C5120ST,9,150,District-Bareilly,Urban,5-9,25,12,13,1,0,1,7,3,4,0,0,0,0,0,0,0,0,0,0,0,0,17,9,8,0,0,0
C5120ST,9,150,District-Bareilly,Urban,10-19,49,17,32,3,1,2,11,6,5,1,1,0,0,0,0,0,0,0,0,0,0,33,9,24,1,0,1
C5120ST,9,150,District-Bareilly,Urban,20-29,61,33,28,2,2,0,6,5,1,1,1,0,1,1,0,0,0,0,0,0,0,51,24,27,0,0,0
C5120ST,9,150,District-Bareilly,Urban,30-39,33,16,17,2,0,2,2,1,1,0,0,0,2,2,0,1,0,1,0,0,0,26,13,13,0,0,0
C5120ST,9,150,District-Bareilly,Urban,40-49,34,16,18,2,1,1,5,4,1,1,1,0,1,0,1,0,0,0,0,0,0,25,10,15,0,0,0
C5120ST,9,150,District-Bareilly,Urban,50-59,30,14,16,3,0,3,7,5,2,2,0,2,1,0,1,0,0,0,0,0,0,17,9,8,0,0,0
C5120ST,9,150,District-Bareilly,Urban,60-69,19,7,12,2,2,0,1,1,0,1,1,0,0,0,0,0,0,0,0,0,0,15,3,12,0,0,0
C5120ST,9,150,District-Bareilly,Urban,70-79,7,5,2,0,0,0,1,1,0,0,0,0,0,0,0,0,0,0,0,0,0,6,4,2,0,0,0
C5120ST,9,150,District-Bareilly,Urban,80-89,3,2,1,2,1,1,0,0,0,0,0,0,1,1,0,0,0,0,0,0,0,0,0,0,0,0,0
C5120ST,9,150,District-Bareilly,Urban,90+,5,1,4,2,1,1,0,0,0,0,0,0,0,0,0,0,0,0,0,0,0,3,0,3,0,0,0
C5120ST,9,150,District-Bareilly,Urban,Age Not Stated,9,4,5,1,0,1,3,1,2,0,0,0,0,0,0,0,0,0,0,0,0,5,3,2,0,0,0
C5120ST,9,151,District-Pilibhit,Total,Total,66,40,26,8,6,2,10,7,3,6,5,1,9,7,2,0,0,0,1,0,1,32,15,17,0,0,0
C5120ST,9,151,District-Pilibhit,Total,0-4,5,4,1,2,2,0,0,0,0,0,0,0,0,0,0,0,0,0,0,0,0,3,2,1,0,0,0
C5120ST,9,151,District-Pilibhit,Total,5-9,10,5,5,0,0,0,1,1,0,1,1,0,1,1,0,0,0,0,0,0,0,7,2,5,0,0,0
C5120ST,9,151,District-Pilibhit,Total,10-19,21,13,8,1,0,1,2,1,1,4,3,1,4,3,1,0,0,0,1,0,1,9,6,3,0,0,0
C5120ST,9,151,District-Pilibhit,Total,20-29,9,7,2,0,0,0,3,3,0,1,1,0,2,2,0,0,0,0,0,0,0,3,1,2,0,0,0
C5120ST,9,151,District-Pilibhit,Total,30-39,6,4,2,0,0,0,0,0,0,0,0,0,1,1,0,0,0,0,0,0,0,5,3,2,0,0,0
C5120ST,9,151,District-Pilibhit,Total,40-49,4,2,2,1,1,0,2,1,1,0,0,0,1,0,1,0,0,0,0,0,0,0,0,0,0,0,0
C5120ST,9,151,District-Pilibhit,Total,50-59,5,2,3,0,0,0,1,1,0,0,0,0,0,0,0,0,0,0,0,0,0,4,1,3,0,0,0
C5120ST,9,151,District-Pilibhit,Total,60-69,4,1,3,2,1,1,1,0,1,0,0,0,0,0,0,0,0,0,0,0,0,1,0,1,0,0,0
C5120ST,9,151,District-Pilibhit,Total,70-79,1,1,0,1,1,0,0,0,0,0,0,0,0,0,0,0,0,0,0,0,0,0,0,0,0,0,0
C5120ST,9,151,District-Pilibhit,Total,80-89,0,0,0,0,0,0,0,0,0,0,0,0,0,0,0,0,0,0,0,0,0,0,0,0,0,0,0
C5120ST,9,151,District-Pilibhit,Total,90+,0,0,0,0,0,0,0,0,0,0,0,0,0,0,0,0,0,0,0,0,0,0,0,0,0,0,0
C5120ST,9,151,District-Pilibhit,Total,Age Not Stated,1,1,0,1,1,0,0,0,0,0,0,0,0,0,0,0,0,0,0,0,0,0,0,0,0,0,0
C5120ST,9,151,District-Pilibhit,Rural,Total,65,39,26,8,6,2,10,7,3,5,4,1,9,7,2,0,0,0,1,0,1,32,15,17,0,0,0
C5120ST,9,151,District-Pilibhit,Rural,0-4,5,4,1,2,2,0,0,0,0,0,0,0,0,0,0,0,0,0,0,0,0,3,2,1,0,0,0
C5120ST,9,151,District-Pilibhit,Rural,5-9,10,5,5,0,0,0,1,1,0,1,1,0,1,1,0,0,0,0,0,0,0,7,2,5,0,0,0
C5120ST,9,151,District-Pilibhit,Rural,10-19,20,12,8,1,0,1,2,1,1,3,2,1,4,3,1,0,0,0,1,0,1,9,6,3,0,0,0
C5120ST,9,151,District-Pilibhit,Rural,20-29,9,7,2,0,0,0,3,3,0,1,1,0,2,2,0,0,0,0,0,0,0,3,1,2,0,0,0
C5120ST,9,151,District-Pilibhit,Rural,30-39,6,4,2,0,0,0,0,0,0,0,0,0,1,1,0,0,0,0,0,0,0,5,3,2,0,0,0
C5120ST,9,151,District-Pilibhit,Rural,40-49,4,2,2,1,1,0,2,1,1,0,0,0,1,0,1,0,0,0,0,0,0,0,0,0,0,0,0
C5120ST,9,151,District-Pilibhit,Rural,50-59,5,2,3,0,0,0,1,1,0,0,0,0,0,0,0,0,0,0,0,0,0,4,1,3,0,0,0
C5120ST,9,151,District-Pilibhit,Rural,60-69,4,1,3,2,1,1,1,0,1,0,0,0,0,0,0,0,0,0,0,0,0,1,0,1,0,0,0
C5120ST,9,151,District-Pilibhit,Rural,70-79,1,1,0,1,1,0,0,0,0,0,0,0,0,0,0,0,0,0,0,0,0,0,0,0,0,0,0
C5120ST,9,151,District-Pilibhit,Rural,80-89,0,0,0,0,0,0,0,0,0,0,0,0,0,0,0,0,0,0,0,0,0,0,0,0,0,0,0
C5120ST,9,151,District-Pilibhit,Rural,90+,0,0,0,0,0,0,0,0,0,0,0,0,0,0,0,0,0,0,0,0,0,0,0,0,0,0,0
C5120ST,9,151,District-Pilibhit,Rural,Age Not Stated,1,1,0,1,1,0,0,0,0,0,0,0,0,0,0,0,0,0,0,0,0,0,0,0,0,0,0
C5120ST,9,151,District-Pilibhit,Urban,Total,1,1,0,0,0,0,0,0,0,1,1,0,0,0,0,0,0,0,0,0,0,0,0,0,0,0,0
C5120ST,9,151,District-Pilibhit,Urban,0-4,0,0,0,0,0,0,0,0,0,0,0,0,0,0,0,0,0,0,0,0,0,0,0,0,0,0,0
C5120ST,9,151,District-Pilibhit,Urban,5-9,0,0,0,0,0,0,0,0,0,0,0,0,0,0,0,0,0,0,0,0,0,0,0,0,0,0,0
C5120ST,9,151,District-Pilibhit,Urban,10-19,1,1,0,0,0,0,0,0,0,1,1,0,0,0,0,0,0,0,0,0,0,0,0,0,0,0,0
C5120ST,9,151,District-Pilibhit,Urban,20-29,0,0,0,0,0,0,0,0,0,0,0,0,0,0,0,0,0,0,0,0,0,0,0,0,0,0,0
C5120ST,9,151,District-Pilibhit,Urban,30-39,0,0,0,0,0,0,0,0,0,0,0,0,0,0,0,0,0,0,0,0,0,0,0,0,0,0,0
C5120ST,9,151,District-Pilibhit,Urban,40-49,0,0,0,0,0,0,0,0,0,0,0,0,0,0,0,0,0,0,0,0,0,0,0,0,0,0,0
C5120ST,9,151,District-Pilibhit,Urban,50-59,0,0,0,0,0,0,0,0,0,0,0,0,0,0,0,0,0,0,0,0,0,0,0,0,0,0,0
C5120ST,9,151,District-Pilibhit,Urban,60-69,0,0,0,0,0,0,0,0,0,0,0,0,0,0,0,0,0,0,0,0,0,0,0,0,0,0,0
C5120ST,9,151,District-Pilibhit,Urban,70-79,0,0,0,0,0,0,0,0,0,0,0,0,0,0,0,0,0,0,0,0,0,0,0,0,0,0,0
C5120ST,9,151,District-Pilibhit,Urban,80-89,0,0,0,0,0,0,0,0,0,0,0,0,0,0,0,0,0,0,0,0,0,0,0,0,0,0,0
C5120ST,9,151,District-Pilibhit,Urban,90+,0,0,0,0,0,0,0,0,0,0,0,0,0,0,0,0,0,0,0,0,0,0,0,0,0,0,0
C5120ST,9,151,District-Pilibhit,Urban,Age Not Stated,0,0,0,0,0,0,0,0,0,0,0,0,0,0,0,0,0,0,0,0,0,0,0,0,0,0,0
C5120ST,9,152,District-Shahjahanpur,Total,Total,8,4,4,2,2,0,4,1,3,0,0,0,0,0,0,1,1,0,0,0,0,1,0,1,0,0,0
C5120ST,9,152,District-Shahjahanpur,Total,0-4,0,0,0,0,0,0,0,0,0,0,0,0,0,0,0,0,0,0,0,0,0,0,0,0,0,0,0
C5120ST,9,152,District-Shahjahanpur,Total,5-9,0,0,0,0,0,0,0,0,0,0,0,0,0,0,0,0,0,0,0,0,0,0,0,0,0,0,0
C5120ST,9,152,District-Shahjahanpur,Total,10-19,4,2,2,0,0,0,2,1,1,0,0,0,0,0,0,1,1,0,0,0,0,1,0,1,0,0,0
C5120ST,9,152,District-Shahjahanpur,Total,20-29,1,1,0,1,1,0,0,0,0,0,0,0,0,0,0,0,0,0,0,0,0,0,0,0,0,0,0
C5120ST,9,152,District-Shahjahanpur,Total,30-39,2,1,1,1,1,0,1,0,1,0,0,0,0,0,0,0,0,0,0,0,0,0,0,0,0,0,0
C5120ST,9,152,District-Shahjahanpur,Total,40-49,0,0,0,0,0,0,0,0,0,0,0,0,0,0,0,0,0,0,0,0,0,0,0,0,0,0,0
C5120ST,9,152,District-Shahjahanpur,Total,50-59,0,0,0,0,0,0,0,0,0,0,0,0,0,0,0,0,0,0,0,0,0,0,0,0,0,0,0
C5120ST,9,152,District-Shahjahanpur,Total,60-69,0,0,0,0,0,0,0,0,0,0,0,0,0,0,0,0,0,0,0,0,0,0,0,0,0,0,0
C5120ST,9,152,District-Shahjahanpur,Total,70-79,0,0,0,0,0,0,0,0,0,0,0,0,0,0,0,0,0,0,0,0,0,0,0,0,0,0,0
C5120ST,9,152,District-Shahjahanpur,Total,80-89,1,0,1,0,0,0,1,0,1,0,0,0,0,0,0,0,0,0,0,0,0,0,0,0,0,0,0
C5120ST,9,152,District-Shahjahanpur,Total,90+,0,0,0,0,0,0,0,0,0,0,0,0,0,0,0,0,0,0,0,0,0,0,0,0,0,0,0
C5120ST,9,152,District-Shahjahanpur,Total,Age Not Stated,0,0,0,0,0,0,0,0,0,0,0,0,0,0,0,0,0,0,0,0,0,0,0,0,0,0,0
C5120ST,9,152,District-Shahjahanpur,Rural,Total,1,1,0,0,0,0,0,0,0,0,0,0,0,0,0,1,1,0,0,0,0,0,0,0,0,0,0
C5120ST,9,152,District-Shahjahanpur,Rural,0-4,0,0,0,0,0,0,0,0,0,0,0,0,0,0,0,0,0,0,0,0,0,0,0,0,0,0,0
C5120ST,9,152,District-Shahjahanpur,Rural,5-9,0,0,0,0,0,0,0,0,0,0,0,0,0,0,0,0,0,0,0,0,0,0,0,0,0,0,0
C5120ST,9,152,District-Shahjahanpur,Rural,10-19,1,1,0,0,0,0,0,0,0,0,0,0,0,0,0,1,1,0,0,0,0,0,0,0,0,0,0
C5120ST,9,152,District-Shahjahanpur,Rural,20-29,0,0,0,0,0,0,0,0,0,0,0,0,0,0,0,0,0,0,0,0,0,0,0,0,0,0,0
C5120ST,9,152,District-Shahjahanpur,Rural,30-39,0,0,0,0,0,0,0,0,0,0,0,0,0,0,0,0,0,0,0,0,0,0,0,0,0,0,0
C5120ST,9,152,District-Shahjahanpur,Rural,40-49,0,0,0,0,0,0,0,0,0,0,0,0,0,0,0,0,0,0,0,0,0,0,0,0,0,0,0
C5120ST,9,152,District-Shahjahanpur,Rural,50-59,0,0,0,0,0,0,0,0,0,0,0,0,0,0,0,0,0,0,0,0,0,0,0,0,0,0,0
C5120ST,9,152,District-Shahjahanpur,Rural,60-69,0,0,0,0,0,0,0,0,0,0,0,0,0,0,0,0,0,0,0,0,0,0,0,0,0,0,0
C5120ST,9,152,District-Shahjahanpur,Rural,70-79,0,0,0,0,0,0,0,0,0,0,0,0,0,0,0,0,0,0,0,0,0,0,0,0,0,0,0
C5120ST,9,152,District-Shahjahanpur,Rural,80-89,0,0,0,0,0,0,0,0,0,0,0,0,0,0,0,0,0,0,0,0,0,0,0,0,0,0,0
C5120ST,9,152,District-Shahjahanpur,Rural,90+,0,0,0,0,0,0,0,0,0,0,0,0,0,0,0,0,0,0,0,0,0,0,0,0,0,0,0
C5120ST,9,152,District-Shahjahanpur,Rural,Age Not Stated,0,0,0,0,0,0,0,0,0,0,0,0,0,0,0,0,0,0,0,0,0,0,0,0,0,0,0
C5120ST,9,152,District-Shahjahanpur,Urban,Total,7,3,4,2,2,0,4,1,3,0,0,0,0,0,0,0,0,0,0,0,0,1,0,1,0,0,0
C5120ST,9,152,District-Shahjahanpur,Urban,0-4,0,0,0,0,0,0,0,0,0,0,0,0,0,0,0,0,0,0,0,0,0,0,0,0,0,0,0
C5120ST,9,152,District-Shahjahanpur,Urban,5-9,0,0,0,0,0,0,0,0,0,0,0,0,0,0,0,0,0,0,0,0,0,0,0,0,0,0,0
C5120ST,9,152,District-Shahjahanpur,Urban,10-19,3,1,2,0,0,0,2,1,1,0,0,0,0,0,0,0,0,0,0,0,0,1,0,1,0,0,0
C5120ST,9,152,District-Shahjahanpur,Urban,20-29,1,1,0,1,1,0,0,0,0,0,0,0,0,0,0,0,0,0,0,0,0,0,0,0,0,0,0
C5120ST,9,152,District-Shahjahanpur,Urban,30-39,2,1,1,1,1,0,1,0,1,0,0,0,0,0,0,0,0,0,0,0,0,0,0,0,0,0,0
C5120ST,9,152,District-Shahjahanpur,Urban,40-49,0,0,0,0,0,0,0,0,0,0,0,0,0,0,0,0,0,0,0,0,0,0,0,0,0,0,0
C5120ST,9,152,District-Shahjahanpur,Urban,50-59,0,0,0,0,0,0,0,0,0,0,0,0,0,0,0,0,0,0,0,0,0,0,0,0,0,0,0
C5120ST,9,152,District-Shahjahanpur,Urban,60-69,0,0,0,0,0,0,0,0,0,0,0,0,0,0,0,0,0,0,0,0,0,0,0,0,0,0,0
C5120ST,9,152,District-Shahjahanpur,Urban,70-79,0,0,0,0,0,0,0,0,0,0,0,0,0,0,0,0,0,0,0,0,0,0,0,0,0,0,0
C5120ST,9,152,District-Shahjahanpur,Urban,80-89,1,0,1,0,0,0,1,0,1,0,0,0,0,0,0,0,0,0,0,0,0,0,0,0,0,0,0
C5120ST,9,152,District-Shahjahanpur,Urban,90+,0,0,0,0,0,0,0,0,0,0,0,0,0,0,0,0,0,0,0,0,0,0,0,0,0,0,0
C5120ST,9,152,District-Shahjahanpur,Urban,Age Not Stated,0,0,0,0,0,0,0,0,0,0,0,0,0,0,0,0,0,0,0,0,0,0,0,0,0,0,0
C5120ST,9,153,District-Kheri,Total,Total,734,402,332,92,55,37,148,86,62,52,35,17,160,104,56,42,19,23,15,6,9,163,69,94,62,28,34
C5120ST,9,153,District-Kheri,Total,0-4,41,16,25,1,1,0,13,5,8,2,2,0,2,0,2,1,0,1,0,0,0,20,6,14,2,2,0
C5120ST,9,153,District-Kheri,Total,5-9,72,36,36,8,3,5,13,10,3,9,7,2,10,7,3,4,1,3,1,0,1,17,5,12,10,3,7
C5120ST,9,153,District-Kheri,Total,10-19,192,99,93,12,10,2,40,23,17,12,6,6,51,30,21,14,5,9,2,0,2,44,16,28,17,9,8
C5120ST,9,153,District-Kheri,Total,20-29,90,51,39,6,1,5,17,9,8,7,4,3,19,14,5,10,9,1,3,2,1,23,8,15,5,4,1
C5120ST,9,153,District-Kheri,Total,30-39,87,66,21,5,3,2,19,14,5,9,8,1,22,20,2,5,2,3,2,1,1,22,16,6,3,2,1
C5120ST,9,153,District-Kheri,Total,40-49,58,33,25,8,6,2,15,10,5,4,2,2,11,9,2,3,0,3,0,0,0,11,4,7,6,2,4
C5120ST,9,153,District-Kheri,Total,50-59,50,26,24,13,5,8,7,3,4,5,4,1,11,6,5,0,0,0,3,1,2,10,7,3,1,0,1
C5120ST,9,153,District-Kheri,Total,60-69,61,36,25,13,10,3,9,5,4,2,1,1,16,12,4,4,2,2,0,0,0,10,4,6,7,2,5
C5120ST,9,153,District-Kheri,Total,70-79,39,18,21,10,6,4,11,6,5,0,0,0,10,3,7,1,0,1,1,0,1,1,0,1,5,3,2
C5120ST,9,153,District-Kheri,Total,80-89,23,10,13,9,5,4,2,0,2,0,0,0,5,1,4,0,0,0,1,1,0,3,2,1,3,1,2
C5120ST,9,153,District-Kheri,Total,90+,11,4,7,3,2,1,2,1,1,0,0,0,2,1,1,0,0,0,0,0,0,1,0,1,3,0,3
C5120ST,9,153,District-Kheri,Total,Age Not Stated,10,7,3,4,3,1,0,0,0,2,1,1,1,1,0,0,0,0,2,1,1,1,1,0,0,0,0
C5120ST,9,153,District-Kheri,Rural,Total,724,395,329,92,55,37,145,84,61,51,34,17,158,102,56,42,19,23,14,6,8,161,68,93,61,27,34
C5120ST,9,153,District-Kheri,Rural,0-4,40,16,24,1,1,0,12,5,7,2,2,0,2,0,2,1,0,1,0,0,0,20,6,14,2,2,0
C5120ST,9,153,District-Kheri,Rural,5-9,72,36,36,8,3,5,13,10,3,9,7,2,10,7,3,4,1,3,1,0,1,17,5,12,10,3,7
C5120ST,9,153,District-Kheri,Rural,10-19,187,95,92,12,10,2,38,21,17,11,5,6,51,30,21,14,5,9,2,0,2,42,15,27,17,9,8
C5120ST,9,153,District-Kheri,Rural,20-29,90,51,39,6,1,5,17,9,8,7,4,3,19,14,5,10,9,1,3,2,1,23,8,15,5,4,1
C5120ST,9,153,District-Kheri,Rural,30-39,85,64,21,5,3,2,19,14,5,9,8,1,21,19,2,5,2,3,2,1,1,22,16,6,2,1,1
C5120ST,9,153,District-Kheri,Rural,40-49,58,33,25,8,6,2,15,10,5,4,2,2,11,9,2,3,0,3,0,0,0,11,4,7,6,2,4
C5120ST,9,153,District-Kheri,Rural,50-59,49,26,23,13,5,8,7,3,4,5,4,1,11,6,5,0,0,0,2,1,1,10,7,3,1,0,1
C5120ST,9,153,District-Kheri,Rural,60-69,60,35,25,13,10,3,9,5,4,2,1,1,15,11,4,4,2,2,0,0,0,10,4,6,7,2,5
C5120ST,9,153,District-Kheri,Rural,70-79,39,18,21,10,6,4,11,6,5,0,0,0,10,3,7,1,0,1,1,0,1,1,0,1,5,3,2
C5120ST,9,153,District-Kheri,Rural,80-89,23,10,13,9,5,4,2,0,2,0,0,0,5,1,4,0,0,0,1,1,0,3,2,1,3,1,2
C5120ST,9,153,District-Kheri,Rural,90+,11,4,7,3,2,1,2,1,1,0,0,0,2,1,1,0,0,0,0,0,0,1,0,1,3,0,3
C5120ST,9,153,District-Kheri,Rural,Age Not Stated,10,7,3,4,3,1,0,0,0,2,1,1,1,1,0,0,0,0,2,1,1,1,1,0,0,0,0
C5120ST,9,153,District-Kheri,Urban,Total,10,7,3,0,0,0,3,2,1,1,1,0,2,2,0,0,0,0,1,0,1,2,1,1,1,1,0
C5120ST,9,153,District-Kheri,Urban,0-4,1,0,1,0,0,0,1,0,1,0,0,0,0,0,0,0,0,0,0,0,0,0,0,0,0,0,0
C5120ST,9,153,District-Kheri,Urban,5-9,0,0,0,0,0,0,0,0,0,0,0,0,0,0,0,0,0,0,0,0,0,0,0,0,0,0,0
C5120ST,9,153,District-Kheri,Urban,10-19,5,4,1,0,0,0,2,2,0,1,1,0,0,0,0,0,0,0,0,0,0,2,1,1,0,0,0
C5120ST,9,153,District-Kheri,Urban,20-29,0,0,0,0,0,0,0,0,0,0,0,0,0,0,0,0,0,0,0,0,0,0,0,0,0,0,0
C5120ST,9,153,District-Kheri,Urban,30-39,2,2,0,0,0,0,0,0,0,0,0,0,1,1,0,0,0,0,0,0,0,0,0,0,1,1,0
C5120ST,9,153,District-Kheri,Urban,40-49,0,0,0,0,0,0,0,0,0,0,0,0,0,0,0,0,0,0,0,0,0,0,0,0,0,0,0
C5120ST,9,153,District-Kheri,Urban,50-59,1,0,1,0,0,0,0,0,0,0,0,0,0,0,0,0,0,0,1,0,1,0,0,0,0,0,0
C5120ST,9,153,District-Kheri,Urban,60-69,1,1,0,0,0,0,0,0,0,0,0,0,1,1,0,0,0,0,0,0,0,0,0,0,0,0,0
C5120ST,9,153,District-Kheri,Urban,70-79,0,0,0,0,0,0,0,0,0,0,0,0,0,0,0,0,0,0,0,0,0,0,0,0,0,0,0
C5120ST,9,153,District-Kheri,Urban,80-89,0,0,0,0,0,0,0,0,0,0,0,0,0,0,0,0,0,0,0,0,0,0,0,0,0,0,0
C5120ST,9,153,District-Kheri,Urban,90+,0,0,0,0,0,0,0,0,0,0,0,0,0,0,0,0,0,0,0,0,0,0,0,0,0,0,0
C5120ST,9,153,District-Kheri,Urban,Age Not Stated,0,0,0,0,0,0,0,0,0,0,0,0,0,0,0,0,0,0,0,0,0,0,0,0,0,0,0
C5120ST,9,154,District-Sitapur,Total,Total,31,18,13,2,1,1,9,7,2,0,0,0,5,5,0,0,0,0,1,1,0,12,3,9,2,1,1
C5120ST,9,154,District-Sitapur,Total,0-4,3,1,2,0,0,0,1,1,0,0,0,0,0,0,0,0,0,0,0,0,0,2,0,2,0,0,0
C5120ST,9,154,District-Sitapur,Total,5-9,2,2,0,0,0,0,1,1,0,0,0,0,0,0,0,0,0,0,0,0,0,1,1,0,0,0,0
C5120ST,9,154,District-Sitapur,Total,10-19,5,3,2,1,0,1,2,1,1,0,0,0,1,1,0,0,0,0,1,1,0,0,0,0,0,0,0
C5120ST,9,154,District-Sitapur,Total,20-29,10,4,6,0,0,0,2,1,1,0,0,0,1,1,0,0,0,0,0,0,0,6,1,5,1,1,0
C5120ST,9,154,District-Sitapur,Total,30-39,4,4,0,0,0,0,2,2,0,0,0,0,2,2,0,0,0,0,0,0,0,0,0,0,0,0,0
C5120ST,9,154,District-Sitapur,Total,40-49,3,1,2,1,1,0,0,0,0,0,0,0,0,0,0,0,0,0,0,0,0,2,0,2,0,0,0
C5120ST,9,154,District-Sitapur,Total,50-59,0,0,0,0,0,0,0,0,0,0,0,0,0,0,0,0,0,0,0,0,0,0,0,0,0,0,0
C5120ST,9,154,District-Sitapur,Total,60-69,0,0,0,0,0,0,0,0,0,0,0,0,0,0,0,0,0,0,0,0,0,0,0,0,0,0,0
C5120ST,9,154,District-Sitapur,Total,70-79,2,2,0,0,0,0,1,1,0,0,0,0,0,0,0,0,0,0,0,0,0,1,1,0,0,0,0
C5120ST,9,154,District-Sitapur,Total,80-89,1,1,0,0,0,0,0,0,0,0,0,0,1,1,0,0,0,0,0,0,0,0,0,0,0,0,0
C5120ST,9,154,District-Sitapur,Total,90+,1,0,1,0,0,0,0,0,0,0,0,0,0,0,0,0,0,0,0,0,0,0,0,0,1,0,1
C5120ST,9,154,District-Sitapur,Total,Age Not Stated,0,0,0,0,0,0,0,0,0,0,0,0,0,0,0,0,0,0,0,0,0,0,0,0,0,0,0
C5120ST,9,154,District-Sitapur,Rural,Total,23,11,12,2,1,1,8,6,2,0,0,0,1,1,0,0,0,0,1,1,0,10,2,8,1,0,1
C5120ST,9,154,District-Sitapur,Rural,0-4,3,1,2,0,0,0,1,1,0,0,0,0,0,0,0,0,0,0,0,0,0,2,0,2,0,0,0
C5120ST,9,154,District-Sitapur,Rural,5-9,1,1,0,0,0,0,1,1,0,0,0,0,0,0,0,0,0,0,0,0,0,0,0,0,0,0,0
C5120ST,9,154,District-Sitapur,Rural,10-19,3,1,2,1,0,1,1,0,1,0,0,0,0,0,0,0,0,0,1,1,0,0,0,0,0,0,0
C5120ST,9,154,District-Sitapur,Rural,20-29,8,2,6,0,0,0,2,1,1,0,0,0,0,0,0,0,0,0,0,0,0,6,1,5,0,0,0
C5120ST,9,154,District-Sitapur,Rural,30-39,3,3,0,0,0,0,2,2,0,0,0,0,1,1,0,0,0,0,0,0,0,0,0,0,0,0,0
C5120ST,9,154,District-Sitapur,Rural,40-49,2,1,1,1,1,0,0,0,0,0,0,0,0,0,0,0,0,0,0,0,0,1,0,1,0,0,0
C5120ST,9,154,District-Sitapur,Rural,50-59,0,0,0,0,0,0,0,0,0,0,0,0,0,0,0,0,0,0,0,0,0,0,0,0,0,0,0
C5120ST,9,154,District-Sitapur,Rural,60-69,0,0,0,0,0,0,0,0,0,0,0,0,0,0,0,0,0,0,0,0,0,0,0,0,0,0,0
C5120ST,9,154,District-Sitapur,Rural,70-79,2,2,0,0,0,0,1,1,0,0,0,0,0,0,0,0,0,0,0,0,0,1,1,0,0,0,0
C5120ST,9,154,District-Sitapur,Rural,80-89,0,0,0,0,0,0,0,0,0,0,0,0,0,0,0,0,0,0,0,0,0,0,0,0,0,0,0
C5120ST,9,154,District-Sitapur,Rural,90+,1,0,1,0,0,0,0,0,0,0,0,0,0,0,0,0,0,0,0,0,0,0,0,0,1,0,1
C5120ST,9,154,District-Sitapur,Rural,Age Not Stated,0,0,0,0,0,0,0,0,0,0,0,0,0,0,0,0,0,0,0,0,0,0,0,0,0,0,0
C5120ST,9,154,District-Sitapur,Urban,Total,8,7,1,0,0,0,1,1,0,0,0,0,4,4,0,0,0,0,0,0,0,2,1,1,1,1,0
C5120ST,9,154,District-Sitapur,Urban,0-4,0,0,0,0,0,0,0,0,0,0,0,0,0,0,0,0,0,0,0,0,0,0,0,0,0,0,0
C5120ST,9,154,District-Sitapur,Urban,5-9,1,1,0,0,0,0,0,0,0,0,0,0,0,0,0,0,0,0,0,0,0,1,1,0,0,0,0
C5120ST,9,154,District-Sitapur,Urban,10-19,2,2,0,0,0,0,1,1,0,0,0,0,1,1,0,0,0,0,0,0,0,0,0,0,0,0,0
C5120ST,9,154,District-Sitapur,Urban,20-29,2,2,0,0,0,0,0,0,0,0,0,0,1,1,0,0,0,0,0,0,0,0,0,0,1,1,0
C5120ST,9,154,District-Sitapur,Urban,30-39,1,1,0,0,0,0,0,0,0,0,0,0,1,1,0,0,0,0,0,0,0,0,0,0,0,0,0
C5120ST,9,154,District-Sitapur,Urban,40-49,1,0,1,0,0,0,0,0,0,0,0,0,0,0,0,0,0,0,0,0,0,1,0,1,0,0,0
C5120ST,9,154,District-Sitapur,Urban,50-59,0,0,0,0,0,0,0,0,0,0,0,0,0,0,0,0,0,0,0,0,0,0,0,0,0,0,0
C5120ST,9,154,District-Sitapur,Urban,60-69,0,0,0,0,0,0,0,0,0,0,0,0,0,0,0,0,0,0,0,0,0,0,0,0,0,0,0
C5120ST,9,154,District-Sitapur,Urban,70-79,0,0,0,0,0,0,0,0,0,0,0,0,0,0,0,0,0,0,0,0,0,0,0,0,0,0,0
C5120ST,9,154,District-Sitapur,Urban,80-89,1,1,0,0,0,0,0,0,0,0,0,0,1,1,0,0,0,0,0,0,0,0,0,0,0,0,0
C5120ST,9,154,District-Sitapur,Urban,90+,0,0,0,0,0,0,0,0,0,0,0,0,0,0,0,0,0,0,0,0,0,0,0,0,0,0,0
C5120ST,9,154,District-Sitapur,Urban,Age Not Stated,0,0,0,0,0,0,0,0,0,0,0,0,0,0,0,0,0,0,0,0,0,0,0,0,0,0,0
C5120ST,9,155,District-Hardoi,Total,Total,5,3,2,0,0,0,2,0,2,1,1,0,0,0,0,1,1,0,0,0,0,1,1,0,0,0,0
C5120ST,9,155,District-Hardoi,Total,0-4,1,1,0,0,0,0,0,0,0,0,0,0,0,0,0,0,0,0,0,0,0,1,1,0,0,0,0
C5120ST,9,155,District-Hardoi,Total,5-9,0,0,0,0,0,0,0,0,0,0,0,0,0,0,0,0,0,0,0,0,0,0,0,0,0,0,0
C5120ST,9,155,District-Hardoi,Total,10-19,0,0,0,0,0,0,0,0,0,0,0,0,0,0,0,0,0,0,0,0,0,0,0,0,0,0,0
C5120ST,9,155,District-Hardoi,Total,20-29,1,1,0,0,0,0,0,0,0,1,1,0,0,0,0,0,0,0,0,0,0,0,0,0,0,0,0
C5120ST,9,155,District-Hardoi,Total,30-39,2,1,1,0,0,0,1,0,1,0,0,0,0,0,0,1,1,0,0,0,0,0,0,0,0,0,0
C5120ST,9,155,District-Hardoi,Total,40-49,1,0,1,0,0,0,1,0,1,0,0,0,0,0,0,0,0,0,0,0,0,0,0,0,0,0,0
C5120ST,9,155,District-Hardoi,Total,50-59,0,0,0,0,0,0,0,0,0,0,0,0,0,0,0,0,0,0,0,0,0,0,0,0,0,0,0
C5120ST,9,155,District-Hardoi,Total,60-69,0,0,0,0,0,0,0,0,0,0,0,0,0,0,0,0,0,0,0,0,0,0,0,0,0,0,0
C5120ST,9,155,District-Hardoi,Total,70-79,0,0,0,0,0,0,0,0,0,0,0,0,0,0,0,0,0,0,0,0,0,0,0,0,0,0,0
C5120ST,9,155,District-Hardoi,Total,80-89,0,0,0,0,0,0,0,0,0,0,0,0,0,0,0,0,0,0,0,0,0,0,0,0,0,0,0
C5120ST,9,155,District-Hardoi,Total,90+,0,0,0,0,0,0,0,0,0,0,0,0,0,0,0,0,0,0,0,0,0,0,0,0,0,0,0
C5120ST,9,155,District-Hardoi,Total,Age Not Stated,0,0,0,0,0,0,0,0,0,0,0,0,0,0,0,0,0,0,0,0,0,0,0,0,0,0,0
C5120ST,9,155,District-Hardoi,Rural,Total,3,1,2,0,0,0,2,0,2,1,1,0,0,0,0,0,0,0,0,0,0,0,0,0,0,0,0
C5120ST,9,155,District-Hardoi,Rural,0-4,0,0,0,0,0,0,0,0,0,0,0,0,0,0,0,0,0,0,0,0,0,0,0,0,0,0,0
C5120ST,9,155,District-Hardoi,Rural,5-9,0,0,0,0,0,0,0,0,0,0,0,0,0,0,0,0,0,0,0,0,0,0,0,0,0,0,0
C5120ST,9,155,District-Hardoi,Rural,10-19,0,0,0,0,0,0,0,0,0,0,0,0,0,0,0,0,0,0,0,0,0,0,0,0,0,0,0
C5120ST,9,155,District-Hardoi,Rural,20-29,1,1,0,0,0,0,0,0,0,1,1,0,0,0,0,0,0,0,0,0,0,0,0,0,0,0,0
C5120ST,9,155,District-Hardoi,Rural,30-39,1,0,1,0,0,0,1,0,1,0,0,0,0,0,0,0,0,0,0,0,0,0,0,0,0,0,0
C5120ST,9,155,District-Hardoi,Rural,40-49,1,0,1,0,0,0,1,0,1,0,0,0,0,0,0,0,0,0,0,0,0,0,0,0,0,0,0
C5120ST,9,155,District-Hardoi,Rural,50-59,0,0,0,0,0,0,0,0,0,0,0,0,0,0,0,0,0,0,0,0,0,0,0,0,0,0,0
C5120ST,9,155,District-Hardoi,Rural,60-69,0,0,0,0,0,0,0,0,0,0,0,0,0,0,0,0,0,0,0,0,0,0,0,0,0,0,0
C5120ST,9,155,District-Hardoi,Rural,70-79,0,0,0,0,0,0,0,0,0,0,0,0,0,0,0,0,0,0,0,0,0,0,0,0,0,0,0
C5120ST,9,155,District-Hardoi,Rural,80-89,0,0,0,0,0,0,0,0,0,0,0,0,0,0,0,0,0,0,0,0,0,0,0,0,0,0,0
C5120ST,9,155,District-Hardoi,Rural,90+,0,0,0,0,0,0,0,0,0,0,0,0,0,0,0,0,0,0,0,0,0,0,0,0,0,0,0
C5120ST,9,155,District-Hardoi,Rural,Age Not Stated,0,0,0,0,0,0,0,0,0,0,0,0,0,0,0,0,0,0,0,0,0,0,0,0,0,0,0
C5120ST,9,155,District-Hardoi,Urban,Total,2,2,0,0,0,0,0,0,0,0,0,0,0,0,0,1,1,0,0,0,0,1,1,0,0,0,0
C5120ST,9,155,District-Hardoi,Urban,0-4,1,1,0,0,0,0,0,0,0,0,0,0,0,0,0,0,0,0,0,0,0,1,1,0,0,0,0
C5120ST,9,155,District-Hardoi,Urban,5-9,0,0,0,0,0,0,0,0,0,0,0,0,0,0,0,0,0,0,0,0,0,0,0,0,0,0,0
C5120ST,9,155,District-Hardoi,Urban,10-19,0,0,0,0,0,0,0,0,0,0,0,0,0,0,0,0,0,0,0,0,0,0,0,0,0,0,0
C5120ST,9,155,District-Hardoi,Urban,20-29,0,0,0,0,0,0,0,0,0,0,0,0,0,0,0,0,0,0,0,0,0,0,0,0,0,0,0
C5120ST,9,155,District-Hardoi,Urban,30-39,1,1,0,0,0,0,0,0,0,0,0,0,0,0,0,1,1,0,0,0,0,0,0,0,0,0,0
C5120ST,9,155,District-Hardoi,Urban,40-49,0,0,0,0,0,0,0,0,0,0,0,0,0,0,0,0,0,0,0,0,0,0,0,0,0,0,0
C5120ST,9,155,District-Hardoi,Urban,50-59,0,0,0,0,0,0,0,0,0,0,0,0,0,0,0,0,0,0,0,0,0,0,0,0,0,0,0
C5120ST,9,155,District-Hardoi,Urban,60-69,0,0,0,0,0,0,0,0,0,0,0,0,0,0,0,0,0,0,0,0,0,0,0,0,0,0,0
C5120ST,9,155,District-Hardoi,Urban,70-79,0,0,0,0,0,0,0,0,0,0,0,0,0,0,0,0,0,0,0,0,0,0,0,0,0,0,0
C5120ST,9,155,District-Hardoi,Urban,80-89,0,0,0,0,0,0,0,0,0,0,0,0,0,0,0,0,0,0,0,0,0,0,0,0,0,0,0
C5120ST,9,155,District-Hardoi,Urban,90+,0,0,0,0,0,0,0,0,0,0,0,0,0,0,0,0,0,0,0,0,0,0,0,0,0,0,0
C5120ST,9,155,District-Hardoi,Urban,Age Not Stated,0,0,0,0,0,0,0,0,0,0,0,0,0,0,0,0,0,0,0,0,0,0,0,0,0,0,0
C5120ST,9,156,District-Unnao,Total,Total,63,39,24,11,7,4,14,8,6,1,0,1,20,14,6,3,1,2,2,1,1,4,3,1,8,5,3
C5120ST,9,156,District-Unnao,Total,0-4,2,2,0,0,0,0,1,1,0,0,0,0,1,1,0,0,0,0,0,0,0,0,0,0,0,0,0
C5120ST,9,156,District-Unnao,Total,5-9,8,7,1,0,0,0,2,2,0,0,0,0,3,2,1,1,1,0,0,0,0,0,0,0,2,2,0
C5120ST,9,156,District-Unnao,Total,10-19,12,6,6,0,0,0,3,1,2,1,0,1,5,4,1,0,0,0,0,0,0,1,0,1,2,1,1
C5120ST,9,156,District-Unnao,Total,20-29,3,2,1,0,0,0,0,0,0,0,0,0,0,0,0,0,0,0,1,0,1,1,1,0,1,1,0
C5120ST,9,156,District-Unnao,Total,30-39,8,7,1,4,4,0,1,1,0,0,0,0,1,1,0,1,0,1,0,0,0,1,1,0,0,0,0
C5120ST,9,156,District-Unnao,Total,40-49,3,3,0,1,1,0,1,1,0,0,0,0,0,0,0,0,0,0,1,1,0,0,0,0,0,0,0
C5120ST,9,156,District-Unnao,Total,50-59,7,3,4,2,0,2,2,1,1,0,0,0,1,1,0,0,0,0,0,0,0,0,0,0,2,1,1
C5120ST,9,156,District-Unnao,Total,60-69,6,2,4,3,1,2,1,1,0,0,0,0,2,0,2,0,0,0,0,0,0,0,0,0,0,0,0
C5120ST,9,156,District-Unnao,Total,70-79,4,4,0,0,0,0,0,0,0,0,0,0,3,3,0,0,0,0,0,0,0,1,1,0,0,0,0
C5120ST,9,156,District-Unnao,Total,80-89,4,1,3,0,0,0,1,0,1,0,0,0,2,1,1,0,0,0,0,0,0,0,0,0,1,0,1
C5120ST,9,156,District-Unnao,Total,90+,2,0,2,0,0,0,1,0,1,0,0,0,0,0,0,1,0,1,0,0,0,0,0,0,0,0,0
C5120ST,9,156,District-Unnao,Total,Age Not Stated,4,2,2,1,1,0,1,0,1,0,0,0,2,1,1,0,0,0,0,0,0,0,0,0,0,0,0
C5120ST,9,156,District-Unnao,Rural,Total,53,34,19,10,6,4,13,8,5,1,0,1,15,10,5,2,1,1,2,1,1,3,3,0,7,5,2
C5120ST,9,156,District-Unnao,Rural,0-4,2,2,0,0,0,0,1,1,0,0,0,0,1,1,0,0,0,0,0,0,0,0,0,0,0,0,0
C5120ST,9,156,District-Unnao,Rural,5-9,8,7,1,0,0,0,2,2,0,0,0,0,3,2,1,1,1,0,0,0,0,0,0,0,2,2,0
C5120ST,9,156,District-Unnao,Rural,10-19,9,4,5,0,0,0,3,1,2,1,0,1,3,2,1,0,0,0,0,0,0,0,0,0,2,1,1
C5120ST,9,156,District-Unnao,Rural,20-29,3,2,1,0,0,0,0,0,0,0,0,0,0,0,0,0,0,0,1,0,1,1,1,0,1,1,0
C5120ST,9,156,District-Unnao,Rural,30-39,5,5,0,3,3,0,1,1,0,0,0,0,0,0,0,0,0,0,0,0,0,1,1,0,0,0,0
C5120ST,9,156,District-Unnao,Rural,40-49,3,3,0,1,1,0,1,1,0,0,0,0,0,0,0,0,0,0,1,1,0,0,0,0,0,0,0
C5120ST,9,156,District-Unnao,Rural,50-59,7,3,4,2,0,2,2,1,1,0,0,0,1,1,0,0,0,0,0,0,0,0,0,0,2,1,1
C5120ST,9,156,District-Unnao,Rural,60-69,6,2,4,3,1,2,1,1,0,0,0,0,2,0,2,0,0,0,0,0,0,0,0,0,0,0,0
C5120ST,9,156,District-Unnao,Rural,70-79,4,4,0,0,0,0,0,0,0,0,0,0,3,3,0,0,0,0,0,0,0,1,1,0,0,0,0
C5120ST,9,156,District-Unnao,Rural,80-89,3,1,2,0,0,0,1,0,1,0,0,0,2,1,1,0,0,0,0,0,0,0,0,0,0,0,0
C5120ST,9,156,District-Unnao,Rural,90+,1,0,1,0,0,0,0,0,0,0,0,0,0,0,0,1,0,1,0,0,0,0,0,0,0,0,0
C5120ST,9,156,District-Unnao,Rural,Age Not Stated,2,1,1,1,1,0,1,0,1,0,0,0,0,0,0,0,0,0,0,0,0,0,0,0,0,0,0
C5120ST,9,156,District-Unnao,Urban,Total,10,5,5,1,1,0,1,0,1,0,0,0,5,4,1,1,0,1,0,0,0,1,0,1,1,0,1
C5120ST,9,156,District-Unnao,Urban,0-4,0,0,0,0,0,0,0,0,0,0,0,0,0,0,0,0,0,0,0,0,0,0,0,0,0,0,0
C5120ST,9,156,District-Unnao,Urban,5-9,0,0,0,0,0,0,0,0,0,0,0,0,0,0,0,0,0,0,0,0,0,0,0,0,0,0,0
C5120ST,9,156,District-Unnao,Urban,10-19,3,2,1,0,0,0,0,0,0,0,0,0,2,2,0,0,0,0,0,0,0,1,0,1,0,0,0
C5120ST,9,156,District-Unnao,Urban,20-29,0,0,0,0,0,0,0,0,0,0,0,0,0,0,0,0,0,0,0,0,0,0,0,0,0,0,0
C5120ST,9,156,District-Unnao,Urban,30-39,3,2,1,1,1,0,0,0,0,0,0,0,1,1,0,1,0,1,0,0,0,0,0,0,0,0,0
C5120ST,9,156,District-Unnao,Urban,40-49,0,0,0,0,0,0,0,0,0,0,0,0,0,0,0,0,0,0,0,0,0,0,0,0,0,0,0
C5120ST,9,156,District-Unnao,Urban,50-59,0,0,0,0,0,0,0,0,0,0,0,0,0,0,0,0,0,0,0,0,0,0,0,0,0,0,0
C5120ST,9,156,District-Unnao,Urban,60-69,0,0,0,0,0,0,0,0,0,0,0,0,0,0,0,0,0,0,0,0,0,0,0,0,0,0,0
C5120ST,9,156,District-Unnao,Urban,70-79,0,0,0,0,0,0,0,0,0,0,0,0,0,0,0,0,0,0,0,0,0,0,0,0,0,0,0
C5120ST,9,156,District-Unnao,Urban,80-89,1,0,1,0,0,0,0,0,0,0,0,0,0,0,0,0,0,0,0,0,0,0,0,0,1,0,1
C5120ST,9,156,District-Unnao,Urban,90+,1,0,1,0,0,0,1,0,1,0,0,0,0,0,0,0,0,0,0,0,0,0,0,0,0,0,0
C5120ST,9,156,District-Unnao,Urban,Age Not Stated,2,1,1,0,0,0,0,0,0,0,0,0,2,1,1,0,0,0,0,0,0,0,0,0,0,0,0
C5120ST,9,157,District-Lucknow,Total,Total,217,128,89,58,28,30,42,24,18,18,10,8,34,26,8,4,2,2,4,2,2,49,31,18,8,5,3
C5120ST,9,157,District-Lucknow,Total,0-4,26,14,12,13,5,8,4,2,2,1,0,1,2,2,0,1,1,0,0,0,0,5,4,1,0,0,0
C5120ST,9,157,District-Lucknow,Total,5-9,14,7,7,3,1,2,4,2,2,3,1,2,0,0,0,0,0,0,0,0,0,4,3,1,0,0,0
C5120ST,9,157,District-Lucknow,Total,10-19,35,17,18,14,6,8,3,2,1,2,2,0,7,4,3,2,0,2,0,0,0,7,3,4,0,0,0
C5120ST,9,157,District-Lucknow,Total,20-29,41,31,10,4,3,1,12,10,2,3,3,0,8,6,2,0,0,0,4,2,2,9,7,2,1,0,1
C5120ST,9,157,District-Lucknow,Total,30-39,40,25,15,6,5,1,8,4,4,4,1,3,6,4,2,1,1,0,0,0,0,14,9,5,1,1,0
C5120ST,9,157,District-Lucknow,Total,40-49,19,13,6,6,3,3,5,4,1,2,2,0,4,3,1,0,0,0,0,0,0,2,1,1,0,0,0
C5120ST,9,157,District-Lucknow,Total,50-59,21,11,10,6,4,2,5,0,5,1,0,1,3,3,0,0,0,0,0,0,0,4,2,2,2,2,0
C5120ST,9,157,District-Lucknow,Total,60-69,11,7,4,3,1,2,1,0,1,2,1,1,2,2,0,0,0,0,0,0,0,2,2,0,1,1,0
C5120ST,9,157,District-Lucknow,Total,70-79,3,1,2,0,0,0,0,0,0,0,0,0,1,1,0,0,0,0,0,0,0,1,0,1,1,0,1
C5120ST,9,157,District-Lucknow,Total,80-89,3,1,2,1,0,1,0,0,0,0,0,0,0,0,0,0,0,0,0,0,0,0,0,0,2,1,1
C5120ST,9,157,District-Lucknow,Total,90+,1,1,0,0,0,0,0,0,0,0,0,0,1,1,0,0,0,0,0,0,0,0,0,0,0,0,0
C5120ST,9,157,District-Lucknow,Total,Age Not Stated,3,0,3,2,0,2,0,0,0,0,0,0,0,0,0,0,0,0,0,0,0,1,0,1,0,0,0
C5120ST,9,157,District-Lucknow,Rural,Total,37,21,16,11,4,7,3,1,2,3,2,1,7,4,3,1,1,0,0,0,0,9,7,2,3,2,1
C5120ST,9,157,District-Lucknow,Rural,0-4,6,2,4,4,0,4,0,0,0,0,0,0,0,0,0,1,1,0,0,0,0,1,1,0,0,0,0
C5120ST,9,157,District-Lucknow,Rural,5-9,2,2,0,0,0,0,0,0,0,1,1,0,0,0,0,0,0,0,0,0,0,1,1,0,0,0,0
C5120ST,9,157,District-Lucknow,Rural,10-19,8,4,4,4,2,2,1,0,1,0,0,0,3,2,1,0,0,0,0,0,0,0,0,0,0,0,0
C5120ST,9,157,District-Lucknow,Rural,20-29,8,5,3,1,1,0,1,1,0,1,1,0,3,1,2,0,0,0,0,0,0,1,1,0,1,0,1
C5120ST,9,157,District-Lucknow,Rural,30-39,5,4,1,0,0,0,0,0,0,0,0,0,0,0,0,0,0,0,0,0,0,4,3,1,1,1,0
C5120ST,9,157,District-Lucknow,Rural,40-49,1,1,0,1,1,0,0,0,0,0,0,0,0,0,0,0,0,0,0,0,0,0,0,0,0,0,0
C5120ST,9,157,District-Lucknow,Rural,50-59,3,2,1,0,0,0,1,0,1,0,0,0,0,0,0,0,0,0,0,0,0,1,1,0,1,1,0
C5120ST,9,157,District-Lucknow,Rural,60-69,3,1,2,1,0,1,0,0,0,1,0,1,1,1,0,0,0,0,0,0,0,0,0,0,0,0,0
C5120ST,9,157,District-Lucknow,Rural,70-79,1,0,1,0,0,0,0,0,0,0,0,0,0,0,0,0,0,0,0,0,0,1,0,1,0,0,0
C5120ST,9,157,District-Lucknow,Rural,80-89,0,0,0,0,0,0,0,0,0,0,0,0,0,0,0,0,0,0,0,0,0,0,0,0,0,0,0
C5120ST,9,157,District-Lucknow,Rural,90+,0,0,0,0,0,0,0,0,0,0,0,0,0,0,0,0,0,0,0,0,0,0,0,0,0,0,0
C5120ST,9,157,District-Lucknow,Rural,Age Not Stated,0,0,0,0,0,0,0,0,0,0,0,0,0,0,0,0,0,0,0,0,0,0,0,0,0,0,0
C5120ST,9,157,District-Lucknow,Urban,Total,180,107,73,47,24,23,39,23,16,15,8,7,27,22,5,3,1,2,4,2,2,40,24,16,5,3,2
C5120ST,9,157,District-Lucknow,Urban,0-4,20,12,8,9,5,4,4,2,2,1,0,1,2,2,0,0,0,0,0,0,0,4,3,1,0,0,0
C5120ST,9,157,District-Lucknow,Urban,5-9,12,5,7,3,1,2,4,2,2,2,0,2,0,0,0,0,0,0,0,0,0,3,2,1,0,0,0
C5120ST,9,157,District-Lucknow,Urban,10-19,27,13,14,10,4,6,2,2,0,2,2,0,4,2,2,2,0,2,0,0,0,7,3,4,0,0,0
C5120ST,9,157,District-Lucknow,Urban,20-29,33,26,7,3,2,1,11,9,2,2,2,0,5,5,0,0,0,0,4,2,2,8,6,2,0,0,0
C5120ST,9,157,District-Lucknow,Urban,30-39,35,21,14,6,5,1,8,4,4,4,1,3,6,4,2,1,1,0,0,0,0,10,6,4,0,0,0
C5120ST,9,157,District-Lucknow,Urban,40-49,18,12,6,5,2,3,5,4,1,2,2,0,4,3,1,0,0,0,0,0,0,2,1,1,0,0,0
C5120ST,9,157,District-Lucknow,Urban,50-59,18,9,9,6,4,2,4,0,4,1,0,1,3,3,0,0,0,0,0,0,0,3,1,2,1,1,0
C5120ST,9,157,District-Lucknow,Urban,60-69,8,6,2,2,1,1,1,0,1,1,1,0,1,1,0,0,0,0,0,0,0,2,2,0,1,1,0
C5120ST,9,157,District-Lucknow,Urban,70-79,2,1,1,0,0,0,0,0,0,0,0,0,1,1,0,0,0,0,0,0,0,0,0,0,1,0,1
C5120ST,9,157,District-Lucknow,Urban,80-89,3,1,2,1,0,1,0,0,0,0,0,0,0,0,0,0,0,0,0,0,0,0,0,0,2,1,1
C5120ST,9,157,District-Lucknow,Urban,90+,1,1,0,0,0,0,0,0,0,0,0,0,1,1,0,0,0,0,0,0,0,0,0,0,0,0,0
C5120ST,9,157,District-Lucknow,Urban,Age Not Stated,3,0,3,2,0,2,0,0,0,0,0,0,0,0,0,0,0,0,0,0,0,1,0,1,0,0,0
C5120ST,9,158,District-Rae Bareli,Total,Total,28,17,11,6,5,1,3,1,2,0,0,0,12,6,6,1,1,0,0,0,0,5,3,2,1,1,0
C5120ST,9,158,District-Rae Bareli,Total,0-4,0,0,0,0,0,0,0,0,0,0,0,0,0,0,0,0,0,0,0,0,0,0,0,0,0,0,0
C5120ST,9,158,District-Rae Bareli,Total,5-9,5,3,2,0,0,0,0,0,0,0,0,0,1,0,1,1,1,0,0,0,0,3,2,1,0,0,0
C5120ST,9,158,District-Rae Bareli,Total,10-19,6,3,3,1,1,0,1,0,1,0,0,0,4,2,2,0,0,0,0,0,0,0,0,0,0,0,0
C5120ST,9,158,District-Rae Bareli,Total,20-29,3,2,1,1,1,0,0,0,0,0,0,0,2,1,1,0,0,0,0,0,0,0,0,0,0,0,0
C5120ST,9,158,District-Rae Bareli,Total,30-39,3,0,3,0,0,0,1,0,1,0,0,0,2,0,2,0,0,0,0,0,0,0,0,0,0,0,0
C5120ST,9,158,District-Rae Bareli,Total,40-49,2,2,0,1,1,0,0,0,0,0,0,0,0,0,0,0,0,0,0,0,0,1,1,0,0,0,0
C5120ST,9,158,District-Rae Bareli,Total,50-59,3,3,0,1,1,0,0,0,0,0,0,0,2,2,0,0,0,0,0,0,0,0,0,0,0,0,0
C5120ST,9,158,District-Rae Bareli,Total,60-69,0,0,0,0,0,0,0,0,0,0,0,0,0,0,0,0,0,0,0,0,0,0,0,0,0,0,0
C5120ST,9,158,District-Rae Bareli,Total,70-79,3,2,1,2,1,1,1,1,0,0,0,0,0,0,0,0,0,0,0,0,0,0,0,0,0,0,0
C5120ST,9,158,District-Rae Bareli,Total,80-89,3,2,1,0,0,0,0,0,0,0,0,0,1,1,0,0,0,0,0,0,0,1,0,1,1,1,0
C5120ST,9,158,District-Rae Bareli,Total,90+,0,0,0,0,0,0,0,0,0,0,0,0,0,0,0,0,0,0,0,0,0,0,0,0,0,0,0
C5120ST,9,158,District-Rae Bareli,Total,Age Not Stated,0,0,0,0,0,0,0,0,0,0,0,0,0,0,0,0,0,0,0,0,0,0,0,0,0,0,0
C5120ST,9,158,District-Rae Bareli,Rural,Total,23,15,8,5,4,1,3,1,2,0,0,0,10,5,5,1,1,0,0,0,0,3,3,0,1,1,0
C5120ST,9,158,District-Rae Bareli,Rural,0-4,0,0,0,0,0,0,0,0,0,0,0,0,0,0,0,0,0,0,0,0,0,0,0,0,0,0,0
C5120ST,9,158,District-Rae Bareli,Rural,5-9,4,3,1,0,0,0,0,0,0,0,0,0,1,0,1,1,1,0,0,0,0,2,2,0,0,0,0
C5120ST,9,158,District-Rae Bareli,Rural,10-19,4,2,2,0,0,0,1,0,1,0,0,0,3,2,1,0,0,0,0,0,0,0,0,0,0,0,0
C5120ST,9,158,District-Rae Bareli,Rural,20-29,3,2,1,1,1,0,0,0,0,0,0,0,2,1,1,0,0,0,0,0,0,0,0,0,0,0,0
C5120ST,9,158,District-Rae Bareli,Rural,30-39,3,0,3,0,0,0,1,0,1,0,0,0,2,0,2,0,0,0,0,0,0,0,0,0,0,0,0
C5120ST,9,158,District-Rae Bareli,Rural,40-49,2,2,0,1,1,0,0,0,0,0,0,0,0,0,0,0,0,0,0,0,0,1,1,0,0,0,0
C5120ST,9,158,District-Rae Bareli,Rural,50-59,2,2,0,1,1,0,0,0,0,0,0,0,1,1,0,0,0,0,0,0,0,0,0,0,0,0,0
C5120ST,9,158,District-Rae Bareli,Rural,60-69,0,0,0,0,0,0,0,0,0,0,0,0,0,0,0,0,0,0,0,0,0,0,0,0,0,0,0
C5120ST,9,158,District-Rae Bareli,Rural,70-79,3,2,1,2,1,1,1,1,0,0,0,0,0,0,0,0,0,0,0,0,0,0,0,0,0,0,0
C5120ST,9,158,District-Rae Bareli,Rural,80-89,2,2,0,0,0,0,0,0,0,0,0,0,1,1,0,0,0,0,0,0,0,0,0,0,1,1,0
C5120ST,9,158,District-Rae Bareli,Rural,90+,0,0,0,0,0,0,0,0,0,0,0,0,0,0,0,0,0,0,0,0,0,0,0,0,0,0,0
C5120ST,9,158,District-Rae Bareli,Rural,Age Not Stated,0,0,0,0,0,0,0,0,0,0,0,0,0,0,0,0,0,0,0,0,0,0,0,0,0,0,0
C5120ST,9,158,District-Rae Bareli,Urban,Total,5,2,3,1,1,0,0,0,0,0,0,0,2,1,1,0,0,0,0,0,0,2,0,2,0,0,0
C5120ST,9,158,District-Rae Bareli,Urban,0-4,0,0,0,0,0,0,0,0,0,0,0,0,0,0,0,0,0,0,0,0,0,0,0,0,0,0,0
C5120ST,9,158,District-Rae Bareli,Urban,5-9,1,0,1,0,0,0,0,0,0,0,0,0,0,0,0,0,0,0,0,0,0,1,0,1,0,0,0
C5120ST,9,158,District-Rae Bareli,Urban,10-19,2,1,1,1,1,0,0,0,0,0,0,0,1,0,1,0,0,0,0,0,0,0,0,0,0,0,0
C5120ST,9,158,District-Rae Bareli,Urban,20-29,0,0,0,0,0,0,0,0,0,0,0,0,0,0,0,0,0,0,0,0,0,0,0,0,0,0,0
C5120ST,9,158,District-Rae Bareli,Urban,30-39,0,0,0,0,0,0,0,0,0,0,0,0,0,0,0,0,0,0,0,0,0,0,0,0,0,0,0
C5120ST,9,158,District-Rae Bareli,Urban,40-49,0,0,0,0,0,0,0,0,0,0,0,0,0,0,0,0,0,0,0,0,0,0,0,0,0,0,0
C5120ST,9,158,District-Rae Bareli,Urban,50-59,1,1,0,0,0,0,0,0,0,0,0,0,1,1,0,0,0,0,0,0,0,0,0,0,0,0,0
C5120ST,9,158,District-Rae Bareli,Urban,60-69,0,0,0,0,0,0,0,0,0,0,0,0,0,0,0,0,0,0,0,0,0,0,0,0,0,0,0
C5120ST,9,158,District-Rae Bareli,Urban,70-79,0,0,0,0,0,0,0,0,0,0,0,0,0,0,0,0,0,0,0,0,0,0,0,0,0,0,0
C5120ST,9,158,District-Rae Bareli,Urban,80-89,1,0,1,0,0,0,0,0,0,0,0,0,0,0,0,0,0,0,0,0,0,1,0,1,0,0,0
C5120ST,9,158,District-Rae Bareli,Urban,90+,0,0,0,0,0,0,0,0,0,0,0,0,0,0,0,0,0,0,0,0,0,0,0,0,0,0,0
C5120ST,9,158,District-Rae Bareli,Urban,Age Not Stated,0,0,0,0,0,0,0,0,0,0,0,0,0,0,0,0,0,0,0,0,0,0,0,0,0,0,0
C5120ST,9,159,District-Farrukhabad,Total,Total,2,2,0,0,0,0,1,1,0,0,0,0,1,1,0,0,0,0,0,0,0,0,0,0,0,0,0
C5120ST,9,159,District-Farrukhabad,Total,0-4,0,0,0,0,0,0,0,0,0,0,0,0,0,0,0,0,0,0,0,0,0,0,0,0,0,0,0
C5120ST,9,159,District-Farrukhabad,Total,5-9,0,0,0,0,0,0,0,0,0,0,0,0,0,0,0,0,0,0,0,0,0,0,0,0,0,0,0
C5120ST,9,159,District-Farrukhabad,Total,10-19,0,0,0,0,0,0,0,0,0,0,0,0,0,0,0,0,0,0,0,0,0,0,0,0,0,0,0
C5120ST,9,159,District-Farrukhabad,Total,20-29,0,0,0,0,0,0,0,0,0,0,0,0,0,0,0,0,0,0,0,0,0,0,0,0,0,0,0
C5120ST,9,159,District-Farrukhabad,Total,30-39,0,0,0,0,0,0,0,0,0,0,0,0,0,0,0,0,0,0,0,0,0,0,0,0,0,0,0
C5120ST,9,159,District-Farrukhabad,Total,40-49,2,2,0,0,0,0,1,1,0,0,0,0,1,1,0,0,0,0,0,0,0,0,0,0,0,0,0
C5120ST,9,159,District-Farrukhabad,Total,50-59,0,0,0,0,0,0,0,0,0,0,0,0,0,0,0,0,0,0,0,0,0,0,0,0,0,0,0
C5120ST,9,159,District-Farrukhabad,Total,60-69,0,0,0,0,0,0,0,0,0,0,0,0,0,0,0,0,0,0,0,0,0,0,0,0,0,0,0
C5120ST,9,159,District-Farrukhabad,Total,70-79,0,0,0,0,0,0,0,0,0,0,0,0,0,0,0,0,0,0,0,0,0,0,0,0,0,0,0
C5120ST,9,159,District-Farrukhabad,Total,80-89,0,0,0,0,0,0,0,0,0,0,0,0,0,0,0,0,0,0,0,0,0,0,0,0,0,0,0
C5120ST,9,159,District-Farrukhabad,Total,90+,0,0,0,0,0,0,0,0,0,0,0,0,0,0,0,0,0,0,0,0,0,0,0,0,0,0,0
C5120ST,9,159,District-Farrukhabad,Total,Age Not Stated,0,0,0,0,0,0,0,0,0,0,0,0,0,0,0,0,0,0,0,0,0,0,0,0,0,0,0
C5120ST,9,159,District-Farrukhabad,Rural,Total,2,2,0,0,0,0,1,1,0,0,0,0,1,1,0,0,0,0,0,0,0,0,0,0,0,0,0
C5120ST,9,159,District-Farrukhabad,Rural,0-4,0,0,0,0,0,0,0,0,0,0,0,0,0,0,0,0,0,0,0,0,0,0,0,0,0,0,0
C5120ST,9,159,District-Farrukhabad,Rural,5-9,0,0,0,0,0,0,0,0,0,0,0,0,0,0,0,0,0,0,0,0,0,0,0,0,0,0,0
C5120ST,9,159,District-Farrukhabad,Rural,10-19,0,0,0,0,0,0,0,0,0,0,0,0,0,0,0,0,0,0,0,0,0,0,0,0,0,0,0
C5120ST,9,159,District-Farrukhabad,Rural,20-29,0,0,0,0,0,0,0,0,0,0,0,0,0,0,0,0,0,0,0,0,0,0,0,0,0,0,0
C5120ST,9,159,District-Farrukhabad,Rural,30-39,0,0,0,0,0,0,0,0,0,0,0,0,0,0,0,0,0,0,0,0,0,0,0,0,0,0,0
C5120ST,9,159,District-Farrukhabad,Rural,40-49,2,2,0,0,0,0,1,1,0,0,0,0,1,1,0,0,0,0,0,0,0,0,0,0,0,0,0
C5120ST,9,159,District-Farrukhabad,Rural,50-59,0,0,0,0,0,0,0,0,0,0,0,0,0,0,0,0,0,0,0,0,0,0,0,0,0,0,0
C5120ST,9,159,District-Farrukhabad,Rural,60-69,0,0,0,0,0,0,0,0,0,0,0,0,0,0,0,0,0,0,0,0,0,0,0,0,0,0,0
C5120ST,9,159,District-Farrukhabad,Rural,70-79,0,0,0,0,0,0,0,0,0,0,0,0,0,0,0,0,0,0,0,0,0,0,0,0,0,0,0
C5120ST,9,159,District-Farrukhabad,Rural,80-89,0,0,0,0,0,0,0,0,0,0,0,0,0,0,0,0,0,0,0,0,0,0,0,0,0,0,0
C5120ST,9,159,District-Farrukhabad,Rural,90+,0,0,0,0,0,0,0,0,0,0,0,0,0,0,0,0,0,0,0,0,0,0,0,0,0,0,0
C5120ST,9,159,District-Farrukhabad,Rural,Age Not Stated,0,0,0,0,0,0,0,0,0,0,0,0,0,0,0,0,0,0,0,0,0,0,0,0,0,0,0
C5120ST,9,159,District-Farrukhabad,Urban,Total,0,0,0,0,0,0,0,0,0,0,0,0,0,0,0,0,0,0,0,0,0,0,0,0,0,0,0
C5120ST,9,159,District-Farrukhabad,Urban,0-4,0,0,0,0,0,0,0,0,0,0,0,0,0,0,0,0,0,0,0,0,0,0,0,0,0,0,0
C5120ST,9,159,District-Farrukhabad,Urban,5-9,0,0,0,0,0,0,0,0,0,0,0,0,0,0,0,0,0,0,0,0,0,0,0,0,0,0,0
C5120ST,9,159,District-Farrukhabad,Urban,10-19,0,0,0,0,0,0,0,0,0,0,0,0,0,0,0,0,0,0,0,0,0,0,0,0,0,0,0
C5120ST,9,159,District-Farrukhabad,Urban,20-29,0,0,0,0,0,0,0,0,0,0,0,0,0,0,0,0,0,0,0,0,0,0,0,0,0,0,0
C5120ST,9,159,District-Farrukhabad,Urban,30-39,0,0,0,0,0,0,0,0,0,0,0,0,0,0,0,0,0,0,0,0,0,0,0,0,0,0,0
C5120ST,9,159,District-Farrukhabad,Urban,40-49,0,0,0,0,0,0,0,0,0,0,0,0,0,0,0,0,0,0,0,0,0,0,0,0,0,0,0
C5120ST,9,159,District-Farrukhabad,Urban,50-59,0,0,0,0,0,0,0,0,0,0,0,0,0,0,0,0,0,0,0,0,0,0,0,0,0,0,0
C5120ST,9,159,District-Farrukhabad,Urban,60-69,0,0,0,0,0,0,0,0,0,0,0,0,0,0,0,0,0,0,0,0,0,0,0,0,0,0,0
C5120ST,9,159,District-Farrukhabad,Urban,70-79,0,0,0,0,0,0,0,0,0,0,0,0,0,0,0,0,0,0,0,0,0,0,0,0,0,0,0
C5120ST,9,159,District-Farrukhabad,Urban,80-89,0,0,0,0,0,0,0,0,0,0,0,0,0,0,0,0,0,0,0,0,0,0,0,0,0,0,0
C5120ST,9,159,District-Farrukhabad,Urban,90+,0,0,0,0,0,0,0,0,0,0,0,0,0,0,0,0,0,0,0,0,0,0,0,0,0,0,0
C5120ST,9,159,District-Farrukhabad,Urban,Age Not Stated,0,0,0,0,0,0,0,0,0,0,0,0,0,0,0,0,0,0,0,0,0,0,0,0,0,0,0
C5120ST,9,160,District-Kannauj,Total,Total,1,0,1,0,0,0,0,0,0,0,0,0,0,0,0,0,0,0,0,0,0,1,0,1,0,0,0
C5120ST,9,160,District-Kannauj,Total,0-4,0,0,0,0,0,0,0,0,0,0,0,0,0,0,0,0,0,0,0,0,0,0,0,0,0,0,0
C5120ST,9,160,District-Kannauj,Total,5-9,0,0,0,0,0,0,0,0,0,0,0,0,0,0,0,0,0,0,0,0,0,0,0,0,0,0,0
C5120ST,9,160,District-Kannauj,Total,10-19,0,0,0,0,0,0,0,0,0,0,0,0,0,0,0,0,0,0,0,0,0,0,0,0,0,0,0
C5120ST,9,160,District-Kannauj,Total,20-29,1,0,1,0,0,0,0,0,0,0,0,0,0,0,0,0,0,0,0,0,0,1,0,1,0,0,0
C5120ST,9,160,District-Kannauj,Total,30-39,0,0,0,0,0,0,0,0,0,0,0,0,0,0,0,0,0,0,0,0,0,0,0,0,0,0,0
C5120ST,9,160,District-Kannauj,Total,40-49,0,0,0,0,0,0,0,0,0,0,0,0,0,0,0,0,0,0,0,0,0,0,0,0,0,0,0
C5120ST,9,160,District-Kannauj,Total,50-59,0,0,0,0,0,0,0,0,0,0,0,0,0,0,0,0,0,0,0,0,0,0,0,0,0,0,0
C5120ST,9,160,District-Kannauj,Total,60-69,0,0,0,0,0,0,0,0,0,0,0,0,0,0,0,0,0,0,0,0,0,0,0,0,0,0,0
C5120ST,9,160,District-Kannauj,Total,70-79,0,0,0,0,0,0,0,0,0,0,0,0,0,0,0,0,0,0,0,0,0,0,0,0,0,0,0
C5120ST,9,160,District-Kannauj,Total,80-89,0,0,0,0,0,0,0,0,0,0,0,0,0,0,0,0,0,0,0,0,0,0,0,0,0,0,0
C5120ST,9,160,District-Kannauj,Total,90+,0,0,0,0,0,0,0,0,0,0,0,0,0,0,0,0,0,0,0,0,0,0,0,0,0,0,0
C5120ST,9,160,District-Kannauj,Total,Age Not Stated,0,0,0,0,0,0,0,0,0,0,0,0,0,0,0,0,0,0,0,0,0,0,0,0,0,0,0
C5120ST,9,160,District-Kannauj,Rural,Total,0,0,0,0,0,0,0,0,0,0,0,0,0,0,0,0,0,0,0,0,0,0,0,0,0,0,0
C5120ST,9,160,District-Kannauj,Rural,0-4,0,0,0,0,0,0,0,0,0,0,0,0,0,0,0,0,0,0,0,0,0,0,0,0,0,0,0
C5120ST,9,160,District-Kannauj,Rural,5-9,0,0,0,0,0,0,0,0,0,0,0,0,0,0,0,0,0,0,0,0,0,0,0,0,0,0,0
C5120ST,9,160,District-Kannauj,Rural,10-19,0,0,0,0,0,0,0,0,0,0,0,0,0,0,0,0,0,0,0,0,0,0,0,0,0,0,0
C5120ST,9,160,District-Kannauj,Rural,20-29,0,0,0,0,0,0,0,0,0,0,0,0,0,0,0,0,0,0,0,0,0,0,0,0,0,0,0
C5120ST,9,160,District-Kannauj,Rural,30-39,0,0,0,0,0,0,0,0,0,0,0,0,0,0,0,0,0,0,0,0,0,0,0,0,0,0,0
C5120ST,9,160,District-Kannauj,Rural,40-49,0,0,0,0,0,0,0,0,0,0,0,0,0,0,0,0,0,0,0,0,0,0,0,0,0,0,0
C5120ST,9,160,District-Kannauj,Rural,50-59,0,0,0,0,0,0,0,0,0,0,0,0,0,0,0,0,0,0,0,0,0,0,0,0,0,0,0
C5120ST,9,160,District-Kannauj,Rural,60-69,0,0,0,0,0,0,0,0,0,0,0,0,0,0,0,0,0,0,0,0,0,0,0,0,0,0,0
C5120ST,9,160,District-Kannauj,Rural,70-79,0,0,0,0,0,0,0,0,0,0,0,0,0,0,0,0,0,0,0,0,0,0,0,0,0,0,0
C5120ST,9,160,District-Kannauj,Rural,80-89,0,0,0,0,0,0,0,0,0,0,0,0,0,0,0,0,0,0,0,0,0,0,0,0,0,0,0
C5120ST,9,160,District-Kannauj,Rural,90+,0,0,0,0,0,0,0,0,0,0,0,0,0,0,0,0,0,0,0,0,0,0,0,0,0,0,0
C5120ST,9,160,District-Kannauj,Rural,Age Not Stated,0,0,0,0,0,0,0,0,0,0,0,0,0,0,0,0,0,0,0,0,0,0,0,0,0,0,0
C5120ST,9,160,District-Kannauj,Urban,Total,1,0,1,0,0,0,0,0,0,0,0,0,0,0,0,0,0,0,0,0,0,1,0,1,0,0,0
C5120ST,9,160,District-Kannauj,Urban,0-4,0,0,0,0,0,0,0,0,0,0,0,0,0,0,0,0,0,0,0,0,0,0,0,0,0,0,0
C5120ST,9,160,District-Kannauj,Urban,5-9,0,0,0,0,0,0,0,0,0,0,0,0,0,0,0,0,0,0,0,0,0,0,0,0,0,0,0
C5120ST,9,160,District-Kannauj,Urban,10-19,0,0,0,0,0,0,0,0,0,0,0,0,0,0,0,0,0,0,0,0,0,0,0,0,0,0,0
C5120ST,9,160,District-Kannauj,Urban,20-29,1,0,1,0,0,0,0,0,0,0,0,0,0,0,0,0,0,0,0,0,0,1,0,1,0,0,0
C5120ST,9,160,District-Kannauj,Urban,30-39,0,0,0,0,0,0,0,0,0,0,0,0,0,0,0,0,0,0,0,0,0,0,0,0,0,0,0
C5120ST,9,160,District-Kannauj,Urban,40-49,0,0,0,0,0,0,0,0,0,0,0,0,0,0,0,0,0,0,0,0,0,0,0,0,0,0,0
C5120ST,9,160,District-Kannauj,Urban,50-59,0,0,0,0,0,0,0,0,0,0,0,0,0,0,0,0,0,0,0,0,0,0,0,0,0,0,0
C5120ST,9,160,District-Kannauj,Urban,60-69,0,0,0,0,0,0,0,0,0,0,0,0,0,0,0,0,0,0,0,0,0,0,0,0,0,0,0
C5120ST,9,160,District-Kannauj,Urban,70-79,0,0,0,0,0,0,0,0,0,0,0,0,0,0,0,0,0,0,0,0,0,0,0,0,0,0,0
C5120ST,9,160,District-Kannauj,Urban,80-89,0,0,0,0,0,0,0,0,0,0,0,0,0,0,0,0,0,0,0,0,0,0,0,0,0,0,0
C5120ST,9,160,District-Kannauj,Urban,90+,0,0,0,0,0,0,0,0,0,0,0,0,0,0,0,0,0,0,0,0,0,0,0,0,0,0,0
C5120ST,9,160,District-Kannauj,Urban,Age Not Stated,0,0,0,0,0,0,0,0,0,0,0,0,0,0,0,0,0,0,0,0,0,0,0,0,0,0,0
C5120ST,9,161,District-Etawah,Total,Total,2,1,1,0,0,0,0,0,0,0,0,0,2,1,1,0,0,0,0,0,0,0,0,0,0,0,0
C5120ST,9,161,District-Etawah,Total,0-4,0,0,0,0,0,0,0,0,0,0,0,0,0,0,0,0,0,0,0,0,0,0,0,0,0,0,0
C5120ST,9,161,District-Etawah,Total,5-9,0,0,0,0,0,0,0,0,0,0,0,0,0,0,0,0,0,0,0,0,0,0,0,0,0,0,0
C5120ST,9,161,District-Etawah,Total,10-19,1,0,1,0,0,0,0,0,0,0,0,0,1,0,1,0,0,0,0,0,0,0,0,0,0,0,0
C5120ST,9,161,District-Etawah,Total,20-29,0,0,0,0,0,0,0,0,0,0,0,0,0,0,0,0,0,0,0,0,0,0,0,0,0,0,0
C5120ST,9,161,District-Etawah,Total,30-39,0,0,0,0,0,0,0,0,0,0,0,0,0,0,0,0,0,0,0,0,0,0,0,0,0,0,0
C5120ST,9,161,District-Etawah,Total,40-49,1,1,0,0,0,0,0,0,0,0,0,0,1,1,0,0,0,0,0,0,0,0,0,0,0,0,0
C5120ST,9,161,District-Etawah,Total,50-59,0,0,0,0,0,0,0,0,0,0,0,0,0,0,0,0,0,0,0,0,0,0,0,0,0,0,0
C5120ST,9,161,District-Etawah,Total,60-69,0,0,0,0,0,0,0,0,0,0,0,0,0,0,0,0,0,0,0,0,0,0,0,0,0,0,0
C5120ST,9,161,District-Etawah,Total,70-79,0,0,0,0,0,0,0,0,0,0,0,0,0,0,0,0,0,0,0,0,0,0,0,0,0,0,0
C5120ST,9,161,District-Etawah,Total,80-89,0,0,0,0,0,0,0,0,0,0,0,0,0,0,0,0,0,0,0,0,0,0,0,0,0,0,0
C5120ST,9,161,District-Etawah,Total,90+,0,0,0,0,0,0,0,0,0,0,0,0,0,0,0,0,0,0,0,0,0,0,0,0,0,0,0
C5120ST,9,161,District-Etawah,Total,Age Not Stated,0,0,0,0,0,0,0,0,0,0,0,0,0,0,0,0,0,0,0,0,0,0,0,0,0,0,0
C5120ST,9,161,District-Etawah,Rural,Total,2,1,1,0,0,0,0,0,0,0,0,0,2,1,1,0,0,0,0,0,0,0,0,0,0,0,0
C5120ST,9,161,District-Etawah,Rural,0-4,0,0,0,0,0,0,0,0,0,0,0,0,0,0,0,0,0,0,0,0,0,0,0,0,0,0,0
C5120ST,9,161,District-Etawah,Rural,5-9,0,0,0,0,0,0,0,0,0,0,0,0,0,0,0,0,0,0,0,0,0,0,0,0,0,0,0
C5120ST,9,161,District-Etawah,Rural,10-19,1,0,1,0,0,0,0,0,0,0,0,0,1,0,1,0,0,0,0,0,0,0,0,0,0,0,0
C5120ST,9,161,District-Etawah,Rural,20-29,0,0,0,0,0,0,0,0,0,0,0,0,0,0,0,0,0,0,0,0,0,0,0,0,0,0,0
C5120ST,9,161,District-Etawah,Rural,30-39,0,0,0,0,0,0,0,0,0,0,0,0,0,0,0,0,0,0,0,0,0,0,0,0,0,0,0
C5120ST,9,161,District-Etawah,Rural,40-49,1,1,0,0,0,0,0,0,0,0,0,0,1,1,0,0,0,0,0,0,0,0,0,0,0,0,0
C5120ST,9,161,District-Etawah,Rural,50-59,0,0,0,0,0,0,0,0,0,0,0,0,0,0,0,0,0,0,0,0,0,0,0,0,0,0,0
C5120ST,9,161,District-Etawah,Rural,60-69,0,0,0,0,0,0,0,0,0,0,0,0,0,0,0,0,0,0,0,0,0,0,0,0,0,0,0
C5120ST,9,161,District-Etawah,Rural,70-79,0,0,0,0,0,0,0,0,0,0,0,0,0,0,0,0,0,0,0,0,0,0,0,0,0,0,0
C5120ST,9,161,District-Etawah,Rural,80-89,0,0,0,0,0,0,0,0,0,0,0,0,0,0,0,0,0,0,0,0,0,0,0,0,0,0,0
C5120ST,9,161,District-Etawah,Rural,90+,0,0,0,0,0,0,0,0,0,0,0,0,0,0,0,0,0,0,0,0,0,0,0,0,0,0,0
C5120ST,9,161,District-Etawah,Rural,Age Not Stated,0,0,0,0,0,0,0,0,0,0,0,0,0,0,0,0,0,0,0,0,0,0,0,0,0,0,0
C5120ST,9,161,District-Etawah,Urban,Total,0,0,0,0,0,0,0,0,0,0,0,0,0,0,0,0,0,0,0,0,0,0,0,0,0,0,0
C5120ST,9,161,District-Etawah,Urban,0-4,0,0,0,0,0,0,0,0,0,0,0,0,0,0,0,0,0,0,0,0,0,0,0,0,0,0,0
C5120ST,9,161,District-Etawah,Urban,5-9,0,0,0,0,0,0,0,0,0,0,0,0,0,0,0,0,0,0,0,0,0,0,0,0,0,0,0
C5120ST,9,161,District-Etawah,Urban,10-19,0,0,0,0,0,0,0,0,0,0,0,0,0,0,0,0,0,0,0,0,0,0,0,0,0,0,0
C5120ST,9,161,District-Etawah,Urban,20-29,0,0,0,0,0,0,0,0,0,0,0,0,0,0,0,0,0,0,0,0,0,0,0,0,0,0,0
C5120ST,9,161,District-Etawah,Urban,30-39,0,0,0,0,0,0,0,0,0,0,0,0,0,0,0,0,0,0,0,0,0,0,0,0,0,0,0
C5120ST,9,161,District-Etawah,Urban,40-49,0,0,0,0,0,0,0,0,0,0,0,0,0,0,0,0,0,0,0,0,0,0,0,0,0,0,0
C5120ST,9,161,District-Etawah,Urban,50-59,0,0,0,0,0,0,0,0,0,0,0,0,0,0,0,0,0,0,0,0,0,0,0,0,0,0,0
C5120ST,9,161,District-Etawah,Urban,60-69,0,0,0,0,0,0,0,0,0,0,0,0,0,0,0,0,0,0,0,0,0,0,0,0,0,0,0
C5120ST,9,161,District-Etawah,Urban,70-79,0,0,0,0,0,0,0,0,0,0,0,0,0,0,0,0,0,0,0,0,0,0,0,0,0,0,0
C5120ST,9,161,District-Etawah,Urban,80-89,0,0,0,0,0,0,0,0,0,0,0,0,0,0,0,0,0,0,0,0,0,0,0,0,0,0,0
C5120ST,9,161,District-Etawah,Urban,90+,0,0,0,0,0,0,0,0,0,0,0,0,0,0,0,0,0,0,0,0,0,0,0,0,0,0,0
C5120ST,9,161,District-Etawah,Urban,Age Not Stated,0,0,0,0,0,0,0,0,0,0,0,0,0,0,0,0,0,0,0,0,0,0,0,0,0,0,0
C5120ST,9,162,District-Auraiya,Total,Total,7,5,2,1,0,1,4,3,1,0,0,0,1,1,0,0,0,0,0,0,0,1,1,0,0,0,0
C5120ST,9,162,District-Auraiya,Total,0-4,0,0,0,0,0,0,0,0,0,0,0,0,0,0,0,0,0,0,0,0,0,0,0,0,0,0,0
C5120ST,9,162,District-Auraiya,Total,5-9,1,1,0,0,0,0,1,1,0,0,0,0,0,0,0,0,0,0,0,0,0,0,0,0,0,0,0
C5120ST,9,162,District-Auraiya,Total,10-19,3,2,1,1,0,1,1,1,0,0,0,0,0,0,0,0,0,0,0,0,0,1,1,0,0,0,0
C5120ST,9,162,District-Auraiya,Total,20-29,3,2,1,0,0,0,2,1,1,0,0,0,1,1,0,0,0,0,0,0,0,0,0,0,0,0,0
C5120ST,9,162,District-Auraiya,Total,30-39,0,0,0,0,0,0,0,0,0,0,0,0,0,0,0,0,0,0,0,0,0,0,0,0,0,0,0
C5120ST,9,162,District-Auraiya,Total,40-49,0,0,0,0,0,0,0,0,0,0,0,0,0,0,0,0,0,0,0,0,0,0,0,0,0,0,0
C5120ST,9,162,District-Auraiya,Total,50-59,0,0,0,0,0,0,0,0,0,0,0,0,0,0,0,0,0,0,0,0,0,0,0,0,0,0,0
C5120ST,9,162,District-Auraiya,Total,60-69,0,0,0,0,0,0,0,0,0,0,0,0,0,0,0,0,0,0,0,0,0,0,0,0,0,0,0
C5120ST,9,162,District-Auraiya,Total,70-79,0,0,0,0,0,0,0,0,0,0,0,0,0,0,0,0,0,0,0,0,0,0,0,0,0,0,0
C5120ST,9,162,District-Auraiya,Total,80-89,0,0,0,0,0,0,0,0,0,0,0,0,0,0,0,0,0,0,0,0,0,0,0,0,0,0,0
C5120ST,9,162,District-Auraiya,Total,90+,0,0,0,0,0,0,0,0,0,0,0,0,0,0,0,0,0,0,0,0,0,0,0,0,0,0,0
C5120ST,9,162,District-Auraiya,Total,Age Not Stated,0,0,0,0,0,0,0,0,0,0,0,0,0,0,0,0,0,0,0,0,0,0,0,0,0,0,0
C5120ST,9,162,District-Auraiya,Rural,Total,2,2,0,0,0,0,0,0,0,0,0,0,1,1,0,0,0,0,0,0,0,1,1,0,0,0,0
C5120ST,9,162,District-Auraiya,Rural,0-4,0,0,0,0,0,0,0,0,0,0,0,0,0,0,0,0,0,0,0,0,0,0,0,0,0,0,0
C5120ST,9,162,District-Auraiya,Rural,5-9,0,0,0,0,0,0,0,0,0,0,0,0,0,0,0,0,0,0,0,0,0,0,0,0,0,0,0
C5120ST,9,162,District-Auraiya,Rural,10-19,1,1,0,0,0,0,0,0,0,0,0,0,0,0,0,0,0,0,0,0,0,1,1,0,0,0,0
C5120ST,9,162,District-Auraiya,Rural,20-29,1,1,0,0,0,0,0,0,0,0,0,0,1,1,0,0,0,0,0,0,0,0,0,0,0,0,0
C5120ST,9,162,District-Auraiya,Rural,30-39,0,0,0,0,0,0,0,0,0,0,0,0,0,0,0,0,0,0,0,0,0,0,0,0,0,0,0
C5120ST,9,162,District-Auraiya,Rural,40-49,0,0,0,0,0,0,0,0,0,0,0,0,0,0,0,0,0,0,0,0,0,0,0,0,0,0,0
C5120ST,9,162,District-Auraiya,Rural,50-59,0,0,0,0,0,0,0,0,0,0,0,0,0,0,0,0,0,0,0,0,0,0,0,0,0,0,0
C5120ST,9,162,District-Auraiya,Rural,60-69,0,0,0,0,0,0,0,0,0,0,0,0,0,0,0,0,0,0,0,0,0,0,0,0,0,0,0
C5120ST,9,162,District-Auraiya,Rural,70-79,0,0,0,0,0,0,0,0,0,0,0,0,0,0,0,0,0,0,0,0,0,0,0,0,0,0,0
C5120ST,9,162,District-Auraiya,Rural,80-89,0,0,0,0,0,0,0,0,0,0,0,0,0,0,0,0,0,0,0,0,0,0,0,0,0,0,0
C5120ST,9,162,District-Auraiya,Rural,90+,0,0,0,0,0,0,0,0,0,0,0,0,0,0,0,0,0,0,0,0,0,0,0,0,0,0,0
C5120ST,9,162,District-Auraiya,Rural,Age Not Stated,0,0,0,0,0,0,0,0,0,0,0,0,0,0,0,0,0,0,0,0,0,0,0,0,0,0,0
C5120ST,9,162,District-Auraiya,Urban,Total,5,3,2,1,0,1,4,3,1,0,0,0,0,0,0,0,0,0,0,0,0,0,0,0,0,0,0
C5120ST,9,162,District-Auraiya,Urban,0-4,0,0,0,0,0,0,0,0,0,0,0,0,0,0,0,0,0,0,0,0,0,0,0,0,0,0,0
C5120ST,9,162,District-Auraiya,Urban,5-9,1,1,0,0,0,0,1,1,0,0,0,0,0,0,0,0,0,0,0,0,0,0,0,0,0,0,0
C5120ST,9,162,District-Auraiya,Urban,10-19,2,1,1,1,0,1,1,1,0,0,0,0,0,0,0,0,0,0,0,0,0,0,0,0,0,0,0
C5120ST,9,162,District-Auraiya,Urban,20-29,2,1,1,0,0,0,2,1,1,0,0,0,0,0,0,0,0,0,0,0,0,0,0,0,0,0,0
C5120ST,9,162,District-Auraiya,Urban,30-39,0,0,0,0,0,0,0,0,0,0,0,0,0,0,0,0,0,0,0,0,0,0,0,0,0,0,0
C5120ST,9,162,District-Auraiya,Urban,40-49,0,0,0,0,0,0,0,0,0,0,0,0,0,0,0,0,0,0,0,0,0,0,0,0,0,0,0
C5120ST,9,162,District-Auraiya,Urban,50-59,0,0,0,0,0,0,0,0,0,0,0,0,0,0,0,0,0,0,0,0,0,0,0,0,0,0,0
C5120ST,9,162,District-Auraiya,Urban,60-69,0,0,0,0,0,0,0,0,0,0,0,0,0,0,0,0,0,0,0,0,0,0,0,0,0,0,0
C5120ST,9,162,District-Auraiya,Urban,70-79,0,0,0,0,0,0,0,0,0,0,0,0,0,0,0,0,0,0,0,0,0,0,0,0,0,0,0
C5120ST,9,162,District-Auraiya,Urban,80-89,0,0,0,0,0,0,0,0,0,0,0,0,0,0,0,0,0,0,0,0,0,0,0,0,0,0,0
C5120ST,9,162,District-Auraiya,Urban,90+,0,0,0,0,0,0,0,0,0,0,0,0,0,0,0,0,0,0,0,0,0,0,0,0,0,0,0
C5120ST,9,162,District-Auraiya,Urban,Age Not Stated,0,0,0,0,0,0,0,0,0,0,0,0,0,0,0,0,0,0,0,0,0,0,0,0,0,0,0
C5120ST,9,163,District-Kanpur Dehat,Total,Total,24,14,10,2,2,0,3,0,3,2,0,2,8,6,2,0,0,0,0,0,0,7,4,3,2,2,0
C5120ST,9,163,District-Kanpur Dehat,Total,0-4,0,0,0,0,0,0,0,0,0,0,0,0,0,0,0,0,0,0,0,0,0,0,0,0,0,0,0
C5120ST,9,163,District-Kanpur Dehat,Total,5-9,5,4,1,1,1,0,0,0,0,0,0,0,2,2,0,0,0,0,0,0,0,2,1,1,0,0,0
C5120ST,9,163,District-Kanpur Dehat,Total,10-19,11,6,5,0,0,0,0,0,0,2,0,2,4,3,1,0,0,0,0,0,0,4,2,2,1,1,0
C5120ST,9,163,District-Kanpur Dehat,Total,20-29,0,0,0,0,0,0,0,0,0,0,0,0,0,0,0,0,0,0,0,0,0,0,0,0,0,0,0
C5120ST,9,163,District-Kanpur Dehat,Total,30-39,1,1,0,0,0,0,0,0,0,0,0,0,0,0,0,0,0,0,0,0,0,1,1,0,0,0,0
C5120ST,9,163,District-Kanpur Dehat,Total,40-49,2,1,1,1,1,0,0,0,0,0,0,0,1,0,1,0,0,0,0,0,0,0,0,0,0,0,0
C5120ST,9,163,District-Kanpur Dehat,Total,50-59,1,1,0,0,0,0,0,0,0,0,0,0,0,0,0,0,0,0,0,0,0,0,0,0,1,1,0
C5120ST,9,163,District-Kanpur Dehat,Total,60-69,3,1,2,0,0,0,2,0,2,0,0,0,1,1,0,0,0,0,0,0,0,0,0,0,0,0,0
C5120ST,9,163,District-Kanpur Dehat,Total,70-79,1,0,1,0,0,0,1,0,1,0,0,0,0,0,0,0,0,0,0,0,0,0,0,0,0,0,0
C5120ST,9,163,District-Kanpur Dehat,Total,80-89,0,0,0,0,0,0,0,0,0,0,0,0,0,0,0,0,0,0,0,0,0,0,0,0,0,0,0
C5120ST,9,163,District-Kanpur Dehat,Total,90+,0,0,0,0,0,0,0,0,0,0,0,0,0,0,0,0,0,0,0,0,0,0,0,0,0,0,0
C5120ST,9,163,District-Kanpur Dehat,Total,Age Not Stated,0,0,0,0,0,0,0,0,0,0,0,0,0,0,0,0,0,0,0,0,0,0,0,0,0,0,0
C5120ST,9,163,District-Kanpur Dehat,Rural,Total,21,11,10,2,2,0,3,0,3,2,0,2,6,4,2,0,0,0,0,0,0,6,3,3,2,2,0
C5120ST,9,163,District-Kanpur Dehat,Rural,0-4,0,0,0,0,0,0,0,0,0,0,0,0,0,0,0,0,0,0,0,0,0,0,0,0,0,0,0
C5120ST,9,163,District-Kanpur Dehat,Rural,5-9,5,4,1,1,1,0,0,0,0,0,0,0,2,2,0,0,0,0,0,0,0,2,1,1,0,0,0
C5120ST,9,163,District-Kanpur Dehat,Rural,10-19,9,4,5,0,0,0,0,0,0,2,0,2,3,2,1,0,0,0,0,0,0,3,1,2,1,1,0
C5120ST,9,163,District-Kanpur Dehat,Rural,20-29,0,0,0,0,0,0,0,0,0,0,0,0,0,0,0,0,0,0,0,0,0,0,0,0,0,0,0
C5120ST,9,163,District-Kanpur Dehat,Rural,30-39,1,1,0,0,0,0,0,0,0,0,0,0,0,0,0,0,0,0,0,0,0,1,1,0,0,0,0
C5120ST,9,163,District-Kanpur Dehat,Rural,40-49,2,1,1,1,1,0,0,0,0,0,0,0,1,0,1,0,0,0,0,0,0,0,0,0,0,0,0
C5120ST,9,163,District-Kanpur Dehat,Rural,50-59,1,1,0,0,0,0,0,0,0,0,0,0,0,0,0,0,0,0,0,0,0,0,0,0,1,1,0
C5120ST,9,163,District-Kanpur Dehat,Rural,60-69,2,0,2,0,0,0,2,0,2,0,0,0,0,0,0,0,0,0,0,0,0,0,0,0,0,0,0
C5120ST,9,163,District-Kanpur Dehat,Rural,70-79,1,0,1,0,0,0,1,0,1,0,0,0,0,0,0,0,0,0,0,0,0,0,0,0,0,0,0
C5120ST,9,163,District-Kanpur Dehat,Rural,80-89,0,0,0,0,0,0,0,0,0,0,0,0,0,0,0,0,0,0,0,0,0,0,0,0,0,0,0
C5120ST,9,163,District-Kanpur Dehat,Rural,90+,0,0,0,0,0,0,0,0,0,0,0,0,0,0,0,0,0,0,0,0,0,0,0,0,0,0,0
C5120ST,9,163,District-Kanpur Dehat,Rural,Age Not Stated,0,0,0,0,0,0,0,0,0,0,0,0,0,0,0,0,0,0,0,0,0,0,0,0,0,0,0
C5120ST,9,163,District-Kanpur Dehat,Urban,Total,3,3,0,0,0,0,0,0,0,0,0,0,2,2,0,0,0,0,0,0,0,1,1,0,0,0,0
C5120ST,9,163,District-Kanpur Dehat,Urban,0-4,0,0,0,0,0,0,0,0,0,0,0,0,0,0,0,0,0,0,0,0,0,0,0,0,0,0,0
C5120ST,9,163,District-Kanpur Dehat,Urban,5-9,0,0,0,0,0,0,0,0,0,0,0,0,0,0,0,0,0,0,0,0,0,0,0,0,0,0,0
C5120ST,9,163,District-Kanpur Dehat,Urban,10-19,2,2,0,0,0,0,0,0,0,0,0,0,1,1,0,0,0,0,0,0,0,1,1,0,0,0,0
C5120ST,9,163,District-Kanpur Dehat,Urban,20-29,0,0,0,0,0,0,0,0,0,0,0,0,0,0,0,0,0,0,0,0,0,0,0,0,0,0,0
C5120ST,9,163,District-Kanpur Dehat,Urban,30-39,0,0,0,0,0,0,0,0,0,0,0,0,0,0,0,0,0,0,0,0,0,0,0,0,0,0,0
C5120ST,9,163,District-Kanpur Dehat,Urban,40-49,0,0,0,0,0,0,0,0,0,0,0,0,0,0,0,0,0,0,0,0,0,0,0,0,0,0,0
C5120ST,9,163,District-Kanpur Dehat,Urban,50-59,0,0,0,0,0,0,0,0,0,0,0,0,0,0,0,0,0,0,0,0,0,0,0,0,0,0,0
C5120ST,9,163,District-Kanpur Dehat,Urban,60-69,1,1,0,0,0,0,0,0,0,0,0,0,1,1,0,0,0,0,0,0,0,0,0,0,0,0,0
C5120ST,9,163,District-Kanpur Dehat,Urban,70-79,0,0,0,0,0,0,0,0,0,0,0,0,0,0,0,0,0,0,0,0,0,0,0,0,0,0,0
C5120ST,9,163,District-Kanpur Dehat,Urban,80-89,0,0,0,0,0,0,0,0,0,0,0,0,0,0,0,0,0,0,0,0,0,0,0,0,0,0,0
C5120ST,9,163,District-Kanpur Dehat,Urban,90+,0,0,0,0,0,0,0,0,0,0,0,0,0,0,0,0,0,0,0,0,0,0,0,0,0,0,0
C5120ST,9,163,District-Kanpur Dehat,Urban,Age Not Stated,0,0,0,0,0,0,0,0,0,0,0,0,0,0,0,0,0,0,0,0,0,0,0,0,0,0,0
C5120ST,9,164,District-Kanpur Nagar,Total,Total,127,84,43,22,15,7,26,16,10,3,1,2,29,23,6,4,0,4,3,2,1,33,21,12,7,6,1
C5120ST,9,164,District-Kanpur Nagar,Total,0-4,8,5,3,1,0,1,3,3,0,1,0,1,1,1,0,0,0,0,0,0,0,0,0,0,2,1,1
C5120ST,9,164,District-Kanpur Nagar,Total,5-9,12,5,7,1,0,1,4,1,3,2,1,1,3,2,1,0,0,0,0,0,0,1,0,1,1,1,0
C5120ST,9,164,District-Kanpur Nagar,Total,10-19,22,13,9,7,5,2,7,4,3,0,0,0,4,3,1,2,0,2,0,0,0,1,0,1,1,1,0
C5120ST,9,164,District-Kanpur Nagar,Total,20-29,17,11,6,3,2,1,0,0,0,0,0,0,5,4,1,0,0,0,0,0,0,8,4,4,1,1,0
C5120ST,9,164,District-Kanpur Nagar,Total,30-39,17,12,5,2,2,0,3,3,0,0,0,0,6,4,2,0,0,0,2,1,1,4,2,2,0,0,0
C5120ST,9,164,District-Kanpur Nagar,Total,40-49,19,13,6,4,3,1,5,2,3,0,0,0,1,1,0,1,0,1,1,1,0,6,5,1,1,1,0
C5120ST,9,164,District-Kanpur Nagar,Total,50-59,14,10,4,1,1,0,2,1,1,0,0,0,3,3,0,1,0,1,0,0,0,7,5,2,0,0,0
C5120ST,9,164,District-Kanpur Nagar,Total,60-69,9,7,2,1,1,0,2,2,0,0,0,0,4,3,1,0,0,0,0,0,0,2,1,1,0,0,0
C5120ST,9,164,District-Kanpur Nagar,Total,70-79,4,3,1,2,1,1,0,0,0,0,0,0,1,1,0,0,0,0,0,0,0,1,1,0,0,0,0
C5120ST,9,164,District-Kanpur Nagar,Total,80-89,2,2,0,0,0,0,0,0,0,0,0,0,0,0,0,0,0,0,0,0,0,1,1,0,1,1,0
C5120ST,9,164,District-Kanpur Nagar,Total,90+,2,2,0,0,0,0,0,0,0,0,0,0,0,0,0,0,0,0,0,0,0,2,2,0,0,0,0
C5120ST,9,164,District-Kanpur Nagar,Total,Age Not Stated,1,1,0,0,0,0,0,0,0,0,0,0,1,1,0,0,0,0,0,0,0,0,0,0,0,0,0
C5120ST,9,164,District-Kanpur Nagar,Rural,Total,5,4,1,3,2,1,0,0,0,0,0,0,1,1,0,0,0,0,0,0,0,0,0,0,1,1,0
C5120ST,9,164,District-Kanpur Nagar,Rural,0-4,0,0,0,0,0,0,0,0,0,0,0,0,0,0,0,0,0,0,0,0,0,0,0,0,0,0,0
C5120ST,9,164,District-Kanpur Nagar,Rural,5-9,0,0,0,0,0,0,0,0,0,0,0,0,0,0,0,0,0,0,0,0,0,0,0,0,0,0,0
C5120ST,9,164,District-Kanpur Nagar,Rural,10-19,1,1,0,0,0,0,0,0,0,0,0,0,0,0,0,0,0,0,0,0,0,0,0,0,1,1,0
C5120ST,9,164,District-Kanpur Nagar,Rural,20-29,0,0,0,0,0,0,0,0,0,0,0,0,0,0,0,0,0,0,0,0,0,0,0,0,0,0,0
C5120ST,9,164,District-Kanpur Nagar,Rural,30-39,1,1,0,0,0,0,0,0,0,0,0,0,1,1,0,0,0,0,0,0,0,0,0,0,0,0,0
C5120ST,9,164,District-Kanpur Nagar,Rural,40-49,3,2,1,3,2,1,0,0,0,0,0,0,0,0,0,0,0,0,0,0,0,0,0,0,0,0,0
C5120ST,9,164,District-Kanpur Nagar,Rural,50-59,0,0,0,0,0,0,0,0,0,0,0,0,0,0,0,0,0,0,0,0,0,0,0,0,0,0,0
C5120ST,9,164,District-Kanpur Nagar,Rural,60-69,0,0,0,0,0,0,0,0,0,0,0,0,0,0,0,0,0,0,0,0,0,0,0,0,0,0,0
C5120ST,9,164,District-Kanpur Nagar,Rural,70-79,0,0,0,0,0,0,0,0,0,0,0,0,0,0,0,0,0,0,0,0,0,0,0,0,0,0,0
C5120ST,9,164,District-Kanpur Nagar,Rural,80-89,0,0,0,0,0,0,0,0,0,0,0,0,0,0,0,0,0,0,0,0,0,0,0,0,0,0,0
C5120ST,9,164,District-Kanpur Nagar,Rural,90+,0,0,0,0,0,0,0,0,0,0,0,0,0,0,0,0,0,0,0,0,0,0,0,0,0,0,0
C5120ST,9,164,District-Kanpur Nagar,Rural,Age Not Stated,0,0,0,0,0,0,0,0,0,0,0,0,0,0,0,0,0,0,0,0,0,0,0,0,0,0,0
C5120ST,9,164,District-Kanpur Nagar,Urban,Total,122,80,42,19,13,6,26,16,10,3,1,2,28,22,6,4,0,4,3,2,1,33,21,12,6,5,1
C5120ST,9,164,District-Kanpur Nagar,Urban,0-4,8,5,3,1,0,1,3,3,0,1,0,1,1,1,0,0,0,0,0,0,0,0,0,0,2,1,1
C5120ST,9,164,District-Kanpur Nagar,Urban,5-9,12,5,7,1,0,1,4,1,3,2,1,1,3,2,1,0,0,0,0,0,0,1,0,1,1,1,0
C5120ST,9,164,District-Kanpur Nagar,Urban,10-19,21,12,9,7,5,2,7,4,3,0,0,0,4,3,1,2,0,2,0,0,0,1,0,1,0,0,0
C5120ST,9,164,District-Kanpur Nagar,Urban,20-29,17,11,6,3,2,1,0,0,0,0,0,0,5,4,1,0,0,0,0,0,0,8,4,4,1,1,0
C5120ST,9,164,District-Kanpur Nagar,Urban,30-39,16,11,5,2,2,0,3,3,0,0,0,0,5,3,2,0,0,0,2,1,1,4,2,2,0,0,0
C5120ST,9,164,District-Kanpur Nagar,Urban,40-49,16,11,5,1,1,0,5,2,3,0,0,0,1,1,0,1,0,1,1,1,0,6,5,1,1,1,0
C5120ST,9,164,District-Kanpur Nagar,Urban,50-59,14,10,4,1,1,0,2,1,1,0,0,0,3,3,0,1,0,1,0,0,0,7,5,2,0,0,0
C5120ST,9,164,District-Kanpur Nagar,Urban,60-69,9,7,2,1,1,0,2,2,0,0,0,0,4,3,1,0,0,0,0,0,0,2,1,1,0,0,0
C5120ST,9,164,District-Kanpur Nagar,Urban,70-79,4,3,1,2,1,1,0,0,0,0,0,0,1,1,0,0,0,0,0,0,0,1,1,0,0,0,0
C5120ST,9,164,District-Kanpur Nagar,Urban,80-89,2,2,0,0,0,0,0,0,0,0,0,0,0,0,0,0,0,0,0,0,0,1,1,0,1,1,0
C5120ST,9,164,District-Kanpur Nagar,Urban,90+,2,2,0,0,0,0,0,0,0,0,0,0,0,0,0,0,0,0,0,0,0,2,2,0,0,0,0
C5120ST,9,164,District-Kanpur Nagar,Urban,Age Not Stated,1,1,0,0,0,0,0,0,0,0,0,0,1,1,0,0,0,0,0,0,0,0,0,0,0,0,0
C5120ST,9,165,District-Jalaun ,Total,Total,19,12,7,4,1,3,1,0,1,1,0,1,4,4,0,0,0,0,0,0,0,8,7,1,1,0,1
C5120ST,9,165,District-Jalaun ,Total,0-4,1,0,1,0,0,0,1,0,1,0,0,0,0,0,0,0,0,0,0,0,0,0,0,0,0,0,0
C5120ST,9,165,District-Jalaun ,Total,5-9,2,1,1,0,0,0,0,0,0,1,0,1,1,1,0,0,0,0,0,0,0,0,0,0,0,0,0
C5120ST,9,165,District-Jalaun ,Total,10-19,3,3,0,0,0,0,0,0,0,0,0,0,0,0,0,0,0,0,0,0,0,3,3,0,0,0,0
C5120ST,9,165,District-Jalaun ,Total,20-29,3,2,1,1,0,1,0,0,0,0,0,0,1,1,0,0,0,0,0,0,0,1,1,0,0,0,0
C5120ST,9,165,District-Jalaun ,Total,30-39,3,2,1,1,0,1,0,0,0,0,0,0,2,2,0,0,0,0,0,0,0,0,0,0,0,0,0
C5120ST,9,165,District-Jalaun ,Total,40-49,1,1,0,0,0,0,0,0,0,0,0,0,0,0,0,0,0,0,0,0,0,1,1,0,0,0,0
C5120ST,9,165,District-Jalaun ,Total,50-59,0,0,0,0,0,0,0,0,0,0,0,0,0,0,0,0,0,0,0,0,0,0,0,0,0,0,0
C5120ST,9,165,District-Jalaun ,Total,60-69,3,1,2,1,0,1,0,0,0,0,0,0,0,0,0,0,0,0,0,0,0,1,1,0,1,0,1
C5120ST,9,165,District-Jalaun ,Total,70-79,2,2,0,1,1,0,0,0,0,0,0,0,0,0,0,0,0,0,0,0,0,1,1,0,0,0,0
C5120ST,9,165,District-Jalaun ,Total,80-89,0,0,0,0,0,0,0,0,0,0,0,0,0,0,0,0,0,0,0,0,0,0,0,0,0,0,0
C5120ST,9,165,District-Jalaun ,Total,90+,1,0,1,0,0,0,0,0,0,0,0,0,0,0,0,0,0,0,0,0,0,1,0,1,0,0,0
C5120ST,9,165,District-Jalaun ,Total,Age Not Stated,0,0,0,0,0,0,0,0,0,0,0,0,0,0,0,0,0,0,0,0,0,0,0,0,0,0,0
C5120ST,9,165,District-Jalaun ,Rural,Total,6,3,3,2,1,1,1,0,1,1,0,1,2,2,0,0,0,0,0,0,0,0,0,0,0,0,0
C5120ST,9,165,District-Jalaun ,Rural,0-4,1,0,1,0,0,0,1,0,1,0,0,0,0,0,0,0,0,0,0,0,0,0,0,0,0,0,0
C5120ST,9,165,District-Jalaun ,Rural,5-9,2,1,1,0,0,0,0,0,0,1,0,1,1,1,0,0,0,0,0,0,0,0,0,0,0,0,0
C5120ST,9,165,District-Jalaun ,Rural,10-19,0,0,0,0,0,0,0,0,0,0,0,0,0,0,0,0,0,0,0,0,0,0,0,0,0,0,0
C5120ST,9,165,District-Jalaun ,Rural,20-29,0,0,0,0,0,0,0,0,0,0,0,0,0,0,0,0,0,0,0,0,0,0,0,0,0,0,0
C5120ST,9,165,District-Jalaun ,Rural,30-39,1,1,0,0,0,0,0,0,0,0,0,0,1,1,0,0,0,0,0,0,0,0,0,0,0,0,0
C5120ST,9,165,District-Jalaun ,Rural,40-49,0,0,0,0,0,0,0,0,0,0,0,0,0,0,0,0,0,0,0,0,0,0,0,0,0,0,0
C5120ST,9,165,District-Jalaun ,Rural,50-59,0,0,0,0,0,0,0,0,0,0,0,0,0,0,0,0,0,0,0,0,0,0,0,0,0,0,0
C5120ST,9,165,District-Jalaun ,Rural,60-69,1,0,1,1,0,1,0,0,0,0,0,0,0,0,0,0,0,0,0,0,0,0,0,0,0,0,0
C5120ST,9,165,District-Jalaun ,Rural,70-79,1,1,0,1,1,0,0,0,0,0,0,0,0,0,0,0,0,0,0,0,0,0,0,0,0,0,0
C5120ST,9,165,District-Jalaun ,Rural,80-89,0,0,0,0,0,0,0,0,0,0,0,0,0,0,0,0,0,0,0,0,0,0,0,0,0,0,0
C5120ST,9,165,District-Jalaun ,Rural,90+,0,0,0,0,0,0,0,0,0,0,0,0,0,0,0,0,0,0,0,0,0,0,0,0,0,0,0
C5120ST,9,165,District-Jalaun ,Rural,Age Not Stated,0,0,0,0,0,0,0,0,0,0,0,0,0,0,0,0,0,0,0,0,0,0,0,0,0,0,0
C5120ST,9,165,District-Jalaun ,Urban,Total,13,9,4,2,0,2,0,0,0,0,0,0,2,2,0,0,0,0,0,0,0,8,7,1,1,0,1
C5120ST,9,165,District-Jalaun ,Urban,0-4,0,0,0,0,0,0,0,0,0,0,0,0,0,0,0,0,0,0,0,0,0,0,0,0,0,0,0
C5120ST,9,165,District-Jalaun ,Urban,5-9,0,0,0,0,0,0,0,0,0,0,0,0,0,0,0,0,0,0,0,0,0,0,0,0,0,0,0
C5120ST,9,165,District-Jalaun ,Urban,10-19,3,3,0,0,0,0,0,0,0,0,0,0,0,0,0,0,0,0,0,0,0,3,3,0,0,0,0
C5120ST,9,165,District-Jalaun ,Urban,20-29,3,2,1,1,0,1,0,0,0,0,0,0,1,1,0,0,0,0,0,0,0,1,1,0,0,0,0
C5120ST,9,165,District-Jalaun ,Urban,30-39,2,1,1,1,0,1,0,0,0,0,0,0,1,1,0,0,0,0,0,0,0,0,0,0,0,0,0
C5120ST,9,165,District-Jalaun ,Urban,40-49,1,1,0,0,0,0,0,0,0,0,0,0,0,0,0,0,0,0,0,0,0,1,1,0,0,0,0
C5120ST,9,165,District-Jalaun ,Urban,50-59,0,0,0,0,0,0,0,0,0,0,0,0,0,0,0,0,0,0,0,0,0,0,0,0,0,0,0
C5120ST,9,165,District-Jalaun ,Urban,60-69,2,1,1,0,0,0,0,0,0,0,0,0,0,0,0,0,0,0,0,0,0,1,1,0,1,0,1
C5120ST,9,165,District-Jalaun ,Urban,70-79,1,1,0,0,0,0,0,0,0,0,0,0,0,0,0,0,0,0,0,0,0,1,1,0,0,0,0
C5120ST,9,165,District-Jalaun ,Urban,80-89,0,0,0,0,0,0,0,0,0,0,0,0,0,0,0,0,0,0,0,0,0,0,0,0,0,0,0
C5120ST,9,165,District-Jalaun ,Urban,90+,1,0,1,0,0,0,0,0,0,0,0,0,0,0,0,0,0,0,0,0,0,1,0,1,0,0,0
C5120ST,9,165,District-Jalaun ,Urban,Age Not Stated,0,0,0,0,0,0,0,0,0,0,0,0,0,0,0,0,0,0,0,0,0,0,0,0,0,0,0
C5120ST,9,166,District-Jhansi,Total,Total,170,103,67,91,55,36,40,27,13,2,1,1,10,6,4,3,3,0,1,0,1,21,10,11,2,1,1
C5120ST,9,166,District-Jhansi,Total,0-4,7,4,3,4,3,1,0,0,0,0,0,0,0,0,0,0,0,0,0,0,0,3,1,2,0,0,0
C5120ST,9,166,District-Jhansi,Total,5-9,16,10,6,11,8,3,3,1,2,0,0,0,0,0,0,0,0,0,0,0,0,1,1,0,1,0,1
C5120ST,9,166,District-Jhansi,Total,10-19,34,22,12,28,17,11,5,4,1,0,0,0,1,1,0,0,0,0,0,0,0,0,0,0,0,0,0
C5120ST,9,166,District-Jhansi,Total,20-29,29,15,14,6,3,3,9,7,2,2,1,1,3,2,1,2,2,0,1,0,1,6,0,6,0,0,0
C5120ST,9,166,District-Jhansi,Total,30-39,28,18,10,15,9,6,7,4,3,0,0,0,2,2,0,0,0,0,0,0,0,4,3,1,0,0,0
C5120ST,9,166,District-Jhansi,Total,40-49,22,13,9,12,5,7,5,4,1,0,0,0,0,0,0,1,1,0,0,0,0,4,3,1,0,0,0
C5120ST,9,166,District-Jhansi,Total,50-59,9,8,1,5,4,1,3,3,0,0,0,0,0,0,0,0,0,0,0,0,0,1,1,0,0,0,0
C5120ST,9,166,District-Jhansi,Total,60-69,15,7,8,4,2,2,5,2,3,0,0,0,3,1,2,0,0,0,0,0,0,2,1,1,1,1,0
C5120ST,9,166,District-Jhansi,Total,70-79,5,2,3,4,2,2,1,0,1,0,0,0,0,0,0,0,0,0,0,0,0,0,0,0,0,0,0
C5120ST,9,166,District-Jhansi,Total,80-89,1,1,0,1,1,0,0,0,0,0,0,0,0,0,0,0,0,0,0,0,0,0,0,0,0,0,0
C5120ST,9,166,District-Jhansi,Total,90+,1,0,1,0,0,0,0,0,0,0,0,0,1,0,1,0,0,0,0,0,0,0,0,0,0,0,0
C5120ST,9,166,District-Jhansi,Total,Age Not Stated,3,3,0,1,1,0,2,2,0,0,0,0,0,0,0,0,0,0,0,0,0,0,0,0,0,0,0
C5120ST,9,166,District-Jhansi,Rural,Total,88,54,34,66,41,25,7,5,2,0,0,0,7,4,3,2,2,0,0,0,0,5,1,4,1,1,0
C5120ST,9,166,District-Jhansi,Rural,0-4,3,2,1,2,2,0,0,0,0,0,0,0,0,0,0,0,0,0,0,0,0,1,0,1,0,0,0
C5120ST,9,166,District-Jhansi,Rural,5-9,9,6,3,8,6,2,1,0,1,0,0,0,0,0,0,0,0,0,0,0,0,0,0,0,0,0,0
C5120ST,9,166,District-Jhansi,Rural,10-19,28,18,10,26,16,10,1,1,0,0,0,0,1,1,0,0,0,0,0,0,0,0,0,0,0,0,0
C5120ST,9,166,District-Jhansi,Rural,20-29,15,7,8,5,2,3,4,3,1,0,0,0,2,1,1,1,1,0,0,0,0,3,0,3,0,0,0
C5120ST,9,166,District-Jhansi,Rural,30-39,10,7,3,8,5,3,0,0,0,0,0,0,1,1,0,0,0,0,0,0,0,1,1,0,0,0,0
C5120ST,9,166,District-Jhansi,Rural,40-49,12,6,6,11,5,6,0,0,0,0,0,0,0,0,0,1,1,0,0,0,0,0,0,0,0,0,0
C5120ST,9,166,District-Jhansi,Rural,50-59,3,3,0,3,3,0,0,0,0,0,0,0,0,0,0,0,0,0,0,0,0,0,0,0,0,0,0
C5120ST,9,166,District-Jhansi,Rural,60-69,5,4,1,1,1,0,1,1,0,0,0,0,2,1,1,0,0,0,0,0,0,0,0,0,1,1,0
C5120ST,9,166,District-Jhansi,Rural,70-79,1,0,1,1,0,1,0,0,0,0,0,0,0,0,0,0,0,0,0,0,0,0,0,0,0,0,0
C5120ST,9,166,District-Jhansi,Rural,80-89,1,1,0,1,1,0,0,0,0,0,0,0,0,0,0,0,0,0,0,0,0,0,0,0,0,0,0
C5120ST,9,166,District-Jhansi,Rural,90+,1,0,1,0,0,0,0,0,0,0,0,0,1,0,1,0,0,0,0,0,0,0,0,0,0,0,0
C5120ST,9,166,District-Jhansi,Rural,Age Not Stated,0,0,0,0,0,0,0,0,0,0,0,0,0,0,0,0,0,0,0,0,0,0,0,0,0,0,0
C5120ST,9,166,District-Jhansi,Urban,Total,82,49,33,25,14,11,33,22,11,2,1,1,3,2,1,1,1,0,1,0,1,16,9,7,1,0,1
C5120ST,9,166,District-Jhansi,Urban,0-4,4,2,2,2,1,1,0,0,0,0,0,0,0,0,0,0,0,0,0,0,0,2,1,1,0,0,0
C5120ST,9,166,District-Jhansi,Urban,5-9,7,4,3,3,2,1,2,1,1,0,0,0,0,0,0,0,0,0,0,0,0,1,1,0,1,0,1
C5120ST,9,166,District-Jhansi,Urban,10-19,6,4,2,2,1,1,4,3,1,0,0,0,0,0,0,0,0,0,0,0,0,0,0,0,0,0,0
C5120ST,9,166,District-Jhansi,Urban,20-29,14,8,6,1,1,0,5,4,1,2,1,1,1,1,0,1,1,0,1,0,1,3,0,3,0,0,0
C5120ST,9,166,District-Jhansi,Urban,30-39,18,11,7,7,4,3,7,4,3,0,0,0,1,1,0,0,0,0,0,0,0,3,2,1,0,0,0
C5120ST,9,166,District-Jhansi,Urban,40-49,10,7,3,1,0,1,5,4,1,0,0,0,0,0,0,0,0,0,0,0,0,4,3,1,0,0,0
C5120ST,9,166,District-Jhansi,Urban,50-59,6,5,1,2,1,1,3,3,0,0,0,0,0,0,0,0,0,0,0,0,0,1,1,0,0,0,0
C5120ST,9,166,District-Jhansi,Urban,60-69,10,3,7,3,1,2,4,1,3,0,0,0,1,0,1,0,0,0,0,0,0,2,1,1,0,0,0
C5120ST,9,166,District-Jhansi,Urban,70-79,4,2,2,3,2,1,1,0,1,0,0,0,0,0,0,0,0,0,0,0,0,0,0,0,0,0,0
C5120ST,9,166,District-Jhansi,Urban,80-89,0,0,0,0,0,0,0,0,0,0,0,0,0,0,0,0,0,0,0,0,0,0,0,0,0,0,0
C5120ST,9,166,District-Jhansi,Urban,90+,0,0,0,0,0,0,0,0,0,0,0,0,0,0,0,0,0,0,0,0,0,0,0,0,0,0,0
C5120ST,9,166,District-Jhansi,Urban,Age Not Stated,3,3,0,1,1,0,2,2,0,0,0,0,0,0,0,0,0,0,0,0,0,0,0,0,0,0,0
C5120ST,9,167,District-Lalitpur,Total,Total,826,473,353,176,86,90,152,84,68,33,21,12,232,153,79,30,17,13,7,2,5,152,86,66,44,24,20
C5120ST,9,167,District-Lalitpur,Total,0-4,65,37,28,12,3,9,21,14,7,1,0,1,11,9,2,3,2,1,0,0,0,16,9,7,1,0,1
C5120ST,9,167,District-Lalitpur,Total,5-9,97,56,41,18,11,7,21,12,9,2,0,2,22,15,7,6,2,4,0,0,0,25,14,11,3,2,1
C5120ST,9,167,District-Lalitpur,Total,10-19,162,96,66,31,18,13,24,6,18,13,10,3,47,34,13,11,7,4,2,2,0,29,16,13,5,3,2
C5120ST,9,167,District-Lalitpur,Total,20-29,122,73,49,17,10,7,18,11,7,8,5,3,46,27,19,3,1,2,0,0,0,24,15,9,6,4,2
C5120ST,9,167,District-Lalitpur,Total,30-39,95,63,32,16,8,8,19,13,6,1,1,0,32,25,7,4,2,2,2,0,2,20,13,7,1,1,0
C5120ST,9,167,District-Lalitpur,Total,40-49,69,48,21,15,9,6,13,11,2,2,1,1,20,15,5,1,1,0,2,0,2,14,9,5,2,2,0
C5120ST,9,167,District-Lalitpur,Total,50-59,47,24,23,10,4,6,10,4,6,3,2,1,11,8,3,1,1,0,1,0,1,11,5,6,0,0,0
C5120ST,9,167,District-Lalitpur,Total,60-69,97,43,54,26,11,15,18,8,10,2,1,1,28,13,15,1,1,0,0,0,0,11,3,8,11,6,5
C5120ST,9,167,District-Lalitpur,Total,70-79,63,29,34,30,12,18,7,4,3,1,1,0,10,6,4,0,0,0,0,0,0,1,1,0,14,5,9
C5120ST,9,167,District-Lalitpur,Total,80-89,6,2,4,1,0,1,0,0,0,0,0,0,4,1,3,0,0,0,0,0,0,0,0,0,1,1,0
C5120ST,9,167,District-Lalitpur,Total,90+,1,1,0,0,0,0,1,1,0,0,0,0,0,0,0,0,0,0,0,0,0,0,0,0,0,0,0
C5120ST,9,167,District-Lalitpur,Total,Age Not Stated,2,1,1,0,0,0,0,0,0,0,0,0,1,0,1,0,0,0,0,0,0,1,1,0,0,0,0
C5120ST,9,167,District-Lalitpur,Rural,Total,809,459,350,174,84,90,150,83,67,33,21,12,227,148,79,29,16,13,7,2,5,147,83,64,42,22,20
C5120ST,9,167,District-Lalitpur,Rural,0-4,64,36,28,12,3,9,21,14,7,1,0,1,11,9,2,3,2,1,0,0,0,15,8,7,1,0,1
C5120ST,9,167,District-Lalitpur,Rural,5-9,92,52,40,17,10,7,20,11,9,2,0,2,21,14,7,6,2,4,0,0,0,24,14,10,2,1,1
C5120ST,9,167,District-Lalitpur,Rural,10-19,159,94,65,31,18,13,24,6,18,13,10,3,45,32,13,11,7,4,2,2,0,28,16,12,5,3,2
C5120ST,9,167,District-Lalitpur,Rural,20-29,118,70,48,16,9,7,17,11,6,8,5,3,45,26,19,3,1,2,0,0,0,23,14,9,6,4,2
C5120ST,9,167,District-Lalitpur,Rural,30-39,94,62,32,16,8,8,19,13,6,1,1,0,31,24,7,4,2,2,2,0,2,20,13,7,1,1,0
C5120ST,9,167,District-Lalitpur,Rural,40-49,69,48,21,15,9,6,13,11,2,2,1,1,20,15,5,1,1,0,2,0,2,14,9,5,2,2,0
C5120ST,9,167,District-Lalitpur,Rural,50-59,46,23,23,10,4,6,10,4,6,3,2,1,11,8,3,0,0,0,1,0,1,11,5,6,0,0,0
C5120ST,9,167,District-Lalitpur,Rural,60-69,95,41,54,26,11,15,18,8,10,2,1,1,28,13,15,1,1,0,0,0,0,10,2,8,10,5,5
C5120ST,9,167,District-Lalitpur,Rural,70-79,63,29,34,30,12,18,7,4,3,1,1,0,10,6,4,0,0,0,0,0,0,1,1,0,14,5,9
C5120ST,9,167,District-Lalitpur,Rural,80-89,6,2,4,1,0,1,0,0,0,0,0,0,4,1,3,0,0,0,0,0,0,0,0,0,1,1,0
C5120ST,9,167,District-Lalitpur,Rural,90+,1,1,0,0,0,0,1,1,0,0,0,0,0,0,0,0,0,0,0,0,0,0,0,0,0,0,0
C5120ST,9,167,District-Lalitpur,Rural,Age Not Stated,2,1,1,0,0,0,0,0,0,0,0,0,1,0,1,0,0,0,0,0,0,1,1,0,0,0,0
C5120ST,9,167,District-Lalitpur,Urban,Total,17,14,3,2,2,0,2,1,1,0,0,0,5,5,0,1,1,0,0,0,0,5,3,2,2,2,0
C5120ST,9,167,District-Lalitpur,Urban,0-4,1,1,0,0,0,0,0,0,0,0,0,0,0,0,0,0,0,0,0,0,0,1,1,0,0,0,0
C5120ST,9,167,District-Lalitpur,Urban,5-9,5,4,1,1,1,0,1,1,0,0,0,0,1,1,0,0,0,0,0,0,0,1,0,1,1,1,0
C5120ST,9,167,District-Lalitpur,Urban,10-19,3,2,1,0,0,0,0,0,0,0,0,0,2,2,0,0,0,0,0,0,0,1,0,1,0,0,0
C5120ST,9,167,District-Lalitpur,Urban,20-29,4,3,1,1,1,0,1,0,1,0,0,0,1,1,0,0,0,0,0,0,0,1,1,0,0,0,0
C5120ST,9,167,District-Lalitpur,Urban,30-39,1,1,0,0,0,0,0,0,0,0,0,0,1,1,0,0,0,0,0,0,0,0,0,0,0,0,0
C5120ST,9,167,District-Lalitpur,Urban,40-49,0,0,0,0,0,0,0,0,0,0,0,0,0,0,0,0,0,0,0,0,0,0,0,0,0,0,0
C5120ST,9,167,District-Lalitpur,Urban,50-59,1,1,0,0,0,0,0,0,0,0,0,0,0,0,0,1,1,0,0,0,0,0,0,0,0,0,0
C5120ST,9,167,District-Lalitpur,Urban,60-69,2,2,0,0,0,0,0,0,0,0,0,0,0,0,0,0,0,0,0,0,0,1,1,0,1,1,0
C5120ST,9,167,District-Lalitpur,Urban,70-79,0,0,0,0,0,0,0,0,0,0,0,0,0,0,0,0,0,0,0,0,0,0,0,0,0,0,0
C5120ST,9,167,District-Lalitpur,Urban,80-89,0,0,0,0,0,0,0,0,0,0,0,0,0,0,0,0,0,0,0,0,0,0,0,0,0,0,0
C5120ST,9,167,District-Lalitpur,Urban,90+,0,0,0,0,0,0,0,0,0,0,0,0,0,0,0,0,0,0,0,0,0,0,0,0,0,0,0
C5120ST,9,167,District-Lalitpur,Urban,Age Not Stated,0,0,0,0,0,0,0,0,0,0,0,0,0,0,0,0,0,0,0,0,0,0,0,0,0,0,0
C5120ST,9,168,District-Hamirpur,Total,Total,5,2,3,1,1,0,0,0,0,0,0,0,1,1,0,0,0,0,0,0,0,2,0,2,1,0,1
C5120ST,9,168,District-Hamirpur,Total,0-4,0,0,0,0,0,0,0,0,0,0,0,0,0,0,0,0,0,0,0,0,0,0,0,0,0,0,0
C5120ST,9,168,District-Hamirpur,Total,5-9,1,0,1,0,0,0,0,0,0,0,0,0,0,0,0,0,0,0,0,0,0,1,0,1,0,0,0
C5120ST,9,168,District-Hamirpur,Total,10-19,1,1,0,0,0,0,0,0,0,0,0,0,1,1,0,0,0,0,0,0,0,0,0,0,0,0,0
C5120ST,9,168,District-Hamirpur,Total,20-29,0,0,0,0,0,0,0,0,0,0,0,0,0,0,0,0,0,0,0,0,0,0,0,0,0,0,0
C5120ST,9,168,District-Hamirpur,Total,30-39,0,0,0,0,0,0,0,0,0,0,0,0,0,0,0,0,0,0,0,0,0,0,0,0,0,0,0
C5120ST,9,168,District-Hamirpur,Total,40-49,1,0,1,0,0,0,0,0,0,0,0,0,0,0,0,0,0,0,0,0,0,1,0,1,0,0,0
C5120ST,9,168,District-Hamirpur,Total,50-59,1,1,0,1,1,0,0,0,0,0,0,0,0,0,0,0,0,0,0,0,0,0,0,0,0,0,0
C5120ST,9,168,District-Hamirpur,Total,60-69,1,0,1,0,0,0,0,0,0,0,0,0,0,0,0,0,0,0,0,0,0,0,0,0,1,0,1
C5120ST,9,168,District-Hamirpur,Total,70-79,0,0,0,0,0,0,0,0,0,0,0,0,0,0,0,0,0,0,0,0,0,0,0,0,0,0,0
C5120ST,9,168,District-Hamirpur,Total,80-89,0,0,0,0,0,0,0,0,0,0,0,0,0,0,0,0,0,0,0,0,0,0,0,0,0,0,0
C5120ST,9,168,District-Hamirpur,Total,90+,0,0,0,0,0,0,0,0,0,0,0,0,0,0,0,0,0,0,0,0,0,0,0,0,0,0,0
C5120ST,9,168,District-Hamirpur,Total,Age Not Stated,0,0,0,0,0,0,0,0,0,0,0,0,0,0,0,0,0,0,0,0,0,0,0,0,0,0,0
C5120ST,9,168,District-Hamirpur,Rural,Total,0,0,0,0,0,0,0,0,0,0,0,0,0,0,0,0,0,0,0,0,0,0,0,0,0,0,0
C5120ST,9,168,District-Hamirpur,Rural,0-4,0,0,0,0,0,0,0,0,0,0,0,0,0,0,0,0,0,0,0,0,0,0,0,0,0,0,0
C5120ST,9,168,District-Hamirpur,Rural,5-9,0,0,0,0,0,0,0,0,0,0,0,0,0,0,0,0,0,0,0,0,0,0,0,0,0,0,0
C5120ST,9,168,District-Hamirpur,Rural,10-19,0,0,0,0,0,0,0,0,0,0,0,0,0,0,0,0,0,0,0,0,0,0,0,0,0,0,0
C5120ST,9,168,District-Hamirpur,Rural,20-29,0,0,0,0,0,0,0,0,0,0,0,0,0,0,0,0,0,0,0,0,0,0,0,0,0,0,0
C5120ST,9,168,District-Hamirpur,Rural,30-39,0,0,0,0,0,0,0,0,0,0,0,0,0,0,0,0,0,0,0,0,0,0,0,0,0,0,0
C5120ST,9,168,District-Hamirpur,Rural,40-49,0,0,0,0,0,0,0,0,0,0,0,0,0,0,0,0,0,0,0,0,0,0,0,0,0,0,0
C5120ST,9,168,District-Hamirpur,Rural,50-59,0,0,0,0,0,0,0,0,0,0,0,0,0,0,0,0,0,0,0,0,0,0,0,0,0,0,0
C5120ST,9,168,District-Hamirpur,Rural,60-69,0,0,0,0,0,0,0,0,0,0,0,0,0,0,0,0,0,0,0,0,0,0,0,0,0,0,0
C5120ST,9,168,District-Hamirpur,Rural,70-79,0,0,0,0,0,0,0,0,0,0,0,0,0,0,0,0,0,0,0,0,0,0,0,0,0,0,0
C5120ST,9,168,District-Hamirpur,Rural,80-89,0,0,0,0,0,0,0,0,0,0,0,0,0,0,0,0,0,0,0,0,0,0,0,0,0,0,0
C5120ST,9,168,District-Hamirpur,Rural,90+,0,0,0,0,0,0,0,0,0,0,0,0,0,0,0,0,0,0,0,0,0,0,0,0,0,0,0
C5120ST,9,168,District-Hamirpur,Rural,Age Not Stated,0,0,0,0,0,0,0,0,0,0,0,0,0,0,0,0,0,0,0,0,0,0,0,0,0,0,0
C5120ST,9,168,District-Hamirpur,Urban,Total,5,2,3,1,1,0,0,0,0,0,0,0,1,1,0,0,0,0,0,0,0,2,0,2,1,0,1
C5120ST,9,168,District-Hamirpur,Urban,0-4,0,0,0,0,0,0,0,0,0,0,0,0,0,0,0,0,0,0,0,0,0,0,0,0,0,0,0
C5120ST,9,168,District-Hamirpur,Urban,5-9,1,0,1,0,0,0,0,0,0,0,0,0,0,0,0,0,0,0,0,0,0,1,0,1,0,0,0
C5120ST,9,168,District-Hamirpur,Urban,10-19,1,1,0,0,0,0,0,0,0,0,0,0,1,1,0,0,0,0,0,0,0,0,0,0,0,0,0
C5120ST,9,168,District-Hamirpur,Urban,20-29,0,0,0,0,0,0,0,0,0,0,0,0,0,0,0,0,0,0,0,0,0,0,0,0,0,0,0
C5120ST,9,168,District-Hamirpur,Urban,30-39,0,0,0,0,0,0,0,0,0,0,0,0,0,0,0,0,0,0,0,0,0,0,0,0,0,0,0
C5120ST,9,168,District-Hamirpur,Urban,40-49,1,0,1,0,0,0,0,0,0,0,0,0,0,0,0,0,0,0,0,0,0,1,0,1,0,0,0
C5120ST,9,168,District-Hamirpur,Urban,50-59,1,1,0,1,1,0,0,0,0,0,0,0,0,0,0,0,0,0,0,0,0,0,0,0,0,0,0
C5120ST,9,168,District-Hamirpur,Urban,60-69,1,0,1,0,0,0,0,0,0,0,0,0,0,0,0,0,0,0,0,0,0,0,0,0,1,0,1
C5120ST,9,168,District-Hamirpur,Urban,70-79,0,0,0,0,0,0,0,0,0,0,0,0,0,0,0,0,0,0,0,0,0,0,0,0,0,0,0
C5120ST,9,168,District-Hamirpur,Urban,80-89,0,0,0,0,0,0,0,0,0,0,0,0,0,0,0,0,0,0,0,0,0,0,0,0,0,0,0
C5120ST,9,168,District-Hamirpur,Urban,90+,0,0,0,0,0,0,0,0,0,0,0,0,0,0,0,0,0,0,0,0,0,0,0,0,0,0,0
C5120ST,9,168,District-Hamirpur,Urban,Age Not Stated,0,0,0,0,0,0,0,0,0,0,0,0,0,0,0,0,0,0,0,0,0,0,0,0,0,0,0
C5120ST,9,169,District-Mahoba,Total,Total,17,11,6,4,3,1,6,2,4,1,1,0,2,2,0,0,0,0,0,0,0,4,3,1,0,0,0
C5120ST,9,169,District-Mahoba,Total,0-4,3,2,1,0,0,0,0,0,0,0,0,0,1,1,0,0,0,0,0,0,0,2,1,1,0,0,0
C5120ST,9,169,District-Mahoba,Total,5-9,1,1,0,1,1,0,0,0,0,0,0,0,0,0,0,0,0,0,0,0,0,0,0,0,0,0,0
C5120ST,9,169,District-Mahoba,Total,10-19,3,2,1,0,0,0,3,2,1,0,0,0,0,0,0,0,0,0,0,0,0,0,0,0,0,0,0
C5120ST,9,169,District-Mahoba,Total,20-29,1,1,0,0,0,0,0,0,0,0,0,0,0,0,0,0,0,0,0,0,0,1,1,0,0,0,0
C5120ST,9,169,District-Mahoba,Total,30-39,3,2,1,0,0,0,1,0,1,1,1,0,0,0,0,0,0,0,0,0,0,1,1,0,0,0,0
C5120ST,9,169,District-Mahoba,Total,40-49,0,0,0,0,0,0,0,0,0,0,0,0,0,0,0,0,0,0,0,0,0,0,0,0,0,0,0
C5120ST,9,169,District-Mahoba,Total,50-59,0,0,0,0,0,0,0,0,0,0,0,0,0,0,0,0,0,0,0,0,0,0,0,0,0,0,0
C5120ST,9,169,District-Mahoba,Total,60-69,2,1,1,1,0,1,0,0,0,0,0,0,1,1,0,0,0,0,0,0,0,0,0,0,0,0,0
C5120ST,9,169,District-Mahoba,Total,70-79,3,1,2,1,1,0,2,0,2,0,0,0,0,0,0,0,0,0,0,0,0,0,0,0,0,0,0
C5120ST,9,169,District-Mahoba,Total,80-89,1,1,0,1,1,0,0,0,0,0,0,0,0,0,0,0,0,0,0,0,0,0,0,0,0,0,0
C5120ST,9,169,District-Mahoba,Total,90+,0,0,0,0,0,0,0,0,0,0,0,0,0,0,0,0,0,0,0,0,0,0,0,0,0,0,0
C5120ST,9,169,District-Mahoba,Total,Age Not Stated,0,0,0,0,0,0,0,0,0,0,0,0,0,0,0,0,0,0,0,0,0,0,0,0,0,0,0
C5120ST,9,169,District-Mahoba,Rural,Total,4,3,1,1,0,1,0,0,0,0,0,0,1,1,0,0,0,0,0,0,0,2,2,0,0,0,0
C5120ST,9,169,District-Mahoba,Rural,0-4,0,0,0,0,0,0,0,0,0,0,0,0,0,0,0,0,0,0,0,0,0,0,0,0,0,0,0
C5120ST,9,169,District-Mahoba,Rural,5-9,0,0,0,0,0,0,0,0,0,0,0,0,0,0,0,0,0,0,0,0,0,0,0,0,0,0,0
C5120ST,9,169,District-Mahoba,Rural,10-19,0,0,0,0,0,0,0,0,0,0,0,0,0,0,0,0,0,0,0,0,0,0,0,0,0,0,0
C5120ST,9,169,District-Mahoba,Rural,20-29,1,1,0,0,0,0,0,0,0,0,0,0,0,0,0,0,0,0,0,0,0,1,1,0,0,0,0
C5120ST,9,169,District-Mahoba,Rural,30-39,1,1,0,0,0,0,0,0,0,0,0,0,0,0,0,0,0,0,0,0,0,1,1,0,0,0,0
C5120ST,9,169,District-Mahoba,Rural,40-49,0,0,0,0,0,0,0,0,0,0,0,0,0,0,0,0,0,0,0,0,0,0,0,0,0,0,0
C5120ST,9,169,District-Mahoba,Rural,50-59,0,0,0,0,0,0,0,0,0,0,0,0,0,0,0,0,0,0,0,0,0,0,0,0,0,0,0
C5120ST,9,169,District-Mahoba,Rural,60-69,2,1,1,1,0,1,0,0,0,0,0,0,1,1,0,0,0,0,0,0,0,0,0,0,0,0,0
C5120ST,9,169,District-Mahoba,Rural,70-79,0,0,0,0,0,0,0,0,0,0,0,0,0,0,0,0,0,0,0,0,0,0,0,0,0,0,0
C5120ST,9,169,District-Mahoba,Rural,80-89,0,0,0,0,0,0,0,0,0,0,0,0,0,0,0,0,0,0,0,0,0,0,0,0,0,0,0
C5120ST,9,169,District-Mahoba,Rural,90+,0,0,0,0,0,0,0,0,0,0,0,0,0,0,0,0,0,0,0,0,0,0,0,0,0,0,0
C5120ST,9,169,District-Mahoba,Rural,Age Not Stated,0,0,0,0,0,0,0,0,0,0,0,0,0,0,0,0,0,0,0,0,0,0,0,0,0,0,0
C5120ST,9,169,District-Mahoba,Urban,Total,13,8,5,3,3,0,6,2,4,1,1,0,1,1,0,0,0,0,0,0,0,2,1,1,0,0,0
C5120ST,9,169,District-Mahoba,Urban,0-4,3,2,1,0,0,0,0,0,0,0,0,0,1,1,0,0,0,0,0,0,0,2,1,1,0,0,0
C5120ST,9,169,District-Mahoba,Urban,5-9,1,1,0,1,1,0,0,0,0,0,0,0,0,0,0,0,0,0,0,0,0,0,0,0,0,0,0
C5120ST,9,169,District-Mahoba,Urban,10-19,3,2,1,0,0,0,3,2,1,0,0,0,0,0,0,0,0,0,0,0,0,0,0,0,0,0,0
C5120ST,9,169,District-Mahoba,Urban,20-29,0,0,0,0,0,0,0,0,0,0,0,0,0,0,0,0,0,0,0,0,0,0,0,0,0,0,0
C5120ST,9,169,District-Mahoba,Urban,30-39,2,1,1,0,0,0,1,0,1,1,1,0,0,0,0,0,0,0,0,0,0,0,0,0,0,0,0
C5120ST,9,169,District-Mahoba,Urban,40-49,0,0,0,0,0,0,0,0,0,0,0,0,0,0,0,0,0,0,0,0,0,0,0,0,0,0,0
C5120ST,9,169,District-Mahoba,Urban,50-59,0,0,0,0,0,0,0,0,0,0,0,0,0,0,0,0,0,0,0,0,0,0,0,0,0,0,0
C5120ST,9,169,District-Mahoba,Urban,60-69,0,0,0,0,0,0,0,0,0,0,0,0,0,0,0,0,0,0,0,0,0,0,0,0,0,0,0
C5120ST,9,169,District-Mahoba,Urban,70-79,3,1,2,1,1,0,2,0,2,0,0,0,0,0,0,0,0,0,0,0,0,0,0,0,0,0,0
C5120ST,9,169,District-Mahoba,Urban,80-89,1,1,0,1,1,0,0,0,0,0,0,0,0,0,0,0,0,0,0,0,0,0,0,0,0,0,0
C5120ST,9,169,District-Mahoba,Urban,90+,0,0,0,0,0,0,0,0,0,0,0,0,0,0,0,0,0,0,0,0,0,0,0,0,0,0,0
C5120ST,9,169,District-Mahoba,Urban,Age Not Stated,0,0,0,0,0,0,0,0,0,0,0,0,0,0,0,0,0,0,0,0,0,0,0,0,0,0,0
C5120ST,9,171,District-Chitrakoot,Total,Total,4,3,1,0,0,0,1,1,0,0,0,0,1,1,0,0,0,0,0,0,0,2,1,1,0,0,0
C5120ST,9,171,District-Chitrakoot,Total,0-4,0,0,0,0,0,0,0,0,0,0,0,0,0,0,0,0,0,0,0,0,0,0,0,0,0,0,0
C5120ST,9,171,District-Chitrakoot,Total,5-9,0,0,0,0,0,0,0,0,0,0,0,0,0,0,0,0,0,0,0,0,0,0,0,0,0,0,0
C5120ST,9,171,District-Chitrakoot,Total,10-19,0,0,0,0,0,0,0,0,0,0,0,0,0,0,0,0,0,0,0,0,0,0,0,0,0,0,0
C5120ST,9,171,District-Chitrakoot,Total,20-29,1,1,0,0,0,0,0,0,0,0,0,0,1,1,0,0,0,0,0,0,0,0,0,0,0,0,0
C5120ST,9,171,District-Chitrakoot,Total,30-39,0,0,0,0,0,0,0,0,0,0,0,0,0,0,0,0,0,0,0,0,0,0,0,0,0,0,0
C5120ST,9,171,District-Chitrakoot,Total,40-49,1,1,0,0,0,0,1,1,0,0,0,0,0,0,0,0,0,0,0,0,0,0,0,0,0,0,0
C5120ST,9,171,District-Chitrakoot,Total,50-59,0,0,0,0,0,0,0,0,0,0,0,0,0,0,0,0,0,0,0,0,0,0,0,0,0,0,0
C5120ST,9,171,District-Chitrakoot,Total,60-69,2,1,1,0,0,0,0,0,0,0,0,0,0,0,0,0,0,0,0,0,0,2,1,1,0,0,0
C5120ST,9,171,District-Chitrakoot,Total,70-79,0,0,0,0,0,0,0,0,0,0,0,0,0,0,0,0,0,0,0,0,0,0,0,0,0,0,0
C5120ST,9,171,District-Chitrakoot,Total,80-89,0,0,0,0,0,0,0,0,0,0,0,0,0,0,0,0,0,0,0,0,0,0,0,0,0,0,0
C5120ST,9,171,District-Chitrakoot,Total,90+,0,0,0,0,0,0,0,0,0,0,0,0,0,0,0,0,0,0,0,0,0,0,0,0,0,0,0
C5120ST,9,171,District-Chitrakoot,Total,Age Not Stated,0,0,0,0,0,0,0,0,0,0,0,0,0,0,0,0,0,0,0,0,0,0,0,0,0,0,0
C5120ST,9,171,District-Chitrakoot,Rural,Total,4,3,1,0,0,0,1,1,0,0,0,0,1,1,0,0,0,0,0,0,0,2,1,1,0,0,0
C5120ST,9,171,District-Chitrakoot,Rural,0-4,0,0,0,0,0,0,0,0,0,0,0,0,0,0,0,0,0,0,0,0,0,0,0,0,0,0,0
C5120ST,9,171,District-Chitrakoot,Rural,5-9,0,0,0,0,0,0,0,0,0,0,0,0,0,0,0,0,0,0,0,0,0,0,0,0,0,0,0
C5120ST,9,171,District-Chitrakoot,Rural,10-19,0,0,0,0,0,0,0,0,0,0,0,0,0,0,0,0,0,0,0,0,0,0,0,0,0,0,0
C5120ST,9,171,District-Chitrakoot,Rural,20-29,1,1,0,0,0,0,0,0,0,0,0,0,1,1,0,0,0,0,0,0,0,0,0,0,0,0,0
C5120ST,9,171,District-Chitrakoot,Rural,30-39,0,0,0,0,0,0,0,0,0,0,0,0,0,0,0,0,0,0,0,0,0,0,0,0,0,0,0
C5120ST,9,171,District-Chitrakoot,Rural,40-49,1,1,0,0,0,0,1,1,0,0,0,0,0,0,0,0,0,0,0,0,0,0,0,0,0,0,0
C5120ST,9,171,District-Chitrakoot,Rural,50-59,0,0,0,0,0,0,0,0,0,0,0,0,0,0,0,0,0,0,0,0,0,0,0,0,0,0,0
C5120ST,9,171,District-Chitrakoot,Rural,60-69,2,1,1,0,0,0,0,0,0,0,0,0,0,0,0,0,0,0,0,0,0,2,1,1,0,0,0
C5120ST,9,171,District-Chitrakoot,Rural,70-79,0,0,0,0,0,0,0,0,0,0,0,0,0,0,0,0,0,0,0,0,0,0,0,0,0,0,0
C5120ST,9,171,District-Chitrakoot,Rural,80-89,0,0,0,0,0,0,0,0,0,0,0,0,0,0,0,0,0,0,0,0,0,0,0,0,0,0,0
C5120ST,9,171,District-Chitrakoot,Rural,90+,0,0,0,0,0,0,0,0,0,0,0,0,0,0,0,0,0,0,0,0,0,0,0,0,0,0,0
C5120ST,9,171,District-Chitrakoot,Rural,Age Not Stated,0,0,0,0,0,0,0,0,0,0,0,0,0,0,0,0,0,0,0,0,0,0,0,0,0,0,0
C5120ST,9,171,District-Chitrakoot,Urban,Total,0,0,0,0,0,0,0,0,0,0,0,0,0,0,0,0,0,0,0,0,0,0,0,0,0,0,0
C5120ST,9,171,District-Chitrakoot,Urban,0-4,0,0,0,0,0,0,0,0,0,0,0,0,0,0,0,0,0,0,0,0,0,0,0,0,0,0,0
C5120ST,9,171,District-Chitrakoot,Urban,5-9,0,0,0,0,0,0,0,0,0,0,0,0,0,0,0,0,0,0,0,0,0,0,0,0,0,0,0
C5120ST,9,171,District-Chitrakoot,Urban,10-19,0,0,0,0,0,0,0,0,0,0,0,0,0,0,0,0,0,0,0,0,0,0,0,0,0,0,0
C5120ST,9,171,District-Chitrakoot,Urban,20-29,0,0,0,0,0,0,0,0,0,0,0,0,0,0,0,0,0,0,0,0,0,0,0,0,0,0,0
C5120ST,9,171,District-Chitrakoot,Urban,30-39,0,0,0,0,0,0,0,0,0,0,0,0,0,0,0,0,0,0,0,0,0,0,0,0,0,0,0
C5120ST,9,171,District-Chitrakoot,Urban,40-49,0,0,0,0,0,0,0,0,0,0,0,0,0,0,0,0,0,0,0,0,0,0,0,0,0,0,0
C5120ST,9,171,District-Chitrakoot,Urban,50-59,0,0,0,0,0,0,0,0,0,0,0,0,0,0,0,0,0,0,0,0,0,0,0,0,0,0,0
C5120ST,9,171,District-Chitrakoot,Urban,60-69,0,0,0,0,0,0,0,0,0,0,0,0,0,0,0,0,0,0,0,0,0,0,0,0,0,0,0
C5120ST,9,171,District-Chitrakoot,Urban,70-79,0,0,0,0,0,0,0,0,0,0,0,0,0,0,0,0,0,0,0,0,0,0,0,0,0,0,0
C5120ST,9,171,District-Chitrakoot,Urban,80-89,0,0,0,0,0,0,0,0,0,0,0,0,0,0,0,0,0,0,0,0,0,0,0,0,0,0,0
C5120ST,9,171,District-Chitrakoot,Urban,90+,0,0,0,0,0,0,0,0,0,0,0,0,0,0,0,0,0,0,0,0,0,0,0,0,0,0,0
C5120ST,9,171,District-Chitrakoot,Urban,Age Not Stated,0,0,0,0,0,0,0,0,0,0,0,0,0,0,0,0,0,0,0,0,0,0,0,0,0,0,0
C5120ST,9,172,District-Fatehpur,Total,Total,11,7,4,3,1,2,1,0,1,1,1,0,4,3,1,0,0,0,0,0,0,2,2,0,0,0,0
C5120ST,9,172,District-Fatehpur,Total,0-4,0,0,0,0,0,0,0,0,0,0,0,0,0,0,0,0,0,0,0,0,0,0,0,0,0,0,0
C5120ST,9,172,District-Fatehpur,Total,5-9,1,1,0,1,1,0,0,0,0,0,0,0,0,0,0,0,0,0,0,0,0,0,0,0,0,0,0
C5120ST,9,172,District-Fatehpur,Total,10-19,0,0,0,0,0,0,0,0,0,0,0,0,0,0,0,0,0,0,0,0,0,0,0,0,0,0,0
C5120ST,9,172,District-Fatehpur,Total,20-29,0,0,0,0,0,0,0,0,0,0,0,0,0,0,0,0,0,0,0,0,0,0,0,0,0,0,0
C5120ST,9,172,District-Fatehpur,Total,30-39,1,1,0,0,0,0,0,0,0,1,1,0,0,0,0,0,0,0,0,0,0,0,0,0,0,0,0
C5120ST,9,172,District-Fatehpur,Total,40-49,1,0,1,0,0,0,0,0,0,0,0,0,1,0,1,0,0,0,0,0,0,0,0,0,0,0,0
C5120ST,9,172,District-Fatehpur,Total,50-59,2,2,0,0,0,0,0,0,0,0,0,0,1,1,0,0,0,0,0,0,0,1,1,0,0,0,0
C5120ST,9,172,District-Fatehpur,Total,60-69,1,1,0,0,0,0,0,0,0,0,0,0,0,0,0,0,0,0,0,0,0,1,1,0,0,0,0
C5120ST,9,172,District-Fatehpur,Total,70-79,4,1,3,2,0,2,1,0,1,0,0,0,1,1,0,0,0,0,0,0,0,0,0,0,0,0,0
C5120ST,9,172,District-Fatehpur,Total,80-89,1,1,0,0,0,0,0,0,0,0,0,0,1,1,0,0,0,0,0,0,0,0,0,0,0,0,0
C5120ST,9,172,District-Fatehpur,Total,90+,0,0,0,0,0,0,0,0,0,0,0,0,0,0,0,0,0,0,0,0,0,0,0,0,0,0,0
C5120ST,9,172,District-Fatehpur,Total,Age Not Stated,0,0,0,0,0,0,0,0,0,0,0,0,0,0,0,0,0,0,0,0,0,0,0,0,0,0,0
C5120ST,9,172,District-Fatehpur,Rural,Total,10,6,4,3,1,2,1,0,1,1,1,0,3,2,1,0,0,0,0,0,0,2,2,0,0,0,0
C5120ST,9,172,District-Fatehpur,Rural,0-4,0,0,0,0,0,0,0,0,0,0,0,0,0,0,0,0,0,0,0,0,0,0,0,0,0,0,0
C5120ST,9,172,District-Fatehpur,Rural,5-9,1,1,0,1,1,0,0,0,0,0,0,0,0,0,0,0,0,0,0,0,0,0,0,0,0,0,0
C5120ST,9,172,District-Fatehpur,Rural,10-19,0,0,0,0,0,0,0,0,0,0,0,0,0,0,0,0,0,0,0,0,0,0,0,0,0,0,0
C5120ST,9,172,District-Fatehpur,Rural,20-29,0,0,0,0,0,0,0,0,0,0,0,0,0,0,0,0,0,0,0,0,0,0,0,0,0,0,0
C5120ST,9,172,District-Fatehpur,Rural,30-39,1,1,0,0,0,0,0,0,0,1,1,0,0,0,0,0,0,0,0,0,0,0,0,0,0,0,0
C5120ST,9,172,District-Fatehpur,Rural,40-49,1,0,1,0,0,0,0,0,0,0,0,0,1,0,1,0,0,0,0,0,0,0,0,0,0,0,0
C5120ST,9,172,District-Fatehpur,Rural,50-59,1,1,0,0,0,0,0,0,0,0,0,0,0,0,0,0,0,0,0,0,0,1,1,0,0,0,0
C5120ST,9,172,District-Fatehpur,Rural,60-69,1,1,0,0,0,0,0,0,0,0,0,0,0,0,0,0,0,0,0,0,0,1,1,0,0,0,0
C5120ST,9,172,District-Fatehpur,Rural,70-79,4,1,3,2,0,2,1,0,1,0,0,0,1,1,0,0,0,0,0,0,0,0,0,0,0,0,0
C5120ST,9,172,District-Fatehpur,Rural,80-89,1,1,0,0,0,0,0,0,0,0,0,0,1,1,0,0,0,0,0,0,0,0,0,0,0,0,0
C5120ST,9,172,District-Fatehpur,Rural,90+,0,0,0,0,0,0,0,0,0,0,0,0,0,0,0,0,0,0,0,0,0,0,0,0,0,0,0
C5120ST,9,172,District-Fatehpur,Rural,Age Not Stated,0,0,0,0,0,0,0,0,0,0,0,0,0,0,0,0,0,0,0,0,0,0,0,0,0,0,0
C5120ST,9,172,District-Fatehpur,Urban,Total,1,1,0,0,0,0,0,0,0,0,0,0,1,1,0,0,0,0,0,0,0,0,0,0,0,0,0
C5120ST,9,172,District-Fatehpur,Urban,0-4,0,0,0,0,0,0,0,0,0,0,0,0,0,0,0,0,0,0,0,0,0,0,0,0,0,0,0
C5120ST,9,172,District-Fatehpur,Urban,5-9,0,0,0,0,0,0,0,0,0,0,0,0,0,0,0,0,0,0,0,0,0,0,0,0,0,0,0
C5120ST,9,172,District-Fatehpur,Urban,10-19,0,0,0,0,0,0,0,0,0,0,0,0,0,0,0,0,0,0,0,0,0,0,0,0,0,0,0
C5120ST,9,172,District-Fatehpur,Urban,20-29,0,0,0,0,0,0,0,0,0,0,0,0,0,0,0,0,0,0,0,0,0,0,0,0,0,0,0
C5120ST,9,172,District-Fatehpur,Urban,30-39,0,0,0,0,0,0,0,0,0,0,0,0,0,0,0,0,0,0,0,0,0,0,0,0,0,0,0
C5120ST,9,172,District-Fatehpur,Urban,40-49,0,0,0,0,0,0,0,0,0,0,0,0,0,0,0,0,0,0,0,0,0,0,0,0,0,0,0
C5120ST,9,172,District-Fatehpur,Urban,50-59,1,1,0,0,0,0,0,0,0,0,0,0,1,1,0,0,0,0,0,0,0,0,0,0,0,0,0
C5120ST,9,172,District-Fatehpur,Urban,60-69,0,0,0,0,0,0,0,0,0,0,0,0,0,0,0,0,0,0,0,0,0,0,0,0,0,0,0
C5120ST,9,172,District-Fatehpur,Urban,70-79,0,0,0,0,0,0,0,0,0,0,0,0,0,0,0,0,0,0,0,0,0,0,0,0,0,0,0
C5120ST,9,172,District-Fatehpur,Urban,80-89,0,0,0,0,0,0,0,0,0,0,0,0,0,0,0,0,0,0,0,0,0,0,0,0,0,0,0
C5120ST,9,172,District-Fatehpur,Urban,90+,0,0,0,0,0,0,0,0,0,0,0,0,0,0,0,0,0,0,0,0,0,0,0,0,0,0,0
C5120ST,9,172,District-Fatehpur,Urban,Age Not Stated,0,0,0,0,0,0,0,0,0,0,0,0,0,0,0,0,0,0,0,0,0,0,0,0,0,0,0
C5120ST,9,173,District-Pratapgarh,Total,Total,14,6,8,0,0,0,5,2,3,1,0,1,0,0,0,0,0,0,0,0,0,7,4,3,1,0,1
C5120ST,9,173,District-Pratapgarh,Total,0-4,0,0,0,0,0,0,0,0,0,0,0,0,0,0,0,0,0,0,0,0,0,0,0,0,0,0,0
C5120ST,9,173,District-Pratapgarh,Total,5-9,3,2,1,0,0,0,1,1,0,0,0,0,0,0,0,0,0,0,0,0,0,2,1,1,0,0,0
C5120ST,9,173,District-Pratapgarh,Total,10-19,1,0,1,0,0,0,0,0,0,0,0,0,0,0,0,0,0,0,0,0,0,0,0,0,1,0,1
C5120ST,9,173,District-Pratapgarh,Total,20-29,3,1,2,0,0,0,1,0,1,1,0,1,0,0,0,0,0,0,0,0,0,1,1,0,0,0,0
C5120ST,9,173,District-Pratapgarh,Total,30-39,1,1,0,0,0,0,0,0,0,0,0,0,0,0,0,0,0,0,0,0,0,1,1,0,0,0,0
C5120ST,9,173,District-Pratapgarh,Total,40-49,4,1,3,0,0,0,3,1,2,0,0,0,0,0,0,0,0,0,0,0,0,1,0,1,0,0,0
C5120ST,9,173,District-Pratapgarh,Total,50-59,0,0,0,0,0,0,0,0,0,0,0,0,0,0,0,0,0,0,0,0,0,0,0,0,0,0,0
C5120ST,9,173,District-Pratapgarh,Total,60-69,2,1,1,0,0,0,0,0,0,0,0,0,0,0,0,0,0,0,0,0,0,2,1,1,0,0,0
C5120ST,9,173,District-Pratapgarh,Total,70-79,0,0,0,0,0,0,0,0,0,0,0,0,0,0,0,0,0,0,0,0,0,0,0,0,0,0,0
C5120ST,9,173,District-Pratapgarh,Total,80-89,0,0,0,0,0,0,0,0,0,0,0,0,0,0,0,0,0,0,0,0,0,0,0,0,0,0,0
C5120ST,9,173,District-Pratapgarh,Total,90+,0,0,0,0,0,0,0,0,0,0,0,0,0,0,0,0,0,0,0,0,0,0,0,0,0,0,0
C5120ST,9,173,District-Pratapgarh,Total,Age Not Stated,0,0,0,0,0,0,0,0,0,0,0,0,0,0,0,0,0,0,0,0,0,0,0,0,0,0,0
C5120ST,9,173,District-Pratapgarh,Rural,Total,10,4,6,0,0,0,5,2,3,1,0,1,0,0,0,0,0,0,0,0,0,3,2,1,1,0,1
C5120ST,9,173,District-Pratapgarh,Rural,0-4,0,0,0,0,0,0,0,0,0,0,0,0,0,0,0,0,0,0,0,0,0,0,0,0,0,0,0
C5120ST,9,173,District-Pratapgarh,Rural,5-9,3,2,1,0,0,0,1,1,0,0,0,0,0,0,0,0,0,0,0,0,0,2,1,1,0,0,0
C5120ST,9,173,District-Pratapgarh,Rural,10-19,1,0,1,0,0,0,0,0,0,0,0,0,0,0,0,0,0,0,0,0,0,0,0,0,1,0,1
C5120ST,9,173,District-Pratapgarh,Rural,20-29,3,1,2,0,0,0,1,0,1,1,0,1,0,0,0,0,0,0,0,0,0,1,1,0,0,0,0
C5120ST,9,173,District-Pratapgarh,Rural,30-39,0,0,0,0,0,0,0,0,0,0,0,0,0,0,0,0,0,0,0,0,0,0,0,0,0,0,0
C5120ST,9,173,District-Pratapgarh,Rural,40-49,3,1,2,0,0,0,3,1,2,0,0,0,0,0,0,0,0,0,0,0,0,0,0,0,0,0,0
C5120ST,9,173,District-Pratapgarh,Rural,50-59,0,0,0,0,0,0,0,0,0,0,0,0,0,0,0,0,0,0,0,0,0,0,0,0,0,0,0
C5120ST,9,173,District-Pratapgarh,Rural,60-69,0,0,0,0,0,0,0,0,0,0,0,0,0,0,0,0,0,0,0,0,0,0,0,0,0,0,0
C5120ST,9,173,District-Pratapgarh,Rural,70-79,0,0,0,0,0,0,0,0,0,0,0,0,0,0,0,0,0,0,0,0,0,0,0,0,0,0,0
C5120ST,9,173,District-Pratapgarh,Rural,80-89,0,0,0,0,0,0,0,0,0,0,0,0,0,0,0,0,0,0,0,0,0,0,0,0,0,0,0
C5120ST,9,173,District-Pratapgarh,Rural,90+,0,0,0,0,0,0,0,0,0,0,0,0,0,0,0,0,0,0,0,0,0,0,0,0,0,0,0
C5120ST,9,173,District-Pratapgarh,Rural,Age Not Stated,0,0,0,0,0,0,0,0,0,0,0,0,0,0,0,0,0,0,0,0,0,0,0,0,0,0,0
C5120ST,9,173,District-Pratapgarh,Urban,Total,4,2,2,0,0,0,0,0,0,0,0,0,0,0,0,0,0,0,0,0,0,4,2,2,0,0,0
C5120ST,9,173,District-Pratapgarh,Urban,0-4,0,0,0,0,0,0,0,0,0,0,0,0,0,0,0,0,0,0,0,0,0,0,0,0,0,0,0
C5120ST,9,173,District-Pratapgarh,Urban,5-9,0,0,0,0,0,0,0,0,0,0,0,0,0,0,0,0,0,0,0,0,0,0,0,0,0,0,0
C5120ST,9,173,District-Pratapgarh,Urban,10-19,0,0,0,0,0,0,0,0,0,0,0,0,0,0,0,0,0,0,0,0,0,0,0,0,0,0,0
C5120ST,9,173,District-Pratapgarh,Urban,20-29,0,0,0,0,0,0,0,0,0,0,0,0,0,0,0,0,0,0,0,0,0,0,0,0,0,0,0
C5120ST,9,173,District-Pratapgarh,Urban,30-39,1,1,0,0,0,0,0,0,0,0,0,0,0,0,0,0,0,0,0,0,0,1,1,0,0,0,0
C5120ST,9,173,District-Pratapgarh,Urban,40-49,1,0,1,0,0,0,0,0,0,0,0,0,0,0,0,0,0,0,0,0,0,1,0,1,0,0,0
C5120ST,9,173,District-Pratapgarh,Urban,50-59,0,0,0,0,0,0,0,0,0,0,0,0,0,0,0,0,0,0,0,0,0,0,0,0,0,0,0
C5120ST,9,173,District-Pratapgarh,Urban,60-69,2,1,1,0,0,0,0,0,0,0,0,0,0,0,0,0,0,0,0,0,0,2,1,1,0,0,0
C5120ST,9,173,District-Pratapgarh,Urban,70-79,0,0,0,0,0,0,0,0,0,0,0,0,0,0,0,0,0,0,0,0,0,0,0,0,0,0,0
C5120ST,9,173,District-Pratapgarh,Urban,80-89,0,0,0,0,0,0,0,0,0,0,0,0,0,0,0,0,0,0,0,0,0,0,0,0,0,0,0
C5120ST,9,173,District-Pratapgarh,Urban,90+,0,0,0,0,0,0,0,0,0,0,0,0,0,0,0,0,0,0,0,0,0,0,0,0,0,0,0
C5120ST,9,173,District-Pratapgarh,Urban,Age Not Stated,0,0,0,0,0,0,0,0,0,0,0,0,0,0,0,0,0,0,0,0,0,0,0,0,0,0,0
C5120ST,9,174,District-Kaushambi,Total,Total,1,0,1,0,0,0,0,0,0,1,0,1,0,0,0,0,0,0,0,0,0,0,0,0,0,0,0
C5120ST,9,174,District-Kaushambi,Total,0-4,0,0,0,0,0,0,0,0,0,0,0,0,0,0,0,0,0,0,0,0,0,0,0,0,0,0,0
C5120ST,9,174,District-Kaushambi,Total,5-9,0,0,0,0,0,0,0,0,0,0,0,0,0,0,0,0,0,0,0,0,0,0,0,0,0,0,0
C5120ST,9,174,District-Kaushambi,Total,10-19,0,0,0,0,0,0,0,0,0,0,0,0,0,0,0,0,0,0,0,0,0,0,0,0,0,0,0
C5120ST,9,174,District-Kaushambi,Total,20-29,0,0,0,0,0,0,0,0,0,0,0,0,0,0,0,0,0,0,0,0,0,0,0,0,0,0,0
C5120ST,9,174,District-Kaushambi,Total,30-39,0,0,0,0,0,0,0,0,0,0,0,0,0,0,0,0,0,0,0,0,0,0,0,0,0,0,0
C5120ST,9,174,District-Kaushambi,Total,40-49,0,0,0,0,0,0,0,0,0,0,0,0,0,0,0,0,0,0,0,0,0,0,0,0,0,0,0
C5120ST,9,174,District-Kaushambi,Total,50-59,0,0,0,0,0,0,0,0,0,0,0,0,0,0,0,0,0,0,0,0,0,0,0,0,0,0,0
C5120ST,9,174,District-Kaushambi,Total,60-69,0,0,0,0,0,0,0,0,0,0,0,0,0,0,0,0,0,0,0,0,0,0,0,0,0,0,0
C5120ST,9,174,District-Kaushambi,Total,70-79,0,0,0,0,0,0,0,0,0,0,0,0,0,0,0,0,0,0,0,0,0,0,0,0,0,0,0
C5120ST,9,174,District-Kaushambi,Total,80-89,0,0,0,0,0,0,0,0,0,0,0,0,0,0,0,0,0,0,0,0,0,0,0,0,0,0,0
C5120ST,9,174,District-Kaushambi,Total,90+,0,0,0,0,0,0,0,0,0,0,0,0,0,0,0,0,0,0,0,0,0,0,0,0,0,0,0
C5120ST,9,174,District-Kaushambi,Total,Age Not Stated,1,0,1,0,0,0,0,0,0,1,0,1,0,0,0,0,0,0,0,0,0,0,0,0,0,0,0
C5120ST,9,174,District-Kaushambi,Rural,Total,1,0,1,0,0,0,0,0,0,1,0,1,0,0,0,0,0,0,0,0,0,0,0,0,0,0,0
C5120ST,9,174,District-Kaushambi,Rural,0-4,0,0,0,0,0,0,0,0,0,0,0,0,0,0,0,0,0,0,0,0,0,0,0,0,0,0,0
C5120ST,9,174,District-Kaushambi,Rural,5-9,0,0,0,0,0,0,0,0,0,0,0,0,0,0,0,0,0,0,0,0,0,0,0,0,0,0,0
C5120ST,9,174,District-Kaushambi,Rural,10-19,0,0,0,0,0,0,0,0,0,0,0,0,0,0,0,0,0,0,0,0,0,0,0,0,0,0,0
C5120ST,9,174,District-Kaushambi,Rural,20-29,0,0,0,0,0,0,0,0,0,0,0,0,0,0,0,0,0,0,0,0,0,0,0,0,0,0,0
C5120ST,9,174,District-Kaushambi,Rural,30-39,0,0,0,0,0,0,0,0,0,0,0,0,0,0,0,0,0,0,0,0,0,0,0,0,0,0,0
C5120ST,9,174,District-Kaushambi,Rural,40-49,0,0,0,0,0,0,0,0,0,0,0,0,0,0,0,0,0,0,0,0,0,0,0,0,0,0,0
C5120ST,9,174,District-Kaushambi,Rural,50-59,0,0,0,0,0,0,0,0,0,0,0,0,0,0,0,0,0,0,0,0,0,0,0,0,0,0,0
C5120ST,9,174,District-Kaushambi,Rural,60-69,0,0,0,0,0,0,0,0,0,0,0,0,0,0,0,0,0,0,0,0,0,0,0,0,0,0,0
C5120ST,9,174,District-Kaushambi,Rural,70-79,0,0,0,0,0,0,0,0,0,0,0,0,0,0,0,0,0,0,0,0,0,0,0,0,0,0,0
C5120ST,9,174,District-Kaushambi,Rural,80-89,0,0,0,0,0,0,0,0,0,0,0,0,0,0,0,0,0,0,0,0,0,0,0,0,0,0,0
C5120ST,9,174,District-Kaushambi,Rural,90+,0,0,0,0,0,0,0,0,0,0,0,0,0,0,0,0,0,0,0,0,0,0,0,0,0,0,0
C5120ST,9,174,District-Kaushambi,Rural,Age Not Stated,1,0,1,0,0,0,0,0,0,1,0,1,0,0,0,0,0,0,0,0,0,0,0,0,0,0,0
C5120ST,9,174,District-Kaushambi,Urban,Total,0,0,0,0,0,0,0,0,0,0,0,0,0,0,0,0,0,0,0,0,0,0,0,0,0,0,0
C5120ST,9,174,District-Kaushambi,Urban,0-4,0,0,0,0,0,0,0,0,0,0,0,0,0,0,0,0,0,0,0,0,0,0,0,0,0,0,0
C5120ST,9,174,District-Kaushambi,Urban,5-9,0,0,0,0,0,0,0,0,0,0,0,0,0,0,0,0,0,0,0,0,0,0,0,0,0,0,0
C5120ST,9,174,District-Kaushambi,Urban,10-19,0,0,0,0,0,0,0,0,0,0,0,0,0,0,0,0,0,0,0,0,0,0,0,0,0,0,0
C5120ST,9,174,District-Kaushambi,Urban,20-29,0,0,0,0,0,0,0,0,0,0,0,0,0,0,0,0,0,0,0,0,0,0,0,0,0,0,0
C5120ST,9,174,District-Kaushambi,Urban,30-39,0,0,0,0,0,0,0,0,0,0,0,0,0,0,0,0,0,0,0,0,0,0,0,0,0,0,0
C5120ST,9,174,District-Kaushambi,Urban,40-49,0,0,0,0,0,0,0,0,0,0,0,0,0,0,0,0,0,0,0,0,0,0,0,0,0,0,0
C5120ST,9,174,District-Kaushambi,Urban,50-59,0,0,0,0,0,0,0,0,0,0,0,0,0,0,0,0,0,0,0,0,0,0,0,0,0,0,0
C5120ST,9,174,District-Kaushambi,Urban,60-69,0,0,0,0,0,0,0,0,0,0,0,0,0,0,0,0,0,0,0,0,0,0,0,0,0,0,0
C5120ST,9,174,District-Kaushambi,Urban,70-79,0,0,0,0,0,0,0,0,0,0,0,0,0,0,0,0,0,0,0,0,0,0,0,0,0,0,0
C5120ST,9,174,District-Kaushambi,Urban,80-89,0,0,0,0,0,0,0,0,0,0,0,0,0,0,0,0,0,0,0,0,0,0,0,0,0,0,0
C5120ST,9,174,District-Kaushambi,Urban,90+,0,0,0,0,0,0,0,0,0,0,0,0,0,0,0,0,0,0,0,0,0,0,0,0,0,0,0
C5120ST,9,174,District-Kaushambi,Urban,Age Not Stated,0,0,0,0,0,0,0,0,0,0,0,0,0,0,0,0,0,0,0,0,0,0,0,0,0,0,0
C5120ST,9,175,District-Allahabad ,Total,Total,379,205,174,51,28,23,88,49,39,9,4,5,21,12,9,15,5,10,2,1,1,189,104,85,4,2,2
C5120ST,9,175,District-Allahabad ,Total,0-4,25,11,14,3,2,1,6,3,3,0,0,0,3,1,2,2,0,2,0,0,0,11,5,6,0,0,0
C5120ST,9,175,District-Allahabad ,Total,5-9,33,12,21,7,3,4,4,0,4,0,0,0,0,0,0,1,0,1,1,0,1,20,9,11,0,0,0
C5120ST,9,175,District-Allahabad ,Total,10-19,82,41,41,13,8,5,15,4,11,0,0,0,2,0,2,5,1,4,1,1,0,46,27,19,0,0,0
C5120ST,9,175,District-Allahabad ,Total,20-29,71,45,26,6,6,0,12,6,6,4,3,1,4,3,1,2,1,1,0,0,0,43,26,17,0,0,0
C5120ST,9,175,District-Allahabad ,Total,30-39,42,23,19,8,3,5,8,7,1,1,0,1,2,1,1,2,1,1,0,0,0,21,11,10,0,0,0
C5120ST,9,175,District-Allahabad ,Total,40-49,44,20,24,9,4,5,8,5,3,0,0,0,3,1,2,1,1,0,0,0,0,23,9,14,0,0,0
C5120ST,9,175,District-Allahabad ,Total,50-59,41,25,16,2,0,2,14,9,5,2,0,2,2,2,0,0,0,0,0,0,0,19,13,6,2,1,1
C5120ST,9,175,District-Allahabad ,Total,60-69,26,19,7,2,2,0,12,9,3,2,1,1,4,3,1,2,1,1,0,0,0,4,3,1,0,0,0
C5120ST,9,175,District-Allahabad ,Total,70-79,9,6,3,1,0,1,7,5,2,0,0,0,0,0,0,0,0,0,0,0,0,0,0,0,1,1,0
C5120ST,9,175,District-Allahabad ,Total,80-89,3,0,3,0,0,0,1,0,1,0,0,0,0,0,0,0,0,0,0,0,0,1,0,1,1,0,1
C5120ST,9,175,District-Allahabad ,Total,90+,2,2,0,0,0,0,1,1,0,0,0,0,1,1,0,0,0,0,0,0,0,0,0,0,0,0,0
C5120ST,9,175,District-Allahabad ,Total,Age Not Stated,1,1,0,0,0,0,0,0,0,0,0,0,0,0,0,0,0,0,0,0,0,1,1,0,0,0,0
C5120ST,9,175,District-Allahabad ,Rural,Total,135,72,63,28,13,15,43,21,22,8,4,4,10,7,3,4,2,2,0,0,0,40,24,16,2,1,1
C5120ST,9,175,District-Allahabad ,Rural,0-4,13,6,7,3,2,1,6,3,3,0,0,0,1,0,1,0,0,0,0,0,0,3,1,2,0,0,0
C5120ST,9,175,District-Allahabad ,Rural,5-9,14,4,10,5,2,3,4,0,4,0,0,0,0,0,0,0,0,0,0,0,0,5,2,3,0,0,0
C5120ST,9,175,District-Allahabad ,Rural,10-19,24,12,12,8,4,4,8,3,5,0,0,0,0,0,0,1,0,1,0,0,0,7,5,2,0,0,0
C5120ST,9,175,District-Allahabad ,Rural,20-29,27,19,8,2,2,0,7,3,4,4,3,1,3,2,1,1,1,0,0,0,0,10,8,2,0,0,0
C5120ST,9,175,District-Allahabad ,Rural,30-39,18,11,7,5,2,3,7,6,1,1,0,1,0,0,0,0,0,0,0,0,0,5,3,2,0,0,0
C5120ST,9,175,District-Allahabad ,Rural,40-49,10,4,6,4,1,3,4,2,2,0,0,0,0,0,0,0,0,0,0,0,0,2,1,1,0,0,0
C5120ST,9,175,District-Allahabad ,Rural,50-59,10,6,4,1,0,1,2,2,0,1,0,1,1,1,0,0,0,0,0,0,0,4,2,2,1,1,0
C5120ST,9,175,District-Allahabad ,Rural,60-69,12,7,5,0,0,0,1,0,1,2,1,1,4,3,1,2,1,1,0,0,0,3,2,1,0,0,0
C5120ST,9,175,District-Allahabad ,Rural,70-79,3,1,2,0,0,0,3,1,2,0,0,0,0,0,0,0,0,0,0,0,0,0,0,0,0,0,0
C5120ST,9,175,District-Allahabad ,Rural,80-89,2,0,2,0,0,0,0,0,0,0,0,0,0,0,0,0,0,0,0,0,0,1,0,1,1,0,1
C5120ST,9,175,District-Allahabad ,Rural,90+,2,2,0,0,0,0,1,1,0,0,0,0,1,1,0,0,0,0,0,0,0,0,0,0,0,0,0
C5120ST,9,175,District-Allahabad ,Rural,Age Not Stated,0,0,0,0,0,0,0,0,0,0,0,0,0,0,0,0,0,0,0,0,0,0,0,0,0,0,0
C5120ST,9,175,District-Allahabad ,Urban,Total,244,133,111,23,15,8,45,28,17,1,0,1,11,5,6,11,3,8,2,1,1,149,80,69,2,1,1
C5120ST,9,175,District-Allahabad ,Urban,0-4,12,5,7,0,0,0,0,0,0,0,0,0,2,1,1,2,0,2,0,0,0,8,4,4,0,0,0
C5120ST,9,175,District-Allahabad ,Urban,5-9,19,8,11,2,1,1,0,0,0,0,0,0,0,0,0,1,0,1,1,0,1,15,7,8,0,0,0
C5120ST,9,175,District-Allahabad ,Urban,10-19,58,29,29,5,4,1,7,1,6,0,0,0,2,0,2,4,1,3,1,1,0,39,22,17,0,0,0
C5120ST,9,175,District-Allahabad ,Urban,20-29,44,26,18,4,4,0,5,3,2,0,0,0,1,1,0,1,0,1,0,0,0,33,18,15,0,0,0
C5120ST,9,175,District-Allahabad ,Urban,30-39,24,12,12,3,1,2,1,1,0,0,0,0,2,1,1,2,1,1,0,0,0,16,8,8,0,0,0
C5120ST,9,175,District-Allahabad ,Urban,40-49,34,16,18,5,3,2,4,3,1,0,0,0,3,1,2,1,1,0,0,0,0,21,8,13,0,0,0
C5120ST,9,175,District-Allahabad ,Urban,50-59,31,19,12,1,0,1,12,7,5,1,0,1,1,1,0,0,0,0,0,0,0,15,11,4,1,0,1
C5120ST,9,175,District-Allahabad ,Urban,60-69,14,12,2,2,2,0,11,9,2,0,0,0,0,0,0,0,0,0,0,0,0,1,1,0,0,0,0
C5120ST,9,175,District-Allahabad ,Urban,70-79,6,5,1,1,0,1,4,4,0,0,0,0,0,0,0,0,0,0,0,0,0,0,0,0,1,1,0
C5120ST,9,175,District-Allahabad ,Urban,80-89,1,0,1,0,0,0,1,0,1,0,0,0,0,0,0,0,0,0,0,0,0,0,0,0,0,0,0
C5120ST,9,175,District-Allahabad ,Urban,90+,0,0,0,0,0,0,0,0,0,0,0,0,0,0,0,0,0,0,0,0,0,0,0,0,0,0,0
C5120ST,9,175,District-Allahabad ,Urban,Age Not Stated,1,1,0,0,0,0,0,0,0,0,0,0,0,0,0,0,0,0,0,0,0,1,1,0,0,0,0
C5120ST,9,176,District-Bara Banki,Total,Total,23,13,10,6,1,5,10,8,2,0,0,0,1,1,0,2,1,1,0,0,0,3,1,2,1,1,0
C5120ST,9,176,District-Bara Banki,Total,0-4,3,2,1,2,1,1,1,1,0,0,0,0,0,0,0,0,0,0,0,0,0,0,0,0,0,0,0
C5120ST,9,176,District-Bara Banki,Total,5-9,1,0,1,0,0,0,0,0,0,0,0,0,0,0,0,0,0,0,0,0,0,1,0,1,0,0,0
C5120ST,9,176,District-Bara Banki,Total,10-19,4,2,2,1,0,1,1,1,0,0,0,0,0,0,0,2,1,1,0,0,0,0,0,0,0,0,0
C5120ST,9,176,District-Bara Banki,Total,20-29,3,1,2,2,0,2,1,1,0,0,0,0,0,0,0,0,0,0,0,0,0,0,0,0,0,0,0
C5120ST,9,176,District-Bara Banki,Total,30-39,5,3,2,0,0,0,3,2,1,0,0,0,0,0,0,0,0,0,0,0,0,2,1,1,0,0,0
C5120ST,9,176,District-Bara Banki,Total,40-49,2,1,1,1,0,1,0,0,0,0,0,0,0,0,0,0,0,0,0,0,0,0,0,0,1,1,0
C5120ST,9,176,District-Bara Banki,Total,50-59,2,1,1,0,0,0,1,0,1,0,0,0,1,1,0,0,0,0,0,0,0,0,0,0,0,0,0
C5120ST,9,176,District-Bara Banki,Total,60-69,2,2,0,0,0,0,2,2,0,0,0,0,0,0,0,0,0,0,0,0,0,0,0,0,0,0,0
C5120ST,9,176,District-Bara Banki,Total,70-79,1,1,0,0,0,0,1,1,0,0,0,0,0,0,0,0,0,0,0,0,0,0,0,0,0,0,0
C5120ST,9,176,District-Bara Banki,Total,80-89,0,0,0,0,0,0,0,0,0,0,0,0,0,0,0,0,0,0,0,0,0,0,0,0,0,0,0
C5120ST,9,176,District-Bara Banki,Total,90+,0,0,0,0,0,0,0,0,0,0,0,0,0,0,0,0,0,0,0,0,0,0,0,0,0,0,0
C5120ST,9,176,District-Bara Banki,Total,Age Not Stated,0,0,0,0,0,0,0,0,0,0,0,0,0,0,0,0,0,0,0,0,0,0,0,0,0,0,0
C5120ST,9,176,District-Bara Banki,Rural,Total,23,13,10,6,1,5,10,8,2,0,0,0,1,1,0,2,1,1,0,0,0,3,1,2,1,1,0
C5120ST,9,176,District-Bara Banki,Rural,0-4,3,2,1,2,1,1,1,1,0,0,0,0,0,0,0,0,0,0,0,0,0,0,0,0,0,0,0
C5120ST,9,176,District-Bara Banki,Rural,5-9,1,0,1,0,0,0,0,0,0,0,0,0,0,0,0,0,0,0,0,0,0,1,0,1,0,0,0
C5120ST,9,176,District-Bara Banki,Rural,10-19,4,2,2,1,0,1,1,1,0,0,0,0,0,0,0,2,1,1,0,0,0,0,0,0,0,0,0
C5120ST,9,176,District-Bara Banki,Rural,20-29,3,1,2,2,0,2,1,1,0,0,0,0,0,0,0,0,0,0,0,0,0,0,0,0,0,0,0
C5120ST,9,176,District-Bara Banki,Rural,30-39,5,3,2,0,0,0,3,2,1,0,0,0,0,0,0,0,0,0,0,0,0,2,1,1,0,0,0
C5120ST,9,176,District-Bara Banki,Rural,40-49,2,1,1,1,0,1,0,0,0,0,0,0,0,0,0,0,0,0,0,0,0,0,0,0,1,1,0
C5120ST,9,176,District-Bara Banki,Rural,50-59,2,1,1,0,0,0,1,0,1,0,0,0,1,1,0,0,0,0,0,0,0,0,0,0,0,0,0
C5120ST,9,176,District-Bara Banki,Rural,60-69,2,2,0,0,0,0,2,2,0,0,0,0,0,0,0,0,0,0,0,0,0,0,0,0,0,0,0
C5120ST,9,176,District-Bara Banki,Rural,70-79,1,1,0,0,0,0,1,1,0,0,0,0,0,0,0,0,0,0,0,0,0,0,0,0,0,0,0
C5120ST,9,176,District-Bara Banki,Rural,80-89,0,0,0,0,0,0,0,0,0,0,0,0,0,0,0,0,0,0,0,0,0,0,0,0,0,0,0
C5120ST,9,176,District-Bara Banki,Rural,90+,0,0,0,0,0,0,0,0,0,0,0,0,0,0,0,0,0,0,0,0,0,0,0,0,0,0,0
C5120ST,9,176,District-Bara Banki,Rural,Age Not Stated,0,0,0,0,0,0,0,0,0,0,0,0,0,0,0,0,0,0,0,0,0,0,0,0,0,0,0
C5120ST,9,176,District-Bara Banki,Urban,Total,0,0,0,0,0,0,0,0,0,0,0,0,0,0,0,0,0,0,0,0,0,0,0,0,0,0,0
C5120ST,9,176,District-Bara Banki,Urban,0-4,0,0,0,0,0,0,0,0,0,0,0,0,0,0,0,0,0,0,0,0,0,0,0,0,0,0,0
C5120ST,9,176,District-Bara Banki,Urban,5-9,0,0,0,0,0,0,0,0,0,0,0,0,0,0,0,0,0,0,0,0,0,0,0,0,0,0,0
C5120ST,9,176,District-Bara Banki,Urban,10-19,0,0,0,0,0,0,0,0,0,0,0,0,0,0,0,0,0,0,0,0,0,0,0,0,0,0,0
C5120ST,9,176,District-Bara Banki,Urban,20-29,0,0,0,0,0,0,0,0,0,0,0,0,0,0,0,0,0,0,0,0,0,0,0,0,0,0,0
C5120ST,9,176,District-Bara Banki,Urban,30-39,0,0,0,0,0,0,0,0,0,0,0,0,0,0,0,0,0,0,0,0,0,0,0,0,0,0,0
C5120ST,9,176,District-Bara Banki,Urban,40-49,0,0,0,0,0,0,0,0,0,0,0,0,0,0,0,0,0,0,0,0,0,0,0,0,0,0,0
C5120ST,9,176,District-Bara Banki,Urban,50-59,0,0,0,0,0,0,0,0,0,0,0,0,0,0,0,0,0,0,0,0,0,0,0,0,0,0,0
C5120ST,9,176,District-Bara Banki,Urban,60-69,0,0,0,0,0,0,0,0,0,0,0,0,0,0,0,0,0,0,0,0,0,0,0,0,0,0,0
C5120ST,9,176,District-Bara Banki,Urban,70-79,0,0,0,0,0,0,0,0,0,0,0,0,0,0,0,0,0,0,0,0,0,0,0,0,0,0,0
C5120ST,9,176,District-Bara Banki,Urban,80-89,0,0,0,0,0,0,0,0,0,0,0,0,0,0,0,0,0,0,0,0,0,0,0,0,0,0,0
C5120ST,9,176,District-Bara Banki,Urban,90+,0,0,0,0,0,0,0,0,0,0,0,0,0,0,0,0,0,0,0,0,0,0,0,0,0,0,0
C5120ST,9,176,District-Bara Banki,Urban,Age Not Stated,0,0,0,0,0,0,0,0,0,0,0,0,0,0,0,0,0,0,0,0,0,0,0,0,0,0,0
C5120ST,9,177,District-Faizabad,Total,Total,33,22,11,2,1,1,12,8,4,14,10,4,2,0,2,1,1,0,0,0,0,2,2,0,0,0,0
C5120ST,9,177,District-Faizabad,Total,0-4,3,2,1,0,0,0,2,1,1,0,0,0,0,0,0,0,0,0,0,0,0,1,1,0,0,0,0
C5120ST,9,177,District-Faizabad,Total,5-9,1,0,1,0,0,0,1,0,1,0,0,0,0,0,0,0,0,0,0,0,0,0,0,0,0,0,0
C5120ST,9,177,District-Faizabad,Total,10-19,7,5,2,0,0,0,4,3,1,3,2,1,0,0,0,0,0,0,0,0,0,0,0,0,0,0,0
C5120ST,9,177,District-Faizabad,Total,20-29,6,4,2,0,0,0,1,1,0,3,2,1,1,0,1,1,1,0,0,0,0,0,0,0,0,0,0
C5120ST,9,177,District-Faizabad,Total,30-39,5,3,2,0,0,0,1,0,1,2,2,0,1,0,1,0,0,0,0,0,0,1,1,0,0,0,0
C5120ST,9,177,District-Faizabad,Total,40-49,3,3,0,0,0,0,1,1,0,2,2,0,0,0,0,0,0,0,0,0,0,0,0,0,0,0,0
C5120ST,9,177,District-Faizabad,Total,50-59,3,2,1,0,0,0,1,1,0,2,1,1,0,0,0,0,0,0,0,0,0,0,0,0,0,0,0
C5120ST,9,177,District-Faizabad,Total,60-69,4,2,2,2,1,1,1,1,0,1,0,1,0,0,0,0,0,0,0,0,0,0,0,0,0,0,0
C5120ST,9,177,District-Faizabad,Total,70-79,1,1,0,0,0,0,0,0,0,1,1,0,0,0,0,0,0,0,0,0,0,0,0,0,0,0,0
C5120ST,9,177,District-Faizabad,Total,80-89,0,0,0,0,0,0,0,0,0,0,0,0,0,0,0,0,0,0,0,0,0,0,0,0,0,0,0
C5120ST,9,177,District-Faizabad,Total,90+,0,0,0,0,0,0,0,0,0,0,0,0,0,0,0,0,0,0,0,0,0,0,0,0,0,0,0
C5120ST,9,177,District-Faizabad,Total,Age Not Stated,0,0,0,0,0,0,0,0,0,0,0,0,0,0,0,0,0,0,0,0,0,0,0,0,0,0,0
C5120ST,9,177,District-Faizabad,Rural,Total,29,18,11,2,1,1,9,5,4,14,10,4,2,0,2,0,0,0,0,0,0,2,2,0,0,0,0
C5120ST,9,177,District-Faizabad,Rural,0-4,3,2,1,0,0,0,2,1,1,0,0,0,0,0,0,0,0,0,0,0,0,1,1,0,0,0,0
C5120ST,9,177,District-Faizabad,Rural,5-9,1,0,1,0,0,0,1,0,1,0,0,0,0,0,0,0,0,0,0,0,0,0,0,0,0,0,0
C5120ST,9,177,District-Faizabad,Rural,10-19,6,4,2,0,0,0,3,2,1,3,2,1,0,0,0,0,0,0,0,0,0,0,0,0,0,0,0
C5120ST,9,177,District-Faizabad,Rural,20-29,4,2,2,0,0,0,0,0,0,3,2,1,1,0,1,0,0,0,0,0,0,0,0,0,0,0,0
C5120ST,9,177,District-Faizabad,Rural,30-39,5,3,2,0,0,0,1,0,1,2,2,0,1,0,1,0,0,0,0,0,0,1,1,0,0,0,0
C5120ST,9,177,District-Faizabad,Rural,40-49,3,3,0,0,0,0,1,1,0,2,2,0,0,0,0,0,0,0,0,0,0,0,0,0,0,0,0
C5120ST,9,177,District-Faizabad,Rural,50-59,2,1,1,0,0,0,0,0,0,2,1,1,0,0,0,0,0,0,0,0,0,0,0,0,0,0,0
C5120ST,9,177,District-Faizabad,Rural,60-69,4,2,2,2,1,1,1,1,0,1,0,1,0,0,0,0,0,0,0,0,0,0,0,0,0,0,0
C5120ST,9,177,District-Faizabad,Rural,70-79,1,1,0,0,0,0,0,0,0,1,1,0,0,0,0,0,0,0,0,0,0,0,0,0,0,0,0
C5120ST,9,177,District-Faizabad,Rural,80-89,0,0,0,0,0,0,0,0,0,0,0,0,0,0,0,0,0,0,0,0,0,0,0,0,0,0,0
C5120ST,9,177,District-Faizabad,Rural,90+,0,0,0,0,0,0,0,0,0,0,0,0,0,0,0,0,0,0,0,0,0,0,0,0,0,0,0
C5120ST,9,177,District-Faizabad,Rural,Age Not Stated,0,0,0,0,0,0,0,0,0,0,0,0,0,0,0,0,0,0,0,0,0,0,0,0,0,0,0
C5120ST,9,177,District-Faizabad,Urban,Total,4,4,0,0,0,0,3,3,0,0,0,0,0,0,0,1,1,0,0,0,0,0,0,0,0,0,0
C5120ST,9,177,District-Faizabad,Urban,0-4,0,0,0,0,0,0,0,0,0,0,0,0,0,0,0,0,0,0,0,0,0,0,0,0,0,0,0
C5120ST,9,177,District-Faizabad,Urban,5-9,0,0,0,0,0,0,0,0,0,0,0,0,0,0,0,0,0,0,0,0,0,0,0,0,0,0,0
C5120ST,9,177,District-Faizabad,Urban,10-19,1,1,0,0,0,0,1,1,0,0,0,0,0,0,0,0,0,0,0,0,0,0,0,0,0,0,0
C5120ST,9,177,District-Faizabad,Urban,20-29,2,2,0,0,0,0,1,1,0,0,0,0,0,0,0,1,1,0,0,0,0,0,0,0,0,0,0
C5120ST,9,177,District-Faizabad,Urban,30-39,0,0,0,0,0,0,0,0,0,0,0,0,0,0,0,0,0,0,0,0,0,0,0,0,0,0,0
C5120ST,9,177,District-Faizabad,Urban,40-49,0,0,0,0,0,0,0,0,0,0,0,0,0,0,0,0,0,0,0,0,0,0,0,0,0,0,0
C5120ST,9,177,District-Faizabad,Urban,50-59,1,1,0,0,0,0,1,1,0,0,0,0,0,0,0,0,0,0,0,0,0,0,0,0,0,0,0
C5120ST,9,177,District-Faizabad,Urban,60-69,0,0,0,0,0,0,0,0,0,0,0,0,0,0,0,0,0,0,0,0,0,0,0,0,0,0,0
C5120ST,9,177,District-Faizabad,Urban,70-79,0,0,0,0,0,0,0,0,0,0,0,0,0,0,0,0,0,0,0,0,0,0,0,0,0,0,0
C5120ST,9,177,District-Faizabad,Urban,80-89,0,0,0,0,0,0,0,0,0,0,0,0,0,0,0,0,0,0,0,0,0,0,0,0,0,0,0
C5120ST,9,177,District-Faizabad,Urban,90+,0,0,0,0,0,0,0,0,0,0,0,0,0,0,0,0,0,0,0,0,0,0,0,0,0,0,0
C5120ST,9,177,District-Faizabad,Urban,Age Not Stated,0,0,0,0,0,0,0,0,0,0,0,0,0,0,0,0,0,0,0,0,0,0,0,0,0,0,0
C5120ST,9,178,District-Ambedkar Nagar,Total,Total,12,6,6,0,0,0,2,2,0,4,1,3,2,1,1,1,0,1,0,0,0,2,1,1,1,1,0
C5120ST,9,178,District-Ambedkar Nagar,Total,0-4,1,0,1,0,0,0,0,0,0,0,0,0,0,0,0,1,0,1,0,0,0,0,0,0,0,0,0
C5120ST,9,178,District-Ambedkar Nagar,Total,5-9,0,0,0,0,0,0,0,0,0,0,0,0,0,0,0,0,0,0,0,0,0,0,0,0,0,0,0
C5120ST,9,178,District-Ambedkar Nagar,Total,10-19,2,1,1,0,0,0,0,0,0,1,0,1,0,0,0,0,0,0,0,0,0,0,0,0,1,1,0
C5120ST,9,178,District-Ambedkar Nagar,Total,20-29,3,1,2,0,0,0,1,1,0,1,0,1,1,0,1,0,0,0,0,0,0,0,0,0,0,0,0
C5120ST,9,178,District-Ambedkar Nagar,Total,30-39,1,1,0,0,0,0,1,1,0,0,0,0,0,0,0,0,0,0,0,0,0,0,0,0,0,0,0
C5120ST,9,178,District-Ambedkar Nagar,Total,40-49,0,0,0,0,0,0,0,0,0,0,0,0,0,0,0,0,0,0,0,0,0,0,0,0,0,0,0
C5120ST,9,178,District-Ambedkar Nagar,Total,50-59,1,1,0,0,0,0,0,0,0,0,0,0,0,0,0,0,0,0,0,0,0,1,1,0,0,0,0
C5120ST,9,178,District-Ambedkar Nagar,Total,60-69,4,2,2,0,0,0,0,0,0,2,1,1,1,1,0,0,0,0,0,0,0,1,0,1,0,0,0
C5120ST,9,178,District-Ambedkar Nagar,Total,70-79,0,0,0,0,0,0,0,0,0,0,0,0,0,0,0,0,0,0,0,0,0,0,0,0,0,0,0
C5120ST,9,178,District-Ambedkar Nagar,Total,80-89,0,0,0,0,0,0,0,0,0,0,0,0,0,0,0,0,0,0,0,0,0,0,0,0,0,0,0
C5120ST,9,178,District-Ambedkar Nagar,Total,90+,0,0,0,0,0,0,0,0,0,0,0,0,0,0,0,0,0,0,0,0,0,0,0,0,0,0,0
C5120ST,9,178,District-Ambedkar Nagar,Total,Age Not Stated,0,0,0,0,0,0,0,0,0,0,0,0,0,0,0,0,0,0,0,0,0,0,0,0,0,0,0
C5120ST,9,178,District-Ambedkar Nagar,Rural,Total,11,6,5,0,0,0,2,2,0,4,1,3,2,1,1,1,0,1,0,0,0,1,1,0,1,1,0
C5120ST,9,178,District-Ambedkar Nagar,Rural,0-4,1,0,1,0,0,0,0,0,0,0,0,0,0,0,0,1,0,1,0,0,0,0,0,0,0,0,0
C5120ST,9,178,District-Ambedkar Nagar,Rural,5-9,0,0,0,0,0,0,0,0,0,0,0,0,0,0,0,0,0,0,0,0,0,0,0,0,0,0,0
C5120ST,9,178,District-Ambedkar Nagar,Rural,10-19,2,1,1,0,0,0,0,0,0,1,0,1,0,0,0,0,0,0,0,0,0,0,0,0,1,1,0
C5120ST,9,178,District-Ambedkar Nagar,Rural,20-29,3,1,2,0,0,0,1,1,0,1,0,1,1,0,1,0,0,0,0,0,0,0,0,0,0,0,0
C5120ST,9,178,District-Ambedkar Nagar,Rural,30-39,1,1,0,0,0,0,1,1,0,0,0,0,0,0,0,0,0,0,0,0,0,0,0,0,0,0,0
C5120ST,9,178,District-Ambedkar Nagar,Rural,40-49,0,0,0,0,0,0,0,0,0,0,0,0,0,0,0,0,0,0,0,0,0,0,0,0,0,0,0
C5120ST,9,178,District-Ambedkar Nagar,Rural,50-59,1,1,0,0,0,0,0,0,0,0,0,0,0,0,0,0,0,0,0,0,0,1,1,0,0,0,0
C5120ST,9,178,District-Ambedkar Nagar,Rural,60-69,3,2,1,0,0,0,0,0,0,2,1,1,1,1,0,0,0,0,0,0,0,0,0,0,0,0,0
C5120ST,9,178,District-Ambedkar Nagar,Rural,70-79,0,0,0,0,0,0,0,0,0,0,0,0,0,0,0,0,0,0,0,0,0,0,0,0,0,0,0
C5120ST,9,178,District-Ambedkar Nagar,Rural,80-89,0,0,0,0,0,0,0,0,0,0,0,0,0,0,0,0,0,0,0,0,0,0,0,0,0,0,0
C5120ST,9,178,District-Ambedkar Nagar,Rural,90+,0,0,0,0,0,0,0,0,0,0,0,0,0,0,0,0,0,0,0,0,0,0,0,0,0,0,0
C5120ST,9,178,District-Ambedkar Nagar,Rural,Age Not Stated,0,0,0,0,0,0,0,0,0,0,0,0,0,0,0,0,0,0,0,0,0,0,0,0,0,0,0
C5120ST,9,178,District-Ambedkar Nagar,Urban,Total,1,0,1,0,0,0,0,0,0,0,0,0,0,0,0,0,0,0,0,0,0,1,0,1,0,0,0
C5120ST,9,178,District-Ambedkar Nagar,Urban,0-4,0,0,0,0,0,0,0,0,0,0,0,0,0,0,0,0,0,0,0,0,0,0,0,0,0,0,0
C5120ST,9,178,District-Ambedkar Nagar,Urban,5-9,0,0,0,0,0,0,0,0,0,0,0,0,0,0,0,0,0,0,0,0,0,0,0,0,0,0,0
C5120ST,9,178,District-Ambedkar Nagar,Urban,10-19,0,0,0,0,0,0,0,0,0,0,0,0,0,0,0,0,0,0,0,0,0,0,0,0,0,0,0
C5120ST,9,178,District-Ambedkar Nagar,Urban,20-29,0,0,0,0,0,0,0,0,0,0,0,0,0,0,0,0,0,0,0,0,0,0,0,0,0,0,0
C5120ST,9,178,District-Ambedkar Nagar,Urban,30-39,0,0,0,0,0,0,0,0,0,0,0,0,0,0,0,0,0,0,0,0,0,0,0,0,0,0,0
C5120ST,9,178,District-Ambedkar Nagar,Urban,40-49,0,0,0,0,0,0,0,0,0,0,0,0,0,0,0,0,0,0,0,0,0,0,0,0,0,0,0
C5120ST,9,178,District-Ambedkar Nagar,Urban,50-59,0,0,0,0,0,0,0,0,0,0,0,0,0,0,0,0,0,0,0,0,0,0,0,0,0,0,0
C5120ST,9,178,District-Ambedkar Nagar,Urban,60-69,1,0,1,0,0,0,0,0,0,0,0,0,0,0,0,0,0,0,0,0,0,1,0,1,0,0,0
C5120ST,9,178,District-Ambedkar Nagar,Urban,70-79,0,0,0,0,0,0,0,0,0,0,0,0,0,0,0,0,0,0,0,0,0,0,0,0,0,0,0
C5120ST,9,178,District-Ambedkar Nagar,Urban,80-89,0,0,0,0,0,0,0,0,0,0,0,0,0,0,0,0,0,0,0,0,0,0,0,0,0,0,0
C5120ST,9,178,District-Ambedkar Nagar,Urban,90+,0,0,0,0,0,0,0,0,0,0,0,0,0,0,0,0,0,0,0,0,0,0,0,0,0,0,0
C5120ST,9,178,District-Ambedkar Nagar,Urban,Age Not Stated,0,0,0,0,0,0,0,0,0,0,0,0,0,0,0,0,0,0,0,0,0,0,0,0,0,0,0
C5120ST,9,179,District-Sultanpur,Total,Total,12,8,4,2,1,1,4,2,2,2,2,0,0,0,0,1,1,0,0,0,0,3,2,1,0,0,0
C5120ST,9,179,District-Sultanpur,Total,0-4,2,1,1,0,0,0,0,0,0,1,1,0,0,0,0,0,0,0,0,0,0,1,0,1,0,0,0
C5120ST,9,179,District-Sultanpur,Total,5-9,1,0,1,0,0,0,1,0,1,0,0,0,0,0,0,0,0,0,0,0,0,0,0,0,0,0,0
C5120ST,9,179,District-Sultanpur,Total,10-19,3,2,1,1,1,0,1,0,1,0,0,0,0,0,0,0,0,0,0,0,0,1,1,0,0,0,0
C5120ST,9,179,District-Sultanpur,Total,20-29,0,0,0,0,0,0,0,0,0,0,0,0,0,0,0,0,0,0,0,0,0,0,0,0,0,0,0
C5120ST,9,179,District-Sultanpur,Total,30-39,2,2,0,0,0,0,1,1,0,0,0,0,0,0,0,1,1,0,0,0,0,0,0,0,0,0,0
C5120ST,9,179,District-Sultanpur,Total,40-49,2,2,0,0,0,0,1,1,0,0,0,0,0,0,0,0,0,0,0,0,0,1,1,0,0,0,0
C5120ST,9,179,District-Sultanpur,Total,50-59,1,1,0,0,0,0,0,0,0,1,1,0,0,0,0,0,0,0,0,0,0,0,0,0,0,0,0
C5120ST,9,179,District-Sultanpur,Total,60-69,0,0,0,0,0,0,0,0,0,0,0,0,0,0,0,0,0,0,0,0,0,0,0,0,0,0,0
C5120ST,9,179,District-Sultanpur,Total,70-79,1,0,1,1,0,1,0,0,0,0,0,0,0,0,0,0,0,0,0,0,0,0,0,0,0,0,0
C5120ST,9,179,District-Sultanpur,Total,80-89,0,0,0,0,0,0,0,0,0,0,0,0,0,0,0,0,0,0,0,0,0,0,0,0,0,0,0
C5120ST,9,179,District-Sultanpur,Total,90+,0,0,0,0,0,0,0,0,0,0,0,0,0,0,0,0,0,0,0,0,0,0,0,0,0,0,0
C5120ST,9,179,District-Sultanpur,Total,Age Not Stated,0,0,0,0,0,0,0,0,0,0,0,0,0,0,0,0,0,0,0,0,0,0,0,0,0,0,0
C5120ST,9,179,District-Sultanpur,Rural,Total,12,8,4,2,1,1,4,2,2,2,2,0,0,0,0,1,1,0,0,0,0,3,2,1,0,0,0
C5120ST,9,179,District-Sultanpur,Rural,0-4,2,1,1,0,0,0,0,0,0,1,1,0,0,0,0,0,0,0,0,0,0,1,0,1,0,0,0
C5120ST,9,179,District-Sultanpur,Rural,5-9,1,0,1,0,0,0,1,0,1,0,0,0,0,0,0,0,0,0,0,0,0,0,0,0,0,0,0
C5120ST,9,179,District-Sultanpur,Rural,10-19,3,2,1,1,1,0,1,0,1,0,0,0,0,0,0,0,0,0,0,0,0,1,1,0,0,0,0
C5120ST,9,179,District-Sultanpur,Rural,20-29,0,0,0,0,0,0,0,0,0,0,0,0,0,0,0,0,0,0,0,0,0,0,0,0,0,0,0
C5120ST,9,179,District-Sultanpur,Rural,30-39,2,2,0,0,0,0,1,1,0,0,0,0,0,0,0,1,1,0,0,0,0,0,0,0,0,0,0
C5120ST,9,179,District-Sultanpur,Rural,40-49,2,2,0,0,0,0,1,1,0,0,0,0,0,0,0,0,0,0,0,0,0,1,1,0,0,0,0
C5120ST,9,179,District-Sultanpur,Rural,50-59,1,1,0,0,0,0,0,0,0,1,1,0,0,0,0,0,0,0,0,0,0,0,0,0,0,0,0
C5120ST,9,179,District-Sultanpur,Rural,60-69,0,0,0,0,0,0,0,0,0,0,0,0,0,0,0,0,0,0,0,0,0,0,0,0,0,0,0
C5120ST,9,179,District-Sultanpur,Rural,70-79,1,0,1,1,0,1,0,0,0,0,0,0,0,0,0,0,0,0,0,0,0,0,0,0,0,0,0
C5120ST,9,179,District-Sultanpur,Rural,80-89,0,0,0,0,0,0,0,0,0,0,0,0,0,0,0,0,0,0,0,0,0,0,0,0,0,0,0
C5120ST,9,179,District-Sultanpur,Rural,90+,0,0,0,0,0,0,0,0,0,0,0,0,0,0,0,0,0,0,0,0,0,0,0,0,0,0,0
C5120ST,9,179,District-Sultanpur,Rural,Age Not Stated,0,0,0,0,0,0,0,0,0,0,0,0,0,0,0,0,0,0,0,0,0,0,0,0,0,0,0
C5120ST,9,179,District-Sultanpur,Urban,Total,0,0,0,0,0,0,0,0,0,0,0,0,0,0,0,0,0,0,0,0,0,0,0,0,0,0,0
C5120ST,9,179,District-Sultanpur,Urban,0-4,0,0,0,0,0,0,0,0,0,0,0,0,0,0,0,0,0,0,0,0,0,0,0,0,0,0,0
C5120ST,9,179,District-Sultanpur,Urban,5-9,0,0,0,0,0,0,0,0,0,0,0,0,0,0,0,0,0,0,0,0,0,0,0,0,0,0,0
C5120ST,9,179,District-Sultanpur,Urban,10-19,0,0,0,0,0,0,0,0,0,0,0,0,0,0,0,0,0,0,0,0,0,0,0,0,0,0,0
C5120ST,9,179,District-Sultanpur,Urban,20-29,0,0,0,0,0,0,0,0,0,0,0,0,0,0,0,0,0,0,0,0,0,0,0,0,0,0,0
C5120ST,9,179,District-Sultanpur,Urban,30-39,0,0,0,0,0,0,0,0,0,0,0,0,0,0,0,0,0,0,0,0,0,0,0,0,0,0,0
C5120ST,9,179,District-Sultanpur,Urban,40-49,0,0,0,0,0,0,0,0,0,0,0,0,0,0,0,0,0,0,0,0,0,0,0,0,0,0,0
C5120ST,9,179,District-Sultanpur,Urban,50-59,0,0,0,0,0,0,0,0,0,0,0,0,0,0,0,0,0,0,0,0,0,0,0,0,0,0,0
C5120ST,9,179,District-Sultanpur,Urban,60-69,0,0,0,0,0,0,0,0,0,0,0,0,0,0,0,0,0,0,0,0,0,0,0,0,0,0,0
C5120ST,9,179,District-Sultanpur,Urban,70-79,0,0,0,0,0,0,0,0,0,0,0,0,0,0,0,0,0,0,0,0,0,0,0,0,0,0,0
C5120ST,9,179,District-Sultanpur,Urban,80-89,0,0,0,0,0,0,0,0,0,0,0,0,0,0,0,0,0,0,0,0,0,0,0,0,0,0,0
C5120ST,9,179,District-Sultanpur,Urban,90+,0,0,0,0,0,0,0,0,0,0,0,0,0,0,0,0,0,0,0,0,0,0,0,0,0,0,0
C5120ST,9,179,District-Sultanpur,Urban,Age Not Stated,0,0,0,0,0,0,0,0,0,0,0,0,0,0,0,0,0,0,0,0,0,0,0,0,0,0,0
C5120ST,9,180,District-Bahraich,Total,Total,243,130,113,49,26,23,119,68,51,5,1,4,17,8,9,3,2,1,2,0,2,34,16,18,14,9,5
C5120ST,9,180,District-Bahraich,Total,0-4,20,11,9,3,2,1,12,7,5,0,0,0,0,0,0,0,0,0,0,0,0,5,2,3,0,0,0
C5120ST,9,180,District-Bahraich,Total,5-9,30,17,13,6,3,3,15,10,5,0,0,0,2,2,0,1,0,1,0,0,0,4,1,3,2,1,1
C5120ST,9,180,District-Bahraich,Total,10-19,62,29,33,10,2,8,24,13,11,3,1,2,3,0,3,2,2,0,2,0,2,10,5,5,8,6,2
C5120ST,9,180,District-Bahraich,Total,20-29,46,23,23,9,6,3,23,8,15,1,0,1,3,2,1,0,0,0,0,0,0,8,5,3,2,2,0
C5120ST,9,180,District-Bahraich,Total,30-39,32,14,18,9,3,6,15,8,7,0,0,0,6,3,3,0,0,0,0,0,0,1,0,1,1,0,1
C5120ST,9,180,District-Bahraich,Total,40-49,22,16,6,7,5,2,12,10,2,0,0,0,0,0,0,0,0,0,0,0,0,2,1,1,1,0,1
C5120ST,9,180,District-Bahraich,Total,50-59,7,6,1,1,1,0,4,4,0,0,0,0,1,0,1,0,0,0,0,0,0,1,1,0,0,0,0
C5120ST,9,180,District-Bahraich,Total,60-69,14,8,6,2,2,0,8,5,3,0,0,0,2,1,1,0,0,0,0,0,0,2,0,2,0,0,0
C5120ST,9,180,District-Bahraich,Total,70-79,8,5,3,1,1,0,5,3,2,1,0,1,0,0,0,0,0,0,0,0,0,1,1,0,0,0,0
C5120ST,9,180,District-Bahraich,Total,80-89,2,1,1,1,1,0,1,0,1,0,0,0,0,0,0,0,0,0,0,0,0,0,0,0,0,0,0
C5120ST,9,180,District-Bahraich,Total,90+,0,0,0,0,0,0,0,0,0,0,0,0,0,0,0,0,0,0,0,0,0,0,0,0,0,0,0
C5120ST,9,180,District-Bahraich,Total,Age Not Stated,0,0,0,0,0,0,0,0,0,0,0,0,0,0,0,0,0,0,0,0,0,0,0,0,0,0,0
C5120ST,9,180,District-Bahraich,Rural,Total,241,128,113,49,26,23,118,67,51,5,1,4,16,7,9,3,2,1,2,0,2,34,16,18,14,9,5
C5120ST,9,180,District-Bahraich,Rural,0-4,20,11,9,3,2,1,12,7,5,0,0,0,0,0,0,0,0,0,0,0,0,5,2,3,0,0,0
C5120ST,9,180,District-Bahraich,Rural,5-9,30,17,13,6,3,3,15,10,5,0,0,0,2,2,0,1,0,1,0,0,0,4,1,3,2,1,1
C5120ST,9,180,District-Bahraich,Rural,10-19,62,29,33,10,2,8,24,13,11,3,1,2,3,0,3,2,2,0,2,0,2,10,5,5,8,6,2
C5120ST,9,180,District-Bahraich,Rural,20-29,46,23,23,9,6,3,23,8,15,1,0,1,3,2,1,0,0,0,0,0,0,8,5,3,2,2,0
C5120ST,9,180,District-Bahraich,Rural,30-39,31,13,18,9,3,6,15,8,7,0,0,0,5,2,3,0,0,0,0,0,0,1,0,1,1,0,1
C5120ST,9,180,District-Bahraich,Rural,40-49,22,16,6,7,5,2,12,10,2,0,0,0,0,0,0,0,0,0,0,0,0,2,1,1,1,0,1
C5120ST,9,180,District-Bahraich,Rural,50-59,6,5,1,1,1,0,3,3,0,0,0,0,1,0,1,0,0,0,0,0,0,1,1,0,0,0,0
C5120ST,9,180,District-Bahraich,Rural,60-69,14,8,6,2,2,0,8,5,3,0,0,0,2,1,1,0,0,0,0,0,0,2,0,2,0,0,0
C5120ST,9,180,District-Bahraich,Rural,70-79,8,5,3,1,1,0,5,3,2,1,0,1,0,0,0,0,0,0,0,0,0,1,1,0,0,0,0
C5120ST,9,180,District-Bahraich,Rural,80-89,2,1,1,1,1,0,1,0,1,0,0,0,0,0,0,0,0,0,0,0,0,0,0,0,0,0,0
C5120ST,9,180,District-Bahraich,Rural,90+,0,0,0,0,0,0,0,0,0,0,0,0,0,0,0,0,0,0,0,0,0,0,0,0,0,0,0
C5120ST,9,180,District-Bahraich,Rural,Age Not Stated,0,0,0,0,0,0,0,0,0,0,0,0,0,0,0,0,0,0,0,0,0,0,0,0,0,0,0
C5120ST,9,180,District-Bahraich,Urban,Total,2,2,0,0,0,0,1,1,0,0,0,0,1,1,0,0,0,0,0,0,0,0,0,0,0,0,0
C5120ST,9,180,District-Bahraich,Urban,0-4,0,0,0,0,0,0,0,0,0,0,0,0,0,0,0,0,0,0,0,0,0,0,0,0,0,0,0
C5120ST,9,180,District-Bahraich,Urban,5-9,0,0,0,0,0,0,0,0,0,0,0,0,0,0,0,0,0,0,0,0,0,0,0,0,0,0,0
C5120ST,9,180,District-Bahraich,Urban,10-19,0,0,0,0,0,0,0,0,0,0,0,0,0,0,0,0,0,0,0,0,0,0,0,0,0,0,0
C5120ST,9,180,District-Bahraich,Urban,20-29,0,0,0,0,0,0,0,0,0,0,0,0,0,0,0,0,0,0,0,0,0,0,0,0,0,0,0
C5120ST,9,180,District-Bahraich,Urban,30-39,1,1,0,0,0,0,0,0,0,0,0,0,1,1,0,0,0,0,0,0,0,0,0,0,0,0,0
C5120ST,9,180,District-Bahraich,Urban,40-49,0,0,0,0,0,0,0,0,0,0,0,0,0,0,0,0,0,0,0,0,0,0,0,0,0,0,0
C5120ST,9,180,District-Bahraich,Urban,50-59,1,1,0,0,0,0,1,1,0,0,0,0,0,0,0,0,0,0,0,0,0,0,0,0,0,0,0
C5120ST,9,180,District-Bahraich,Urban,60-69,0,0,0,0,0,0,0,0,0,0,0,0,0,0,0,0,0,0,0,0,0,0,0,0,0,0,0
C5120ST,9,180,District-Bahraich,Urban,70-79,0,0,0,0,0,0,0,0,0,0,0,0,0,0,0,0,0,0,0,0,0,0,0,0,0,0,0
C5120ST,9,180,District-Bahraich,Urban,80-89,0,0,0,0,0,0,0,0,0,0,0,0,0,0,0,0,0,0,0,0,0,0,0,0,0,0,0
C5120ST,9,180,District-Bahraich,Urban,90+,0,0,0,0,0,0,0,0,0,0,0,0,0,0,0,0,0,0,0,0,0,0,0,0,0,0,0
C5120ST,9,180,District-Bahraich,Urban,Age Not Stated,0,0,0,0,0,0,0,0,0,0,0,0,0,0,0,0,0,0,0,0,0,0,0,0,0,0,0
C5120ST,9,181,District-Shrawasti,Total,Total,67,40,27,24,14,10,7,5,2,2,1,1,10,7,3,1,0,1,2,2,0,17,9,8,4,2,2
C5120ST,9,181,District-Shrawasti,Total,0-4,9,6,3,2,2,0,2,2,0,0,0,0,0,0,0,1,0,1,0,0,0,3,2,1,1,0,1
C5120ST,9,181,District-Shrawasti,Total,5-9,5,2,3,0,0,0,2,1,1,0,0,0,0,0,0,0,0,0,1,1,0,1,0,1,1,0,1
C5120ST,9,181,District-Shrawasti,Total,10-19,15,6,9,7,3,4,0,0,0,2,1,1,0,0,0,0,0,0,0,0,0,5,1,4,1,1,0
C5120ST,9,181,District-Shrawasti,Total,20-29,11,7,4,5,2,3,1,1,0,0,0,0,2,1,1,0,0,0,1,1,0,1,1,0,1,1,0
C5120ST,9,181,District-Shrawasti,Total,30-39,13,8,5,5,3,2,1,0,1,0,0,0,4,3,1,0,0,0,0,0,0,3,2,1,0,0,0
C5120ST,9,181,District-Shrawasti,Total,40-49,2,2,0,1,1,0,0,0,0,0,0,0,0,0,0,0,0,0,0,0,0,1,1,0,0,0,0
C5120ST,9,181,District-Shrawasti,Total,50-59,3,1,2,1,0,1,0,0,0,0,0,0,1,0,1,0,0,0,0,0,0,1,1,0,0,0,0
C5120ST,9,181,District-Shrawasti,Total,60-69,4,4,0,0,0,0,1,1,0,0,0,0,2,2,0,0,0,0,0,0,0,1,1,0,0,0,0
C5120ST,9,181,District-Shrawasti,Total,70-79,3,3,0,2,2,0,0,0,0,0,0,0,1,1,0,0,0,0,0,0,0,0,0,0,0,0,0
C5120ST,9,181,District-Shrawasti,Total,80-89,2,1,1,1,1,0,0,0,0,0,0,0,0,0,0,0,0,0,0,0,0,1,0,1,0,0,0
C5120ST,9,181,District-Shrawasti,Total,90+,0,0,0,0,0,0,0,0,0,0,0,0,0,0,0,0,0,0,0,0,0,0,0,0,0,0,0
C5120ST,9,181,District-Shrawasti,Total,Age Not Stated,0,0,0,0,0,0,0,0,0,0,0,0,0,0,0,0,0,0,0,0,0,0,0,0,0,0,0
C5120ST,9,181,District-Shrawasti,Rural,Total,67,40,27,24,14,10,7,5,2,2,1,1,10,7,3,1,0,1,2,2,0,17,9,8,4,2,2
C5120ST,9,181,District-Shrawasti,Rural,0-4,9,6,3,2,2,0,2,2,0,0,0,0,0,0,0,1,0,1,0,0,0,3,2,1,1,0,1
C5120ST,9,181,District-Shrawasti,Rural,5-9,5,2,3,0,0,0,2,1,1,0,0,0,0,0,0,0,0,0,1,1,0,1,0,1,1,0,1
C5120ST,9,181,District-Shrawasti,Rural,10-19,15,6,9,7,3,4,0,0,0,2,1,1,0,0,0,0,0,0,0,0,0,5,1,4,1,1,0
C5120ST,9,181,District-Shrawasti,Rural,20-29,11,7,4,5,2,3,1,1,0,0,0,0,2,1,1,0,0,0,1,1,0,1,1,0,1,1,0
C5120ST,9,181,District-Shrawasti,Rural,30-39,13,8,5,5,3,2,1,0,1,0,0,0,4,3,1,0,0,0,0,0,0,3,2,1,0,0,0
C5120ST,9,181,District-Shrawasti,Rural,40-49,2,2,0,1,1,0,0,0,0,0,0,0,0,0,0,0,0,0,0,0,0,1,1,0,0,0,0
C5120ST,9,181,District-Shrawasti,Rural,50-59,3,1,2,1,0,1,0,0,0,0,0,0,1,0,1,0,0,0,0,0,0,1,1,0,0,0,0
C5120ST,9,181,District-Shrawasti,Rural,60-69,4,4,0,0,0,0,1,1,0,0,0,0,2,2,0,0,0,0,0,0,0,1,1,0,0,0,0
C5120ST,9,181,District-Shrawasti,Rural,70-79,3,3,0,2,2,0,0,0,0,0,0,0,1,1,0,0,0,0,0,0,0,0,0,0,0,0,0
C5120ST,9,181,District-Shrawasti,Rural,80-89,2,1,1,1,1,0,0,0,0,0,0,0,0,0,0,0,0,0,0,0,0,1,0,1,0,0,0
C5120ST,9,181,District-Shrawasti,Rural,90+,0,0,0,0,0,0,0,0,0,0,0,0,0,0,0,0,0,0,0,0,0,0,0,0,0,0,0
C5120ST,9,181,District-Shrawasti,Rural,Age Not Stated,0,0,0,0,0,0,0,0,0,0,0,0,0,0,0,0,0,0,0,0,0,0,0,0,0,0,0
C5120ST,9,181,District-Shrawasti,Urban,Total,0,0,0,0,0,0,0,0,0,0,0,0,0,0,0,0,0,0,0,0,0,0,0,0,0,0,0
C5120ST,9,181,District-Shrawasti,Urban,0-4,0,0,0,0,0,0,0,0,0,0,0,0,0,0,0,0,0,0,0,0,0,0,0,0,0,0,0
C5120ST,9,181,District-Shrawasti,Urban,5-9,0,0,0,0,0,0,0,0,0,0,0,0,0,0,0,0,0,0,0,0,0,0,0,0,0,0,0
C5120ST,9,181,District-Shrawasti,Urban,10-19,0,0,0,0,0,0,0,0,0,0,0,0,0,0,0,0,0,0,0,0,0,0,0,0,0,0,0
C5120ST,9,181,District-Shrawasti,Urban,20-29,0,0,0,0,0,0,0,0,0,0,0,0,0,0,0,0,0,0,0,0,0,0,0,0,0,0,0
C5120ST,9,181,District-Shrawasti,Urban,30-39,0,0,0,0,0,0,0,0,0,0,0,0,0,0,0,0,0,0,0,0,0,0,0,0,0,0,0
C5120ST,9,181,District-Shrawasti,Urban,40-49,0,0,0,0,0,0,0,0,0,0,0,0,0,0,0,0,0,0,0,0,0,0,0,0,0,0,0
C5120ST,9,181,District-Shrawasti,Urban,50-59,0,0,0,0,0,0,0,0,0,0,0,0,0,0,0,0,0,0,0,0,0,0,0,0,0,0,0
C5120ST,9,181,District-Shrawasti,Urban,60-69,0,0,0,0,0,0,0,0,0,0,0,0,0,0,0,0,0,0,0,0,0,0,0,0,0,0,0
C5120ST,9,181,District-Shrawasti,Urban,70-79,0,0,0,0,0,0,0,0,0,0,0,0,0,0,0,0,0,0,0,0,0,0,0,0,0,0,0
C5120ST,9,181,District-Shrawasti,Urban,80-89,0,0,0,0,0,0,0,0,0,0,0,0,0,0,0,0,0,0,0,0,0,0,0,0,0,0,0
C5120ST,9,181,District-Shrawasti,Urban,90+,0,0,0,0,0,0,0,0,0,0,0,0,0,0,0,0,0,0,0,0,0,0,0,0,0,0,0
C5120ST,9,181,District-Shrawasti,Urban,Age Not Stated,0,0,0,0,0,0,0,0,0,0,0,0,0,0,0,0,0,0,0,0,0,0,0,0,0,0,0
C5120ST,9,182,District-Balrampur,Total,Total,368,198,170,57,29,28,56,31,25,22,10,12,48,31,17,8,1,7,7,2,5,162,86,76,8,8,0
C5120ST,9,182,District-Balrampur,Total,0-4,26,12,14,3,1,2,5,3,2,0,0,0,3,1,2,1,0,1,0,0,0,14,7,7,0,0,0
C5120ST,9,182,District-Balrampur,Total,5-9,44,23,21,4,1,3,7,3,4,3,1,2,5,5,0,1,0,1,0,0,0,23,12,11,1,1,0
C5120ST,9,182,District-Balrampur,Total,10-19,100,57,43,10,7,3,13,9,4,4,1,3,13,8,5,1,0,1,1,0,1,56,30,26,2,2,0
C5120ST,9,182,District-Balrampur,Total,20-29,51,23,28,3,1,2,12,5,7,8,4,4,5,3,2,3,0,3,3,1,2,16,8,8,1,1,0
C5120ST,9,182,District-Balrampur,Total,30-39,49,29,20,9,6,3,5,1,4,4,3,1,8,7,1,1,0,1,0,0,0,22,12,10,0,0,0
C5120ST,9,182,District-Balrampur,Total,40-49,34,24,10,6,5,1,9,7,2,0,0,0,3,1,2,0,0,0,1,0,1,12,8,4,3,3,0
C5120ST,9,182,District-Balrampur,Total,50-59,15,4,11,4,0,4,0,0,0,1,0,1,1,0,1,1,1,0,1,0,1,7,3,4,0,0,0
C5120ST,9,182,District-Balrampur,Total,60-69,27,15,12,9,4,5,3,2,1,2,1,1,5,3,2,0,0,0,1,1,0,7,4,3,0,0,0
C5120ST,9,182,District-Balrampur,Total,70-79,13,6,7,5,2,3,2,1,1,0,0,0,1,1,0,0,0,0,0,0,0,5,2,3,0,0,0
C5120ST,9,182,District-Balrampur,Total,80-89,5,2,3,2,0,2,0,0,0,0,0,0,2,1,1,0,0,0,0,0,0,0,0,0,1,1,0
C5120ST,9,182,District-Balrampur,Total,90+,3,2,1,1,1,0,0,0,0,0,0,0,2,1,1,0,0,0,0,0,0,0,0,0,0,0,0
C5120ST,9,182,District-Balrampur,Total,Age Not Stated,1,1,0,1,1,0,0,0,0,0,0,0,0,0,0,0,0,0,0,0,0,0,0,0,0,0,0
C5120ST,9,182,District-Balrampur,Rural,Total,367,198,169,57,29,28,56,31,25,22,10,12,48,31,17,8,1,7,7,2,5,161,86,75,8,8,0
C5120ST,9,182,District-Balrampur,Rural,0-4,26,12,14,3,1,2,5,3,2,0,0,0,3,1,2,1,0,1,0,0,0,14,7,7,0,0,0
C5120ST,9,182,District-Balrampur,Rural,5-9,44,23,21,4,1,3,7,3,4,3,1,2,5,5,0,1,0,1,0,0,0,23,12,11,1,1,0
C5120ST,9,182,District-Balrampur,Rural,10-19,99,57,42,10,7,3,13,9,4,4,1,3,13,8,5,1,0,1,1,0,1,55,30,25,2,2,0
C5120ST,9,182,District-Balrampur,Rural,20-29,51,23,28,3,1,2,12,5,7,8,4,4,5,3,2,3,0,3,3,1,2,16,8,8,1,1,0
C5120ST,9,182,District-Balrampur,Rural,30-39,49,29,20,9,6,3,5,1,4,4,3,1,8,7,1,1,0,1,0,0,0,22,12,10,0,0,0
C5120ST,9,182,District-Balrampur,Rural,40-49,34,24,10,6,5,1,9,7,2,0,0,0,3,1,2,0,0,0,1,0,1,12,8,4,3,3,0
C5120ST,9,182,District-Balrampur,Rural,50-59,15,4,11,4,0,4,0,0,0,1,0,1,1,0,1,1,1,0,1,0,1,7,3,4,0,0,0
C5120ST,9,182,District-Balrampur,Rural,60-69,27,15,12,9,4,5,3,2,1,2,1,1,5,3,2,0,0,0,1,1,0,7,4,3,0,0,0
C5120ST,9,182,District-Balrampur,Rural,70-79,13,6,7,5,2,3,2,1,1,0,0,0,1,1,0,0,0,0,0,0,0,5,2,3,0,0,0
C5120ST,9,182,District-Balrampur,Rural,80-89,5,2,3,2,0,2,0,0,0,0,0,0,2,1,1,0,0,0,0,0,0,0,0,0,1,1,0
C5120ST,9,182,District-Balrampur,Rural,90+,3,2,1,1,1,0,0,0,0,0,0,0,2,1,1,0,0,0,0,0,0,0,0,0,0,0,0
C5120ST,9,182,District-Balrampur,Rural,Age Not Stated,1,1,0,1,1,0,0,0,0,0,0,0,0,0,0,0,0,0,0,0,0,0,0,0,0,0,0
C5120ST,9,182,District-Balrampur,Urban,Total,1,0,1,0,0,0,0,0,0,0,0,0,0,0,0,0,0,0,0,0,0,1,0,1,0,0,0
C5120ST,9,182,District-Balrampur,Urban,0-4,0,0,0,0,0,0,0,0,0,0,0,0,0,0,0,0,0,0,0,0,0,0,0,0,0,0,0
C5120ST,9,182,District-Balrampur,Urban,5-9,0,0,0,0,0,0,0,0,0,0,0,0,0,0,0,0,0,0,0,0,0,0,0,0,0,0,0
C5120ST,9,182,District-Balrampur,Urban,10-19,1,0,1,0,0,0,0,0,0,0,0,0,0,0,0,0,0,0,0,0,0,1,0,1,0,0,0
C5120ST,9,182,District-Balrampur,Urban,20-29,0,0,0,0,0,0,0,0,0,0,0,0,0,0,0,0,0,0,0,0,0,0,0,0,0,0,0
C5120ST,9,182,District-Balrampur,Urban,30-39,0,0,0,0,0,0,0,0,0,0,0,0,0,0,0,0,0,0,0,0,0,0,0,0,0,0,0
C5120ST,9,182,District-Balrampur,Urban,40-49,0,0,0,0,0,0,0,0,0,0,0,0,0,0,0,0,0,0,0,0,0,0,0,0,0,0,0
C5120ST,9,182,District-Balrampur,Urban,50-59,0,0,0,0,0,0,0,0,0,0,0,0,0,0,0,0,0,0,0,0,0,0,0,0,0,0,0
C5120ST,9,182,District-Balrampur,Urban,60-69,0,0,0,0,0,0,0,0,0,0,0,0,0,0,0,0,0,0,0,0,0,0,0,0,0,0,0
C5120ST,9,182,District-Balrampur,Urban,70-79,0,0,0,0,0,0,0,0,0,0,0,0,0,0,0,0,0,0,0,0,0,0,0,0,0,0,0
C5120ST,9,182,District-Balrampur,Urban,80-89,0,0,0,0,0,0,0,0,0,0,0,0,0,0,0,0,0,0,0,0,0,0,0,0,0,0,0
C5120ST,9,182,District-Balrampur,Urban,90+,0,0,0,0,0,0,0,0,0,0,0,0,0,0,0,0,0,0,0,0,0,0,0,0,0,0,0
C5120ST,9,182,District-Balrampur,Urban,Age Not Stated,0,0,0,0,0,0,0,0,0,0,0,0,0,0,0,0,0,0,0,0,0,0,0,0,0,0,0
C5120ST,9,183,District-Gonda,Total,Total,22,16,6,2,2,0,4,3,1,0,0,0,1,1,0,2,2,0,1,0,1,12,8,4,0,0,0
C5120ST,9,183,District-Gonda,Total,0-4,5,3,2,0,0,0,1,0,1,0,0,0,0,0,0,1,1,0,0,0,0,3,2,1,0,0,0
C5120ST,9,183,District-Gonda,Total,5-9,3,3,0,0,0,0,1,1,0,0,0,0,1,1,0,0,0,0,0,0,0,1,1,0,0,0,0
C5120ST,9,183,District-Gonda,Total,10-19,4,3,1,1,1,0,0,0,0,0,0,0,0,0,0,0,0,0,1,0,1,2,2,0,0,0,0
C5120ST,9,183,District-Gonda,Total,20-29,3,2,1,0,0,0,2,2,0,0,0,0,0,0,0,0,0,0,0,0,0,1,0,1,0,0,0
C5120ST,9,183,District-Gonda,Total,30-39,2,1,1,0,0,0,0,0,0,0,0,0,0,0,0,0,0,0,0,0,0,2,1,1,0,0,0
C5120ST,9,183,District-Gonda,Total,40-49,2,1,1,0,0,0,0,0,0,0,0,0,0,0,0,1,1,0,0,0,0,1,0,1,0,0,0
C5120ST,9,183,District-Gonda,Total,50-59,1,1,0,1,1,0,0,0,0,0,0,0,0,0,0,0,0,0,0,0,0,0,0,0,0,0,0
C5120ST,9,183,District-Gonda,Total,60-69,1,1,0,0,0,0,0,0,0,0,0,0,0,0,0,0,0,0,0,0,0,1,1,0,0,0,0
C5120ST,9,183,District-Gonda,Total,70-79,1,1,0,0,0,0,0,0,0,0,0,0,0,0,0,0,0,0,0,0,0,1,1,0,0,0,0
C5120ST,9,183,District-Gonda,Total,80-89,0,0,0,0,0,0,0,0,0,0,0,0,0,0,0,0,0,0,0,0,0,0,0,0,0,0,0
C5120ST,9,183,District-Gonda,Total,90+,0,0,0,0,0,0,0,0,0,0,0,0,0,0,0,0,0,0,0,0,0,0,0,0,0,0,0
C5120ST,9,183,District-Gonda,Total,Age Not Stated,0,0,0,0,0,0,0,0,0,0,0,0,0,0,0,0,0,0,0,0,0,0,0,0,0,0,0
C5120ST,9,183,District-Gonda,Rural,Total,21,16,5,2,2,0,4,3,1,0,0,0,1,1,0,2,2,0,0,0,0,12,8,4,0,0,0
C5120ST,9,183,District-Gonda,Rural,0-4,5,3,2,0,0,0,1,0,1,0,0,0,0,0,0,1,1,0,0,0,0,3,2,1,0,0,0
C5120ST,9,183,District-Gonda,Rural,5-9,3,3,0,0,0,0,1,1,0,0,0,0,1,1,0,0,0,0,0,0,0,1,1,0,0,0,0
C5120ST,9,183,District-Gonda,Rural,10-19,3,3,0,1,1,0,0,0,0,0,0,0,0,0,0,0,0,0,0,0,0,2,2,0,0,0,0
C5120ST,9,183,District-Gonda,Rural,20-29,3,2,1,0,0,0,2,2,0,0,0,0,0,0,0,0,0,0,0,0,0,1,0,1,0,0,0
C5120ST,9,183,District-Gonda,Rural,30-39,2,1,1,0,0,0,0,0,0,0,0,0,0,0,0,0,0,0,0,0,0,2,1,1,0,0,0
C5120ST,9,183,District-Gonda,Rural,40-49,2,1,1,0,0,0,0,0,0,0,0,0,0,0,0,1,1,0,0,0,0,1,0,1,0,0,0
C5120ST,9,183,District-Gonda,Rural,50-59,1,1,0,1,1,0,0,0,0,0,0,0,0,0,0,0,0,0,0,0,0,0,0,0,0,0,0
C5120ST,9,183,District-Gonda,Rural,60-69,1,1,0,0,0,0,0,0,0,0,0,0,0,0,0,0,0,0,0,0,0,1,1,0,0,0,0
C5120ST,9,183,District-Gonda,Rural,70-79,1,1,0,0,0,0,0,0,0,0,0,0,0,0,0,0,0,0,0,0,0,1,1,0,0,0,0
C5120ST,9,183,District-Gonda,Rural,80-89,0,0,0,0,0,0,0,0,0,0,0,0,0,0,0,0,0,0,0,0,0,0,0,0,0,0,0
C5120ST,9,183,District-Gonda,Rural,90+,0,0,0,0,0,0,0,0,0,0,0,0,0,0,0,0,0,0,0,0,0,0,0,0,0,0,0
C5120ST,9,183,District-Gonda,Rural,Age Not Stated,0,0,0,0,0,0,0,0,0,0,0,0,0,0,0,0,0,0,0,0,0,0,0,0,0,0,0
C5120ST,9,183,District-Gonda,Urban,Total,1,0,1,0,0,0,0,0,0,0,0,0,0,0,0,0,0,0,1,0,1,0,0,0,0,0,0
C5120ST,9,183,District-Gonda,Urban,0-4,0,0,0,0,0,0,0,0,0,0,0,0,0,0,0,0,0,0,0,0,0,0,0,0,0,0,0
C5120ST,9,183,District-Gonda,Urban,5-9,0,0,0,0,0,0,0,0,0,0,0,0,0,0,0,0,0,0,0,0,0,0,0,0,0,0,0
C5120ST,9,183,District-Gonda,Urban,10-19,1,0,1,0,0,0,0,0,0,0,0,0,0,0,0,0,0,0,1,0,1,0,0,0,0,0,0
C5120ST,9,183,District-Gonda,Urban,20-29,0,0,0,0,0,0,0,0,0,0,0,0,0,0,0,0,0,0,0,0,0,0,0,0,0,0,0
C5120ST,9,183,District-Gonda,Urban,30-39,0,0,0,0,0,0,0,0,0,0,0,0,0,0,0,0,0,0,0,0,0,0,0,0,0,0,0
C5120ST,9,183,District-Gonda,Urban,40-49,0,0,0,0,0,0,0,0,0,0,0,0,0,0,0,0,0,0,0,0,0,0,0,0,0,0,0
C5120ST,9,183,District-Gonda,Urban,50-59,0,0,0,0,0,0,0,0,0,0,0,0,0,0,0,0,0,0,0,0,0,0,0,0,0,0,0
C5120ST,9,183,District-Gonda,Urban,60-69,0,0,0,0,0,0,0,0,0,0,0,0,0,0,0,0,0,0,0,0,0,0,0,0,0,0,0
C5120ST,9,183,District-Gonda,Urban,70-79,0,0,0,0,0,0,0,0,0,0,0,0,0,0,0,0,0,0,0,0,0,0,0,0,0,0,0
C5120ST,9,183,District-Gonda,Urban,80-89,0,0,0,0,0,0,0,0,0,0,0,0,0,0,0,0,0,0,0,0,0,0,0,0,0,0,0
C5120ST,9,183,District-Gonda,Urban,90+,0,0,0,0,0,0,0,0,0,0,0,0,0,0,0,0,0,0,0,0,0,0,0,0,0,0,0
C5120ST,9,183,District-Gonda,Urban,Age Not Stated,0,0,0,0,0,0,0,0,0,0,0,0,0,0,0,0,0,0,0,0,0,0,0,0,0,0,0
C5120ST,9,184,District-Siddharthnagar,Total,Total,189,108,81,39,24,15,41,25,16,11,3,8,41,25,16,7,3,4,3,0,3,36,20,16,11,8,3
C5120ST,9,184,District-Siddharthnagar,Total,0-4,12,7,5,2,2,0,3,1,2,0,0,0,2,2,0,1,0,1,0,0,0,4,2,2,0,0,0
C5120ST,9,184,District-Siddharthnagar,Total,5-9,22,14,8,4,3,1,5,4,1,1,0,1,3,1,2,2,1,1,0,0,0,5,3,2,2,2,0
C5120ST,9,184,District-Siddharthnagar,Total,10-19,37,24,13,8,6,2,9,7,2,4,2,2,5,3,2,2,1,1,0,0,0,7,3,4,2,2,0
C5120ST,9,184,District-Siddharthnagar,Total,20-29,34,19,15,11,6,5,6,3,3,1,0,1,7,5,2,1,1,0,0,0,0,5,2,3,3,2,1
C5120ST,9,184,District-Siddharthnagar,Total,30-39,16,4,12,1,0,1,4,2,2,2,0,2,5,1,4,0,0,0,1,0,1,2,1,1,1,0,1
C5120ST,9,184,District-Siddharthnagar,Total,40-49,16,10,6,3,1,2,3,3,0,1,1,0,2,2,0,0,0,0,2,0,2,5,3,2,0,0,0
C5120ST,9,184,District-Siddharthnagar,Total,50-59,18,8,10,5,2,3,1,0,1,1,0,1,6,3,3,1,0,1,0,0,0,3,2,1,1,1,0
C5120ST,9,184,District-Siddharthnagar,Total,60-69,21,14,7,5,4,1,6,3,3,1,0,1,3,3,0,0,0,0,0,0,0,5,4,1,1,0,1
C5120ST,9,184,District-Siddharthnagar,Total,70-79,10,8,2,0,0,0,3,2,1,0,0,0,6,5,1,0,0,0,0,0,0,0,0,0,1,1,0
C5120ST,9,184,District-Siddharthnagar,Total,80-89,2,0,2,0,0,0,0,0,0,0,0,0,2,0,2,0,0,0,0,0,0,0,0,0,0,0,0
C5120ST,9,184,District-Siddharthnagar,Total,90+,0,0,0,0,0,0,0,0,0,0,0,0,0,0,0,0,0,0,0,0,0,0,0,0,0,0,0
C5120ST,9,184,District-Siddharthnagar,Total,Age Not Stated,1,0,1,0,0,0,1,0,1,0,0,0,0,0,0,0,0,0,0,0,0,0,0,0,0,0,0
C5120ST,9,184,District-Siddharthnagar,Rural,Total,179,101,78,37,22,15,39,24,15,11,3,8,38,23,15,6,2,4,3,0,3,35,20,15,10,7,3
C5120ST,9,184,District-Siddharthnagar,Rural,0-4,12,7,5,2,2,0,3,1,2,0,0,0,2,2,0,1,0,1,0,0,0,4,2,2,0,0,0
C5120ST,9,184,District-Siddharthnagar,Rural,5-9,21,13,8,4,3,1,5,4,1,1,0,1,3,1,2,1,0,1,0,0,0,5,3,2,2,2,0
C5120ST,9,184,District-Siddharthnagar,Rural,10-19,36,24,12,8,6,2,8,7,1,4,2,2,5,3,2,2,1,1,0,0,0,7,3,4,2,2,0
C5120ST,9,184,District-Siddharthnagar,Rural,20-29,33,18,15,10,5,5,6,3,3,1,0,1,7,5,2,1,1,0,0,0,0,5,2,3,3,2,1
C5120ST,9,184,District-Siddharthnagar,Rural,30-39,14,3,11,1,0,1,3,1,2,2,0,2,4,1,3,0,0,0,1,0,1,2,1,1,1,0,1
C5120ST,9,184,District-Siddharthnagar,Rural,40-49,16,10,6,3,1,2,3,3,0,1,1,0,2,2,0,0,0,0,2,0,2,5,3,2,0,0,0
C5120ST,9,184,District-Siddharthnagar,Rural,50-59,18,8,10,5,2,3,1,0,1,1,0,1,6,3,3,1,0,1,0,0,0,3,2,1,1,1,0
C5120ST,9,184,District-Siddharthnagar,Rural,60-69,19,13,6,4,3,1,6,3,3,1,0,1,3,3,0,0,0,0,0,0,0,4,4,0,1,0,1
C5120ST,9,184,District-Siddharthnagar,Rural,70-79,7,5,2,0,0,0,3,2,1,0,0,0,4,3,1,0,0,0,0,0,0,0,0,0,0,0,0
C5120ST,9,184,District-Siddharthnagar,Rural,80-89,2,0,2,0,0,0,0,0,0,0,0,0,2,0,2,0,0,0,0,0,0,0,0,0,0,0,0
C5120ST,9,184,District-Siddharthnagar,Rural,90+,0,0,0,0,0,0,0,0,0,0,0,0,0,0,0,0,0,0,0,0,0,0,0,0,0,0,0
C5120ST,9,184,District-Siddharthnagar,Rural,Age Not Stated,1,0,1,0,0,0,1,0,1,0,0,0,0,0,0,0,0,0,0,0,0,0,0,0,0,0,0
C5120ST,9,184,District-Siddharthnagar,Urban,Total,10,7,3,2,2,0,2,1,1,0,0,0,3,2,1,1,1,0,0,0,0,1,0,1,1,1,0
C5120ST,9,184,District-Siddharthnagar,Urban,0-4,0,0,0,0,0,0,0,0,0,0,0,0,0,0,0,0,0,0,0,0,0,0,0,0,0,0,0
C5120ST,9,184,District-Siddharthnagar,Urban,5-9,1,1,0,0,0,0,0,0,0,0,0,0,0,0,0,1,1,0,0,0,0,0,0,0,0,0,0
C5120ST,9,184,District-Siddharthnagar,Urban,10-19,1,0,1,0,0,0,1,0,1,0,0,0,0,0,0,0,0,0,0,0,0,0,0,0,0,0,0
C5120ST,9,184,District-Siddharthnagar,Urban,20-29,1,1,0,1,1,0,0,0,0,0,0,0,0,0,0,0,0,0,0,0,0,0,0,0,0,0,0
C5120ST,9,184,District-Siddharthnagar,Urban,30-39,2,1,1,0,0,0,1,1,0,0,0,0,1,0,1,0,0,0,0,0,0,0,0,0,0,0,0
C5120ST,9,184,District-Siddharthnagar,Urban,40-49,0,0,0,0,0,0,0,0,0,0,0,0,0,0,0,0,0,0,0,0,0,0,0,0,0,0,0
C5120ST,9,184,District-Siddharthnagar,Urban,50-59,0,0,0,0,0,0,0,0,0,0,0,0,0,0,0,0,0,0,0,0,0,0,0,0,0,0,0
C5120ST,9,184,District-Siddharthnagar,Urban,60-69,2,1,1,1,1,0,0,0,0,0,0,0,0,0,0,0,0,0,0,0,0,1,0,1,0,0,0
C5120ST,9,184,District-Siddharthnagar,Urban,70-79,3,3,0,0,0,0,0,0,0,0,0,0,2,2,0,0,0,0,0,0,0,0,0,0,1,1,0
C5120ST,9,184,District-Siddharthnagar,Urban,80-89,0,0,0,0,0,0,0,0,0,0,0,0,0,0,0,0,0,0,0,0,0,0,0,0,0,0,0
C5120ST,9,184,District-Siddharthnagar,Urban,90+,0,0,0,0,0,0,0,0,0,0,0,0,0,0,0,0,0,0,0,0,0,0,0,0,0,0,0
C5120ST,9,184,District-Siddharthnagar,Urban,Age Not Stated,0,0,0,0,0,0,0,0,0,0,0,0,0,0,0,0,0,0,0,0,0,0,0,0,0,0,0
C5120ST,9,185,District-Basti,Total,Total,49,26,23,4,4,0,20,10,10,1,1,0,10,7,3,4,1,3,0,0,0,7,1,6,3,2,1
C5120ST,9,185,District-Basti,Total,0-4,2,0,2,0,0,0,2,0,2,0,0,0,0,0,0,0,0,0,0,0,0,0,0,0,0,0,0
C5120ST,9,185,District-Basti,Total,5-9,3,1,2,0,0,0,2,1,1,0,0,0,0,0,0,0,0,0,0,0,0,1,0,1,0,0,0
C5120ST,9,185,District-Basti,Total,10-19,14,5,9,2,2,0,7,3,4,0,0,0,0,0,0,1,0,1,0,0,0,3,0,3,1,0,1
C5120ST,9,185,District-Basti,Total,20-29,9,7,2,0,0,0,2,1,1,1,1,0,2,1,1,1,1,0,0,0,0,1,1,0,2,2,0
C5120ST,9,185,District-Basti,Total,30-39,9,5,4,1,1,0,4,2,2,0,0,0,3,2,1,0,0,0,0,0,0,1,0,1,0,0,0
C5120ST,9,185,District-Basti,Total,40-49,3,2,1,1,1,0,0,0,0,0,0,0,1,1,0,1,0,1,0,0,0,0,0,0,0,0,0
C5120ST,9,185,District-Basti,Total,50-59,3,2,1,0,0,0,1,1,0,0,0,0,1,1,0,0,0,0,0,0,0,1,0,1,0,0,0
C5120ST,9,185,District-Basti,Total,60-69,3,1,2,0,0,0,1,1,0,0,0,0,1,0,1,1,0,1,0,0,0,0,0,0,0,0,0
C5120ST,9,185,District-Basti,Total,70-79,1,1,0,0,0,0,0,0,0,0,0,0,1,1,0,0,0,0,0,0,0,0,0,0,0,0,0
C5120ST,9,185,District-Basti,Total,80-89,2,2,0,0,0,0,1,1,0,0,0,0,1,1,0,0,0,0,0,0,0,0,0,0,0,0,0
C5120ST,9,185,District-Basti,Total,90+,0,0,0,0,0,0,0,0,0,0,0,0,0,0,0,0,0,0,0,0,0,0,0,0,0,0,0
C5120ST,9,185,District-Basti,Total,Age Not Stated,0,0,0,0,0,0,0,0,0,0,0,0,0,0,0,0,0,0,0,0,0,0,0,0,0,0,0
C5120ST,9,185,District-Basti,Rural,Total,46,25,21,3,3,0,20,10,10,1,1,0,10,7,3,3,1,2,0,0,0,6,1,5,3,2,1
C5120ST,9,185,District-Basti,Rural,0-4,2,0,2,0,0,0,2,0,2,0,0,0,0,0,0,0,0,0,0,0,0,0,0,0,0,0,0
C5120ST,9,185,District-Basti,Rural,5-9,3,1,2,0,0,0,2,1,1,0,0,0,0,0,0,0,0,0,0,0,0,1,0,1,0,0,0
C5120ST,9,185,District-Basti,Rural,10-19,12,4,8,1,1,0,7,3,4,0,0,0,0,0,0,1,0,1,0,0,0,2,0,2,1,0,1
C5120ST,9,185,District-Basti,Rural,20-29,9,7,2,0,0,0,2,1,1,1,1,0,2,1,1,1,1,0,0,0,0,1,1,0,2,2,0
C5120ST,9,185,District-Basti,Rural,30-39,9,5,4,1,1,0,4,2,2,0,0,0,3,2,1,0,0,0,0,0,0,1,0,1,0,0,0
C5120ST,9,185,District-Basti,Rural,40-49,3,2,1,1,1,0,0,0,0,0,0,0,1,1,0,1,0,1,0,0,0,0,0,0,0,0,0
C5120ST,9,185,District-Basti,Rural,50-59,3,2,1,0,0,0,1,1,0,0,0,0,1,1,0,0,0,0,0,0,0,1,0,1,0,0,0
C5120ST,9,185,District-Basti,Rural,60-69,2,1,1,0,0,0,1,1,0,0,0,0,1,0,1,0,0,0,0,0,0,0,0,0,0,0,0
C5120ST,9,185,District-Basti,Rural,70-79,1,1,0,0,0,0,0,0,0,0,0,0,1,1,0,0,0,0,0,0,0,0,0,0,0,0,0
C5120ST,9,185,District-Basti,Rural,80-89,2,2,0,0,0,0,1,1,0,0,0,0,1,1,0,0,0,0,0,0,0,0,0,0,0,0,0
C5120ST,9,185,District-Basti,Rural,90+,0,0,0,0,0,0,0,0,0,0,0,0,0,0,0,0,0,0,0,0,0,0,0,0,0,0,0
C5120ST,9,185,District-Basti,Rural,Age Not Stated,0,0,0,0,0,0,0,0,0,0,0,0,0,0,0,0,0,0,0,0,0,0,0,0,0,0,0
C5120ST,9,185,District-Basti,Urban,Total,3,1,2,1,1,0,0,0,0,0,0,0,0,0,0,1,0,1,0,0,0,1,0,1,0,0,0
C5120ST,9,185,District-Basti,Urban,0-4,0,0,0,0,0,0,0,0,0,0,0,0,0,0,0,0,0,0,0,0,0,0,0,0,0,0,0
C5120ST,9,185,District-Basti,Urban,5-9,0,0,0,0,0,0,0,0,0,0,0,0,0,0,0,0,0,0,0,0,0,0,0,0,0,0,0
C5120ST,9,185,District-Basti,Urban,10-19,2,1,1,1,1,0,0,0,0,0,0,0,0,0,0,0,0,0,0,0,0,1,0,1,0,0,0
C5120ST,9,185,District-Basti,Urban,20-29,0,0,0,0,0,0,0,0,0,0,0,0,0,0,0,0,0,0,0,0,0,0,0,0,0,0,0
C5120ST,9,185,District-Basti,Urban,30-39,0,0,0,0,0,0,0,0,0,0,0,0,0,0,0,0,0,0,0,0,0,0,0,0,0,0,0
C5120ST,9,185,District-Basti,Urban,40-49,0,0,0,0,0,0,0,0,0,0,0,0,0,0,0,0,0,0,0,0,0,0,0,0,0,0,0
C5120ST,9,185,District-Basti,Urban,50-59,0,0,0,0,0,0,0,0,0,0,0,0,0,0,0,0,0,0,0,0,0,0,0,0,0,0,0
C5120ST,9,185,District-Basti,Urban,60-69,1,0,1,0,0,0,0,0,0,0,0,0,0,0,0,1,0,1,0,0,0,0,0,0,0,0,0
C5120ST,9,185,District-Basti,Urban,70-79,0,0,0,0,0,0,0,0,0,0,0,0,0,0,0,0,0,0,0,0,0,0,0,0,0,0,0
C5120ST,9,185,District-Basti,Urban,80-89,0,0,0,0,0,0,0,0,0,0,0,0,0,0,0,0,0,0,0,0,0,0,0,0,0,0,0
C5120ST,9,185,District-Basti,Urban,90+,0,0,0,0,0,0,0,0,0,0,0,0,0,0,0,0,0,0,0,0,0,0,0,0,0,0,0
C5120ST,9,185,District-Basti,Urban,Age Not Stated,0,0,0,0,0,0,0,0,0,0,0,0,0,0,0,0,0,0,0,0,0,0,0,0,0,0,0
C5120ST,9,186,District-Sant Kabir Nagar,Total,Total,18,12,6,3,2,1,2,1,1,1,1,0,5,3,2,1,1,0,0,0,0,6,4,2,0,0,0
C5120ST,9,186,District-Sant Kabir Nagar,Total,0-4,0,0,0,0,0,0,0,0,0,0,0,0,0,0,0,0,0,0,0,0,0,0,0,0,0,0,0
C5120ST,9,186,District-Sant Kabir Nagar,Total,5-9,0,0,0,0,0,0,0,0,0,0,0,0,0,0,0,0,0,0,0,0,0,0,0,0,0,0,0
C5120ST,9,186,District-Sant Kabir Nagar,Total,10-19,1,1,0,0,0,0,0,0,0,1,1,0,0,0,0,0,0,0,0,0,0,0,0,0,0,0,0
C5120ST,9,186,District-Sant Kabir Nagar,Total,20-29,4,4,0,0,0,0,0,0,0,0,0,0,0,0,0,0,0,0,0,0,0,4,4,0,0,0,0
C5120ST,9,186,District-Sant Kabir Nagar,Total,30-39,2,1,1,0,0,0,1,1,0,0,0,0,0,0,0,0,0,0,0,0,0,1,0,1,0,0,0
C5120ST,9,186,District-Sant Kabir Nagar,Total,40-49,3,1,2,0,0,0,1,0,1,0,0,0,0,0,0,1,1,0,0,0,0,1,0,1,0,0,0
C5120ST,9,186,District-Sant Kabir Nagar,Total,50-59,1,1,0,0,0,0,0,0,0,0,0,0,1,1,0,0,0,0,0,0,0,0,0,0,0,0,0
C5120ST,9,186,District-Sant Kabir Nagar,Total,60-69,3,1,2,2,1,1,0,0,0,0,0,0,1,0,1,0,0,0,0,0,0,0,0,0,0,0,0
C5120ST,9,186,District-Sant Kabir Nagar,Total,70-79,1,1,0,0,0,0,0,0,0,0,0,0,1,1,0,0,0,0,0,0,0,0,0,0,0,0,0
C5120ST,9,186,District-Sant Kabir Nagar,Total,80-89,3,2,1,1,1,0,0,0,0,0,0,0,2,1,1,0,0,0,0,0,0,0,0,0,0,0,0
C5120ST,9,186,District-Sant Kabir Nagar,Total,90+,0,0,0,0,0,0,0,0,0,0,0,0,0,0,0,0,0,0,0,0,0,0,0,0,0,0,0
C5120ST,9,186,District-Sant Kabir Nagar,Total,Age Not Stated,0,0,0,0,0,0,0,0,0,0,0,0,0,0,0,0,0,0,0,0,0,0,0,0,0,0,0
C5120ST,9,186,District-Sant Kabir Nagar,Rural,Total,18,12,6,3,2,1,2,1,1,1,1,0,5,3,2,1,1,0,0,0,0,6,4,2,0,0,0
C5120ST,9,186,District-Sant Kabir Nagar,Rural,0-4,0,0,0,0,0,0,0,0,0,0,0,0,0,0,0,0,0,0,0,0,0,0,0,0,0,0,0
C5120ST,9,186,District-Sant Kabir Nagar,Rural,5-9,0,0,0,0,0,0,0,0,0,0,0,0,0,0,0,0,0,0,0,0,0,0,0,0,0,0,0
C5120ST,9,186,District-Sant Kabir Nagar,Rural,10-19,1,1,0,0,0,0,0,0,0,1,1,0,0,0,0,0,0,0,0,0,0,0,0,0,0,0,0
C5120ST,9,186,District-Sant Kabir Nagar,Rural,20-29,4,4,0,0,0,0,0,0,0,0,0,0,0,0,0,0,0,0,0,0,0,4,4,0,0,0,0
C5120ST,9,186,District-Sant Kabir Nagar,Rural,30-39,2,1,1,0,0,0,1,1,0,0,0,0,0,0,0,0,0,0,0,0,0,1,0,1,0,0,0
C5120ST,9,186,District-Sant Kabir Nagar,Rural,40-49,3,1,2,0,0,0,1,0,1,0,0,0,0,0,0,1,1,0,0,0,0,1,0,1,0,0,0
C5120ST,9,186,District-Sant Kabir Nagar,Rural,50-59,1,1,0,0,0,0,0,0,0,0,0,0,1,1,0,0,0,0,0,0,0,0,0,0,0,0,0
C5120ST,9,186,District-Sant Kabir Nagar,Rural,60-69,3,1,2,2,1,1,0,0,0,0,0,0,1,0,1,0,0,0,0,0,0,0,0,0,0,0,0
C5120ST,9,186,District-Sant Kabir Nagar,Rural,70-79,1,1,0,0,0,0,0,0,0,0,0,0,1,1,0,0,0,0,0,0,0,0,0,0,0,0,0
C5120ST,9,186,District-Sant Kabir Nagar,Rural,80-89,3,2,1,1,1,0,0,0,0,0,0,0,2,1,1,0,0,0,0,0,0,0,0,0,0,0,0
C5120ST,9,186,District-Sant Kabir Nagar,Rural,90+,0,0,0,0,0,0,0,0,0,0,0,0,0,0,0,0,0,0,0,0,0,0,0,0,0,0,0
C5120ST,9,186,District-Sant Kabir Nagar,Rural,Age Not Stated,0,0,0,0,0,0,0,0,0,0,0,0,0,0,0,0,0,0,0,0,0,0,0,0,0,0,0
C5120ST,9,186,District-Sant Kabir Nagar,Urban,Total,0,0,0,0,0,0,0,0,0,0,0,0,0,0,0,0,0,0,0,0,0,0,0,0,0,0,0
C5120ST,9,186,District-Sant Kabir Nagar,Urban,0-4,0,0,0,0,0,0,0,0,0,0,0,0,0,0,0,0,0,0,0,0,0,0,0,0,0,0,0
C5120ST,9,186,District-Sant Kabir Nagar,Urban,5-9,0,0,0,0,0,0,0,0,0,0,0,0,0,0,0,0,0,0,0,0,0,0,0,0,0,0,0
C5120ST,9,186,District-Sant Kabir Nagar,Urban,10-19,0,0,0,0,0,0,0,0,0,0,0,0,0,0,0,0,0,0,0,0,0,0,0,0,0,0,0
C5120ST,9,186,District-Sant Kabir Nagar,Urban,20-29,0,0,0,0,0,0,0,0,0,0,0,0,0,0,0,0,0,0,0,0,0,0,0,0,0,0,0
C5120ST,9,186,District-Sant Kabir Nagar,Urban,30-39,0,0,0,0,0,0,0,0,0,0,0,0,0,0,0,0,0,0,0,0,0,0,0,0,0,0,0
C5120ST,9,186,District-Sant Kabir Nagar,Urban,40-49,0,0,0,0,0,0,0,0,0,0,0,0,0,0,0,0,0,0,0,0,0,0,0,0,0,0,0
C5120ST,9,186,District-Sant Kabir Nagar,Urban,50-59,0,0,0,0,0,0,0,0,0,0,0,0,0,0,0,0,0,0,0,0,0,0,0,0,0,0,0
C5120ST,9,186,District-Sant Kabir Nagar,Urban,60-69,0,0,0,0,0,0,0,0,0,0,0,0,0,0,0,0,0,0,0,0,0,0,0,0,0,0,0
C5120ST,9,186,District-Sant Kabir Nagar,Urban,70-79,0,0,0,0,0,0,0,0,0,0,0,0,0,0,0,0,0,0,0,0,0,0,0,0,0,0,0
C5120ST,9,186,District-Sant Kabir Nagar,Urban,80-89,0,0,0,0,0,0,0,0,0,0,0,0,0,0,0,0,0,0,0,0,0,0,0,0,0,0,0
C5120ST,9,186,District-Sant Kabir Nagar,Urban,90+,0,0,0,0,0,0,0,0,0,0,0,0,0,0,0,0,0,0,0,0,0,0,0,0,0,0,0
C5120ST,9,186,District-Sant Kabir Nagar,Urban,Age Not Stated,0,0,0,0,0,0,0,0,0,0,0,0,0,0,0,0,0,0,0,0,0,0,0,0,0,0,0
C5120ST,9,187,District-Mahrajganj,Total,Total,372,210,162,94,51,43,61,34,27,26,14,12,45,27,18,10,5,5,6,5,1,110,59,51,20,15,5
C5120ST,9,187,District-Mahrajganj,Total,0-4,26,14,12,10,5,5,9,6,3,0,0,0,0,0,0,1,1,0,0,0,0,5,1,4,1,1,0
C5120ST,9,187,District-Mahrajganj,Total,5-9,43,24,19,7,4,3,6,3,3,2,2,0,4,3,1,2,0,2,0,0,0,18,10,8,4,2,2
C5120ST,9,187,District-Mahrajganj,Total,10-19,78,38,40,20,7,13,11,5,6,3,3,0,13,5,8,1,1,0,2,2,0,24,13,11,4,2,2
C5120ST,9,187,District-Mahrajganj,Total,20-29,44,25,19,6,3,3,2,0,2,5,1,4,8,7,1,1,1,0,1,1,0,17,8,9,4,4,0
C5120ST,9,187,District-Mahrajganj,Total,30-39,44,28,16,7,5,2,11,7,4,6,4,2,5,2,3,1,0,1,0,0,0,13,9,4,1,1,0
C5120ST,9,187,District-Mahrajganj,Total,40-49,50,32,18,15,9,6,8,5,3,5,3,2,4,4,0,3,2,1,0,0,0,14,8,6,1,1,0
C5120ST,9,187,District-Mahrajganj,Total,50-59,27,15,12,10,6,4,4,2,2,2,0,2,3,2,1,1,0,1,0,0,0,6,4,2,1,1,0
C5120ST,9,187,District-Mahrajganj,Total,60-69,33,19,14,8,5,3,7,4,3,1,0,1,5,3,2,0,0,0,3,2,1,7,3,4,2,2,0
C5120ST,9,187,District-Mahrajganj,Total,70-79,16,8,8,6,3,3,3,2,1,2,1,1,0,0,0,0,0,0,0,0,0,3,1,2,2,1,1
C5120ST,9,187,District-Mahrajganj,Total,80-89,6,4,2,3,3,0,0,0,0,0,0,0,2,0,2,0,0,0,0,0,0,1,1,0,0,0,0
C5120ST,9,187,District-Mahrajganj,Total,90+,1,1,0,1,1,0,0,0,0,0,0,0,0,0,0,0,0,0,0,0,0,0,0,0,0,0,0
C5120ST,9,187,District-Mahrajganj,Total,Age Not Stated,4,2,2,1,0,1,0,0,0,0,0,0,1,1,0,0,0,0,0,0,0,2,1,1,0,0,0
C5120ST,9,187,District-Mahrajganj,Rural,Total,353,198,155,92,50,42,59,32,27,25,14,11,42,24,18,10,5,5,5,4,1,105,58,47,15,11,4
C5120ST,9,187,District-Mahrajganj,Rural,0-4,24,14,10,9,5,4,9,6,3,0,0,0,0,0,0,1,1,0,0,0,0,4,1,3,1,1,0
C5120ST,9,187,District-Mahrajganj,Rural,5-9,42,23,19,7,4,3,6,3,3,2,2,0,4,3,1,2,0,2,0,0,0,18,10,8,3,1,2
C5120ST,9,187,District-Mahrajganj,Rural,10-19,73,36,37,20,7,13,11,5,6,3,3,0,12,4,8,1,1,0,2,2,0,21,12,9,3,2,1
C5120ST,9,187,District-Mahrajganj,Rural,20-29,41,24,17,6,3,3,2,0,2,4,1,3,8,7,1,1,1,0,1,1,0,16,8,8,3,3,0
C5120ST,9,187,District-Mahrajganj,Rural,30-39,42,26,16,7,5,2,10,6,4,6,4,2,4,1,3,1,0,1,0,0,0,13,9,4,1,1,0
C5120ST,9,187,District-Mahrajganj,Rural,40-49,48,30,18,15,9,6,7,4,3,5,3,2,3,3,0,3,2,1,0,0,0,14,8,6,1,1,0
C5120ST,9,187,District-Mahrajganj,Rural,50-59,27,15,12,10,6,4,4,2,2,2,0,2,3,2,1,1,0,1,0,0,0,6,4,2,1,1,0
C5120ST,9,187,District-Mahrajganj,Rural,60-69,29,15,14,7,4,3,7,4,3,1,0,1,5,3,2,0,0,0,2,1,1,7,3,4,0,0,0
C5120ST,9,187,District-Mahrajganj,Rural,70-79,16,8,8,6,3,3,3,2,1,2,1,1,0,0,0,0,0,0,0,0,0,3,1,2,2,1,1
C5120ST,9,187,District-Mahrajganj,Rural,80-89,6,4,2,3,3,0,0,0,0,0,0,0,2,0,2,0,0,0,0,0,0,1,1,0,0,0,0
C5120ST,9,187,District-Mahrajganj,Rural,90+,1,1,0,1,1,0,0,0,0,0,0,0,0,0,0,0,0,0,0,0,0,0,0,0,0,0,0
C5120ST,9,187,District-Mahrajganj,Rural,Age Not Stated,4,2,2,1,0,1,0,0,0,0,0,0,1,1,0,0,0,0,0,0,0,2,1,1,0,0,0
C5120ST,9,187,District-Mahrajganj,Urban,Total,19,12,7,2,1,1,2,2,0,1,0,1,3,3,0,0,0,0,1,1,0,5,1,4,5,4,1
C5120ST,9,187,District-Mahrajganj,Urban,0-4,2,0,2,1,0,1,0,0,0,0,0,0,0,0,0,0,0,0,0,0,0,1,0,1,0,0,0
C5120ST,9,187,District-Mahrajganj,Urban,5-9,1,1,0,0,0,0,0,0,0,0,0,0,0,0,0,0,0,0,0,0,0,0,0,0,1,1,0
C5120ST,9,187,District-Mahrajganj,Urban,10-19,5,2,3,0,0,0,0,0,0,0,0,0,1,1,0,0,0,0,0,0,0,3,1,2,1,0,1
C5120ST,9,187,District-Mahrajganj,Urban,20-29,3,1,2,0,0,0,0,0,0,1,0,1,0,0,0,0,0,0,0,0,0,1,0,1,1,1,0
C5120ST,9,187,District-Mahrajganj,Urban,30-39,2,2,0,0,0,0,1,1,0,0,0,0,1,1,0,0,0,0,0,0,0,0,0,0,0,0,0
C5120ST,9,187,District-Mahrajganj,Urban,40-49,2,2,0,0,0,0,1,1,0,0,0,0,1,1,0,0,0,0,0,0,0,0,0,0,0,0,0
C5120ST,9,187,District-Mahrajganj,Urban,50-59,0,0,0,0,0,0,0,0,0,0,0,0,0,0,0,0,0,0,0,0,0,0,0,0,0,0,0
C5120ST,9,187,District-Mahrajganj,Urban,60-69,4,4,0,1,1,0,0,0,0,0,0,0,0,0,0,0,0,0,1,1,0,0,0,0,2,2,0
C5120ST,9,187,District-Mahrajganj,Urban,70-79,0,0,0,0,0,0,0,0,0,0,0,0,0,0,0,0,0,0,0,0,0,0,0,0,0,0,0
C5120ST,9,187,District-Mahrajganj,Urban,80-89,0,0,0,0,0,0,0,0,0,0,0,0,0,0,0,0,0,0,0,0,0,0,0,0,0,0,0
C5120ST,9,187,District-Mahrajganj,Urban,90+,0,0,0,0,0,0,0,0,0,0,0,0,0,0,0,0,0,0,0,0,0,0,0,0,0,0,0
C5120ST,9,187,District-Mahrajganj,Urban,Age Not Stated,0,0,0,0,0,0,0,0,0,0,0,0,0,0,0,0,0,0,0,0,0,0,0,0,0,0,0
C5120ST,9,188,District-Gorakhpur,Total,Total,421,230,191,74,31,43,135,76,59,36,17,19,55,34,21,17,13,4,14,9,5,76,43,33,14,7,7
C5120ST,9,188,District-Gorakhpur,Total,0-4,30,19,11,9,6,3,9,7,2,2,1,1,2,1,1,1,1,0,1,1,0,5,2,3,1,0,1
C5120ST,9,188,District-Gorakhpur,Total,5-9,42,19,23,7,2,5,16,8,8,4,1,3,1,0,1,1,1,0,1,0,1,11,7,4,1,0,1
C5120ST,9,188,District-Gorakhpur,Total,10-19,90,51,39,17,10,7,32,20,12,8,4,4,12,7,5,1,1,0,5,3,2,12,3,9,3,3,0
C5120ST,9,188,District-Gorakhpur,Total,20-29,70,35,35,11,3,8,19,10,9,7,1,6,11,6,5,3,2,1,1,1,0,17,11,6,1,1,0
C5120ST,9,188,District-Gorakhpur,Total,30-39,61,32,29,10,4,6,17,9,8,6,3,3,7,4,3,6,5,1,3,1,2,11,6,5,1,0,1
C5120ST,9,188,District-Gorakhpur,Total,40-49,39,22,17,6,2,4,10,3,7,3,3,0,6,5,1,4,2,2,1,1,0,7,5,2,2,1,1
C5120ST,9,188,District-Gorakhpur,Total,50-59,42,23,19,7,2,5,15,8,7,5,3,2,3,1,2,0,0,0,1,1,0,7,6,1,4,2,2
C5120ST,9,188,District-Gorakhpur,Total,60-69,29,18,11,5,2,3,13,8,5,0,0,0,7,6,1,1,1,0,0,0,0,3,1,2,0,0,0
C5120ST,9,188,District-Gorakhpur,Total,70-79,12,6,6,2,0,2,2,2,0,1,1,0,4,2,2,0,0,0,1,1,0,1,0,1,1,0,1
C5120ST,9,188,District-Gorakhpur,Total,80-89,4,3,1,0,0,0,2,1,1,0,0,0,2,2,0,0,0,0,0,0,0,0,0,0,0,0,0
C5120ST,9,188,District-Gorakhpur,Total,90+,0,0,0,0,0,0,0,0,0,0,0,0,0,0,0,0,0,0,0,0,0,0,0,0,0,0,0
C5120ST,9,188,District-Gorakhpur,Total,Age Not Stated,2,2,0,0,0,0,0,0,0,0,0,0,0,0,0,0,0,0,0,0,0,2,2,0,0,0,0
C5120ST,9,188,District-Gorakhpur,Rural,Total,313,172,141,61,25,36,105,62,43,19,11,8,40,25,15,12,8,4,13,8,5,51,27,24,12,6,6
C5120ST,9,188,District-Gorakhpur,Rural,0-4,27,17,10,9,6,3,9,7,2,1,0,1,2,1,1,0,0,0,1,1,0,4,2,2,1,0,1
C5120ST,9,188,District-Gorakhpur,Rural,5-9,32,14,18,6,1,5,14,8,6,0,0,0,1,0,1,1,1,0,1,0,1,8,4,4,1,0,1
C5120ST,9,188,District-Gorakhpur,Rural,10-19,67,37,30,15,8,7,26,16,10,5,3,2,8,4,4,1,1,0,4,2,2,6,1,5,2,2,0
C5120ST,9,188,District-Gorakhpur,Rural,20-29,47,24,23,10,3,7,11,6,5,3,1,2,8,4,4,1,0,1,1,1,0,12,8,4,1,1,0
C5120ST,9,188,District-Gorakhpur,Rural,30-39,41,21,20,8,3,5,12,7,5,3,1,2,4,3,1,4,3,1,3,1,2,7,3,4,0,0,0
C5120ST,9,188,District-Gorakhpur,Rural,40-49,31,18,13,5,2,3,9,3,6,3,3,0,4,4,0,4,2,2,1,1,0,3,2,1,2,1,1
C5120ST,9,188,District-Gorakhpur,Rural,50-59,32,18,14,4,1,3,11,6,5,3,2,1,3,1,2,0,0,0,1,1,0,6,5,1,4,2,2
C5120ST,9,188,District-Gorakhpur,Rural,60-69,23,14,9,3,1,2,10,6,4,0,0,0,6,5,1,1,1,0,0,0,0,3,1,2,0,0,0
C5120ST,9,188,District-Gorakhpur,Rural,70-79,10,6,4,1,0,1,2,2,0,1,1,0,3,2,1,0,0,0,1,1,0,1,0,1,1,0,1
C5120ST,9,188,District-Gorakhpur,Rural,80-89,2,2,0,0,0,0,1,1,0,0,0,0,1,1,0,0,0,0,0,0,0,0,0,0,0,0,0
C5120ST,9,188,District-Gorakhpur,Rural,90+,0,0,0,0,0,0,0,0,0,0,0,0,0,0,0,0,0,0,0,0,0,0,0,0,0,0,0
C5120ST,9,188,District-Gorakhpur,Rural,Age Not Stated,1,1,0,0,0,0,0,0,0,0,0,0,0,0,0,0,0,0,0,0,0,1,1,0,0,0,0
C5120ST,9,188,District-Gorakhpur,Urban,Total,108,58,50,13,6,7,30,14,16,17,6,11,15,9,6,5,5,0,1,1,0,25,16,9,2,1,1
C5120ST,9,188,District-Gorakhpur,Urban,0-4,3,2,1,0,0,0,0,0,0,1,1,0,0,0,0,1,1,0,0,0,0,1,0,1,0,0,0
C5120ST,9,188,District-Gorakhpur,Urban,5-9,10,5,5,1,1,0,2,0,2,4,1,3,0,0,0,0,0,0,0,0,0,3,3,0,0,0,0
C5120ST,9,188,District-Gorakhpur,Urban,10-19,23,14,9,2,2,0,6,4,2,3,1,2,4,3,1,0,0,0,1,1,0,6,2,4,1,1,0
C5120ST,9,188,District-Gorakhpur,Urban,20-29,23,11,12,1,0,1,8,4,4,4,0,4,3,2,1,2,2,0,0,0,0,5,3,2,0,0,0
C5120ST,9,188,District-Gorakhpur,Urban,30-39,20,11,9,2,1,1,5,2,3,3,2,1,3,1,2,2,2,0,0,0,0,4,3,1,1,0,1
C5120ST,9,188,District-Gorakhpur,Urban,40-49,8,4,4,1,0,1,1,0,1,0,0,0,2,1,1,0,0,0,0,0,0,4,3,1,0,0,0
C5120ST,9,188,District-Gorakhpur,Urban,50-59,10,5,5,3,1,2,4,2,2,2,1,1,0,0,0,0,0,0,0,0,0,1,1,0,0,0,0
C5120ST,9,188,District-Gorakhpur,Urban,60-69,6,4,2,2,1,1,3,2,1,0,0,0,1,1,0,0,0,0,0,0,0,0,0,0,0,0,0
C5120ST,9,188,District-Gorakhpur,Urban,70-79,2,0,2,1,0,1,0,0,0,0,0,0,1,0,1,0,0,0,0,0,0,0,0,0,0,0,0
C5120ST,9,188,District-Gorakhpur,Urban,80-89,2,1,1,0,0,0,1,0,1,0,0,0,1,1,0,0,0,0,0,0,0,0,0,0,0,0,0
C5120ST,9,188,District-Gorakhpur,Urban,90+,0,0,0,0,0,0,0,0,0,0,0,0,0,0,0,0,0,0,0,0,0,0,0,0,0,0,0
C5120ST,9,188,District-Gorakhpur,Urban,Age Not Stated,1,1,0,0,0,0,0,0,0,0,0,0,0,0,0,0,0,0,0,0,0,1,1,0,0,0,0
C5120ST,9,189,District-Kushinagar,Total,Total,3167,1689,1478,1242,642,600,881,453,428,121,67,54,196,127,69,79,44,35,28,19,9,549,300,249,71,37,34
C5120ST,9,189,District-Kushinagar,Total,0-4,283,136,147,137,73,64,70,31,39,3,1,2,7,5,2,3,2,1,1,1,0,58,20,38,4,3,1
C5120ST,9,189,District-Kushinagar,Total,5-9,375,180,195,157,81,76,103,43,60,15,8,7,5,2,3,14,6,8,1,1,0,68,34,34,12,5,7
C5120ST,9,189,District-Kushinagar,Total,10-19,781,424,357,293,145,148,240,131,109,29,15,14,36,24,12,25,15,10,14,9,5,129,76,53,15,9,6
C5120ST,9,189,District-Kushinagar,Total,20-29,447,240,207,168,83,85,117,55,62,20,14,6,45,29,16,12,8,4,2,1,1,75,43,32,8,7,1
C5120ST,9,189,District-Kushinagar,Total,30-39,431,232,199,160,85,75,126,65,61,18,10,8,21,13,8,15,8,7,5,5,0,79,44,35,7,2,5
C5120ST,9,189,District-Kushinagar,Total,40-49,290,161,129,103,58,45,89,46,43,12,8,4,17,13,4,4,2,2,2,1,1,56,29,27,7,4,3
C5120ST,9,189,District-Kushinagar,Total,50-59,225,133,92,79,43,36,72,43,29,10,7,3,19,13,6,1,0,1,2,1,1,38,26,12,4,0,4
C5120ST,9,189,District-Kushinagar,Total,60-69,190,104,86,79,38,41,41,24,17,7,2,5,24,16,8,4,2,2,1,0,1,30,19,11,4,3,1
C5120ST,9,189,District-Kushinagar,Total,70-79,79,47,32,33,19,14,15,9,6,7,2,5,10,8,2,0,0,0,0,0,0,9,6,3,5,3,2
C5120ST,9,189,District-Kushinagar,Total,80-89,21,13,8,10,7,3,2,2,0,0,0,0,6,3,3,0,0,0,0,0,0,1,1,0,2,0,2
C5120ST,9,189,District-Kushinagar,Total,90+,14,5,9,8,3,5,1,1,0,0,0,0,3,0,3,0,0,0,0,0,0,0,0,0,2,1,1
C5120ST,9,189,District-Kushinagar,Total,Age Not Stated,31,14,17,15,7,8,5,3,2,0,0,0,3,1,2,1,1,0,0,0,0,6,2,4,1,0,1
C5120ST,9,189,District-Kushinagar,Rural,Total,3063,1620,1443,1218,627,591,838,427,411,120,66,54,185,119,66,77,43,34,27,18,9,529,284,245,69,36,33
C5120ST,9,189,District-Kushinagar,Rural,0-4,271,126,145,133,69,64,65,27,38,3,1,2,7,5,2,3,2,1,0,0,0,56,19,37,4,3,1
C5120ST,9,189,District-Kushinagar,Rural,5-9,364,175,189,152,79,73,99,41,58,15,8,7,5,2,3,14,6,8,1,1,0,66,33,33,12,5,7
C5120ST,9,189,District-Kushinagar,Rural,10-19,756,407,349,288,141,147,232,128,104,28,14,14,32,21,11,24,14,10,14,9,5,123,71,52,15,9,6
C5120ST,9,189,District-Kushinagar,Rural,20-29,430,228,202,165,81,84,109,50,59,20,14,6,43,27,16,12,8,4,2,1,1,71,40,31,8,7,1
C5120ST,9,189,District-Kushinagar,Rural,30-39,419,225,194,159,84,75,117,60,57,18,10,8,21,13,8,14,8,6,5,5,0,78,43,35,7,2,5
C5120ST,9,189,District-Kushinagar,Rural,40-49,279,153,126,101,58,43,86,44,42,12,8,4,16,12,4,4,2,2,2,1,1,52,25,27,6,3,3
C5120ST,9,189,District-Kushinagar,Rural,50-59,218,128,90,78,42,36,68,40,28,10,7,3,18,12,6,1,0,1,2,1,1,38,26,12,3,0,3
C5120ST,9,189,District-Kushinagar,Rural,60-69,183,100,83,77,38,39,39,22,17,7,2,5,22,15,7,4,2,2,1,0,1,29,18,11,4,3,1
C5120ST,9,189,District-Kushinagar,Rural,70-79,77,46,31,32,18,14,15,9,6,7,2,5,9,8,1,0,0,0,0,0,0,9,6,3,5,3,2
C5120ST,9,189,District-Kushinagar,Rural,80-89,21,13,8,10,7,3,2,2,0,0,0,0,6,3,3,0,0,0,0,0,0,1,1,0,2,0,2
C5120ST,9,189,District-Kushinagar,Rural,90+,14,5,9,8,3,5,1,1,0,0,0,0,3,0,3,0,0,0,0,0,0,0,0,0,2,1,1
C5120ST,9,189,District-Kushinagar,Rural,Age Not Stated,31,14,17,15,7,8,5,3,2,0,0,0,3,1,2,1,1,0,0,0,0,6,2,4,1,0,1
C5120ST,9,189,District-Kushinagar,Urban,Total,104,69,35,24,15,9,43,26,17,1,1,0,11,8,3,2,1,1,1,1,0,20,16,4,2,1,1
C5120ST,9,189,District-Kushinagar,Urban,0-4,12,10,2,4,4,0,5,4,1,0,0,0,0,0,0,0,0,0,1,1,0,2,1,1,0,0,0
C5120ST,9,189,District-Kushinagar,Urban,5-9,11,5,6,5,2,3,4,2,2,0,0,0,0,0,0,0,0,0,0,0,0,2,1,1,0,0,0
C5120ST,9,189,District-Kushinagar,Urban,10-19,25,17,8,5,4,1,8,3,5,1,1,0,4,3,1,1,1,0,0,0,0,6,5,1,0,0,0
C5120ST,9,189,District-Kushinagar,Urban,20-29,17,12,5,3,2,1,8,5,3,0,0,0,2,2,0,0,0,0,0,0,0,4,3,1,0,0,0
C5120ST,9,189,District-Kushinagar,Urban,30-39,12,7,5,1,1,0,9,5,4,0,0,0,0,0,0,1,0,1,0,0,0,1,1,0,0,0,0
C5120ST,9,189,District-Kushinagar,Urban,40-49,11,8,3,2,0,2,3,2,1,0,0,0,1,1,0,0,0,0,0,0,0,4,4,0,1,1,0
C5120ST,9,189,District-Kushinagar,Urban,50-59,7,5,2,1,1,0,4,3,1,0,0,0,1,1,0,0,0,0,0,0,0,0,0,0,1,0,1
C5120ST,9,189,District-Kushinagar,Urban,60-69,7,4,3,2,0,2,2,2,0,0,0,0,2,1,1,0,0,0,0,0,0,1,1,0,0,0,0
C5120ST,9,189,District-Kushinagar,Urban,70-79,2,1,1,1,1,0,0,0,0,0,0,0,1,0,1,0,0,0,0,0,0,0,0,0,0,0,0
C5120ST,9,189,District-Kushinagar,Urban,80-89,0,0,0,0,0,0,0,0,0,0,0,0,0,0,0,0,0,0,0,0,0,0,0,0,0,0,0
C5120ST,9,189,District-Kushinagar,Urban,90+,0,0,0,0,0,0,0,0,0,0,0,0,0,0,0,0,0,0,0,0,0,0,0,0,0,0,0
C5120ST,9,189,District-Kushinagar,Urban,Age Not Stated,0,0,0,0,0,0,0,0,0,0,0,0,0,0,0,0,0,0,0,0,0,0,0,0,0,0,0
C5120ST,9,190,District-Deoria,Total,Total,2368,1349,1019,607,309,298,526,299,227,160,82,78,391,262,129,100,61,39,35,27,8,442,245,197,107,64,43
C5120ST,9,190,District-Deoria,Total,0-4,155,83,72,32,19,13,47,25,22,5,3,2,13,8,5,9,6,3,1,0,1,44,21,23,4,1,3
C5120ST,9,190,District-Deoria,Total,5-9,258,147,111,67,35,32,67,35,32,25,16,9,26,18,8,16,9,7,1,0,1,46,29,17,10,5,5
C5120ST,9,190,District-Deoria,Total,10-19,531,301,230,134,66,68,99,63,36,39,15,24,90,60,30,32,23,9,10,8,2,94,48,46,33,18,15
C5120ST,9,190,District-Deoria,Total,20-29,293,156,137,62,28,34,74,31,43,17,8,9,66,47,19,8,3,5,4,4,0,50,26,24,12,9,3
C5120ST,9,190,District-Deoria,Total,30-39,286,168,118,73,36,37,58,33,25,28,16,12,44,34,10,13,8,5,8,7,1,49,25,24,13,9,4
C5120ST,9,190,District-Deoria,Total,40-49,228,134,94,62,28,34,46,29,17,19,9,10,39,30,9,9,5,4,2,2,0,46,27,19,5,4,1
C5120ST,9,190,District-Deoria,Total,50-59,193,125,68,49,31,18,48,31,17,10,7,3,26,19,7,5,4,1,4,1,3,45,26,19,6,6,0
C5120ST,9,190,District-Deoria,Total,60-69,225,122,103,68,28,40,44,28,16,11,6,5,52,31,21,6,2,4,4,4,0,35,21,14,5,2,3
C5120ST,9,190,District-Deoria,Total,70-79,132,73,59,45,28,17,31,15,16,3,1,2,24,10,14,1,1,0,1,1,0,19,11,8,8,6,2
C5120ST,9,190,District-Deoria,Total,80-89,40,21,19,11,7,4,7,4,3,2,0,2,4,1,3,0,0,0,0,0,0,9,6,3,7,3,4
C5120ST,9,190,District-Deoria,Total,90+,20,14,6,2,1,1,4,4,0,1,1,0,6,4,2,0,0,0,0,0,0,3,3,0,4,1,3
C5120ST,9,190,District-Deoria,Total,Age Not Stated,7,5,2,2,2,0,1,1,0,0,0,0,1,0,1,1,0,1,0,0,0,2,2,0,0,0,0
C5120ST,9,190,District-Deoria,Rural,Total,2250,1279,971,589,301,288,499,286,213,157,81,76,361,240,121,95,58,37,28,21,7,421,232,189,100,60,40
C5120ST,9,190,District-Deoria,Rural,0-4,150,81,69,31,19,12,45,24,21,5,3,2,12,7,5,9,6,3,0,0,0,44,21,23,4,1,3
C5120ST,9,190,District-Deoria,Rural,5-9,244,141,103,64,34,30,62,35,27,25,16,9,23,15,8,16,9,7,1,0,1,45,28,17,8,4,4
C5120ST,9,190,District-Deoria,Rural,10-19,512,291,221,130,64,66,93,60,33,39,15,24,87,58,29,32,23,9,9,7,2,91,47,44,31,17,14
C5120ST,9,190,District-Deoria,Rural,20-29,275,146,129,58,27,31,70,29,41,17,8,9,60,42,18,8,3,5,4,4,0,46,24,22,12,9,3
C5120ST,9,190,District-Deoria,Rural,30-39,277,162,115,72,35,37,56,31,25,26,15,11,44,34,10,13,8,5,6,5,1,47,25,22,13,9,4
C5120ST,9,190,District-Deoria,Rural,40-49,207,120,87,59,26,33,44,27,17,19,9,10,36,29,7,4,2,2,0,0,0,40,23,17,5,4,1
C5120ST,9,190,District-Deoria,Rural,50-59,181,118,63,49,31,18,44,29,15,9,7,2,22,17,5,5,4,1,4,1,3,43,24,19,5,5,0
C5120ST,9,190,District-Deoria,Rural,60-69,214,114,100,68,28,40,43,28,15,11,6,5,45,25,20,6,2,4,3,3,0,34,20,14,4,2,2
C5120ST,9,190,District-Deoria,Rural,70-79,126,69,57,43,27,16,31,15,16,3,1,2,22,9,13,1,1,0,1,1,0,17,9,8,8,6,2
C5120ST,9,190,District-Deoria,Rural,80-89,37,18,19,11,7,4,6,3,3,2,0,2,3,0,3,0,0,0,0,0,0,9,6,3,6,2,4
C5120ST,9,190,District-Deoria,Rural,90+,20,14,6,2,1,1,4,4,0,1,1,0,6,4,2,0,0,0,0,0,0,3,3,0,4,1,3
C5120ST,9,190,District-Deoria,Rural,Age Not Stated,7,5,2,2,2,0,1,1,0,0,0,0,1,0,1,1,0,1,0,0,0,2,2,0,0,0,0
C5120ST,9,190,District-Deoria,Urban,Total,118,70,48,18,8,10,27,13,14,3,1,2,30,22,8,5,3,2,7,6,1,21,13,8,7,4,3
C5120ST,9,190,District-Deoria,Urban,0-4,5,2,3,1,0,1,2,1,1,0,0,0,1,1,0,0,0,0,1,0,1,0,0,0,0,0,0
C5120ST,9,190,District-Deoria,Urban,5-9,14,6,8,3,1,2,5,0,5,0,0,0,3,3,0,0,0,0,0,0,0,1,1,0,2,1,1
C5120ST,9,190,District-Deoria,Urban,10-19,19,10,9,4,2,2,6,3,3,0,0,0,3,2,1,0,0,0,1,1,0,3,1,2,2,1,1
C5120ST,9,190,District-Deoria,Urban,20-29,18,10,8,4,1,3,4,2,2,0,0,0,6,5,1,0,0,0,0,0,0,4,2,2,0,0,0
C5120ST,9,190,District-Deoria,Urban,30-39,9,6,3,1,1,0,2,2,0,2,1,1,0,0,0,0,0,0,2,2,0,2,0,2,0,0,0
C5120ST,9,190,District-Deoria,Urban,40-49,21,14,7,3,2,1,2,2,0,0,0,0,3,1,2,5,3,2,2,2,0,6,4,2,0,0,0
C5120ST,9,190,District-Deoria,Urban,50-59,12,7,5,0,0,0,4,2,2,1,0,1,4,2,2,0,0,0,0,0,0,2,2,0,1,1,0
C5120ST,9,190,District-Deoria,Urban,60-69,11,8,3,0,0,0,1,0,1,0,0,0,7,6,1,0,0,0,1,1,0,1,1,0,1,0,1
C5120ST,9,190,District-Deoria,Urban,70-79,6,4,2,2,1,1,0,0,0,0,0,0,2,1,1,0,0,0,0,0,0,2,2,0,0,0,0
C5120ST,9,190,District-Deoria,Urban,80-89,3,3,0,0,0,0,1,1,0,0,0,0,1,1,0,0,0,0,0,0,0,0,0,0,1,1,0
C5120ST,9,190,District-Deoria,Urban,90+,0,0,0,0,0,0,0,0,0,0,0,0,0,0,0,0,0,0,0,0,0,0,0,0,0,0,0
C5120ST,9,190,District-Deoria,Urban,Age Not Stated,0,0,0,0,0,0,0,0,0,0,0,0,0,0,0,0,0,0,0,0,0,0,0,0,0,0,0
C5120ST,9,191,District-Azamgarh,Total,Total,185,110,75,15,7,8,22,12,10,48,24,24,37,31,6,11,6,5,6,5,1,24,10,14,22,15,7
C5120ST,9,191,District-Azamgarh,Total,0-4,10,4,6,1,0,1,1,0,1,1,1,0,0,0,0,1,0,1,0,0,0,4,2,2,2,1,1
C5120ST,9,191,District-Azamgarh,Total,5-9,19,10,9,1,0,1,4,2,2,8,4,4,2,2,0,2,1,1,0,0,0,0,0,0,2,1,1
C5120ST,9,191,District-Azamgarh,Total,10-19,43,24,19,3,1,2,4,2,2,15,6,9,7,6,1,1,1,0,1,1,0,6,2,4,6,5,1
C5120ST,9,191,District-Azamgarh,Total,20-29,35,21,14,2,1,1,3,2,1,9,4,5,10,8,2,1,1,0,0,0,0,4,2,2,6,3,3
C5120ST,9,191,District-Azamgarh,Total,30-39,25,17,8,3,1,2,3,2,1,7,4,3,4,4,0,3,3,0,1,1,0,4,2,2,0,0,0
C5120ST,9,191,District-Azamgarh,Total,40-49,17,10,7,1,1,0,1,1,0,5,3,2,2,2,0,1,0,1,0,0,0,4,1,3,3,2,1
C5120ST,9,191,District-Azamgarh,Total,50-59,15,10,5,0,0,0,0,0,0,1,1,0,6,4,2,1,0,1,4,3,1,1,0,1,2,2,0
C5120ST,9,191,District-Azamgarh,Total,60-69,9,5,4,2,1,1,3,1,2,2,1,1,2,2,0,0,0,0,0,0,0,0,0,0,0,0,0
C5120ST,9,191,District-Azamgarh,Total,70-79,10,7,3,2,2,0,3,2,1,0,0,0,2,1,1,1,0,1,0,0,0,1,1,0,1,1,0
C5120ST,9,191,District-Azamgarh,Total,80-89,1,1,0,0,0,0,0,0,0,0,0,0,1,1,0,0,0,0,0,0,0,0,0,0,0,0,0
C5120ST,9,191,District-Azamgarh,Total,90+,0,0,0,0,0,0,0,0,0,0,0,0,0,0,0,0,0,0,0,0,0,0,0,0,0,0,0
C5120ST,9,191,District-Azamgarh,Total,Age Not Stated,1,1,0,0,0,0,0,0,0,0,0,0,1,1,0,0,0,0,0,0,0,0,0,0,0,0,0
C5120ST,9,191,District-Azamgarh,Rural,Total,174,102,72,14,6,8,21,11,10,46,23,23,35,29,6,10,6,4,5,4,1,21,8,13,22,15,7
C5120ST,9,191,District-Azamgarh,Rural,0-4,10,4,6,1,0,1,1,0,1,1,1,0,0,0,0,1,0,1,0,0,0,4,2,2,2,1,1
C5120ST,9,191,District-Azamgarh,Rural,5-9,19,10,9,1,0,1,4,2,2,8,4,4,2,2,0,2,1,1,0,0,0,0,0,0,2,1,1
C5120ST,9,191,District-Azamgarh,Rural,10-19,41,22,19,3,1,2,4,2,2,14,5,9,7,6,1,1,1,0,1,1,0,5,1,4,6,5,1
C5120ST,9,191,District-Azamgarh,Rural,20-29,32,19,13,2,1,1,3,2,1,8,4,4,8,6,2,1,1,0,0,0,0,4,2,2,6,3,3
C5120ST,9,191,District-Azamgarh,Rural,30-39,23,15,8,2,0,2,3,2,1,7,4,3,4,4,0,3,3,0,1,1,0,3,1,2,0,0,0
C5120ST,9,191,District-Azamgarh,Rural,40-49,15,9,6,1,1,0,0,0,0,5,3,2,2,2,0,1,0,1,0,0,0,3,1,2,3,2,1
C5120ST,9,191,District-Azamgarh,Rural,50-59,13,9,4,0,0,0,0,0,0,1,1,0,6,4,2,0,0,0,3,2,1,1,0,1,2,2,0
C5120ST,9,191,District-Azamgarh,Rural,60-69,9,5,4,2,1,1,3,1,2,2,1,1,2,2,0,0,0,0,0,0,0,0,0,0,0,0,0
C5120ST,9,191,District-Azamgarh,Rural,70-79,10,7,3,2,2,0,3,2,1,0,0,0,2,1,1,1,0,1,0,0,0,1,1,0,1,1,0
C5120ST,9,191,District-Azamgarh,Rural,80-89,1,1,0,0,0,0,0,0,0,0,0,0,1,1,0,0,0,0,0,0,0,0,0,0,0,0,0
C5120ST,9,191,District-Azamgarh,Rural,90+,0,0,0,0,0,0,0,0,0,0,0,0,0,0,0,0,0,0,0,0,0,0,0,0,0,0,0
C5120ST,9,191,District-Azamgarh,Rural,Age Not Stated,1,1,0,0,0,0,0,0,0,0,0,0,1,1,0,0,0,0,0,0,0,0,0,0,0,0,0
C5120ST,9,191,District-Azamgarh,Urban,Total,11,8,3,1,1,0,1,1,0,2,1,1,2,2,0,1,0,1,1,1,0,3,2,1,0,0,0
C5120ST,9,191,District-Azamgarh,Urban,0-4,0,0,0,0,0,0,0,0,0,0,0,0,0,0,0,0,0,0,0,0,0,0,0,0,0,0,0
C5120ST,9,191,District-Azamgarh,Urban,5-9,0,0,0,0,0,0,0,0,0,0,0,0,0,0,0,0,0,0,0,0,0,0,0,0,0,0,0
C5120ST,9,191,District-Azamgarh,Urban,10-19,2,2,0,0,0,0,0,0,0,1,1,0,0,0,0,0,0,0,0,0,0,1,1,0,0,0,0
C5120ST,9,191,District-Azamgarh,Urban,20-29,3,2,1,0,0,0,0,0,0,1,0,1,2,2,0,0,0,0,0,0,0,0,0,0,0,0,0
C5120ST,9,191,District-Azamgarh,Urban,30-39,2,2,0,1,1,0,0,0,0,0,0,0,0,0,0,0,0,0,0,0,0,1,1,0,0,0,0
C5120ST,9,191,District-Azamgarh,Urban,40-49,2,1,1,0,0,0,1,1,0,0,0,0,0,0,0,0,0,0,0,0,0,1,0,1,0,0,0
C5120ST,9,191,District-Azamgarh,Urban,50-59,2,1,1,0,0,0,0,0,0,0,0,0,0,0,0,1,0,1,1,1,0,0,0,0,0,0,0
C5120ST,9,191,District-Azamgarh,Urban,60-69,0,0,0,0,0,0,0,0,0,0,0,0,0,0,0,0,0,0,0,0,0,0,0,0,0,0,0
C5120ST,9,191,District-Azamgarh,Urban,70-79,0,0,0,0,0,0,0,0,0,0,0,0,0,0,0,0,0,0,0,0,0,0,0,0,0,0,0
C5120ST,9,191,District-Azamgarh,Urban,80-89,0,0,0,0,0,0,0,0,0,0,0,0,0,0,0,0,0,0,0,0,0,0,0,0,0,0,0
C5120ST,9,191,District-Azamgarh,Urban,90+,0,0,0,0,0,0,0,0,0,0,0,0,0,0,0,0,0,0,0,0,0,0,0,0,0,0,0
C5120ST,9,191,District-Azamgarh,Urban,Age Not Stated,0,0,0,0,0,0,0,0,0,0,0,0,0,0,0,0,0,0,0,0,0,0,0,0,0,0,0
C5120ST,9,192,District-Mau,Total,Total,378,220,158,64,32,32,68,30,38,42,23,19,65,44,21,23,18,5,16,10,6,72,44,28,28,19,9
C5120ST,9,192,District-Mau,Total,0-4,24,13,11,3,0,3,4,2,2,0,0,0,2,1,1,1,1,0,1,1,0,13,8,5,0,0,0
C5120ST,9,192,District-Mau,Total,5-9,44,27,17,8,4,4,8,4,4,6,2,4,7,5,2,2,2,0,1,1,0,8,5,3,4,4,0
C5120ST,9,192,District-Mau,Total,10-19,83,50,33,9,6,3,15,8,7,12,8,4,15,8,7,6,5,1,5,2,3,12,6,6,9,7,2
C5120ST,9,192,District-Mau,Total,20-29,45,29,16,7,3,4,8,6,2,4,1,3,10,9,1,6,4,2,1,0,1,7,5,2,2,1,1
C5120ST,9,192,District-Mau,Total,30-39,48,30,18,9,4,5,9,3,6,5,3,2,7,7,0,5,3,2,1,0,1,11,9,2,1,1,0
C5120ST,9,192,District-Mau,Total,40-49,38,21,17,10,6,4,6,1,5,5,4,1,6,4,2,1,1,0,1,1,0,7,2,5,2,2,0
C5120ST,9,192,District-Mau,Total,50-59,25,14,11,8,4,4,4,1,3,4,2,2,2,1,1,0,0,0,1,1,0,6,5,1,0,0,0
C5120ST,9,192,District-Mau,Total,60-69,34,17,17,3,1,2,6,1,5,5,3,2,8,5,3,2,2,0,2,1,1,5,2,3,3,2,1
C5120ST,9,192,District-Mau,Total,70-79,25,14,11,4,2,2,4,2,2,1,0,1,5,3,2,0,0,0,3,3,0,3,2,1,5,2,3
C5120ST,9,192,District-Mau,Total,80-89,8,4,4,3,2,1,2,1,1,0,0,0,2,1,1,0,0,0,0,0,0,0,0,0,1,0,1
C5120ST,9,192,District-Mau,Total,90+,4,1,3,0,0,0,2,1,1,0,0,0,1,0,1,0,0,0,0,0,0,0,0,0,1,0,1
C5120ST,9,192,District-Mau,Total,Age Not Stated,0,0,0,0,0,0,0,0,0,0,0,0,0,0,0,0,0,0,0,0,0,0,0,0,0,0,0
C5120ST,9,192,District-Mau,Rural,Total,363,211,152,63,32,31,66,29,37,38,22,16,60,40,20,23,18,5,16,10,6,70,42,28,27,18,9
C5120ST,9,192,District-Mau,Rural,0-4,23,12,11,3,0,3,4,2,2,0,0,0,2,1,1,1,1,0,1,1,0,12,7,5,0,0,0
C5120ST,9,192,District-Mau,Rural,5-9,43,26,17,8,4,4,8,4,4,6,2,4,6,4,2,2,2,0,1,1,0,8,5,3,4,4,0
C5120ST,9,192,District-Mau,Rural,10-19,80,49,31,9,6,3,15,8,7,10,8,2,14,7,7,6,5,1,5,2,3,12,6,6,9,7,2
C5120ST,9,192,District-Mau,Rural,20-29,44,29,15,7,3,4,8,6,2,4,1,3,9,9,0,6,4,2,1,0,1,7,5,2,2,1,1
C5120ST,9,192,District-Mau,Rural,30-39,47,30,17,8,4,4,9,3,6,5,3,2,7,7,0,5,3,2,1,0,1,11,9,2,1,1,0
C5120ST,9,192,District-Mau,Rural,40-49,35,19,16,10,6,4,5,1,4,4,3,1,5,3,2,1,1,0,1,1,0,7,2,5,2,2,0
C5120ST,9,192,District-Mau,Rural,50-59,22,12,10,8,4,4,3,0,3,3,2,1,2,1,1,0,0,0,1,1,0,5,4,1,0,0,0
C5120ST,9,192,District-Mau,Rural,60-69,32,15,17,3,1,2,6,1,5,5,3,2,7,4,3,2,2,0,2,1,1,5,2,3,2,1,1
C5120ST,9,192,District-Mau,Rural,70-79,25,14,11,4,2,2,4,2,2,1,0,1,5,3,2,0,0,0,3,3,0,3,2,1,5,2,3
C5120ST,9,192,District-Mau,Rural,80-89,8,4,4,3,2,1,2,1,1,0,0,0,2,1,1,0,0,0,0,0,0,0,0,0,1,0,1
C5120ST,9,192,District-Mau,Rural,90+,4,1,3,0,0,0,2,1,1,0,0,0,1,0,1,0,0,0,0,0,0,0,0,0,1,0,1
C5120ST,9,192,District-Mau,Rural,Age Not Stated,0,0,0,0,0,0,0,0,0,0,0,0,0,0,0,0,0,0,0,0,0,0,0,0,0,0,0
C5120ST,9,192,District-Mau,Urban,Total,15,9,6,1,0,1,2,1,1,4,1,3,5,4,1,0,0,0,0,0,0,2,2,0,1,1,0
C5120ST,9,192,District-Mau,Urban,0-4,1,1,0,0,0,0,0,0,0,0,0,0,0,0,0,0,0,0,0,0,0,1,1,0,0,0,0
C5120ST,9,192,District-Mau,Urban,5-9,1,1,0,0,0,0,0,0,0,0,0,0,1,1,0,0,0,0,0,0,0,0,0,0,0,0,0
C5120ST,9,192,District-Mau,Urban,10-19,3,1,2,0,0,0,0,0,0,2,0,2,1,1,0,0,0,0,0,0,0,0,0,0,0,0,0
C5120ST,9,192,District-Mau,Urban,20-29,1,0,1,0,0,0,0,0,0,0,0,0,1,0,1,0,0,0,0,0,0,0,0,0,0,0,0
C5120ST,9,192,District-Mau,Urban,30-39,1,0,1,1,0,1,0,0,0,0,0,0,0,0,0,0,0,0,0,0,0,0,0,0,0,0,0
C5120ST,9,192,District-Mau,Urban,40-49,3,2,1,0,0,0,1,0,1,1,1,0,1,1,0,0,0,0,0,0,0,0,0,0,0,0,0
C5120ST,9,192,District-Mau,Urban,50-59,3,2,1,0,0,0,1,1,0,1,0,1,0,0,0,0,0,0,0,0,0,1,1,0,0,0,0
C5120ST,9,192,District-Mau,Urban,60-69,2,2,0,0,0,0,0,0,0,0,0,0,1,1,0,0,0,0,0,0,0,0,0,0,1,1,0
C5120ST,9,192,District-Mau,Urban,70-79,0,0,0,0,0,0,0,0,0,0,0,0,0,0,0,0,0,0,0,0,0,0,0,0,0,0,0
C5120ST,9,192,District-Mau,Urban,80-89,0,0,0,0,0,0,0,0,0,0,0,0,0,0,0,0,0,0,0,0,0,0,0,0,0,0,0
C5120ST,9,192,District-Mau,Urban,90+,0,0,0,0,0,0,0,0,0,0,0,0,0,0,0,0,0,0,0,0,0,0,0,0,0,0,0
C5120ST,9,192,District-Mau,Urban,Age Not Stated,0,0,0,0,0,0,0,0,0,0,0,0,0,0,0,0,0,0,0,0,0,0,0,0,0,0,0
C5120ST,9,193,District-Ballia,Total,Total,2935,1638,1297,508,257,251,888,476,412,226,125,101,409,273,136,69,46,23,38,27,11,658,353,305,139,81,58
C5120ST,9,193,District-Ballia,Total,0-4,213,107,106,54,26,28,75,43,32,2,1,1,12,6,6,2,1,1,0,0,0,62,26,36,6,4,2
C5120ST,9,193,District-Ballia,Total,5-9,350,186,164,59,26,33,135,68,67,30,18,12,25,16,9,11,9,2,2,1,1,65,36,29,23,12,11
C5120ST,9,193,District-Ballia,Total,10-19,657,373,284,103,61,42,208,104,104,61,33,28,87,65,22,20,12,8,10,8,2,139,75,64,29,15,14
C5120ST,9,193,District-Ballia,Total,20-29,418,239,179,71,35,36,127,69,58,39,19,20,68,50,18,12,8,4,6,3,3,82,47,35,13,8,5
C5120ST,9,193,District-Ballia,Total,30-39,364,197,167,59,24,35,106,51,55,31,18,13,58,42,16,8,6,2,5,3,2,90,47,43,7,6,1
C5120ST,9,193,District-Ballia,Total,40-49,290,171,119,53,30,23,82,50,32,22,13,9,48,35,13,7,4,3,9,8,1,62,27,35,7,4,3
C5120ST,9,193,District-Ballia,Total,50-59,208,119,89,30,10,20,55,29,26,22,12,10,33,21,12,6,4,2,5,3,2,47,33,14,10,7,3
C5120ST,9,193,District-Ballia,Total,60-69,215,127,88,51,30,21,54,34,20,11,6,5,37,20,17,2,1,1,0,0,0,41,24,17,19,12,7
C5120ST,9,193,District-Ballia,Total,70-79,114,63,51,18,9,9,30,19,11,4,3,1,20,8,12,0,0,0,1,1,0,26,15,11,15,8,7
C5120ST,9,193,District-Ballia,Total,80-89,51,22,29,5,3,2,8,2,6,2,1,1,14,6,8,0,0,0,0,0,0,17,8,9,5,2,3
C5120ST,9,193,District-Ballia,Total,90+,34,18,16,3,2,1,1,0,1,2,1,1,5,3,2,0,0,0,0,0,0,20,10,10,3,2,1
C5120ST,9,193,District-Ballia,Total,Age Not Stated,21,16,5,2,1,1,7,7,0,0,0,0,2,1,1,1,1,0,0,0,0,7,5,2,2,1,1
C5120ST,9,193,District-Ballia,Rural,Total,2696,1502,1194,469,238,231,831,444,387,209,117,92,373,245,128,63,42,21,34,25,9,595,317,278,122,74,48
C5120ST,9,193,District-Ballia,Rural,0-4,204,102,102,53,25,28,72,42,30,2,1,1,10,5,5,2,1,1,0,0,0,59,24,35,6,4,2
C5120ST,9,193,District-Ballia,Rural,5-9,320,166,154,56,23,33,128,65,63,27,17,10,22,14,8,9,7,2,2,1,1,55,29,26,21,10,11
C5120ST,9,193,District-Ballia,Rural,10-19,614,347,267,100,60,40,192,94,98,57,29,28,81,59,22,19,12,7,9,8,1,130,70,60,26,15,11
C5120ST,9,193,District-Ballia,Rural,20-29,381,218,163,64,32,32,119,65,54,36,19,17,58,42,16,11,7,4,6,3,3,74,42,32,13,8,5
C5120ST,9,193,District-Ballia,Rural,30-39,330,176,154,53,22,31,98,46,52,29,17,12,54,38,16,8,6,2,4,2,2,79,41,38,5,4,1
C5120ST,9,193,District-Ballia,Rural,40-49,266,162,104,49,29,20,76,47,29,20,12,8,45,33,12,7,4,3,8,7,1,55,26,29,6,4,2
C5120ST,9,193,District-Ballia,Rural,50-59,180,106,74,26,9,17,51,27,24,21,12,9,28,19,9,4,3,1,4,3,1,41,29,12,5,4,1
C5120ST,9,193,District-Ballia,Rural,60-69,192,113,79,40,23,17,52,33,19,10,6,4,35,18,17,2,1,1,0,0,0,35,20,15,18,12,6
C5120ST,9,193,District-Ballia,Rural,70-79,105,57,48,18,9,9,27,16,11,4,3,1,19,7,12,0,0,0,1,1,0,23,13,10,13,8,5
C5120ST,9,193,District-Ballia,Rural,80-89,50,21,29,5,3,2,8,2,6,1,0,1,14,6,8,0,0,0,0,0,0,17,8,9,5,2,3
C5120ST,9,193,District-Ballia,Rural,90+,33,18,15,3,2,1,1,0,1,2,1,1,5,3,2,0,0,0,0,0,0,20,10,10,2,2,0
C5120ST,9,193,District-Ballia,Rural,Age Not Stated,21,16,5,2,1,1,7,7,0,0,0,0,2,1,1,1,1,0,0,0,0,7,5,2,2,1,1
C5120ST,9,193,District-Ballia,Urban,Total,239,136,103,39,19,20,57,32,25,17,8,9,36,28,8,6,4,2,4,2,2,63,36,27,17,7,10
C5120ST,9,193,District-Ballia,Urban,0-4,9,5,4,1,1,0,3,1,2,0,0,0,2,1,1,0,0,0,0,0,0,3,2,1,0,0,0
C5120ST,9,193,District-Ballia,Urban,5-9,30,20,10,3,3,0,7,3,4,3,1,2,3,2,1,2,2,0,0,0,0,10,7,3,2,2,0
C5120ST,9,193,District-Ballia,Urban,10-19,43,26,17,3,1,2,16,10,6,4,4,0,6,6,0,1,0,1,1,0,1,9,5,4,3,0,3
C5120ST,9,193,District-Ballia,Urban,20-29,37,21,16,7,3,4,8,4,4,3,0,3,10,8,2,1,1,0,0,0,0,8,5,3,0,0,0
C5120ST,9,193,District-Ballia,Urban,30-39,34,21,13,6,2,4,8,5,3,2,1,1,4,4,0,0,0,0,1,1,0,11,6,5,2,2,0
C5120ST,9,193,District-Ballia,Urban,40-49,24,9,15,4,1,3,6,3,3,2,1,1,3,2,1,0,0,0,1,1,0,7,1,6,1,0,1
C5120ST,9,193,District-Ballia,Urban,50-59,28,13,15,4,1,3,4,2,2,1,0,1,5,2,3,2,1,1,1,0,1,6,4,2,5,3,2
C5120ST,9,193,District-Ballia,Urban,60-69,23,14,9,11,7,4,2,1,1,1,0,1,2,2,0,0,0,0,0,0,0,6,4,2,1,0,1
C5120ST,9,193,District-Ballia,Urban,70-79,9,6,3,0,0,0,3,3,0,0,0,0,1,1,0,0,0,0,0,0,0,3,2,1,2,0,2
C5120ST,9,193,District-Ballia,Urban,80-89,1,1,0,0,0,0,0,0,0,1,1,0,0,0,0,0,0,0,0,0,0,0,0,0,0,0,0
C5120ST,9,193,District-Ballia,Urban,90+,1,0,1,0,0,0,0,0,0,0,0,0,0,0,0,0,0,0,0,0,0,0,0,0,1,0,1
C5120ST,9,193,District-Ballia,Urban,Age Not Stated,0,0,0,0,0,0,0,0,0,0,0,0,0,0,0,0,0,0,0,0,0,0,0,0,0,0,0
C5120ST,9,194,District-Jaunpur,Total,Total,214,130,84,27,19,8,120,66,54,11,9,2,7,4,3,8,5,3,2,1,1,37,25,12,2,1,1
C5120ST,9,194,District-Jaunpur,Total,0-4,18,14,4,1,0,1,11,10,1,0,0,0,1,1,0,1,1,0,0,0,0,4,2,2,0,0,0
C5120ST,9,194,District-Jaunpur,Total,5-9,28,13,15,2,1,1,18,7,11,3,2,1,0,0,0,0,0,0,0,0,0,5,3,2,0,0,0
C5120ST,9,194,District-Jaunpur,Total,10-19,56,36,20,6,4,2,31,21,10,1,1,0,1,0,1,2,1,1,1,1,0,13,8,5,1,0,1
C5120ST,9,194,District-Jaunpur,Total,20-29,34,19,15,1,1,0,22,11,11,2,2,0,2,2,0,2,0,2,0,0,0,5,3,2,0,0,0
C5120ST,9,194,District-Jaunpur,Total,30-39,22,9,13,6,4,2,11,3,8,1,1,0,1,0,1,0,0,0,1,0,1,2,1,1,0,0,0
C5120ST,9,194,District-Jaunpur,Total,40-49,17,12,5,0,0,0,13,8,5,0,0,0,1,1,0,1,1,0,0,0,0,2,2,0,0,0,0
C5120ST,9,194,District-Jaunpur,Total,50-59,11,9,2,2,2,0,3,1,2,2,2,0,0,0,0,2,2,0,0,0,0,2,2,0,0,0,0
C5120ST,9,194,District-Jaunpur,Total,60-69,15,12,3,4,4,0,6,4,2,0,0,0,1,0,1,0,0,0,0,0,0,3,3,0,1,1,0
C5120ST,9,194,District-Jaunpur,Total,70-79,8,4,4,2,1,1,3,1,2,2,1,1,0,0,0,0,0,0,0,0,0,1,1,0,0,0,0
C5120ST,9,194,District-Jaunpur,Total,80-89,2,1,1,1,1,0,1,0,1,0,0,0,0,0,0,0,0,0,0,0,0,0,0,0,0,0,0
C5120ST,9,194,District-Jaunpur,Total,90+,2,1,1,1,1,0,1,0,1,0,0,0,0,0,0,0,0,0,0,0,0,0,0,0,0,0,0
C5120ST,9,194,District-Jaunpur,Total,Age Not Stated,1,0,1,1,0,1,0,0,0,0,0,0,0,0,0,0,0,0,0,0,0,0,0,0,0,0,0
C5120ST,9,194,District-Jaunpur,Rural,Total,180,111,69,27,19,8,87,48,39,10,8,2,7,4,3,8,5,3,2,1,1,37,25,12,2,1,1
C5120ST,9,194,District-Jaunpur,Rural,0-4,18,14,4,1,0,1,11,10,1,0,0,0,1,1,0,1,1,0,0,0,0,4,2,2,0,0,0
C5120ST,9,194,District-Jaunpur,Rural,5-9,22,10,12,2,1,1,12,4,8,3,2,1,0,0,0,0,0,0,0,0,0,5,3,2,0,0,0
C5120ST,9,194,District-Jaunpur,Rural,10-19,44,30,14,6,4,2,20,16,4,0,0,0,1,0,1,2,1,1,1,1,0,13,8,5,1,0,1
C5120ST,9,194,District-Jaunpur,Rural,20-29,29,16,13,1,1,0,17,8,9,2,2,0,2,2,0,2,0,2,0,0,0,5,3,2,0,0,0
C5120ST,9,194,District-Jaunpur,Rural,30-39,18,7,11,6,4,2,7,1,6,1,1,0,1,0,1,0,0,0,1,0,1,2,1,1,0,0,0
C5120ST,9,194,District-Jaunpur,Rural,40-49,12,9,3,0,0,0,8,5,3,0,0,0,1,1,0,1,1,0,0,0,0,2,2,0,0,0,0
C5120ST,9,194,District-Jaunpur,Rural,50-59,11,9,2,2,2,0,3,1,2,2,2,0,0,0,0,2,2,0,0,0,0,2,2,0,0,0,0
C5120ST,9,194,District-Jaunpur,Rural,60-69,13,10,3,4,4,0,4,2,2,0,0,0,1,0,1,0,0,0,0,0,0,3,3,0,1,1,0
C5120ST,9,194,District-Jaunpur,Rural,70-79,8,4,4,2,1,1,3,1,2,2,1,1,0,0,0,0,0,0,0,0,0,1,1,0,0,0,0
C5120ST,9,194,District-Jaunpur,Rural,80-89,2,1,1,1,1,0,1,0,1,0,0,0,0,0,0,0,0,0,0,0,0,0,0,0,0,0,0
C5120ST,9,194,District-Jaunpur,Rural,90+,2,1,1,1,1,0,1,0,1,0,0,0,0,0,0,0,0,0,0,0,0,0,0,0,0,0,0
C5120ST,9,194,District-Jaunpur,Rural,Age Not Stated,1,0,1,1,0,1,0,0,0,0,0,0,0,0,0,0,0,0,0,0,0,0,0,0,0,0,0
C5120ST,9,194,District-Jaunpur,Urban,Total,34,19,15,0,0,0,33,18,15,1,1,0,0,0,0,0,0,0,0,0,0,0,0,0,0,0,0
C5120ST,9,194,District-Jaunpur,Urban,0-4,0,0,0,0,0,0,0,0,0,0,0,0,0,0,0,0,0,0,0,0,0,0,0,0,0,0,0
C5120ST,9,194,District-Jaunpur,Urban,5-9,6,3,3,0,0,0,6,3,3,0,0,0,0,0,0,0,0,0,0,0,0,0,0,0,0,0,0
C5120ST,9,194,District-Jaunpur,Urban,10-19,12,6,6,0,0,0,11,5,6,1,1,0,0,0,0,0,0,0,0,0,0,0,0,0,0,0,0
C5120ST,9,194,District-Jaunpur,Urban,20-29,5,3,2,0,0,0,5,3,2,0,0,0,0,0,0,0,0,0,0,0,0,0,0,0,0,0,0
C5120ST,9,194,District-Jaunpur,Urban,30-39,4,2,2,0,0,0,4,2,2,0,0,0,0,0,0,0,0,0,0,0,0,0,0,0,0,0,0
C5120ST,9,194,District-Jaunpur,Urban,40-49,5,3,2,0,0,0,5,3,2,0,0,0,0,0,0,0,0,0,0,0,0,0,0,0,0,0,0
C5120ST,9,194,District-Jaunpur,Urban,50-59,0,0,0,0,0,0,0,0,0,0,0,0,0,0,0,0,0,0,0,0,0,0,0,0,0,0,0
C5120ST,9,194,District-Jaunpur,Urban,60-69,2,2,0,0,0,0,2,2,0,0,0,0,0,0,0,0,0,0,0,0,0,0,0,0,0,0,0
C5120ST,9,194,District-Jaunpur,Urban,70-79,0,0,0,0,0,0,0,0,0,0,0,0,0,0,0,0,0,0,0,0,0,0,0,0,0,0,0
C5120ST,9,194,District-Jaunpur,Urban,80-89,0,0,0,0,0,0,0,0,0,0,0,0,0,0,0,0,0,0,0,0,0,0,0,0,0,0,0
C5120ST,9,194,District-Jaunpur,Urban,90+,0,0,0,0,0,0,0,0,0,0,0,0,0,0,0,0,0,0,0,0,0,0,0,0,0,0,0
C5120ST,9,194,District-Jaunpur,Urban,Age Not Stated,0,0,0,0,0,0,0,0,0,0,0,0,0,0,0,0,0,0,0,0,0,0,0,0,0,0,0
C5120ST,9,195,District-Ghazipur,Total,Total,673,367,306,97,44,53,115,62,53,55,31,24,113,70,43,26,19,7,11,4,7,202,106,96,54,31,23
C5120ST,9,195,District-Ghazipur,Total,0-4,47,20,27,8,5,3,6,3,3,0,0,0,2,1,1,1,0,1,1,0,1,26,10,16,3,1,2
C5120ST,9,195,District-Ghazipur,Total,5-9,58,37,21,4,1,3,8,6,2,3,2,1,4,3,1,2,1,1,0,0,0,28,18,10,9,6,3
C5120ST,9,195,District-Ghazipur,Total,10-19,134,76,58,16,5,11,22,12,10,16,8,8,23,15,8,4,4,0,3,1,2,36,24,12,14,7,7
C5120ST,9,195,District-Ghazipur,Total,20-29,104,63,41,20,11,9,18,11,7,8,5,3,19,16,3,4,2,2,0,0,0,26,13,13,9,5,4
C5120ST,9,195,District-Ghazipur,Total,30-39,80,50,30,11,8,3,17,10,7,10,7,3,13,8,5,6,5,1,3,2,1,15,6,9,5,4,1
C5120ST,9,195,District-Ghazipur,Total,40-49,78,42,36,11,6,5,15,9,6,7,3,4,11,9,2,2,1,1,3,1,2,27,12,15,2,1,1
C5120ST,9,195,District-Ghazipur,Total,50-59,46,24,22,6,1,5,10,5,5,2,2,0,7,3,4,4,3,1,0,0,0,16,9,7,1,1,0
C5120ST,9,195,District-Ghazipur,Total,60-69,63,29,34,9,2,7,10,4,6,5,3,2,12,5,7,2,2,0,0,0,0,19,11,8,6,2,4
C5120ST,9,195,District-Ghazipur,Total,70-79,35,15,20,8,5,3,4,1,3,3,1,2,12,4,8,1,1,0,1,0,1,3,1,2,3,2,1
C5120ST,9,195,District-Ghazipur,Total,80-89,18,7,11,2,0,2,5,1,4,0,0,0,7,4,3,0,0,0,0,0,0,2,0,2,2,2,0
C5120ST,9,195,District-Ghazipur,Total,90+,5,3,2,0,0,0,0,0,0,0,0,0,2,2,0,0,0,0,0,0,0,3,1,2,0,0,0
C5120ST,9,195,District-Ghazipur,Total,Age Not Stated,5,1,4,2,0,2,0,0,0,1,0,1,1,0,1,0,0,0,0,0,0,1,1,0,0,0,0
C5120ST,9,195,District-Ghazipur,Rural,Total,648,355,293,96,44,52,113,62,51,49,27,22,106,66,40,26,19,7,10,4,6,195,103,92,53,30,23
C5120ST,9,195,District-Ghazipur,Rural,0-4,45,20,25,8,5,3,6,3,3,0,0,0,1,1,0,1,0,1,1,0,1,25,10,15,3,1,2
C5120ST,9,195,District-Ghazipur,Rural,5-9,57,36,21,4,1,3,8,6,2,3,2,1,4,3,1,2,1,1,0,0,0,28,18,10,8,5,3
C5120ST,9,195,District-Ghazipur,Rural,10-19,130,75,55,16,5,11,22,12,10,14,7,7,23,15,8,4,4,0,3,1,2,34,24,10,14,7,7
C5120ST,9,195,District-Ghazipur,Rural,20-29,99,59,40,20,11,9,18,11,7,7,4,3,16,14,2,4,2,2,0,0,0,25,12,13,9,5,4
C5120ST,9,195,District-Ghazipur,Rural,30-39,78,50,28,11,8,3,17,10,7,10,7,3,12,8,4,6,5,1,3,2,1,14,6,8,5,4,1
C5120ST,9,195,District-Ghazipur,Rural,40-49,73,38,35,11,6,5,15,9,6,5,2,3,10,8,2,2,1,1,3,1,2,25,10,15,2,1,1
C5120ST,9,195,District-Ghazipur,Rural,50-59,43,23,20,5,1,4,9,5,4,2,2,0,6,2,4,4,3,1,0,0,0,16,9,7,1,1,0
C5120ST,9,195,District-Ghazipur,Rural,60-69,62,28,34,9,2,7,10,4,6,4,2,2,12,5,7,2,2,0,0,0,0,19,11,8,6,2,4
C5120ST,9,195,District-Ghazipur,Rural,70-79,34,15,19,8,5,3,4,1,3,3,1,2,12,4,8,1,1,0,0,0,0,3,1,2,3,2,1
C5120ST,9,195,District-Ghazipur,Rural,80-89,17,7,10,2,0,2,4,1,3,0,0,0,7,4,3,0,0,0,0,0,0,2,0,2,2,2,0
C5120ST,9,195,District-Ghazipur,Rural,90+,5,3,2,0,0,0,0,0,0,0,0,0,2,2,0,0,0,0,0,0,0,3,1,2,0,0,0
C5120ST,9,195,District-Ghazipur,Rural,Age Not Stated,5,1,4,2,0,2,0,0,0,1,0,1,1,0,1,0,0,0,0,0,0,1,1,0,0,0,0
C5120ST,9,195,District-Ghazipur,Urban,Total,25,12,13,1,0,1,2,0,2,6,4,2,7,4,3,0,0,0,1,0,1,7,3,4,1,1,0
C5120ST,9,195,District-Ghazipur,Urban,0-4,2,0,2,0,0,0,0,0,0,0,0,0,1,0,1,0,0,0,0,0,0,1,0,1,0,0,0
C5120ST,9,195,District-Ghazipur,Urban,5-9,1,1,0,0,0,0,0,0,0,0,0,0,0,0,0,0,0,0,0,0,0,0,0,0,1,1,0
C5120ST,9,195,District-Ghazipur,Urban,10-19,4,1,3,0,0,0,0,0,0,2,1,1,0,0,0,0,0,0,0,0,0,2,0,2,0,0,0
C5120ST,9,195,District-Ghazipur,Urban,20-29,5,4,1,0,0,0,0,0,0,1,1,0,3,2,1,0,0,0,0,0,0,1,1,0,0,0,0
C5120ST,9,195,District-Ghazipur,Urban,30-39,2,0,2,0,0,0,0,0,0,0,0,0,1,0,1,0,0,0,0,0,0,1,0,1,0,0,0
C5120ST,9,195,District-Ghazipur,Urban,40-49,5,4,1,0,0,0,0,0,0,2,1,1,1,1,0,0,0,0,0,0,0,2,2,0,0,0,0
C5120ST,9,195,District-Ghazipur,Urban,50-59,3,1,2,1,0,1,1,0,1,0,0,0,1,1,0,0,0,0,0,0,0,0,0,0,0,0,0
C5120ST,9,195,District-Ghazipur,Urban,60-69,1,1,0,0,0,0,0,0,0,1,1,0,0,0,0,0,0,0,0,0,0,0,0,0,0,0,0
C5120ST,9,195,District-Ghazipur,Urban,70-79,1,0,1,0,0,0,0,0,0,0,0,0,0,0,0,0,0,0,1,0,1,0,0,0,0,0,0
C5120ST,9,195,District-Ghazipur,Urban,80-89,1,0,1,0,0,0,1,0,1,0,0,0,0,0,0,0,0,0,0,0,0,0,0,0,0,0,0
C5120ST,9,195,District-Ghazipur,Urban,90+,0,0,0,0,0,0,0,0,0,0,0,0,0,0,0,0,0,0,0,0,0,0,0,0,0,0,0
C5120ST,9,195,District-Ghazipur,Urban,Age Not Stated,0,0,0,0,0,0,0,0,0,0,0,0,0,0,0,0,0,0,0,0,0,0,0,0,0,0,0
C5120ST,9,196,District-Chandauli,Total,Total,670,385,285,93,48,45,126,67,59,40,24,16,173,124,49,37,18,19,20,14,6,126,66,60,55,24,31
C5120ST,9,196,District-Chandauli,Total,0-4,26,16,10,3,0,3,9,7,2,0,0,0,3,3,0,1,1,0,0,0,0,7,2,5,3,3,0
C5120ST,9,196,District-Chandauli,Total,5-9,52,28,24,10,7,3,10,4,6,3,2,1,10,5,5,3,2,1,2,0,2,8,4,4,6,4,2
C5120ST,9,196,District-Chandauli,Total,10-19,124,66,58,15,4,11,22,13,9,14,7,7,24,15,9,6,5,1,7,4,3,22,12,10,14,6,8
C5120ST,9,196,District-Chandauli,Total,20-29,90,60,30,15,12,3,16,10,6,4,3,1,30,19,11,7,3,4,3,2,1,11,8,3,4,3,1
C5120ST,9,196,District-Chandauli,Total,30-39,86,48,38,10,3,7,12,5,7,10,5,5,19,17,2,6,2,4,2,2,0,24,14,10,3,0,3
C5120ST,9,196,District-Chandauli,Total,40-49,79,50,29,10,6,4,13,8,5,2,2,0,22,17,5,7,3,4,2,2,0,18,9,9,5,3,2
C5120ST,9,196,District-Chandauli,Total,50-59,69,40,29,6,4,2,18,10,8,3,3,0,20,16,4,5,1,4,1,1,0,10,4,6,6,1,5
C5120ST,9,196,District-Chandauli,Total,60-69,79,46,33,17,10,7,14,5,9,3,1,2,24,19,5,2,1,1,3,3,0,12,6,6,4,1,3
C5120ST,9,196,District-Chandauli,Total,70-79,52,28,24,6,2,4,10,3,7,1,1,0,19,13,6,0,0,0,0,0,0,11,6,5,5,3,2
C5120ST,9,196,District-Chandauli,Total,80-89,9,1,8,1,0,1,1,1,0,0,0,0,1,0,1,0,0,0,0,0,0,2,0,2,4,0,4
C5120ST,9,196,District-Chandauli,Total,90+,3,1,2,0,0,0,1,1,0,0,0,0,1,0,1,0,0,0,0,0,0,0,0,0,1,0,1
C5120ST,9,196,District-Chandauli,Total,Age Not Stated,1,1,0,0,0,0,0,0,0,0,0,0,0,0,0,0,0,0,0,0,0,1,1,0,0,0,0
C5120ST,9,196,District-Chandauli,Rural,Total,614,350,264,83,42,41,117,62,55,40,24,16,156,112,44,33,17,16,17,12,5,117,60,57,51,21,30
C5120ST,9,196,District-Chandauli,Rural,0-4,25,15,10,3,0,3,9,7,2,0,0,0,3,3,0,1,1,0,0,0,0,7,2,5,2,2,0
C5120ST,9,196,District-Chandauli,Rural,5-9,50,26,24,9,6,3,10,4,6,3,2,1,10,5,5,3,2,1,2,0,2,8,4,4,5,3,2
C5120ST,9,196,District-Chandauli,Rural,10-19,113,61,52,14,4,10,20,12,8,14,7,7,22,14,8,6,5,1,7,4,3,18,10,8,12,5,7
C5120ST,9,196,District-Chandauli,Rural,20-29,75,50,25,10,8,2,14,8,6,4,3,1,26,17,9,6,2,4,1,1,0,10,8,2,4,3,1
C5120ST,9,196,District-Chandauli,Rural,30-39,76,41,35,9,3,6,11,4,7,10,5,5,17,15,2,4,2,2,2,2,0,20,10,10,3,0,3
C5120ST,9,196,District-Chandauli,Rural,40-49,73,46,27,9,5,4,12,7,5,2,2,0,18,15,3,7,3,4,2,2,0,18,9,9,5,3,2
C5120ST,9,196,District-Chandauli,Rural,50-59,63,38,25,5,4,1,16,10,6,3,3,0,18,14,4,4,1,3,1,1,0,10,4,6,6,1,5
C5120ST,9,196,District-Chandauli,Rural,60-69,75,43,32,17,10,7,13,5,8,3,1,2,22,17,5,2,1,1,2,2,0,12,6,6,4,1,3
C5120ST,9,196,District-Chandauli,Rural,70-79,51,27,24,6,2,4,10,3,7,1,1,0,18,12,6,0,0,0,0,0,0,11,6,5,5,3,2
C5120ST,9,196,District-Chandauli,Rural,80-89,9,1,8,1,0,1,1,1,0,0,0,0,1,0,1,0,0,0,0,0,0,2,0,2,4,0,4
C5120ST,9,196,District-Chandauli,Rural,90+,3,1,2,0,0,0,1,1,0,0,0,0,1,0,1,0,0,0,0,0,0,0,0,0,1,0,1
C5120ST,9,196,District-Chandauli,Rural,Age Not Stated,1,1,0,0,0,0,0,0,0,0,0,0,0,0,0,0,0,0,0,0,0,1,1,0,0,0,0
C5120ST,9,196,District-Chandauli,Urban,Total,56,35,21,10,6,4,9,5,4,0,0,0,17,12,5,4,1,3,3,2,1,9,6,3,4,3,1
C5120ST,9,196,District-Chandauli,Urban,0-4,1,1,0,0,0,0,0,0,0,0,0,0,0,0,0,0,0,0,0,0,0,0,0,0,1,1,0
C5120ST,9,196,District-Chandauli,Urban,5-9,2,2,0,1,1,0,0,0,0,0,0,0,0,0,0,0,0,0,0,0,0,0,0,0,1,1,0
C5120ST,9,196,District-Chandauli,Urban,10-19,11,5,6,1,0,1,2,1,1,0,0,0,2,1,1,0,0,0,0,0,0,4,2,2,2,1,1
C5120ST,9,196,District-Chandauli,Urban,20-29,15,10,5,5,4,1,2,2,0,0,0,0,4,2,2,1,1,0,2,1,1,1,0,1,0,0,0
C5120ST,9,196,District-Chandauli,Urban,30-39,10,7,3,1,0,1,1,1,0,0,0,0,2,2,0,2,0,2,0,0,0,4,4,0,0,0,0
C5120ST,9,196,District-Chandauli,Urban,40-49,6,4,2,1,1,0,1,1,0,0,0,0,4,2,2,0,0,0,0,0,0,0,0,0,0,0,0
C5120ST,9,196,District-Chandauli,Urban,50-59,6,2,4,1,0,1,2,0,2,0,0,0,2,2,0,1,0,1,0,0,0,0,0,0,0,0,0
C5120ST,9,196,District-Chandauli,Urban,60-69,4,3,1,0,0,0,1,0,1,0,0,0,2,2,0,0,0,0,1,1,0,0,0,0,0,0,0
C5120ST,9,196,District-Chandauli,Urban,70-79,1,1,0,0,0,0,0,0,0,0,0,0,1,1,0,0,0,0,0,0,0,0,0,0,0,0,0
C5120ST,9,196,District-Chandauli,Urban,80-89,0,0,0,0,0,0,0,0,0,0,0,0,0,0,0,0,0,0,0,0,0,0,0,0,0,0,0
C5120ST,9,196,District-Chandauli,Urban,90+,0,0,0,0,0,0,0,0,0,0,0,0,0,0,0,0,0,0,0,0,0,0,0,0,0,0,0
C5120ST,9,196,District-Chandauli,Urban,Age Not Stated,0,0,0,0,0,0,0,0,0,0,0,0,0,0,0,0,0,0,0,0,0,0,0,0,0,0,0
C5120ST,9,197,District-Varanasi,Total,Total,735,420,315,221,126,95,139,63,76,63,38,25,91,61,30,30,21,9,27,18,9,122,67,55,42,26,16
C5120ST,9,197,District-Varanasi,Total,0-4,51,28,23,20,12,8,13,2,11,0,0,0,3,3,0,0,0,0,0,0,0,13,9,4,2,2,0
C5120ST,9,197,District-Varanasi,Total,5-9,71,40,31,21,14,7,21,10,11,6,4,2,3,3,0,2,2,0,0,0,0,13,3,10,5,4,1
C5120ST,9,197,District-Varanasi,Total,10-19,172,101,71,54,25,29,27,16,11,16,9,7,19,14,5,8,7,1,6,4,2,28,16,12,14,10,4
C5120ST,9,197,District-Varanasi,Total,20-29,128,81,47,36,21,15,22,12,10,14,8,6,20,17,3,6,4,2,9,7,2,16,8,8,5,4,1
C5120ST,9,197,District-Varanasi,Total,30-39,90,50,40,27,14,13,15,8,7,6,3,3,12,6,6,5,2,3,4,3,1,19,14,5,2,0,2
C5120ST,9,197,District-Varanasi,Total,40-49,84,43,41,32,19,13,9,3,6,8,5,3,5,1,4,6,4,2,4,2,2,16,7,9,4,2,2
C5120ST,9,197,District-Varanasi,Total,50-59,62,32,30,16,9,7,14,5,9,9,6,3,10,5,5,2,1,1,1,1,0,8,4,4,2,1,1
C5120ST,9,197,District-Varanasi,Total,60-69,39,26,13,9,8,1,7,4,3,3,2,1,6,3,3,1,1,0,2,1,1,7,4,3,4,3,1
C5120ST,9,197,District-Varanasi,Total,70-79,21,11,10,4,2,2,6,2,4,0,0,0,9,7,2,0,0,0,0,0,0,0,0,0,2,0,2
C5120ST,9,197,District-Varanasi,Total,80-89,6,3,3,0,0,0,1,1,0,0,0,0,2,1,1,0,0,0,0,0,0,1,1,0,2,0,2
C5120ST,9,197,District-Varanasi,Total,90+,6,3,3,1,1,0,1,0,1,1,1,0,2,1,1,0,0,0,1,0,1,0,0,0,0,0,0
C5120ST,9,197,District-Varanasi,Total,Age Not Stated,5,2,3,1,1,0,3,0,3,0,0,0,0,0,0,0,0,0,0,0,0,1,1,0,0,0,0
C5120ST,9,197,District-Varanasi,Rural,Total,495,273,222,168,87,81,92,43,49,29,19,10,66,45,21,26,18,8,11,5,6,70,37,33,33,19,14
C5120ST,9,197,District-Varanasi,Rural,0-4,34,19,15,16,10,6,8,1,7,0,0,0,3,3,0,0,0,0,0,0,0,6,4,2,1,1,0
C5120ST,9,197,District-Varanasi,Rural,5-9,47,28,19,15,9,6,13,7,6,3,3,0,2,2,0,2,2,0,0,0,0,8,2,6,4,3,1
C5120ST,9,197,District-Varanasi,Rural,10-19,123,71,52,41,17,24,16,11,5,12,7,5,16,12,4,8,7,1,3,2,1,15,7,8,12,8,4
C5120ST,9,197,District-Varanasi,Rural,20-29,73,43,30,25,12,13,15,7,8,1,1,0,11,10,1,3,2,1,3,2,1,10,5,5,5,4,1
C5120ST,9,197,District-Varanasi,Rural,30-39,60,32,28,21,10,11,9,4,5,2,1,1,9,5,4,5,2,3,2,1,1,12,9,3,0,0,0
C5120ST,9,197,District-Varanasi,Rural,40-49,61,30,31,28,15,13,7,3,4,4,2,2,4,1,3,6,4,2,1,0,1,9,5,4,2,0,2
C5120ST,9,197,District-Varanasi,Rural,50-59,41,17,24,11,5,6,11,4,7,3,2,1,7,2,5,2,1,1,0,0,0,5,2,3,2,1,1
C5120ST,9,197,District-Varanasi,Rural,60-69,25,16,9,6,5,1,4,3,1,3,2,1,4,2,2,0,0,0,1,0,1,4,2,2,3,2,1
C5120ST,9,197,District-Varanasi,Rural,70-79,18,10,8,3,2,1,6,2,4,0,0,0,7,6,1,0,0,0,0,0,0,0,0,0,2,0,2
C5120ST,9,197,District-Varanasi,Rural,80-89,6,3,3,0,0,0,1,1,0,0,0,0,2,1,1,0,0,0,0,0,0,1,1,0,2,0,2
C5120ST,9,197,District-Varanasi,Rural,90+,5,3,2,1,1,0,1,0,1,1,1,0,1,1,0,0,0,0,1,0,1,0,0,0,0,0,0
C5120ST,9,197,District-Varanasi,Rural,Age Not Stated,2,1,1,1,1,0,1,0,1,0,0,0,0,0,0,0,0,0,0,0,0,0,0,0,0,0,0
C5120ST,9,197,District-Varanasi,Urban,Total,240,147,93,53,39,14,47,20,27,34,19,15,25,16,9,4,3,1,16,13,3,52,30,22,9,7,2
C5120ST,9,197,District-Varanasi,Urban,0-4,17,9,8,4,2,2,5,1,4,0,0,0,0,0,0,0,0,0,0,0,0,7,5,2,1,1,0
C5120ST,9,197,District-Varanasi,Urban,5-9,24,12,12,6,5,1,8,3,5,3,1,2,1,1,0,0,0,0,0,0,0,5,1,4,1,1,0
C5120ST,9,197,District-Varanasi,Urban,10-19,49,30,19,13,8,5,11,5,6,4,2,2,3,2,1,0,0,0,3,2,1,13,9,4,2,2,0
C5120ST,9,197,District-Varanasi,Urban,20-29,55,38,17,11,9,2,7,5,2,13,7,6,9,7,2,3,2,1,6,5,1,6,3,3,0,0,0
C5120ST,9,197,District-Varanasi,Urban,30-39,30,18,12,6,4,2,6,4,2,4,2,2,3,1,2,0,0,0,2,2,0,7,5,2,2,0,2
C5120ST,9,197,District-Varanasi,Urban,40-49,23,13,10,4,4,0,2,0,2,4,3,1,1,0,1,0,0,0,3,2,1,7,2,5,2,2,0
C5120ST,9,197,District-Varanasi,Urban,50-59,21,15,6,5,4,1,3,1,2,6,4,2,3,3,0,0,0,0,1,1,0,3,2,1,0,0,0
C5120ST,9,197,District-Varanasi,Urban,60-69,14,10,4,3,3,0,3,1,2,0,0,0,2,1,1,1,1,0,1,1,0,3,2,1,1,1,0
C5120ST,9,197,District-Varanasi,Urban,70-79,3,1,2,1,0,1,0,0,0,0,0,0,2,1,1,0,0,0,0,0,0,0,0,0,0,0,0
C5120ST,9,197,District-Varanasi,Urban,80-89,0,0,0,0,0,0,0,0,0,0,0,0,0,0,0,0,0,0,0,0,0,0,0,0,0,0,0
C5120ST,9,197,District-Varanasi,Urban,90+,1,0,1,0,0,0,0,0,0,0,0,0,1,0,1,0,0,0,0,0,0,0,0,0,0,0,0
C5120ST,9,197,District-Varanasi,Urban,Age Not Stated,3,1,2,0,0,0,2,0,2,0,0,0,0,0,0,0,0,0,0,0,0,1,1,0,0,0,0
C5120ST,9,198,District-Sant Ravidas Nagar (Bhadohi),Total,Total,25,15,10,3,2,1,5,5,0,0,0,0,9,7,2,1,0,1,1,1,0,4,0,4,2,0,2
C5120ST,9,198,District-Sant Ravidas Nagar (Bhadohi),Total,0-4,0,0,0,0,0,0,0,0,0,0,0,0,0,0,0,0,0,0,0,0,0,0,0,0,0,0,0
C5120ST,9,198,District-Sant Ravidas Nagar (Bhadohi),Total,5-9,1,1,0,1,1,0,0,0,0,0,0,0,0,0,0,0,0,0,0,0,0,0,0,0,0,0,0
C5120ST,9,198,District-Sant Ravidas Nagar (Bhadohi),Total,10-19,3,2,1,0,0,0,1,1,0,0,0,0,1,1,0,0,0,0,0,0,0,0,0,0,1,0,1
C5120ST,9,198,District-Sant Ravidas Nagar (Bhadohi),Total,20-29,5,4,1,0,0,0,2,2,0,0,0,0,2,2,0,0,0,0,0,0,0,1,0,1,0,0,0
C5120ST,9,198,District-Sant Ravidas Nagar (Bhadohi),Total,30-39,7,3,4,1,0,1,1,1,0,0,0,0,3,2,1,1,0,1,0,0,0,0,0,0,1,0,1
C5120ST,9,198,District-Sant Ravidas Nagar (Bhadohi),Total,40-49,2,1,1,0,0,0,1,1,0,0,0,0,0,0,0,0,0,0,0,0,0,1,0,1,0,0,0
C5120ST,9,198,District-Sant Ravidas Nagar (Bhadohi),Total,50-59,2,1,1,0,0,0,0,0,0,0,0,0,1,1,0,0,0,0,0,0,0,1,0,1,0,0,0
C5120ST,9,198,District-Sant Ravidas Nagar (Bhadohi),Total,60-69,2,1,1,0,0,0,0,0,0,0,0,0,1,0,1,0,0,0,1,1,0,0,0,0,0,0,0
C5120ST,9,198,District-Sant Ravidas Nagar (Bhadohi),Total,70-79,3,2,1,1,1,0,0,0,0,0,0,0,1,1,0,0,0,0,0,0,0,1,0,1,0,0,0
C5120ST,9,198,District-Sant Ravidas Nagar (Bhadohi),Total,80-89,0,0,0,0,0,0,0,0,0,0,0,0,0,0,0,0,0,0,0,0,0,0,0,0,0,0,0
C5120ST,9,198,District-Sant Ravidas Nagar (Bhadohi),Total,90+,0,0,0,0,0,0,0,0,0,0,0,0,0,0,0,0,0,0,0,0,0,0,0,0,0,0,0
C5120ST,9,198,District-Sant Ravidas Nagar (Bhadohi),Total,Age Not Stated,0,0,0,0,0,0,0,0,0,0,0,0,0,0,0,0,0,0,0,0,0,0,0,0,0,0,0
C5120ST,9,198,District-Sant Ravidas Nagar (Bhadohi),Rural,Total,23,14,9,3,2,1,5,5,0,0,0,0,7,6,1,1,0,1,1,1,0,4,0,4,2,0,2
C5120ST,9,198,District-Sant Ravidas Nagar (Bhadohi),Rural,0-4,0,0,0,0,0,0,0,0,0,0,0,0,0,0,0,0,0,0,0,0,0,0,0,0,0,0,0
C5120ST,9,198,District-Sant Ravidas Nagar (Bhadohi),Rural,5-9,1,1,0,1,1,0,0,0,0,0,0,0,0,0,0,0,0,0,0,0,0,0,0,0,0,0,0
C5120ST,9,198,District-Sant Ravidas Nagar (Bhadohi),Rural,10-19,3,2,1,0,0,0,1,1,0,0,0,0,1,1,0,0,0,0,0,0,0,0,0,0,1,0,1
C5120ST,9,198,District-Sant Ravidas Nagar (Bhadohi),Rural,20-29,5,4,1,0,0,0,2,2,0,0,0,0,2,2,0,0,0,0,0,0,0,1,0,1,0,0,0
C5120ST,9,198,District-Sant Ravidas Nagar (Bhadohi),Rural,30-39,5,2,3,1,0,1,1,1,0,0,0,0,1,1,0,1,0,1,0,0,0,0,0,0,1,0,1
C5120ST,9,198,District-Sant Ravidas Nagar (Bhadohi),Rural,40-49,2,1,1,0,0,0,1,1,0,0,0,0,0,0,0,0,0,0,0,0,0,1,0,1,0,0,0
C5120ST,9,198,District-Sant Ravidas Nagar (Bhadohi),Rural,50-59,2,1,1,0,0,0,0,0,0,0,0,0,1,1,0,0,0,0,0,0,0,1,0,1,0,0,0
C5120ST,9,198,District-Sant Ravidas Nagar (Bhadohi),Rural,60-69,2,1,1,0,0,0,0,0,0,0,0,0,1,0,1,0,0,0,1,1,0,0,0,0,0,0,0
C5120ST,9,198,District-Sant Ravidas Nagar (Bhadohi),Rural,70-79,3,2,1,1,1,0,0,0,0,0,0,0,1,1,0,0,0,0,0,0,0,1,0,1,0,0,0
C5120ST,9,198,District-Sant Ravidas Nagar (Bhadohi),Rural,80-89,0,0,0,0,0,0,0,0,0,0,0,0,0,0,0,0,0,0,0,0,0,0,0,0,0,0,0
C5120ST,9,198,District-Sant Ravidas Nagar (Bhadohi),Rural,90+,0,0,0,0,0,0,0,0,0,0,0,0,0,0,0,0,0,0,0,0,0,0,0,0,0,0,0
C5120ST,9,198,District-Sant Ravidas Nagar (Bhadohi),Rural,Age Not Stated,0,0,0,0,0,0,0,0,0,0,0,0,0,0,0,0,0,0,0,0,0,0,0,0,0,0,0
C5120ST,9,198,District-Sant Ravidas Nagar (Bhadohi),Urban,Total,2,1,1,0,0,0,0,0,0,0,0,0,2,1,1,0,0,0,0,0,0,0,0,0,0,0,0
C5120ST,9,198,District-Sant Ravidas Nagar (Bhadohi),Urban,0-4,0,0,0,0,0,0,0,0,0,0,0,0,0,0,0,0,0,0,0,0,0,0,0,0,0,0,0
C5120ST,9,198,District-Sant Ravidas Nagar (Bhadohi),Urban,5-9,0,0,0,0,0,0,0,0,0,0,0,0,0,0,0,0,0,0,0,0,0,0,0,0,0,0,0
C5120ST,9,198,District-Sant Ravidas Nagar (Bhadohi),Urban,10-19,0,0,0,0,0,0,0,0,0,0,0,0,0,0,0,0,0,0,0,0,0,0,0,0,0,0,0
C5120ST,9,198,District-Sant Ravidas Nagar (Bhadohi),Urban,20-29,0,0,0,0,0,0,0,0,0,0,0,0,0,0,0,0,0,0,0,0,0,0,0,0,0,0,0
C5120ST,9,198,District-Sant Ravidas Nagar (Bhadohi),Urban,30-39,2,1,1,0,0,0,0,0,0,0,0,0,2,1,1,0,0,0,0,0,0,0,0,0,0,0,0
C5120ST,9,198,District-Sant Ravidas Nagar (Bhadohi),Urban,40-49,0,0,0,0,0,0,0,0,0,0,0,0,0,0,0,0,0,0,0,0,0,0,0,0,0,0,0
C5120ST,9,198,District-Sant Ravidas Nagar (Bhadohi),Urban,50-59,0,0,0,0,0,0,0,0,0,0,0,0,0,0,0,0,0,0,0,0,0,0,0,0,0,0,0
C5120ST,9,198,District-Sant Ravidas Nagar (Bhadohi),Urban,60-69,0,0,0,0,0,0,0,0,0,0,0,0,0,0,0,0,0,0,0,0,0,0,0,0,0,0,0
C5120ST,9,198,District-Sant Ravidas Nagar (Bhadohi),Urban,70-79,0,0,0,0,0,0,0,0,0,0,0,0,0,0,0,0,0,0,0,0,0,0,0,0,0,0,0
C5120ST,9,198,District-Sant Ravidas Nagar (Bhadohi),Urban,80-89,0,0,0,0,0,0,0,0,0,0,0,0,0,0,0,0,0,0,0,0,0,0,0,0,0,0,0
C5120ST,9,198,District-Sant Ravidas Nagar (Bhadohi),Urban,90+,0,0,0,0,0,0,0,0,0,0,0,0,0,0,0,0,0,0,0,0,0,0,0,0,0,0,0
C5120ST,9,198,District-Sant Ravidas Nagar (Bhadohi),Urban,Age Not Stated,0,0,0,0,0,0,0,0,0,0,0,0,0,0,0,0,0,0,0,0,0,0,0,0,0,0,0
C5120ST,9,199,District-Mirzapur,Total,Total,325,190,135,47,25,22,59,36,23,21,11,10,73,44,29,8,6,2,11,7,4,86,49,37,20,12,8
C5120ST,9,199,District-Mirzapur,Total,0-4,20,11,9,3,1,2,4,3,1,1,1,0,5,2,3,0,0,0,0,0,0,5,3,2,2,1,1
C5120ST,9,199,District-Mirzapur,Total,5-9,34,23,11,8,5,3,4,3,1,3,2,1,6,4,2,1,0,1,1,1,0,11,8,3,0,0,0
C5120ST,9,199,District-Mirzapur,Total,10-19,84,49,35,10,4,6,17,11,6,9,6,3,14,7,7,1,1,0,4,2,2,23,14,9,6,4,2
C5120ST,9,199,District-Mirzapur,Total,20-29,60,33,27,3,2,1,11,5,6,3,0,3,23,15,8,1,1,0,0,0,0,15,7,8,4,3,1
C5120ST,9,199,District-Mirzapur,Total,30-39,51,30,21,8,4,4,11,8,3,2,1,1,11,9,2,1,1,0,1,1,0,16,6,10,1,0,1
C5120ST,9,199,District-Mirzapur,Total,40-49,26,16,10,4,4,0,3,0,3,3,1,2,2,1,1,1,1,0,1,1,0,11,7,4,1,1,0
C5120ST,9,199,District-Mirzapur,Total,50-59,23,16,7,4,3,1,4,4,0,0,0,0,8,4,4,3,2,1,2,2,0,0,0,0,2,1,1
C5120ST,9,199,District-Mirzapur,Total,60-69,13,7,6,5,2,3,4,2,2,0,0,0,1,1,0,0,0,0,1,0,1,2,2,0,0,0,0
C5120ST,9,199,District-Mirzapur,Total,70-79,8,3,5,2,0,2,0,0,0,0,0,0,2,1,1,0,0,0,0,0,0,2,1,1,2,1,1
C5120ST,9,199,District-Mirzapur,Total,80-89,4,1,3,0,0,0,1,0,1,0,0,0,1,0,1,0,0,0,0,0,0,0,0,0,2,1,1
C5120ST,9,199,District-Mirzapur,Total,90+,2,1,1,0,0,0,0,0,0,0,0,0,0,0,0,0,0,0,1,0,1,1,1,0,0,0,0
C5120ST,9,199,District-Mirzapur,Total,Age Not Stated,0,0,0,0,0,0,0,0,0,0,0,0,0,0,0,0,0,0,0,0,0,0,0,0,0,0,0
C5120ST,9,199,District-Mirzapur,Rural,Total,301,176,125,46,25,21,57,35,22,21,11,10,67,42,25,8,6,2,9,6,3,76,42,34,17,9,8
C5120ST,9,199,District-Mirzapur,Rural,0-4,17,10,7,3,1,2,2,2,0,1,1,0,5,2,3,0,0,0,0,0,0,4,3,1,2,1,1
C5120ST,9,199,District-Mirzapur,Rural,5-9,32,21,11,8,5,3,4,3,1,3,2,1,6,4,2,1,0,1,1,1,0,9,6,3,0,0,0
C5120ST,9,199,District-Mirzapur,Rural,10-19,79,46,33,10,4,6,17,11,6,9,6,3,12,6,6,1,1,0,3,2,1,22,13,9,5,3,2
C5120ST,9,199,District-Mirzapur,Rural,20-29,54,31,23,3,2,1,11,5,6,3,0,3,20,15,5,1,1,0,0,0,0,14,7,7,2,1,1
C5120ST,9,199,District-Mirzapur,Rural,30-39,47,28,19,7,4,3,11,8,3,2,1,1,11,9,2,1,1,0,1,1,0,13,4,9,1,0,1
C5120ST,9,199,District-Mirzapur,Rural,40-49,25,15,10,4,4,0,3,0,3,3,1,2,2,1,1,1,1,0,1,1,0,10,6,4,1,1,0
C5120ST,9,199,District-Mirzapur,Rural,50-59,21,14,7,4,3,1,4,4,0,0,0,0,7,3,4,3,2,1,1,1,0,0,0,0,2,1,1
C5120ST,9,199,District-Mirzapur,Rural,60-69,12,6,6,5,2,3,4,2,2,0,0,0,1,1,0,0,0,0,1,0,1,1,1,0,0,0,0
C5120ST,9,199,District-Mirzapur,Rural,70-79,8,3,5,2,0,2,0,0,0,0,0,0,2,1,1,0,0,0,0,0,0,2,1,1,2,1,1
C5120ST,9,199,District-Mirzapur,Rural,80-89,4,1,3,0,0,0,1,0,1,0,0,0,1,0,1,0,0,0,0,0,0,0,0,0,2,1,1
C5120ST,9,199,District-Mirzapur,Rural,90+,2,1,1,0,0,0,0,0,0,0,0,0,0,0,0,0,0,0,1,0,1,1,1,0,0,0,0
C5120ST,9,199,District-Mirzapur,Rural,Age Not Stated,0,0,0,0,0,0,0,0,0,0,0,0,0,0,0,0,0,0,0,0,0,0,0,0,0,0,0
C5120ST,9,199,District-Mirzapur,Urban,Total,24,14,10,1,0,1,2,1,1,0,0,0,6,2,4,0,0,0,2,1,1,10,7,3,3,3,0
C5120ST,9,199,District-Mirzapur,Urban,0-4,3,1,2,0,0,0,2,1,1,0,0,0,0,0,0,0,0,0,0,0,0,1,0,1,0,0,0
C5120ST,9,199,District-Mirzapur,Urban,5-9,2,2,0,0,0,0,0,0,0,0,0,0,0,0,0,0,0,0,0,0,0,2,2,0,0,0,0
C5120ST,9,199,District-Mirzapur,Urban,10-19,5,3,2,0,0,0,0,0,0,0,0,0,2,1,1,0,0,0,1,0,1,1,1,0,1,1,0
C5120ST,9,199,District-Mirzapur,Urban,20-29,6,2,4,0,0,0,0,0,0,0,0,0,3,0,3,0,0,0,0,0,0,1,0,1,2,2,0
C5120ST,9,199,District-Mirzapur,Urban,30-39,4,2,2,1,0,1,0,0,0,0,0,0,0,0,0,0,0,0,0,0,0,3,2,1,0,0,0
C5120ST,9,199,District-Mirzapur,Urban,40-49,1,1,0,0,0,0,0,0,0,0,0,0,0,0,0,0,0,0,0,0,0,1,1,0,0,0,0
C5120ST,9,199,District-Mirzapur,Urban,50-59,2,2,0,0,0,0,0,0,0,0,0,0,1,1,0,0,0,0,1,1,0,0,0,0,0,0,0
C5120ST,9,199,District-Mirzapur,Urban,60-69,1,1,0,0,0,0,0,0,0,0,0,0,0,0,0,0,0,0,0,0,0,1,1,0,0,0,0
C5120ST,9,199,District-Mirzapur,Urban,70-79,0,0,0,0,0,0,0,0,0,0,0,0,0,0,0,0,0,0,0,0,0,0,0,0,0,0,0
C5120ST,9,199,District-Mirzapur,Urban,80-89,0,0,0,0,0,0,0,0,0,0,0,0,0,0,0,0,0,0,0,0,0,0,0,0,0,0,0
C5120ST,9,199,District-Mirzapur,Urban,90+,0,0,0,0,0,0,0,0,0,0,0,0,0,0,0,0,0,0,0,0,0,0,0,0,0,0,0
C5120ST,9,199,District-Mirzapur,Urban,Age Not Stated,0,0,0,0,0,0,0,0,0,0,0,0,0,0,0,0,0,0,0,0,0,0,0,0,0,0,0
C5120ST,9,200,District-Sonbhadra,Total,Total,5809,3220,2589,810,442,368,1835,951,884,267,168,99,1042,647,395,253,142,111,97,53,44,1093,580,513,412,237,175
C5120ST,9,200,District-Sonbhadra,Total,0-4,410,216,194,50,26,24,183,99,84,4,4,0,37,20,17,8,1,7,2,1,1,120,63,57,6,2,4
C5120ST,9,200,District-Sonbhadra,Total,5-9,622,339,283,86,52,34,245,122,123,36,26,10,59,37,22,29,16,13,6,1,5,136,67,69,25,18,7
C5120ST,9,200,District-Sonbhadra,Total,10-19,1240,662,578,138,63,75,391,201,190,91,52,39,208,131,77,72,36,36,26,11,15,263,137,126,51,31,20
C5120ST,9,200,District-Sonbhadra,Total,20-29,823,489,334,106,67,39,253,129,124,45,31,14,165,116,49,44,26,18,23,16,7,165,91,74,22,13,9
C5120ST,9,200,District-Sonbhadra,Total,30-39,643,373,270,63,38,25,213,111,102,38,27,11,109,75,34,43,29,14,15,9,6,131,67,64,31,17,14
C5120ST,9,200,District-Sonbhadra,Total,40-49,574,343,231,70,34,36,182,104,78,26,15,11,100,72,28,35,22,13,12,7,5,109,65,44,40,24,16
C5120ST,9,200,District-Sonbhadra,Total,50-59,457,243,214,76,46,30,130,59,71,11,7,4,94,52,42,9,5,4,5,3,2,81,45,36,51,26,25
C5120ST,9,200,District-Sonbhadra,Total,60-69,520,282,238,99,51,48,136,72,64,9,3,6,124,73,51,9,5,4,6,4,2,50,27,23,87,47,40
C5120ST,9,200,District-Sonbhadra,Total,70-79,315,163,152,71,35,36,73,38,35,5,2,3,89,48,41,4,2,2,2,1,1,23,9,14,48,28,20
C5120ST,9,200,District-Sonbhadra,Total,80-89,148,78,70,36,22,14,25,14,11,1,1,0,42,16,26,0,0,0,0,0,0,8,6,2,36,19,17
C5120ST,9,200,District-Sonbhadra,Total,90+,54,31,23,14,8,6,3,1,2,0,0,0,15,7,8,0,0,0,0,0,0,7,3,4,15,12,3
C5120ST,9,200,District-Sonbhadra,Total,Age Not Stated,3,1,2,1,0,1,1,1,0,1,0,1,0,0,0,0,0,0,0,0,0,0,0,0,0,0,0
C5120ST,9,200,District-Sonbhadra,Rural,Total,5689,3144,2545,796,433,363,1818,942,876,253,161,92,1015,627,388,243,135,108,96,52,44,1060,560,500,408,234,174
C5120ST,9,200,District-Sonbhadra,Rural,0-4,401,213,188,46,25,21,180,97,83,4,4,0,36,20,16,8,1,7,2,1,1,119,63,56,6,2,4
C5120ST,9,200,District-Sonbhadra,Rural,5-9,613,334,279,86,52,34,243,121,122,34,25,9,57,35,22,29,16,13,6,1,5,134,66,68,24,18,6
C5120ST,9,200,District-Sonbhadra,Rural,10-19,1207,640,567,138,63,75,384,198,186,88,50,38,202,126,76,66,32,34,26,11,15,253,130,123,50,30,20
C5120ST,9,200,District-Sonbhadra,Rural,20-29,805,475,330,104,65,39,253,129,124,41,29,12,161,112,49,43,25,18,22,15,7,159,87,72,22,13,9
C5120ST,9,200,District-Sonbhadra,Rural,30-39,632,364,268,62,37,25,212,110,102,37,27,10,108,74,34,40,27,13,15,9,6,127,63,64,31,17,14
C5120ST,9,200,District-Sonbhadra,Rural,40-49,557,335,222,67,32,35,180,103,77,24,14,10,94,69,25,35,22,13,12,7,5,105,64,41,40,24,16
C5120ST,9,200,District-Sonbhadra,Rural,50-59,446,235,211,75,45,30,129,59,70,9,6,3,89,48,41,9,5,4,5,3,2,79,43,36,51,26,25
C5120ST,9,200,District-Sonbhadra,Rural,60-69,514,279,235,96,49,47,136,72,64,9,3,6,123,73,50,9,5,4,6,4,2,49,27,22,86,46,40
C5120ST,9,200,District-Sonbhadra,Rural,70-79,311,160,151,71,35,36,73,38,35,5,2,3,88,47,41,4,2,2,2,1,1,21,8,13,47,27,20
C5120ST,9,200,District-Sonbhadra,Rural,80-89,148,78,70,36,22,14,25,14,11,1,1,0,42,16,26,0,0,0,0,0,0,8,6,2,36,19,17
C5120ST,9,200,District-Sonbhadra,Rural,90+,53,31,22,14,8,6,3,1,2,0,0,0,15,7,8,0,0,0,0,0,0,6,3,3,15,12,3
C5120ST,9,200,District-Sonbhadra,Rural,Age Not Stated,2,0,2,1,0,1,0,0,0,1,0,1,0,0,0,0,0,0,0,0,0,0,0,0,0,0,0
C5120ST,9,200,District-Sonbhadra,Urban,Total,120,76,44,14,9,5,17,9,8,14,7,7,27,20,7,10,7,3,1,1,0,33,20,13,4,3,1
C5120ST,9,200,District-Sonbhadra,Urban,0-4,9,3,6,4,1,3,3,2,1,0,0,0,1,0,1,0,0,0,0,0,0,1,0,1,0,0,0
C5120ST,9,200,District-Sonbhadra,Urban,5-9,9,5,4,0,0,0,2,1,1,2,1,1,2,2,0,0,0,0,0,0,0,2,1,1,1,0,1
C5120ST,9,200,District-Sonbhadra,Urban,10-19,33,22,11,0,0,0,7,3,4,3,2,1,6,5,1,6,4,2,0,0,0,10,7,3,1,1,0
C5120ST,9,200,District-Sonbhadra,Urban,20-29,18,14,4,2,2,0,0,0,0,4,2,2,4,4,0,1,1,0,1,1,0,6,4,2,0,0,0
C5120ST,9,200,District-Sonbhadra,Urban,30-39,11,9,2,1,1,0,1,1,0,1,0,1,1,1,0,3,2,1,0,0,0,4,4,0,0,0,0
C5120ST,9,200,District-Sonbhadra,Urban,40-49,17,8,9,3,2,1,2,1,1,2,1,1,6,3,3,0,0,0,0,0,0,4,1,3,0,0,0
C5120ST,9,200,District-Sonbhadra,Urban,50-59,11,8,3,1,1,0,1,0,1,2,1,1,5,4,1,0,0,0,0,0,0,2,2,0,0,0,0
C5120ST,9,200,District-Sonbhadra,Urban,60-69,6,3,3,3,2,1,0,0,0,0,0,0,1,0,1,0,0,0,0,0,0,1,0,1,1,1,0
C5120ST,9,200,District-Sonbhadra,Urban,70-79,4,3,1,0,0,0,0,0,0,0,0,0,1,1,0,0,0,0,0,0,0,2,1,1,1,1,0
C5120ST,9,200,District-Sonbhadra,Urban,80-89,0,0,0,0,0,0,0,0,0,0,0,0,0,0,0,0,0,0,0,0,0,0,0,0,0,0,0
C5120ST,9,200,District-Sonbhadra,Urban,90+,1,0,1,0,0,0,0,0,0,0,0,0,0,0,0,0,0,0,0,0,0,1,0,1,0,0,0
C5120ST,9,200,District-Sonbhadra,Urban,Age Not Stated,1,1,0,0,0,0,1,1,0,0,0,0,0,0,0,0,0,0,0,0,0,0,0,0,0,0,0
C5120ST,9,201,District-Etah,Total,Total,7,6,1,0,0,0,3,3,0,0,0,0,1,1,0,0,0,0,0,0,0,2,1,1,1,1,0
C5120ST,9,201,District-Etah,Total,0-4,0,0,0,0,0,0,0,0,0,0,0,0,0,0,0,0,0,0,0,0,0,0,0,0,0,0,0
C5120ST,9,201,District-Etah,Total,5-9,0,0,0,0,0,0,0,0,0,0,0,0,0,0,0,0,0,0,0,0,0,0,0,0,0,0,0
C5120ST,9,201,District-Etah,Total,10-19,3,3,0,0,0,0,1,1,0,0,0,0,0,0,0,0,0,0,0,0,0,1,1,0,1,1,0
C5120ST,9,201,District-Etah,Total,20-29,0,0,0,0,0,0,0,0,0,0,0,0,0,0,0,0,0,0,0,0,0,0,0,0,0,0,0
C5120ST,9,201,District-Etah,Total,30-39,2,1,1,0,0,0,1,1,0,0,0,0,0,0,0,0,0,0,0,0,0,1,0,1,0,0,0
C5120ST,9,201,District-Etah,Total,40-49,1,1,0,0,0,0,0,0,0,0,0,0,1,1,0,0,0,0,0,0,0,0,0,0,0,0,0
C5120ST,9,201,District-Etah,Total,50-59,1,1,0,0,0,0,1,1,0,0,0,0,0,0,0,0,0,0,0,0,0,0,0,0,0,0,0
C5120ST,9,201,District-Etah,Total,60-69,0,0,0,0,0,0,0,0,0,0,0,0,0,0,0,0,0,0,0,0,0,0,0,0,0,0,0
C5120ST,9,201,District-Etah,Total,70-79,0,0,0,0,0,0,0,0,0,0,0,0,0,0,0,0,0,0,0,0,0,0,0,0,0,0,0
C5120ST,9,201,District-Etah,Total,80-89,0,0,0,0,0,0,0,0,0,0,0,0,0,0,0,0,0,0,0,0,0,0,0,0,0,0,0
C5120ST,9,201,District-Etah,Total,90+,0,0,0,0,0,0,0,0,0,0,0,0,0,0,0,0,0,0,0,0,0,0,0,0,0,0,0
C5120ST,9,201,District-Etah,Total,Age Not Stated,0,0,0,0,0,0,0,0,0,0,0,0,0,0,0,0,0,0,0,0,0,0,0,0,0,0,0
C5120ST,9,201,District-Etah,Rural,Total,0,0,0,0,0,0,0,0,0,0,0,0,0,0,0,0,0,0,0,0,0,0,0,0,0,0,0
C5120ST,9,201,District-Etah,Rural,0-4,0,0,0,0,0,0,0,0,0,0,0,0,0,0,0,0,0,0,0,0,0,0,0,0,0,0,0
C5120ST,9,201,District-Etah,Rural,5-9,0,0,0,0,0,0,0,0,0,0,0,0,0,0,0,0,0,0,0,0,0,0,0,0,0,0,0
C5120ST,9,201,District-Etah,Rural,10-19,0,0,0,0,0,0,0,0,0,0,0,0,0,0,0,0,0,0,0,0,0,0,0,0,0,0,0
C5120ST,9,201,District-Etah,Rural,20-29,0,0,0,0,0,0,0,0,0,0,0,0,0,0,0,0,0,0,0,0,0,0,0,0,0,0,0
C5120ST,9,201,District-Etah,Rural,30-39,0,0,0,0,0,0,0,0,0,0,0,0,0,0,0,0,0,0,0,0,0,0,0,0,0,0,0
C5120ST,9,201,District-Etah,Rural,40-49,0,0,0,0,0,0,0,0,0,0,0,0,0,0,0,0,0,0,0,0,0,0,0,0,0,0,0
C5120ST,9,201,District-Etah,Rural,50-59,0,0,0,0,0,0,0,0,0,0,0,0,0,0,0,0,0,0,0,0,0,0,0,0,0,0,0
C5120ST,9,201,District-Etah,Rural,60-69,0,0,0,0,0,0,0,0,0,0,0,0,0,0,0,0,0,0,0,0,0,0,0,0,0,0,0
C5120ST,9,201,District-Etah,Rural,70-79,0,0,0,0,0,0,0,0,0,0,0,0,0,0,0,0,0,0,0,0,0,0,0,0,0,0,0
C5120ST,9,201,District-Etah,Rural,80-89,0,0,0,0,0,0,0,0,0,0,0,0,0,0,0,0,0,0,0,0,0,0,0,0,0,0,0
C5120ST,9,201,District-Etah,Rural,90+,0,0,0,0,0,0,0,0,0,0,0,0,0,0,0,0,0,0,0,0,0,0,0,0,0,0,0
C5120ST,9,201,District-Etah,Rural,Age Not Stated,0,0,0,0,0,0,0,0,0,0,0,0,0,0,0,0,0,0,0,0,0,0,0,0,0,0,0
C5120ST,9,201,District-Etah,Urban,Total,7,6,1,0,0,0,3,3,0,0,0,0,1,1,0,0,0,0,0,0,0,2,1,1,1,1,0
C5120ST,9,201,District-Etah,Urban,0-4,0,0,0,0,0,0,0,0,0,0,0,0,0,0,0,0,0,0,0,0,0,0,0,0,0,0,0
C5120ST,9,201,District-Etah,Urban,5-9,0,0,0,0,0,0,0,0,0,0,0,0,0,0,0,0,0,0,0,0,0,0,0,0,0,0,0
C5120ST,9,201,District-Etah,Urban,10-19,3,3,0,0,0,0,1,1,0,0,0,0,0,0,0,0,0,0,0,0,0,1,1,0,1,1,0
C5120ST,9,201,District-Etah,Urban,20-29,0,0,0,0,0,0,0,0,0,0,0,0,0,0,0,0,0,0,0,0,0,0,0,0,0,0,0
C5120ST,9,201,District-Etah,Urban,30-39,2,1,1,0,0,0,1,1,0,0,0,0,0,0,0,0,0,0,0,0,0,1,0,1,0,0,0
C5120ST,9,201,District-Etah,Urban,40-49,1,1,0,0,0,0,0,0,0,0,0,0,1,1,0,0,0,0,0,0,0,0,0,0,0,0,0
C5120ST,9,201,District-Etah,Urban,50-59,1,1,0,0,0,0,1,1,0,0,0,0,0,0,0,0,0,0,0,0,0,0,0,0,0,0,0
C5120ST,9,201,District-Etah,Urban,60-69,0,0,0,0,0,0,0,0,0,0,0,0,0,0,0,0,0,0,0,0,0,0,0,0,0,0,0
C5120ST,9,201,District-Etah,Urban,70-79,0,0,0,0,0,0,0,0,0,0,0,0,0,0,0,0,0,0,0,0,0,0,0,0,0,0,0
C5120ST,9,201,District-Etah,Urban,80-89,0,0,0,0,0,0,0,0,0,0,0,0,0,0,0,0,0,0,0,0,0,0,0,0,0,0,0
C5120ST,9,201,District-Etah,Urban,90+,0,0,0,0,0,0,0,0,0,0,0,0,0,0,0,0,0,0,0,0,0,0,0,0,0,0,0
C5120ST,9,201,District-Etah,Urban,Age Not Stated,0,0,0,0,0,0,0,0,0,0,0,0,0,0,0,0,0,0,0,0,0,0,0,0,0,0,0
C5120ST,9,202,District-Kanshiram Nagar,Total,Total,3,2,1,1,0,1,0,0,0,0,0,0,1,1,0,0,0,0,0,0,0,1,1,0,0,0,0
C5120ST,9,202,District-Kanshiram Nagar,Total,0-4,1,1,0,0,0,0,0,0,0,0,0,0,0,0,0,0,0,0,0,0,0,1,1,0,0,0,0
C5120ST,9,202,District-Kanshiram Nagar,Total,5-9,0,0,0,0,0,0,0,0,0,0,0,0,0,0,0,0,0,0,0,0,0,0,0,0,0,0,0
C5120ST,9,202,District-Kanshiram Nagar,Total,10-19,0,0,0,0,0,0,0,0,0,0,0,0,0,0,0,0,0,0,0,0,0,0,0,0,0,0,0
C5120ST,9,202,District-Kanshiram Nagar,Total,20-29,0,0,0,0,0,0,0,0,0,0,0,0,0,0,0,0,0,0,0,0,0,0,0,0,0,0,0
C5120ST,9,202,District-Kanshiram Nagar,Total,30-39,1,1,0,0,0,0,0,0,0,0,0,0,1,1,0,0,0,0,0,0,0,0,0,0,0,0,0
C5120ST,9,202,District-Kanshiram Nagar,Total,40-49,0,0,0,0,0,0,0,0,0,0,0,0,0,0,0,0,0,0,0,0,0,0,0,0,0,0,0
C5120ST,9,202,District-Kanshiram Nagar,Total,50-59,0,0,0,0,0,0,0,0,0,0,0,0,0,0,0,0,0,0,0,0,0,0,0,0,0,0,0
C5120ST,9,202,District-Kanshiram Nagar,Total,60-69,0,0,0,0,0,0,0,0,0,0,0,0,0,0,0,0,0,0,0,0,0,0,0,0,0,0,0
C5120ST,9,202,District-Kanshiram Nagar,Total,70-79,1,0,1,1,0,1,0,0,0,0,0,0,0,0,0,0,0,0,0,0,0,0,0,0,0,0,0
C5120ST,9,202,District-Kanshiram Nagar,Total,80-89,0,0,0,0,0,0,0,0,0,0,0,0,0,0,0,0,0,0,0,0,0,0,0,0,0,0,0
C5120ST,9,202,District-Kanshiram Nagar,Total,90+,0,0,0,0,0,0,0,0,0,0,0,0,0,0,0,0,0,0,0,0,0,0,0,0,0,0,0
C5120ST,9,202,District-Kanshiram Nagar,Total,Age Not Stated,0,0,0,0,0,0,0,0,0,0,0,0,0,0,0,0,0,0,0,0,0,0,0,0,0,0,0
C5120ST,9,202,District-Kanshiram Nagar,Rural,Total,3,2,1,1,0,1,0,0,0,0,0,0,1,1,0,0,0,0,0,0,0,1,1,0,0,0,0
C5120ST,9,202,District-Kanshiram Nagar,Rural,0-4,1,1,0,0,0,0,0,0,0,0,0,0,0,0,0,0,0,0,0,0,0,1,1,0,0,0,0
C5120ST,9,202,District-Kanshiram Nagar,Rural,5-9,0,0,0,0,0,0,0,0,0,0,0,0,0,0,0,0,0,0,0,0,0,0,0,0,0,0,0
C5120ST,9,202,District-Kanshiram Nagar,Rural,10-19,0,0,0,0,0,0,0,0,0,0,0,0,0,0,0,0,0,0,0,0,0,0,0,0,0,0,0
C5120ST,9,202,District-Kanshiram Nagar,Rural,20-29,0,0,0,0,0,0,0,0,0,0,0,0,0,0,0,0,0,0,0,0,0,0,0,0,0,0,0
C5120ST,9,202,District-Kanshiram Nagar,Rural,30-39,1,1,0,0,0,0,0,0,0,0,0,0,1,1,0,0,0,0,0,0,0,0,0,0,0,0,0
C5120ST,9,202,District-Kanshiram Nagar,Rural,40-49,0,0,0,0,0,0,0,0,0,0,0,0,0,0,0,0,0,0,0,0,0,0,0,0,0,0,0
C5120ST,9,202,District-Kanshiram Nagar,Rural,50-59,0,0,0,0,0,0,0,0,0,0,0,0,0,0,0,0,0,0,0,0,0,0,0,0,0,0,0
C5120ST,9,202,District-Kanshiram Nagar,Rural,60-69,0,0,0,0,0,0,0,0,0,0,0,0,0,0,0,0,0,0,0,0,0,0,0,0,0,0,0
C5120ST,9,202,District-Kanshiram Nagar,Rural,70-79,1,0,1,1,0,1,0,0,0,0,0,0,0,0,0,0,0,0,0,0,0,0,0,0,0,0,0
C5120ST,9,202,District-Kanshiram Nagar,Rural,80-89,0,0,0,0,0,0,0,0,0,0,0,0,0,0,0,0,0,0,0,0,0,0,0,0,0,0,0
C5120ST,9,202,District-Kanshiram Nagar,Rural,90+,0,0,0,0,0,0,0,0,0,0,0,0,0,0,0,0,0,0,0,0,0,0,0,0,0,0,0
C5120ST,9,202,District-Kanshiram Nagar,Rural,Age Not Stated,0,0,0,0,0,0,0,0,0,0,0,0,0,0,0,0,0,0,0,0,0,0,0,0,0,0,0
C5120ST,9,202,District-Kanshiram Nagar,Urban,Total,0,0,0,0,0,0,0,0,0,0,0,0,0,0,0,0,0,0,0,0,0,0,0,0,0,0,0
C5120ST,9,202,District-Kanshiram Nagar,Urban,0-4,0,0,0,0,0,0,0,0,0,0,0,0,0,0,0,0,0,0,0,0,0,0,0,0,0,0,0
C5120ST,9,202,District-Kanshiram Nagar,Urban,5-9,0,0,0,0,0,0,0,0,0,0,0,0,0,0,0,0,0,0,0,0,0,0,0,0,0,0,0
C5120ST,9,202,District-Kanshiram Nagar,Urban,10-19,0,0,0,0,0,0,0,0,0,0,0,0,0,0,0,0,0,0,0,0,0,0,0,0,0,0,0
C5120ST,9,202,District-Kanshiram Nagar,Urban,20-29,0,0,0,0,0,0,0,0,0,0,0,0,0,0,0,0,0,0,0,0,0,0,0,0,0,0,0
C5120ST,9,202,District-Kanshiram Nagar,Urban,30-39,0,0,0,0,0,0,0,0,0,0,0,0,0,0,0,0,0,0,0,0,0,0,0,0,0,0,0
C5120ST,9,202,District-Kanshiram Nagar,Urban,40-49,0,0,0,0,0,0,0,0,0,0,0,0,0,0,0,0,0,0,0,0,0,0,0,0,0,0,0
C5120ST,9,202,District-Kanshiram Nagar,Urban,50-59,0,0,0,0,0,0,0,0,0,0,0,0,0,0,0,0,0,0,0,0,0,0,0,0,0,0,0
C5120ST,9,202,District-Kanshiram Nagar,Urban,60-69,0,0,0,0,0,0,0,0,0,0,0,0,0,0,0,0,0,0,0,0,0,0,0,0,0,0,0
C5120ST,9,202,District-Kanshiram Nagar,Urban,70-79,0,0,0,0,0,0,0,0,0,0,0,0,0,0,0,0,0,0,0,0,0,0,0,0,0,0,0
C5120ST,9,202,District-Kanshiram Nagar,Urban,80-89,0,0,0,0,0,0,0,0,0,0,0,0,0,0,0,0,0,0,0,0,0,0,0,0,0,0,0
C5120ST,9,202,District-Kanshiram Nagar,Urban,90+,0,0,0,0,0,0,0,0,0,0,0,0,0,0,0,0,0,0,0,0,0,0,0,0,0,0,0
C5120ST,9,202,District-Kanshiram Nagar,Urban,Age Not Stated,0,0,0,0,0,0,0,0,0,0,0,0,0,0,0,0,0,0,0,0,0,0,0,0,0,0,0
C5120ST,10,0,State-BIHAR,Total,Total,27383,15041,12342,6797,3607,3190,7318,3902,3416,1606,881,725,3829,2406,1423,1118,578,540,321,205,116,5090,2744,2346,1304,718,586
C5120ST,10,0,State-BIHAR,Total,0-4,2235,1141,1094,637,331,306,696,344,352,30,15,15,135,72,63,69,29,40,10,7,3,584,305,279,74,38,36
C5120ST,10,0,State-BIHAR,Total,5-9,3169,1684,1485,877,449,428,862,445,417,248,139,109,254,149,105,135,75,60,20,14,6,628,329,299,145,84,61
C5120ST,10,0,State-BIHAR,Total,10-19,5822,3221,2601,1384,765,619,1410,762,648,418,241,177,818,496,322,325,158,167,84,52,32,1086,567,519,297,180,117
C5120ST,10,0,State-BIHAR,Total,20-29,3945,2163,1782,890,458,432,1026,548,478,268,125,143,577,394,183,197,98,99,54,36,18,760,393,367,173,111,62
C5120ST,10,0,State-BIHAR,Total,30-39,3599,2004,1595,806,428,378,1020,541,479,247,139,108,476,309,167,168,85,83,53,35,18,705,401,304,124,66,58
C5120ST,10,0,State-BIHAR,Total,40-49,2935,1744,1191,711,414,297,829,462,367,172,99,73,432,297,135,124,74,50,41,29,12,514,305,209,112,64,48
C5120ST,10,0,State-BIHAR,Total,50-59,2031,1146,885,526,285,241,556,308,248,87,48,39,367,234,133,50,27,23,25,15,10,334,183,151,86,46,40
C5120ST,10,0,State-BIHAR,Total,60-69,2161,1180,981,577,297,280,540,279,261,85,51,34,466,289,177,37,25,12,23,13,10,294,159,135,139,67,72
C5120ST,10,0,State-BIHAR,Total,70-79,980,509,471,269,129,140,242,136,106,33,15,18,211,118,93,8,3,5,9,4,5,99,59,40,109,45,64
C5120ST,10,0,State-BIHAR,Total,80-89,289,138,151,77,27,50,77,48,29,10,5,5,70,31,39,3,3,0,1,0,1,26,14,12,25,10,15
C5120ST,10,0,State-BIHAR,Total,90+,92,43,49,19,8,11,23,10,13,2,1,1,16,12,4,0,0,0,0,0,0,17,8,9,15,4,11
C5120ST,10,0,State-BIHAR,Total,Age Not Stated,125,68,57,24,16,8,37,19,18,6,3,3,7,5,2,2,1,1,1,0,1,43,21,22,5,3,2
C5120ST,10,0,State-BIHAR,Rural,Total,25668,14136,11532,6427,3424,3003,6835,3642,3193,1409,774,635,3600,2280,1320,1062,540,522,298,187,111,4816,2614,2202,1221,675,546
C5120ST,10,0,State-BIHAR,Rural,0-4,2102,1087,1015,605,316,289,656,328,328,25,14,11,127,69,58,66,26,40,10,7,3,543,291,252,70,36,34
C5120ST,10,0,State-BIHAR,Rural,5-9,2999,1599,1400,836,431,405,812,416,396,218,123,95,240,144,96,129,72,57,20,14,6,609,322,287,135,77,58
C5120ST,10,0,State-BIHAR,Rural,10-19,5457,3013,2444,1297,722,575,1313,701,612,375,217,158,777,471,306,308,146,162,79,48,31,1030,539,491,278,169,109
C5120ST,10,0,State-BIHAR,Rural,20-29,3663,2019,1644,837,436,401,951,509,442,226,105,121,538,372,166,186,90,96,47,30,17,722,376,346,156,101,55
C5120ST,10,0,State-BIHAR,Rural,30-39,3386,1892,1494,767,409,358,947,504,443,224,122,102,446,292,154,160,81,79,49,32,17,674,388,286,119,64,55
C5120ST,10,0,State-BIHAR,Rural,40-49,2735,1627,1108,660,386,274,779,434,345,145,83,62,404,281,123,117,69,48,37,26,11,486,288,198,107,60,47
C5120ST,10,0,State-BIHAR,Rural,50-59,1905,1072,833,498,266,232,510,286,224,81,44,37,345,218,127,49,26,23,24,14,10,316,175,141,82,43,39
C5120ST,10,0,State-BIHAR,Rural,60-69,2032,1112,920,558,286,272,509,260,249,75,47,28,436,274,162,35,24,11,21,12,9,268,144,124,130,65,65
C5120ST,10,0,State-BIHAR,Rural,70-79,929,487,442,257,125,132,233,131,102,27,13,14,199,112,87,7,2,5,9,4,5,96,57,39,101,43,58
C5120ST,10,0,State-BIHAR,Rural,80-89,280,135,145,75,27,48,75,46,29,9,5,4,68,31,37,3,3,0,1,0,1,24,13,11,25,10,15
C5120ST,10,0,State-BIHAR,Rural,90+,87,42,45,17,7,10,21,10,11,2,1,1,16,12,4,0,0,0,0,0,0,17,8,9,14,4,10
C5120ST,10,0,State-BIHAR,Rural,Age Not Stated,93,51,42,20,13,7,29,17,12,2,0,2,4,4,0,2,1,1,1,0,1,31,13,18,4,3,1
C5120ST,10,0,State-BIHAR,Urban,Total,1715,905,810,370,183,187,483,260,223,197,107,90,229,126,103,56,38,18,23,18,5,274,130,144,83,43,40
C5120ST,10,0,State-BIHAR,Urban,0-4,133,54,79,32,15,17,40,16,24,5,1,4,8,3,5,3,3,0,0,0,0,41,14,27,4,2,2
C5120ST,10,0,State-BIHAR,Urban,5-9,170,85,85,41,18,23,50,29,21,30,16,14,14,5,9,6,3,3,0,0,0,19,7,12,10,7,3
C5120ST,10,0,State-BIHAR,Urban,10-19,365,208,157,87,43,44,97,61,36,43,24,19,41,25,16,17,12,5,5,4,1,56,28,28,19,11,8
C5120ST,10,0,State-BIHAR,Urban,20-29,282,144,138,53,22,31,75,39,36,42,20,22,39,22,17,11,8,3,7,6,1,38,17,21,17,10,7
C5120ST,10,0,State-BIHAR,Urban,30-39,213,112,101,39,19,20,73,37,36,23,17,6,30,17,13,8,4,4,4,3,1,31,13,18,5,2,3
C5120ST,10,0,State-BIHAR,Urban,40-49,200,117,83,51,28,23,50,28,22,27,16,11,28,16,12,7,5,2,4,3,1,28,17,11,5,4,1
C5120ST,10,0,State-BIHAR,Urban,50-59,126,74,52,28,19,9,46,22,24,6,4,2,22,16,6,1,1,0,1,1,0,18,8,10,4,3,1
C5120ST,10,0,State-BIHAR,Urban,60-69,129,68,61,19,11,8,31,19,12,10,4,6,30,15,15,2,1,1,2,1,1,26,15,11,9,2,7
C5120ST,10,0,State-BIHAR,Urban,70-79,51,22,29,12,4,8,9,5,4,6,2,4,12,6,6,1,1,0,0,0,0,3,2,1,8,2,6
C5120ST,10,0,State-BIHAR,Urban,80-89,9,3,6,2,0,2,2,2,0,1,0,1,2,0,2,0,0,0,0,0,0,2,1,1,0,0,0
C5120ST,10,0,State-BIHAR,Urban,90+,5,1,4,2,1,1,2,0,2,0,0,0,0,0,0,0,0,0,0,0,0,0,0,0,1,0,1
C5120ST,10,0,State-BIHAR,Urban,Age Not Stated,32,17,15,4,3,1,8,2,6,4,3,1,3,1,2,0,0,0,0,0,0,12,8,4,1,0,1
C5120ST,10,203,District-Pashchim Champaran,Total,Total,4585,2558,2027,1435,784,651,1151,629,522,206,126,80,662,423,239,176,100,76,55,36,19,646,333,313,254,127,127
C5120ST,10,203,District-Pashchim Champaran,Total,0-4,351,199,152,126,74,52,112,67,45,2,2,0,20,14,6,9,5,4,2,1,1,69,32,37,11,4,7
C5120ST,10,203,District-Pashchim Champaran,Total,5-9,570,301,269,195,92,103,130,73,57,44,24,20,53,28,25,26,16,10,6,5,1,87,47,40,29,16,13
C5120ST,10,203,District-Pashchim Champaran,Total,10-19,1075,584,491,307,167,140,236,123,113,65,44,21,154,82,72,70,43,27,16,11,5,159,78,81,68,36,32
C5120ST,10,203,District-Pashchim Champaran,Total,20-29,592,332,260,163,79,84,173,94,79,22,14,8,107,80,27,22,11,11,8,5,3,82,40,42,15,9,6
C5120ST,10,203,District-Pashchim Champaran,Total,30-39,592,343,249,190,110,80,148,83,65,27,16,11,79,52,27,19,7,12,8,6,2,98,59,39,23,10,13
C5120ST,10,203,District-Pashchim Champaran,Total,40-49,506,302,204,168,100,68,129,72,57,24,13,11,82,63,19,16,9,7,5,3,2,63,29,34,19,13,6
C5120ST,10,203,District-Pashchim Champaran,Total,50-59,353,199,154,117,64,53,83,42,41,12,9,3,69,45,24,8,4,4,3,2,1,39,22,17,22,11,11
C5120ST,10,203,District-Pashchim Champaran,Total,60-69,328,194,134,105,62,43,89,49,40,6,3,3,61,43,18,6,5,1,4,3,1,27,15,12,30,14,16
C5120ST,10,203,District-Pashchim Champaran,Total,70-79,161,85,76,47,31,16,36,19,17,3,1,2,29,13,16,0,0,0,1,0,1,14,8,6,31,13,18
C5120ST,10,203,District-Pashchim Champaran,Total,80-89,42,13,29,14,5,9,9,4,5,1,0,1,7,2,5,0,0,0,1,0,1,4,1,3,6,1,5
C5120ST,10,203,District-Pashchim Champaran,Total,90+,11,5,6,2,0,2,5,2,3,0,0,0,1,1,0,0,0,0,0,0,0,3,2,1,0,0,0
C5120ST,10,203,District-Pashchim Champaran,Total,Age Not Stated,4,1,3,1,0,1,1,1,0,0,0,0,0,0,0,0,0,0,1,0,1,1,0,1,0,0,0
C5120ST,10,203,District-Pashchim Champaran,Rural,Total,4502,2509,1993,1430,782,648,1133,618,515,185,114,71,645,412,233,173,97,76,55,36,19,632,327,305,249,123,126
C5120ST,10,203,District-Pashchim Champaran,Rural,0-4,343,198,145,126,74,52,110,67,43,2,2,0,19,14,5,9,5,4,2,1,1,64,31,33,11,4,7
C5120ST,10,203,District-Pashchim Champaran,Rural,5-9,554,292,262,194,92,102,129,72,57,36,19,17,51,28,23,26,16,10,6,5,1,86,46,40,26,14,12
C5120ST,10,203,District-Pashchim Champaran,Rural,10-19,1058,573,485,307,167,140,232,122,110,62,42,20,151,80,71,67,40,27,16,11,5,156,76,80,67,35,32
C5120ST,10,203,District-Pashchim Champaran,Rural,20-29,584,326,258,163,79,84,170,92,78,18,11,7,106,79,27,22,11,11,8,5,3,82,40,42,15,9,6
C5120ST,10,203,District-Pashchim Champaran,Rural,30-39,583,338,245,187,109,78,145,81,64,26,16,10,78,51,27,19,7,12,8,6,2,97,58,39,23,10,13
C5120ST,10,203,District-Pashchim Champaran,Rural,40-49,495,295,200,168,100,68,127,70,57,21,11,10,78,60,18,16,9,7,5,3,2,61,29,32,19,13,6
C5120ST,10,203,District-Pashchim Champaran,Rural,50-59,345,192,153,116,63,53,81,40,41,12,9,3,65,41,24,8,4,4,3,2,1,38,22,16,22,11,11
C5120ST,10,203,District-Pashchim Champaran,Rural,60-69,326,192,134,105,62,43,88,48,40,6,3,3,61,43,18,6,5,1,4,3,1,26,14,12,30,14,16
C5120ST,10,203,District-Pashchim Champaran,Rural,70-79,158,84,74,47,31,16,36,19,17,1,1,0,29,13,16,0,0,0,1,0,1,14,8,6,30,12,18
C5120ST,10,203,District-Pashchim Champaran,Rural,80-89,41,13,28,14,5,9,9,4,5,1,0,1,6,2,4,0,0,0,1,0,1,4,1,3,6,1,5
C5120ST,10,203,District-Pashchim Champaran,Rural,90+,11,5,6,2,0,2,5,2,3,0,0,0,1,1,0,0,0,0,0,0,0,3,2,1,0,0,0
C5120ST,10,203,District-Pashchim Champaran,Rural,Age Not Stated,4,1,3,1,0,1,1,1,0,0,0,0,0,0,0,0,0,0,1,0,1,1,0,1,0,0,0
C5120ST,10,203,District-Pashchim Champaran,Urban,Total,83,49,34,5,2,3,18,11,7,21,12,9,17,11,6,3,3,0,0,0,0,14,6,8,5,4,1
C5120ST,10,203,District-Pashchim Champaran,Urban,0-4,8,1,7,0,0,0,2,0,2,0,0,0,1,0,1,0,0,0,0,0,0,5,1,4,0,0,0
C5120ST,10,203,District-Pashchim Champaran,Urban,5-9,16,9,7,1,0,1,1,1,0,8,5,3,2,0,2,0,0,0,0,0,0,1,1,0,3,2,1
C5120ST,10,203,District-Pashchim Champaran,Urban,10-19,17,11,6,0,0,0,4,1,3,3,2,1,3,2,1,3,3,0,0,0,0,3,2,1,1,1,0
C5120ST,10,203,District-Pashchim Champaran,Urban,20-29,8,6,2,0,0,0,3,2,1,4,3,1,1,1,0,0,0,0,0,0,0,0,0,0,0,0,0
C5120ST,10,203,District-Pashchim Champaran,Urban,30-39,9,5,4,3,1,2,3,2,1,1,0,1,1,1,0,0,0,0,0,0,0,1,1,0,0,0,0
C5120ST,10,203,District-Pashchim Champaran,Urban,40-49,11,7,4,0,0,0,2,2,0,3,2,1,4,3,1,0,0,0,0,0,0,2,0,2,0,0,0
C5120ST,10,203,District-Pashchim Champaran,Urban,50-59,8,7,1,1,1,0,2,2,0,0,0,0,4,4,0,0,0,0,0,0,0,1,0,1,0,0,0
C5120ST,10,203,District-Pashchim Champaran,Urban,60-69,2,2,0,0,0,0,1,1,0,0,0,0,0,0,0,0,0,0,0,0,0,1,1,0,0,0,0
C5120ST,10,203,District-Pashchim Champaran,Urban,70-79,3,1,2,0,0,0,0,0,0,2,0,2,0,0,0,0,0,0,0,0,0,0,0,0,1,1,0
C5120ST,10,203,District-Pashchim Champaran,Urban,80-89,1,0,1,0,0,0,0,0,0,0,0,0,1,0,1,0,0,0,0,0,0,0,0,0,0,0,0
C5120ST,10,203,District-Pashchim Champaran,Urban,90+,0,0,0,0,0,0,0,0,0,0,0,0,0,0,0,0,0,0,0,0,0,0,0,0,0,0,0
C5120ST,10,203,District-Pashchim Champaran,Urban,Age Not Stated,0,0,0,0,0,0,0,0,0,0,0,0,0,0,0,0,0,0,0,0,0,0,0,0,0,0,0
C5120ST,10,204,District-Purba Champaran,Total,Total,248,145,103,63,35,28,52,27,25,27,17,10,32,23,9,8,6,2,11,4,7,40,20,20,15,13,2
C5120ST,10,204,District-Purba Champaran,Total,0-4,24,12,12,9,4,5,4,3,1,0,0,0,0,0,0,0,0,0,0,0,0,8,2,6,3,3,0
C5120ST,10,204,District-Purba Champaran,Total,5-9,29,16,13,10,5,5,6,1,5,3,3,0,1,0,1,3,2,1,0,0,0,4,3,1,2,2,0
C5120ST,10,204,District-Purba Champaran,Total,10-19,44,33,11,16,11,5,7,7,0,8,6,2,4,3,1,1,1,0,2,1,1,6,4,2,0,0,0
C5120ST,10,204,District-Purba Champaran,Total,20-29,38,22,16,5,3,2,8,6,2,7,3,4,4,3,1,4,3,1,1,1,0,6,1,5,3,2,1
C5120ST,10,204,District-Purba Champaran,Total,30-39,30,16,14,8,5,3,7,2,5,3,1,2,5,4,1,0,0,0,3,1,2,3,2,1,1,1,0
C5120ST,10,204,District-Purba Champaran,Total,40-49,30,15,15,6,2,4,9,4,5,2,0,2,6,4,2,0,0,0,1,1,0,4,2,2,2,2,0
C5120ST,10,204,District-Purba Champaran,Total,50-59,17,7,10,4,3,1,4,0,4,1,1,0,2,1,1,0,0,0,2,0,2,3,1,2,1,1,0
C5120ST,10,204,District-Purba Champaran,Total,60-69,22,14,8,1,0,1,6,3,3,3,3,0,6,5,1,0,0,0,2,0,2,3,2,1,1,1,0
C5120ST,10,204,District-Purba Champaran,Total,70-79,10,8,2,3,2,1,0,0,0,0,0,0,2,2,0,0,0,0,0,0,0,3,3,0,2,1,1
C5120ST,10,204,District-Purba Champaran,Total,80-89,3,1,2,1,0,1,0,0,0,0,0,0,2,1,1,0,0,0,0,0,0,0,0,0,0,0,0
C5120ST,10,204,District-Purba Champaran,Total,90+,1,1,0,0,0,0,1,1,0,0,0,0,0,0,0,0,0,0,0,0,0,0,0,0,0,0,0
C5120ST,10,204,District-Purba Champaran,Total,Age Not Stated,0,0,0,0,0,0,0,0,0,0,0,0,0,0,0,0,0,0,0,0,0,0,0,0,0,0,0
C5120ST,10,204,District-Purba Champaran,Rural,Total,233,137,96,57,33,24,46,23,23,27,17,10,30,22,8,8,6,2,10,3,7,40,20,20,15,13,2
C5120ST,10,204,District-Purba Champaran,Rural,0-4,23,11,12,8,3,5,4,3,1,0,0,0,0,0,0,0,0,0,0,0,0,8,2,6,3,3,0
C5120ST,10,204,District-Purba Champaran,Rural,5-9,29,16,13,10,5,5,6,1,5,3,3,0,1,0,1,3,2,1,0,0,0,4,3,1,2,2,0
C5120ST,10,204,District-Purba Champaran,Rural,10-19,42,32,10,15,11,4,6,6,0,8,6,2,4,3,1,1,1,0,2,1,1,6,4,2,0,0,0
C5120ST,10,204,District-Purba Champaran,Rural,20-29,37,21,16,5,3,2,8,6,2,7,3,4,4,3,1,4,3,1,0,0,0,6,1,5,3,2,1
C5120ST,10,204,District-Purba Champaran,Rural,30-39,28,16,12,7,5,2,6,2,4,3,1,2,5,4,1,0,0,0,3,1,2,3,2,1,1,1,0
C5120ST,10,204,District-Purba Champaran,Rural,40-49,28,14,14,5,2,3,8,3,5,2,0,2,6,4,2,0,0,0,1,1,0,4,2,2,2,2,0
C5120ST,10,204,District-Purba Champaran,Rural,50-59,15,6,9,3,2,1,4,0,4,1,1,0,1,1,0,0,0,0,2,0,2,3,1,2,1,1,0
C5120ST,10,204,District-Purba Champaran,Rural,60-69,18,11,7,1,0,1,3,1,2,3,3,0,5,4,1,0,0,0,2,0,2,3,2,1,1,1,0
C5120ST,10,204,District-Purba Champaran,Rural,70-79,9,8,1,2,2,0,0,0,0,0,0,0,2,2,0,0,0,0,0,0,0,3,3,0,2,1,1
C5120ST,10,204,District-Purba Champaran,Rural,80-89,3,1,2,1,0,1,0,0,0,0,0,0,2,1,1,0,0,0,0,0,0,0,0,0,0,0,0
C5120ST,10,204,District-Purba Champaran,Rural,90+,1,1,0,0,0,0,1,1,0,0,0,0,0,0,0,0,0,0,0,0,0,0,0,0,0,0,0
C5120ST,10,204,District-Purba Champaran,Rural,Age Not Stated,0,0,0,0,0,0,0,0,0,0,0,0,0,0,0,0,0,0,0,0,0,0,0,0,0,0,0
C5120ST,10,204,District-Purba Champaran,Urban,Total,15,8,7,6,2,4,6,4,2,0,0,0,2,1,1,0,0,0,1,1,0,0,0,0,0,0,0
C5120ST,10,204,District-Purba Champaran,Urban,0-4,1,1,0,1,1,0,0,0,0,0,0,0,0,0,0,0,0,0,0,0,0,0,0,0,0,0,0
C5120ST,10,204,District-Purba Champaran,Urban,5-9,0,0,0,0,0,0,0,0,0,0,0,0,0,0,0,0,0,0,0,0,0,0,0,0,0,0,0
C5120ST,10,204,District-Purba Champaran,Urban,10-19,2,1,1,1,0,1,1,1,0,0,0,0,0,0,0,0,0,0,0,0,0,0,0,0,0,0,0
C5120ST,10,204,District-Purba Champaran,Urban,20-29,1,1,0,0,0,0,0,0,0,0,0,0,0,0,0,0,0,0,1,1,0,0,0,0,0,0,0
C5120ST,10,204,District-Purba Champaran,Urban,30-39,2,0,2,1,0,1,1,0,1,0,0,0,0,0,0,0,0,0,0,0,0,0,0,0,0,0,0
C5120ST,10,204,District-Purba Champaran,Urban,40-49,2,1,1,1,0,1,1,1,0,0,0,0,0,0,0,0,0,0,0,0,0,0,0,0,0,0,0
C5120ST,10,204,District-Purba Champaran,Urban,50-59,2,1,1,1,1,0,0,0,0,0,0,0,1,0,1,0,0,0,0,0,0,0,0,0,0,0,0
C5120ST,10,204,District-Purba Champaran,Urban,60-69,4,3,1,0,0,0,3,2,1,0,0,0,1,1,0,0,0,0,0,0,0,0,0,0,0,0,0
C5120ST,10,204,District-Purba Champaran,Urban,70-79,1,0,1,1,0,1,0,0,0,0,0,0,0,0,0,0,0,0,0,0,0,0,0,0,0,0,0
C5120ST,10,204,District-Purba Champaran,Urban,80-89,0,0,0,0,0,0,0,0,0,0,0,0,0,0,0,0,0,0,0,0,0,0,0,0,0,0,0
C5120ST,10,204,District-Purba Champaran,Urban,90+,0,0,0,0,0,0,0,0,0,0,0,0,0,0,0,0,0,0,0,0,0,0,0,0,0,0,0
C5120ST,10,204,District-Purba Champaran,Urban,Age Not Stated,0,0,0,0,0,0,0,0,0,0,0,0,0,0,0,0,0,0,0,0,0,0,0,0,0,0,0
C5120ST,10,205,District-Sheohar,Total,Total,17,7,10,5,2,3,2,1,1,6,1,5,1,1,0,0,0,0,0,0,0,2,1,1,1,1,0
C5120ST,10,205,District-Sheohar,Total,0-4,0,0,0,0,0,0,0,0,0,0,0,0,0,0,0,0,0,0,0,0,0,0,0,0,0,0,0
C5120ST,10,205,District-Sheohar,Total,5-9,3,0,3,2,0,2,0,0,0,1,0,1,0,0,0,0,0,0,0,0,0,0,0,0,0,0,0
C5120ST,10,205,District-Sheohar,Total,10-19,6,3,3,2,2,0,0,0,0,3,0,3,0,0,0,0,0,0,0,0,0,0,0,0,1,1,0
C5120ST,10,205,District-Sheohar,Total,20-29,3,1,2,1,0,1,1,0,1,0,0,0,1,1,0,0,0,0,0,0,0,0,0,0,0,0,0
C5120ST,10,205,District-Sheohar,Total,30-39,1,1,0,0,0,0,1,1,0,0,0,0,0,0,0,0,0,0,0,0,0,0,0,0,0,0,0
C5120ST,10,205,District-Sheohar,Total,40-49,3,1,2,0,0,0,0,0,0,2,1,1,0,0,0,0,0,0,0,0,0,1,0,1,0,0,0
C5120ST,10,205,District-Sheohar,Total,50-59,1,1,0,0,0,0,0,0,0,0,0,0,0,0,0,0,0,0,0,0,0,1,1,0,0,0,0
C5120ST,10,205,District-Sheohar,Total,60-69,0,0,0,0,0,0,0,0,0,0,0,0,0,0,0,0,0,0,0,0,0,0,0,0,0,0,0
C5120ST,10,205,District-Sheohar,Total,70-79,0,0,0,0,0,0,0,0,0,0,0,0,0,0,0,0,0,0,0,0,0,0,0,0,0,0,0
C5120ST,10,205,District-Sheohar,Total,80-89,0,0,0,0,0,0,0,0,0,0,0,0,0,0,0,0,0,0,0,0,0,0,0,0,0,0,0
C5120ST,10,205,District-Sheohar,Total,90+,0,0,0,0,0,0,0,0,0,0,0,0,0,0,0,0,0,0,0,0,0,0,0,0,0,0,0
C5120ST,10,205,District-Sheohar,Total,Age Not Stated,0,0,0,0,0,0,0,0,0,0,0,0,0,0,0,0,0,0,0,0,0,0,0,0,0,0,0
C5120ST,10,205,District-Sheohar,Rural,Total,16,6,10,4,1,3,2,1,1,6,1,5,1,1,0,0,0,0,0,0,0,2,1,1,1,1,0
C5120ST,10,205,District-Sheohar,Rural,0-4,0,0,0,0,0,0,0,0,0,0,0,0,0,0,0,0,0,0,0,0,0,0,0,0,0,0,0
C5120ST,10,205,District-Sheohar,Rural,5-9,3,0,3,2,0,2,0,0,0,1,0,1,0,0,0,0,0,0,0,0,0,0,0,0,0,0,0
C5120ST,10,205,District-Sheohar,Rural,10-19,5,2,3,1,1,0,0,0,0,3,0,3,0,0,0,0,0,0,0,0,0,0,0,0,1,1,0
C5120ST,10,205,District-Sheohar,Rural,20-29,3,1,2,1,0,1,1,0,1,0,0,0,1,1,0,0,0,0,0,0,0,0,0,0,0,0,0
C5120ST,10,205,District-Sheohar,Rural,30-39,1,1,0,0,0,0,1,1,0,0,0,0,0,0,0,0,0,0,0,0,0,0,0,0,0,0,0
C5120ST,10,205,District-Sheohar,Rural,40-49,3,1,2,0,0,0,0,0,0,2,1,1,0,0,0,0,0,0,0,0,0,1,0,1,0,0,0
C5120ST,10,205,District-Sheohar,Rural,50-59,1,1,0,0,0,0,0,0,0,0,0,0,0,0,0,0,0,0,0,0,0,1,1,0,0,0,0
C5120ST,10,205,District-Sheohar,Rural,60-69,0,0,0,0,0,0,0,0,0,0,0,0,0,0,0,0,0,0,0,0,0,0,0,0,0,0,0
C5120ST,10,205,District-Sheohar,Rural,70-79,0,0,0,0,0,0,0,0,0,0,0,0,0,0,0,0,0,0,0,0,0,0,0,0,0,0,0
C5120ST,10,205,District-Sheohar,Rural,80-89,0,0,0,0,0,0,0,0,0,0,0,0,0,0,0,0,0,0,0,0,0,0,0,0,0,0,0
C5120ST,10,205,District-Sheohar,Rural,90+,0,0,0,0,0,0,0,0,0,0,0,0,0,0,0,0,0,0,0,0,0,0,0,0,0,0,0
C5120ST,10,205,District-Sheohar,Rural,Age Not Stated,0,0,0,0,0,0,0,0,0,0,0,0,0,0,0,0,0,0,0,0,0,0,0,0,0,0,0
C5120ST,10,205,District-Sheohar,Urban,Total,1,1,0,1,1,0,0,0,0,0,0,0,0,0,0,0,0,0,0,0,0,0,0,0,0,0,0
C5120ST,10,205,District-Sheohar,Urban,0-4,0,0,0,0,0,0,0,0,0,0,0,0,0,0,0,0,0,0,0,0,0,0,0,0,0,0,0
C5120ST,10,205,District-Sheohar,Urban,5-9,0,0,0,0,0,0,0,0,0,0,0,0,0,0,0,0,0,0,0,0,0,0,0,0,0,0,0
C5120ST,10,205,District-Sheohar,Urban,10-19,1,1,0,1,1,0,0,0,0,0,0,0,0,0,0,0,0,0,0,0,0,0,0,0,0,0,0
C5120ST,10,205,District-Sheohar,Urban,20-29,0,0,0,0,0,0,0,0,0,0,0,0,0,0,0,0,0,0,0,0,0,0,0,0,0,0,0
C5120ST,10,205,District-Sheohar,Urban,30-39,0,0,0,0,0,0,0,0,0,0,0,0,0,0,0,0,0,0,0,0,0,0,0,0,0,0,0
C5120ST,10,205,District-Sheohar,Urban,40-49,0,0,0,0,0,0,0,0,0,0,0,0,0,0,0,0,0,0,0,0,0,0,0,0,0,0,0
C5120ST,10,205,District-Sheohar,Urban,50-59,0,0,0,0,0,0,0,0,0,0,0,0,0,0,0,0,0,0,0,0,0,0,0,0,0,0,0
C5120ST,10,205,District-Sheohar,Urban,60-69,0,0,0,0,0,0,0,0,0,0,0,0,0,0,0,0,0,0,0,0,0,0,0,0,0,0,0
C5120ST,10,205,District-Sheohar,Urban,70-79,0,0,0,0,0,0,0,0,0,0,0,0,0,0,0,0,0,0,0,0,0,0,0,0,0,0,0
C5120ST,10,205,District-Sheohar,Urban,80-89,0,0,0,0,0,0,0,0,0,0,0,0,0,0,0,0,0,0,0,0,0,0,0,0,0,0,0
C5120ST,10,205,District-Sheohar,Urban,90+,0,0,0,0,0,0,0,0,0,0,0,0,0,0,0,0,0,0,0,0,0,0,0,0,0,0,0
C5120ST,10,205,District-Sheohar,Urban,Age Not Stated,0,0,0,0,0,0,0,0,0,0,0,0,0,0,0,0,0,0,0,0,0,0,0,0,0,0,0
C5120ST,10,206,District-Sitamarhi,Total,Total,96,56,40,30,18,12,15,8,7,4,3,1,23,15,8,1,0,1,0,0,0,21,10,11,2,2,0
C5120ST,10,206,District-Sitamarhi,Total,0-4,7,2,5,4,2,2,0,0,0,0,0,0,1,0,1,0,0,0,0,0,0,2,0,2,0,0,0
C5120ST,10,206,District-Sitamarhi,Total,5-9,13,9,4,4,4,0,3,1,2,2,1,1,1,1,0,0,0,0,0,0,0,3,2,1,0,0,0
C5120ST,10,206,District-Sitamarhi,Total,10-19,11,6,5,4,3,1,0,0,0,0,0,0,3,1,2,1,0,1,0,0,0,3,2,1,0,0,0
C5120ST,10,206,District-Sitamarhi,Total,20-29,19,10,9,5,2,3,3,1,2,0,0,0,4,3,1,0,0,0,0,0,0,7,4,3,0,0,0
C5120ST,10,206,District-Sitamarhi,Total,30-39,19,10,9,6,3,3,3,1,2,1,1,0,8,4,4,0,0,0,0,0,0,1,1,0,0,0,0
C5120ST,10,206,District-Sitamarhi,Total,40-49,3,2,1,0,0,0,0,0,0,0,0,0,1,1,0,0,0,0,0,0,0,2,1,1,0,0,0
C5120ST,10,206,District-Sitamarhi,Total,50-59,6,4,2,2,0,2,2,2,0,0,0,0,1,1,0,0,0,0,0,0,0,0,0,0,1,1,0
C5120ST,10,206,District-Sitamarhi,Total,60-69,15,12,3,5,4,1,3,2,1,1,1,0,4,4,0,0,0,0,0,0,0,1,0,1,1,1,0
C5120ST,10,206,District-Sitamarhi,Total,70-79,1,1,0,0,0,0,1,1,0,0,0,0,0,0,0,0,0,0,0,0,0,0,0,0,0,0,0
C5120ST,10,206,District-Sitamarhi,Total,80-89,0,0,0,0,0,0,0,0,0,0,0,0,0,0,0,0,0,0,0,0,0,0,0,0,0,0,0
C5120ST,10,206,District-Sitamarhi,Total,90+,1,0,1,0,0,0,0,0,0,0,0,0,0,0,0,0,0,0,0,0,0,1,0,1,0,0,0
C5120ST,10,206,District-Sitamarhi,Total,Age Not Stated,1,0,1,0,0,0,0,0,0,0,0,0,0,0,0,0,0,0,0,0,0,1,0,1,0,0,0
C5120ST,10,206,District-Sitamarhi,Rural,Total,94,54,40,29,17,12,14,7,7,4,3,1,23,15,8,1,0,1,0,0,0,21,10,11,2,2,0
C5120ST,10,206,District-Sitamarhi,Rural,0-4,7,2,5,4,2,2,0,0,0,0,0,0,1,0,1,0,0,0,0,0,0,2,0,2,0,0,0
C5120ST,10,206,District-Sitamarhi,Rural,5-9,13,9,4,4,4,0,3,1,2,2,1,1,1,1,0,0,0,0,0,0,0,3,2,1,0,0,0
C5120ST,10,206,District-Sitamarhi,Rural,10-19,10,5,5,3,2,1,0,0,0,0,0,0,3,1,2,1,0,1,0,0,0,3,2,1,0,0,0
C5120ST,10,206,District-Sitamarhi,Rural,20-29,19,10,9,5,2,3,3,1,2,0,0,0,4,3,1,0,0,0,0,0,0,7,4,3,0,0,0
C5120ST,10,206,District-Sitamarhi,Rural,30-39,18,9,9,6,3,3,2,0,2,1,1,0,8,4,4,0,0,0,0,0,0,1,1,0,0,0,0
C5120ST,10,206,District-Sitamarhi,Rural,40-49,3,2,1,0,0,0,0,0,0,0,0,0,1,1,0,0,0,0,0,0,0,2,1,1,0,0,0
C5120ST,10,206,District-Sitamarhi,Rural,50-59,6,4,2,2,0,2,2,2,0,0,0,0,1,1,0,0,0,0,0,0,0,0,0,0,1,1,0
C5120ST,10,206,District-Sitamarhi,Rural,60-69,15,12,3,5,4,1,3,2,1,1,1,0,4,4,0,0,0,0,0,0,0,1,0,1,1,1,0
C5120ST,10,206,District-Sitamarhi,Rural,70-79,1,1,0,0,0,0,1,1,0,0,0,0,0,0,0,0,0,0,0,0,0,0,0,0,0,0,0
C5120ST,10,206,District-Sitamarhi,Rural,80-89,0,0,0,0,0,0,0,0,0,0,0,0,0,0,0,0,0,0,0,0,0,0,0,0,0,0,0
C5120ST,10,206,District-Sitamarhi,Rural,90+,1,0,1,0,0,0,0,0,0,0,0,0,0,0,0,0,0,0,0,0,0,1,0,1,0,0,0
C5120ST,10,206,District-Sitamarhi,Rural,Age Not Stated,1,0,1,0,0,0,0,0,0,0,0,0,0,0,0,0,0,0,0,0,0,1,0,1,0,0,0
C5120ST,10,206,District-Sitamarhi,Urban,Total,2,2,0,1,1,0,1,1,0,0,0,0,0,0,0,0,0,0,0,0,0,0,0,0,0,0,0
C5120ST,10,206,District-Sitamarhi,Urban,0-4,0,0,0,0,0,0,0,0,0,0,0,0,0,0,0,0,0,0,0,0,0,0,0,0,0,0,0
C5120ST,10,206,District-Sitamarhi,Urban,5-9,0,0,0,0,0,0,0,0,0,0,0,0,0,0,0,0,0,0,0,0,0,0,0,0,0,0,0
C5120ST,10,206,District-Sitamarhi,Urban,10-19,1,1,0,1,1,0,0,0,0,0,0,0,0,0,0,0,0,0,0,0,0,0,0,0,0,0,0
C5120ST,10,206,District-Sitamarhi,Urban,20-29,0,0,0,0,0,0,0,0,0,0,0,0,0,0,0,0,0,0,0,0,0,0,0,0,0,0,0
C5120ST,10,206,District-Sitamarhi,Urban,30-39,1,1,0,0,0,0,1,1,0,0,0,0,0,0,0,0,0,0,0,0,0,0,0,0,0,0,0
C5120ST,10,206,District-Sitamarhi,Urban,40-49,0,0,0,0,0,0,0,0,0,0,0,0,0,0,0,0,0,0,0,0,0,0,0,0,0,0,0
C5120ST,10,206,District-Sitamarhi,Urban,50-59,0,0,0,0,0,0,0,0,0,0,0,0,0,0,0,0,0,0,0,0,0,0,0,0,0,0,0
C5120ST,10,206,District-Sitamarhi,Urban,60-69,0,0,0,0,0,0,0,0,0,0,0,0,0,0,0,0,0,0,0,0,0,0,0,0,0,0,0
C5120ST,10,206,District-Sitamarhi,Urban,70-79,0,0,0,0,0,0,0,0,0,0,0,0,0,0,0,0,0,0,0,0,0,0,0,0,0,0,0
C5120ST,10,206,District-Sitamarhi,Urban,80-89,0,0,0,0,0,0,0,0,0,0,0,0,0,0,0,0,0,0,0,0,0,0,0,0,0,0,0
C5120ST,10,206,District-Sitamarhi,Urban,90+,0,0,0,0,0,0,0,0,0,0,0,0,0,0,0,0,0,0,0,0,0,0,0,0,0,0,0
C5120ST,10,206,District-Sitamarhi,Urban,Age Not Stated,0,0,0,0,0,0,0,0,0,0,0,0,0,0,0,0,0,0,0,0,0,0,0,0,0,0,0
C5120ST,10,207,District-Madhubani,Total,Total,86,48,38,26,19,7,12,4,8,12,7,5,14,6,8,1,0,1,1,1,0,18,9,9,2,2,0
C5120ST,10,207,District-Madhubani,Total,0-4,5,3,2,0,0,0,1,0,1,0,0,0,0,0,0,0,0,0,0,0,0,4,3,1,0,0,0
C5120ST,10,207,District-Madhubani,Total,5-9,6,3,3,0,0,0,2,0,2,3,3,0,0,0,0,0,0,0,0,0,0,1,0,1,0,0,0
C5120ST,10,207,District-Madhubani,Total,10-19,10,3,7,1,0,1,2,0,2,2,0,2,2,1,1,0,0,0,1,1,0,2,1,1,0,0,0
C5120ST,10,207,District-Madhubani,Total,20-29,13,8,5,2,2,0,5,3,2,2,1,1,0,0,0,1,0,1,0,0,0,2,1,1,1,1,0
C5120ST,10,207,District-Madhubani,Total,30-39,12,6,6,2,2,0,0,0,0,2,1,1,5,1,4,0,0,0,0,0,0,3,2,1,0,0,0
C5120ST,10,207,District-Madhubani,Total,40-49,10,7,3,4,3,1,1,1,0,1,0,1,3,2,1,0,0,0,0,0,0,1,1,0,0,0,0
C5120ST,10,207,District-Madhubani,Total,50-59,6,2,4,2,1,1,0,0,0,1,1,0,1,0,1,0,0,0,0,0,0,2,0,2,0,0,0
C5120ST,10,207,District-Madhubani,Total,60-69,18,14,4,13,11,2,0,0,0,1,1,0,2,1,1,0,0,0,0,0,0,2,1,1,0,0,0
C5120ST,10,207,District-Madhubani,Total,70-79,5,2,3,2,0,2,1,0,1,0,0,0,1,1,0,0,0,0,0,0,0,0,0,0,1,1,0
C5120ST,10,207,District-Madhubani,Total,80-89,0,0,0,0,0,0,0,0,0,0,0,0,0,0,0,0,0,0,0,0,0,0,0,0,0,0,0
C5120ST,10,207,District-Madhubani,Total,90+,1,0,1,0,0,0,0,0,0,0,0,0,0,0,0,0,0,0,0,0,0,1,0,1,0,0,0
C5120ST,10,207,District-Madhubani,Total,Age Not Stated,0,0,0,0,0,0,0,0,0,0,0,0,0,0,0,0,0,0,0,0,0,0,0,0,0,0,0
C5120ST,10,207,District-Madhubani,Rural,Total,85,47,38,25,18,7,12,4,8,12,7,5,14,6,8,1,0,1,1,1,0,18,9,9,2,2,0
C5120ST,10,207,District-Madhubani,Rural,0-4,5,3,2,0,0,0,1,0,1,0,0,0,0,0,0,0,0,0,0,0,0,4,3,1,0,0,0
C5120ST,10,207,District-Madhubani,Rural,5-9,6,3,3,0,0,0,2,0,2,3,3,0,0,0,0,0,0,0,0,0,0,1,0,1,0,0,0
C5120ST,10,207,District-Madhubani,Rural,10-19,10,3,7,1,0,1,2,0,2,2,0,2,2,1,1,0,0,0,1,1,0,2,1,1,0,0,0
C5120ST,10,207,District-Madhubani,Rural,20-29,13,8,5,2,2,0,5,3,2,2,1,1,0,0,0,1,0,1,0,0,0,2,1,1,1,1,0
C5120ST,10,207,District-Madhubani,Rural,30-39,12,6,6,2,2,0,0,0,0,2,1,1,5,1,4,0,0,0,0,0,0,3,2,1,0,0,0
C5120ST,10,207,District-Madhubani,Rural,40-49,9,6,3,3,2,1,1,1,0,1,0,1,3,2,1,0,0,0,0,0,0,1,1,0,0,0,0
C5120ST,10,207,District-Madhubani,Rural,50-59,6,2,4,2,1,1,0,0,0,1,1,0,1,0,1,0,0,0,0,0,0,2,0,2,0,0,0
C5120ST,10,207,District-Madhubani,Rural,60-69,18,14,4,13,11,2,0,0,0,1,1,0,2,1,1,0,0,0,0,0,0,2,1,1,0,0,0
C5120ST,10,207,District-Madhubani,Rural,70-79,5,2,3,2,0,2,1,0,1,0,0,0,1,1,0,0,0,0,0,0,0,0,0,0,1,1,0
C5120ST,10,207,District-Madhubani,Rural,80-89,0,0,0,0,0,0,0,0,0,0,0,0,0,0,0,0,0,0,0,0,0,0,0,0,0,0,0
C5120ST,10,207,District-Madhubani,Rural,90+,1,0,1,0,0,0,0,0,0,0,0,0,0,0,0,0,0,0,0,0,0,1,0,1,0,0,0
C5120ST,10,207,District-Madhubani,Rural,Age Not Stated,0,0,0,0,0,0,0,0,0,0,0,0,0,0,0,0,0,0,0,0,0,0,0,0,0,0,0
C5120ST,10,207,District-Madhubani,Urban,Total,1,1,0,1,1,0,0,0,0,0,0,0,0,0,0,0,0,0,0,0,0,0,0,0,0,0,0
C5120ST,10,207,District-Madhubani,Urban,0-4,0,0,0,0,0,0,0,0,0,0,0,0,0,0,0,0,0,0,0,0,0,0,0,0,0,0,0
C5120ST,10,207,District-Madhubani,Urban,5-9,0,0,0,0,0,0,0,0,0,0,0,0,0,0,0,0,0,0,0,0,0,0,0,0,0,0,0
C5120ST,10,207,District-Madhubani,Urban,10-19,0,0,0,0,0,0,0,0,0,0,0,0,0,0,0,0,0,0,0,0,0,0,0,0,0,0,0
C5120ST,10,207,District-Madhubani,Urban,20-29,0,0,0,0,0,0,0,0,0,0,0,0,0,0,0,0,0,0,0,0,0,0,0,0,0,0,0
C5120ST,10,207,District-Madhubani,Urban,30-39,0,0,0,0,0,0,0,0,0,0,0,0,0,0,0,0,0,0,0,0,0,0,0,0,0,0,0
C5120ST,10,207,District-Madhubani,Urban,40-49,1,1,0,1,1,0,0,0,0,0,0,0,0,0,0,0,0,0,0,0,0,0,0,0,0,0,0
C5120ST,10,207,District-Madhubani,Urban,50-59,0,0,0,0,0,0,0,0,0,0,0,0,0,0,0,0,0,0,0,0,0,0,0,0,0,0,0
C5120ST,10,207,District-Madhubani,Urban,60-69,0,0,0,0,0,0,0,0,0,0,0,0,0,0,0,0,0,0,0,0,0,0,0,0,0,0,0
C5120ST,10,207,District-Madhubani,Urban,70-79,0,0,0,0,0,0,0,0,0,0,0,0,0,0,0,0,0,0,0,0,0,0,0,0,0,0,0
C5120ST,10,207,District-Madhubani,Urban,80-89,0,0,0,0,0,0,0,0,0,0,0,0,0,0,0,0,0,0,0,0,0,0,0,0,0,0,0
C5120ST,10,207,District-Madhubani,Urban,90+,0,0,0,0,0,0,0,0,0,0,0,0,0,0,0,0,0,0,0,0,0,0,0,0,0,0,0
C5120ST,10,207,District-Madhubani,Urban,Age Not Stated,0,0,0,0,0,0,0,0,0,0,0,0,0,0,0,0,0,0,0,0,0,0,0,0,0,0,0
C5120ST,10,208,District-Supaul,Total,Total,259,141,118,71,41,30,66,31,35,8,3,5,41,22,19,12,8,4,2,1,1,51,30,21,8,5,3
C5120ST,10,208,District-Supaul,Total,0-4,39,18,21,10,7,3,9,4,5,1,0,1,8,3,5,3,1,2,0,0,0,8,3,5,0,0,0
C5120ST,10,208,District-Supaul,Total,5-9,35,23,12,9,6,3,15,7,8,1,1,0,2,2,0,1,1,0,0,0,0,7,6,1,0,0,0
C5120ST,10,208,District-Supaul,Total,10-19,50,25,25,10,7,3,19,9,10,3,1,2,4,3,1,2,1,1,1,0,1,8,3,5,3,1,2
C5120ST,10,208,District-Supaul,Total,20-29,33,17,16,14,8,6,5,1,4,0,0,0,6,3,3,3,3,0,0,0,0,4,1,3,1,1,0
C5120ST,10,208,District-Supaul,Total,30-39,32,17,15,7,1,6,4,2,2,2,1,1,4,2,2,2,1,1,0,0,0,12,9,3,1,1,0
C5120ST,10,208,District-Supaul,Total,40-49,21,15,6,4,3,1,6,5,1,1,0,1,5,4,1,0,0,0,1,1,0,4,2,2,0,0,0
C5120ST,10,208,District-Supaul,Total,50-59,17,7,10,7,2,5,1,0,1,0,0,0,4,1,3,1,1,0,0,0,0,2,1,1,2,2,0
C5120ST,10,208,District-Supaul,Total,60-69,22,14,8,6,5,1,3,1,2,0,0,0,7,4,3,0,0,0,0,0,0,5,4,1,1,0,1
C5120ST,10,208,District-Supaul,Total,70-79,6,3,3,2,2,0,3,1,2,0,0,0,1,0,1,0,0,0,0,0,0,0,0,0,0,0,0
C5120ST,10,208,District-Supaul,Total,80-89,3,1,2,2,0,2,1,1,0,0,0,0,0,0,0,0,0,0,0,0,0,0,0,0,0,0,0
C5120ST,10,208,District-Supaul,Total,90+,1,1,0,0,0,0,0,0,0,0,0,0,0,0,0,0,0,0,0,0,0,1,1,0,0,0,0
C5120ST,10,208,District-Supaul,Total,Age Not Stated,0,0,0,0,0,0,0,0,0,0,0,0,0,0,0,0,0,0,0,0,0,0,0,0,0,0,0
C5120ST,10,208,District-Supaul,Rural,Total,259,141,118,71,41,30,66,31,35,8,3,5,41,22,19,12,8,4,2,1,1,51,30,21,8,5,3
C5120ST,10,208,District-Supaul,Rural,0-4,39,18,21,10,7,3,9,4,5,1,0,1,8,3,5,3,1,2,0,0,0,8,3,5,0,0,0
C5120ST,10,208,District-Supaul,Rural,5-9,35,23,12,9,6,3,15,7,8,1,1,0,2,2,0,1,1,0,0,0,0,7,6,1,0,0,0
C5120ST,10,208,District-Supaul,Rural,10-19,50,25,25,10,7,3,19,9,10,3,1,2,4,3,1,2,1,1,1,0,1,8,3,5,3,1,2
C5120ST,10,208,District-Supaul,Rural,20-29,33,17,16,14,8,6,5,1,4,0,0,0,6,3,3,3,3,0,0,0,0,4,1,3,1,1,0
C5120ST,10,208,District-Supaul,Rural,30-39,32,17,15,7,1,6,4,2,2,2,1,1,4,2,2,2,1,1,0,0,0,12,9,3,1,1,0
C5120ST,10,208,District-Supaul,Rural,40-49,21,15,6,4,3,1,6,5,1,1,0,1,5,4,1,0,0,0,1,1,0,4,2,2,0,0,0
C5120ST,10,208,District-Supaul,Rural,50-59,17,7,10,7,2,5,1,0,1,0,0,0,4,1,3,1,1,0,0,0,0,2,1,1,2,2,0
C5120ST,10,208,District-Supaul,Rural,60-69,22,14,8,6,5,1,3,1,2,0,0,0,7,4,3,0,0,0,0,0,0,5,4,1,1,0,1
C5120ST,10,208,District-Supaul,Rural,70-79,6,3,3,2,2,0,3,1,2,0,0,0,1,0,1,0,0,0,0,0,0,0,0,0,0,0,0
C5120ST,10,208,District-Supaul,Rural,80-89,3,1,2,2,0,2,1,1,0,0,0,0,0,0,0,0,0,0,0,0,0,0,0,0,0,0,0
C5120ST,10,208,District-Supaul,Rural,90+,1,1,0,0,0,0,0,0,0,0,0,0,0,0,0,0,0,0,0,0,0,1,1,0,0,0,0
C5120ST,10,208,District-Supaul,Rural,Age Not Stated,0,0,0,0,0,0,0,0,0,0,0,0,0,0,0,0,0,0,0,0,0,0,0,0,0,0,0
C5120ST,10,208,District-Supaul,Urban,Total,0,0,0,0,0,0,0,0,0,0,0,0,0,0,0,0,0,0,0,0,0,0,0,0,0,0,0
C5120ST,10,208,District-Supaul,Urban,0-4,0,0,0,0,0,0,0,0,0,0,0,0,0,0,0,0,0,0,0,0,0,0,0,0,0,0,0
C5120ST,10,208,District-Supaul,Urban,5-9,0,0,0,0,0,0,0,0,0,0,0,0,0,0,0,0,0,0,0,0,0,0,0,0,0,0,0
C5120ST,10,208,District-Supaul,Urban,10-19,0,0,0,0,0,0,0,0,0,0,0,0,0,0,0,0,0,0,0,0,0,0,0,0,0,0,0
C5120ST,10,208,District-Supaul,Urban,20-29,0,0,0,0,0,0,0,0,0,0,0,0,0,0,0,0,0,0,0,0,0,0,0,0,0,0,0
C5120ST,10,208,District-Supaul,Urban,30-39,0,0,0,0,0,0,0,0,0,0,0,0,0,0,0,0,0,0,0,0,0,0,0,0,0,0,0
C5120ST,10,208,District-Supaul,Urban,40-49,0,0,0,0,0,0,0,0,0,0,0,0,0,0,0,0,0,0,0,0,0,0,0,0,0,0,0
C5120ST,10,208,District-Supaul,Urban,50-59,0,0,0,0,0,0,0,0,0,0,0,0,0,0,0,0,0,0,0,0,0,0,0,0,0,0,0
C5120ST,10,208,District-Supaul,Urban,60-69,0,0,0,0,0,0,0,0,0,0,0,0,0,0,0,0,0,0,0,0,0,0,0,0,0,0,0
C5120ST,10,208,District-Supaul,Urban,70-79,0,0,0,0,0,0,0,0,0,0,0,0,0,0,0,0,0,0,0,0,0,0,0,0,0,0,0
C5120ST,10,208,District-Supaul,Urban,80-89,0,0,0,0,0,0,0,0,0,0,0,0,0,0,0,0,0,0,0,0,0,0,0,0,0,0,0
C5120ST,10,208,District-Supaul,Urban,90+,0,0,0,0,0,0,0,0,0,0,0,0,0,0,0,0,0,0,0,0,0,0,0,0,0,0,0
C5120ST,10,208,District-Supaul,Urban,Age Not Stated,0,0,0,0,0,0,0,0,0,0,0,0,0,0,0,0,0,0,0,0,0,0,0,0,0,0,0
C5120ST,10,209,District-Araria,Total,Total,491,270,221,73,35,38,107,65,42,49,22,27,82,46,36,34,14,20,4,3,1,105,66,39,37,19,18
C5120ST,10,209,District-Araria,Total,0-4,39,22,17,8,4,4,9,6,3,2,0,2,3,2,1,4,1,3,1,1,0,10,6,4,2,2,0
C5120ST,10,209,District-Araria,Total,5-9,55,31,24,6,1,5,14,8,6,8,4,4,3,2,1,4,3,1,0,0,0,13,8,5,7,5,2
C5120ST,10,209,District-Araria,Total,10-19,105,44,61,10,4,6,23,11,12,8,1,7,22,9,13,9,2,7,1,1,0,25,13,12,7,3,4
C5120ST,10,209,District-Araria,Total,20-29,74,41,33,12,9,3,10,6,4,11,5,6,13,4,9,6,4,2,0,0,0,15,10,5,7,3,4
C5120ST,10,209,District-Araria,Total,30-39,55,35,20,9,4,5,14,10,4,6,4,2,8,5,3,3,1,2,1,0,1,13,10,3,1,1,0
C5120ST,10,209,District-Araria,Total,40-49,58,30,28,11,6,5,11,7,4,4,0,4,7,5,2,4,1,3,1,1,0,15,9,6,5,1,4
C5120ST,10,209,District-Araria,Total,50-59,40,26,14,6,3,3,11,8,3,3,3,0,9,5,4,3,2,1,0,0,0,6,3,3,2,2,0
C5120ST,10,209,District-Araria,Total,60-69,39,26,13,8,4,4,7,4,3,4,3,1,10,8,2,0,0,0,0,0,0,7,6,1,3,1,2
C5120ST,10,209,District-Araria,Total,70-79,18,12,6,0,0,0,7,5,2,1,0,1,5,5,0,1,0,1,0,0,0,1,1,0,3,1,2
C5120ST,10,209,District-Araria,Total,80-89,8,3,5,3,0,3,1,0,1,2,2,0,2,1,1,0,0,0,0,0,0,0,0,0,0,0,0
C5120ST,10,209,District-Araria,Total,90+,0,0,0,0,0,0,0,0,0,0,0,0,0,0,0,0,0,0,0,0,0,0,0,0,0,0,0
C5120ST,10,209,District-Araria,Total,Age Not Stated,0,0,0,0,0,0,0,0,0,0,0,0,0,0,0,0,0,0,0,0,0,0,0,0,0,0,0
C5120ST,10,209,District-Araria,Rural,Total,464,256,208,72,34,38,106,65,41,42,20,22,79,43,36,33,13,20,4,3,1,92,59,33,36,19,17
C5120ST,10,209,District-Araria,Rural,0-4,35,21,14,8,4,4,8,6,2,1,0,1,3,2,1,4,1,3,1,1,0,8,5,3,2,2,0
C5120ST,10,209,District-Araria,Rural,5-9,53,31,22,6,1,5,14,8,6,6,4,2,3,2,1,4,3,1,0,0,0,13,8,5,7,5,2
C5120ST,10,209,District-Araria,Rural,10-19,100,41,59,10,4,6,23,11,12,8,1,7,21,8,13,9,2,7,1,1,0,22,11,11,6,3,3
C5120ST,10,209,District-Araria,Rural,20-29,70,39,31,12,9,3,10,6,4,11,5,6,13,4,9,5,3,2,0,0,0,12,9,3,7,3,4
C5120ST,10,209,District-Araria,Rural,30-39,48,30,18,8,3,5,14,10,4,3,2,1,8,5,3,3,1,2,1,0,1,10,8,2,1,1,0
C5120ST,10,209,District-Araria,Rural,40-49,57,29,28,11,6,5,11,7,4,4,0,4,7,5,2,4,1,3,1,1,0,14,8,6,5,1,4
C5120ST,10,209,District-Araria,Rural,50-59,39,25,14,6,3,3,11,8,3,3,3,0,8,4,4,3,2,1,0,0,0,6,3,3,2,2,0
C5120ST,10,209,District-Araria,Rural,60-69,36,25,11,8,4,4,7,4,3,3,3,0,9,7,2,0,0,0,0,0,0,6,6,0,3,1,2
C5120ST,10,209,District-Araria,Rural,70-79,18,12,6,0,0,0,7,5,2,1,0,1,5,5,0,1,0,1,0,0,0,1,1,0,3,1,2
C5120ST,10,209,District-Araria,Rural,80-89,8,3,5,3,0,3,1,0,1,2,2,0,2,1,1,0,0,0,0,0,0,0,0,0,0,0,0
C5120ST,10,209,District-Araria,Rural,90+,0,0,0,0,0,0,0,0,0,0,0,0,0,0,0,0,0,0,0,0,0,0,0,0,0,0,0
C5120ST,10,209,District-Araria,Rural,Age Not Stated,0,0,0,0,0,0,0,0,0,0,0,0,0,0,0,0,0,0,0,0,0,0,0,0,0,0,0
C5120ST,10,209,District-Araria,Urban,Total,27,14,13,1,1,0,1,0,1,7,2,5,3,3,0,1,1,0,0,0,0,13,7,6,1,0,1
C5120ST,10,209,District-Araria,Urban,0-4,4,1,3,0,0,0,1,0,1,1,0,1,0,0,0,0,0,0,0,0,0,2,1,1,0,0,0
C5120ST,10,209,District-Araria,Urban,5-9,2,0,2,0,0,0,0,0,0,2,0,2,0,0,0,0,0,0,0,0,0,0,0,0,0,0,0
C5120ST,10,209,District-Araria,Urban,10-19,5,3,2,0,0,0,0,0,0,0,0,0,1,1,0,0,0,0,0,0,0,3,2,1,1,0,1
C5120ST,10,209,District-Araria,Urban,20-29,4,2,2,0,0,0,0,0,0,0,0,0,0,0,0,1,1,0,0,0,0,3,1,2,0,0,0
C5120ST,10,209,District-Araria,Urban,30-39,7,5,2,1,1,0,0,0,0,3,2,1,0,0,0,0,0,0,0,0,0,3,2,1,0,0,0
C5120ST,10,209,District-Araria,Urban,40-49,1,1,0,0,0,0,0,0,0,0,0,0,0,0,0,0,0,0,0,0,0,1,1,0,0,0,0
C5120ST,10,209,District-Araria,Urban,50-59,1,1,0,0,0,0,0,0,0,0,0,0,1,1,0,0,0,0,0,0,0,0,0,0,0,0,0
C5120ST,10,209,District-Araria,Urban,60-69,3,1,2,0,0,0,0,0,0,1,0,1,1,1,0,0,0,0,0,0,0,1,0,1,0,0,0
C5120ST,10,209,District-Araria,Urban,70-79,0,0,0,0,0,0,0,0,0,0,0,0,0,0,0,0,0,0,0,0,0,0,0,0,0,0,0
C5120ST,10,209,District-Araria,Urban,80-89,0,0,0,0,0,0,0,0,0,0,0,0,0,0,0,0,0,0,0,0,0,0,0,0,0,0,0
C5120ST,10,209,District-Araria,Urban,90+,0,0,0,0,0,0,0,0,0,0,0,0,0,0,0,0,0,0,0,0,0,0,0,0,0,0,0
C5120ST,10,209,District-Araria,Urban,Age Not Stated,0,0,0,0,0,0,0,0,0,0,0,0,0,0,0,0,0,0,0,0,0,0,0,0,0,0,0
C5120ST,10,210,District-Kishanganj,Total,Total,762,392,370,135,65,70,214,98,116,42,22,20,143,85,58,52,29,23,12,6,6,124,64,60,40,23,17
C5120ST,10,210,District-Kishanganj,Total,0-4,55,24,31,15,6,9,13,6,7,0,0,0,3,2,1,5,2,3,0,0,0,17,8,9,2,0,2
C5120ST,10,210,District-Kishanganj,Total,5-9,90,45,45,17,4,13,26,14,12,3,2,1,17,10,7,4,2,2,0,0,0,18,8,10,5,5,0
C5120ST,10,210,District-Kishanganj,Total,10-19,130,63,67,15,7,8,29,9,20,12,9,3,23,13,10,11,5,6,5,4,1,24,8,16,11,8,3
C5120ST,10,210,District-Kishanganj,Total,20-29,121,63,58,13,6,7,34,16,18,7,2,5,28,18,10,10,6,4,2,1,1,20,10,10,7,4,3
C5120ST,10,210,District-Kishanganj,Total,30-39,109,55,54,22,13,9,31,10,21,7,4,3,21,12,9,9,6,3,3,0,3,12,7,5,4,3,1
C5120ST,10,210,District-Kishanganj,Total,40-49,94,53,41,17,10,7,30,14,16,5,2,3,13,9,4,8,4,4,1,1,0,18,13,5,2,0,2
C5120ST,10,210,District-Kishanganj,Total,50-59,55,29,26,12,9,3,18,7,11,3,1,2,10,7,3,2,1,1,0,0,0,6,4,2,4,0,4
C5120ST,10,210,District-Kishanganj,Total,60-69,71,43,28,18,9,9,19,13,6,4,2,2,19,10,9,3,3,0,0,0,0,6,5,1,2,1,1
C5120ST,10,210,District-Kishanganj,Total,70-79,28,14,14,5,1,4,10,6,4,1,0,1,6,4,2,0,0,0,1,0,1,2,1,1,3,2,1
C5120ST,10,210,District-Kishanganj,Total,80-89,8,3,5,1,0,1,4,3,1,0,0,0,2,0,2,0,0,0,0,0,0,1,0,1,0,0,0
C5120ST,10,210,District-Kishanganj,Total,90+,1,0,1,0,0,0,0,0,0,0,0,0,1,0,1,0,0,0,0,0,0,0,0,0,0,0,0
C5120ST,10,210,District-Kishanganj,Total,Age Not Stated,0,0,0,0,0,0,0,0,0,0,0,0,0,0,0,0,0,0,0,0,0,0,0,0,0,0,0
C5120ST,10,210,District-Kishanganj,Rural,Total,720,365,355,129,60,69,206,94,112,40,20,20,132,79,53,44,24,20,12,6,6,119,60,59,38,22,16
C5120ST,10,210,District-Kishanganj,Rural,0-4,53,22,31,15,6,9,13,6,7,0,0,0,3,2,1,4,1,3,0,0,0,16,7,9,2,0,2
C5120ST,10,210,District-Kishanganj,Rural,5-9,86,42,44,17,4,13,26,14,12,2,1,1,16,10,6,4,2,2,0,0,0,17,7,10,4,4,0
C5120ST,10,210,District-Kishanganj,Rural,10-19,127,61,66,15,7,8,28,9,19,11,8,3,22,12,10,11,5,6,5,4,1,24,8,16,11,8,3
C5120ST,10,210,District-Kishanganj,Rural,20-29,117,62,55,13,6,7,34,16,18,7,2,5,26,18,8,8,5,3,2,1,1,20,10,10,7,4,3
C5120ST,10,210,District-Kishanganj,Rural,30-39,99,50,49,22,13,9,30,10,20,7,4,3,18,10,8,5,4,1,3,0,3,10,6,4,4,3,1
C5120ST,10,210,District-Kishanganj,Rural,40-49,90,50,40,16,9,7,30,14,16,5,2,3,12,9,3,7,3,4,1,1,0,17,12,5,2,0,2
C5120ST,10,210,District-Kishanganj,Rural,50-59,49,25,24,9,6,3,17,7,10,3,1,2,9,6,3,2,1,1,0,0,0,6,4,2,3,0,3
C5120ST,10,210,District-Kishanganj,Rural,60-69,65,37,28,17,8,9,15,9,6,4,2,2,18,9,9,3,3,0,0,0,0,6,5,1,2,1,1
C5120ST,10,210,District-Kishanganj,Rural,70-79,25,13,12,4,1,3,9,6,3,1,0,1,5,3,2,0,0,0,1,0,1,2,1,1,3,2,1
C5120ST,10,210,District-Kishanganj,Rural,80-89,8,3,5,1,0,1,4,3,1,0,0,0,2,0,2,0,0,0,0,0,0,1,0,1,0,0,0
C5120ST,10,210,District-Kishanganj,Rural,90+,1,0,1,0,0,0,0,0,0,0,0,0,1,0,1,0,0,0,0,0,0,0,0,0,0,0,0
C5120ST,10,210,District-Kishanganj,Rural,Age Not Stated,0,0,0,0,0,0,0,0,0,0,0,0,0,0,0,0,0,0,0,0,0,0,0,0,0,0,0
C5120ST,10,210,District-Kishanganj,Urban,Total,42,27,15,6,5,1,8,4,4,2,2,0,11,6,5,8,5,3,0,0,0,5,4,1,2,1,1
C5120ST,10,210,District-Kishanganj,Urban,0-4,2,2,0,0,0,0,0,0,0,0,0,0,0,0,0,1,1,0,0,0,0,1,1,0,0,0,0
C5120ST,10,210,District-Kishanganj,Urban,5-9,4,3,1,0,0,0,0,0,0,1,1,0,1,0,1,0,0,0,0,0,0,1,1,0,1,1,0
C5120ST,10,210,District-Kishanganj,Urban,10-19,3,2,1,0,0,0,1,0,1,1,1,0,1,1,0,0,0,0,0,0,0,0,0,0,0,0,0
C5120ST,10,210,District-Kishanganj,Urban,20-29,4,1,3,0,0,0,0,0,0,0,0,0,2,0,2,2,1,1,0,0,0,0,0,0,0,0,0
C5120ST,10,210,District-Kishanganj,Urban,30-39,10,5,5,0,0,0,1,0,1,0,0,0,3,2,1,4,2,2,0,0,0,2,1,1,0,0,0
C5120ST,10,210,District-Kishanganj,Urban,40-49,4,3,1,1,1,0,0,0,0,0,0,0,1,0,1,1,1,0,0,0,0,1,1,0,0,0,0
C5120ST,10,210,District-Kishanganj,Urban,50-59,6,4,2,3,3,0,1,0,1,0,0,0,1,1,0,0,0,0,0,0,0,0,0,0,1,0,1
C5120ST,10,210,District-Kishanganj,Urban,60-69,6,6,0,1,1,0,4,4,0,0,0,0,1,1,0,0,0,0,0,0,0,0,0,0,0,0,0
C5120ST,10,210,District-Kishanganj,Urban,70-79,3,1,2,1,0,1,1,0,1,0,0,0,1,1,0,0,0,0,0,0,0,0,0,0,0,0,0
C5120ST,10,210,District-Kishanganj,Urban,80-89,0,0,0,0,0,0,0,0,0,0,0,0,0,0,0,0,0,0,0,0,0,0,0,0,0,0,0
C5120ST,10,210,District-Kishanganj,Urban,90+,0,0,0,0,0,0,0,0,0,0,0,0,0,0,0,0,0,0,0,0,0,0,0,0,0,0,0
C5120ST,10,210,District-Kishanganj,Urban,Age Not Stated,0,0,0,0,0,0,0,0,0,0,0,0,0,0,0,0,0,0,0,0,0,0,0,0,0,0,0
C5120ST,10,211,District-Purnia,Total,Total,4482,2386,2096,1393,730,663,1598,844,754,211,111,100,264,178,86,96,51,45,20,11,9,731,369,362,169,92,77
C5120ST,10,211,District-Purnia,Total,0-4,435,229,206,147,83,64,180,93,87,6,4,2,11,8,3,4,1,3,0,0,0,73,33,40,14,7,7
C5120ST,10,211,District-Purnia,Total,5-9,587,301,286,208,104,104,216,107,109,31,17,14,14,8,6,12,6,6,1,0,1,85,46,39,20,13,7
C5120ST,10,211,District-Purnia,Total,10-19,952,531,421,317,170,147,306,183,123,39,19,20,60,42,18,21,12,9,4,1,3,168,86,82,37,18,19
C5120ST,10,211,District-Purnia,Total,20-29,649,339,310,178,93,85,210,108,102,46,20,26,48,32,16,17,9,8,5,2,3,115,55,60,30,20,10
C5120ST,10,211,District-Purnia,Total,30-39,651,334,317,175,91,84,254,127,127,31,18,13,35,21,14,19,8,11,4,3,1,122,60,62,11,6,5
C5120ST,10,211,District-Purnia,Total,40-49,480,272,208,150,77,73,178,94,84,25,15,10,32,25,7,8,5,3,5,5,0,64,39,25,18,12,6
C5120ST,10,211,District-Purnia,Total,50-59,303,161,142,95,52,43,116,63,53,10,6,4,22,12,10,9,5,4,1,0,1,45,20,25,5,3,2
C5120ST,10,211,District-Purnia,Total,60-69,245,128,117,70,35,35,90,46,44,9,5,4,24,18,6,3,3,0,0,0,0,35,15,20,14,6,8
C5120ST,10,211,District-Purnia,Total,70-79,87,37,50,32,11,21,18,10,8,9,4,5,12,8,4,1,1,0,0,0,0,4,1,3,11,2,9
C5120ST,10,211,District-Purnia,Total,80-89,12,4,8,3,0,3,3,2,1,0,0,0,3,1,2,0,0,0,0,0,0,0,0,0,3,1,2
C5120ST,10,211,District-Purnia,Total,90+,12,8,4,4,3,1,4,1,3,0,0,0,1,1,0,0,0,0,0,0,0,2,2,0,1,1,0
C5120ST,10,211,District-Purnia,Total,Age Not Stated,69,42,27,14,11,3,23,10,13,5,3,2,2,2,0,2,1,1,0,0,0,18,12,6,5,3,2
C5120ST,10,211,District-Purnia,Rural,Total,3841,2047,1794,1221,646,575,1366,717,649,151,79,72,222,148,74,90,48,42,16,7,9,638,323,315,137,79,58
C5120ST,10,211,District-Purnia,Rural,0-4,372,204,168,127,74,53,155,81,74,4,4,0,11,8,3,4,1,3,0,0,0,60,30,30,11,6,5
C5120ST,10,211,District-Purnia,Rural,5-9,516,266,250,186,94,92,187,90,97,22,14,8,12,7,5,11,5,6,1,0,1,79,44,35,18,12,6
C5120ST,10,211,District-Purnia,Rural,10-19,819,457,362,279,151,128,267,157,110,28,15,13,52,36,16,19,11,8,3,0,3,142,72,70,29,15,14
C5120ST,10,211,District-Purnia,Rural,20-29,552,282,270,160,84,76,178,88,90,32,11,21,38,26,12,15,8,7,4,1,3,100,47,53,25,17,8
C5120ST,10,211,District-Purnia,Rural,30-39,565,288,277,155,82,73,215,107,108,25,13,12,28,16,12,18,8,10,3,2,1,112,56,56,9,4,5
C5120ST,10,211,District-Purnia,Rural,40-49,405,231,174,124,65,59,153,80,73,18,11,7,26,21,5,8,5,3,4,4,0,56,34,22,16,11,5
C5120ST,10,211,District-Purnia,Rural,50-59,262,141,121,82,45,37,94,54,40,8,5,3,19,10,9,9,5,4,1,0,1,45,20,25,4,2,2
C5120ST,10,211,District-Purnia,Rural,60-69,213,108,105,65,32,33,80,40,40,6,3,3,19,13,6,3,3,0,0,0,0,30,12,18,10,5,5
C5120ST,10,211,District-Purnia,Rural,70-79,73,32,41,27,9,18,15,8,7,7,3,4,12,8,4,1,1,0,0,0,0,4,1,3,7,2,5
C5120ST,10,211,District-Purnia,Rural,80-89,12,4,8,3,0,3,3,2,1,0,0,0,3,1,2,0,0,0,0,0,0,0,0,0,3,1,2
C5120ST,10,211,District-Purnia,Rural,90+,9,7,2,3,2,1,2,1,1,0,0,0,1,1,0,0,0,0,0,0,0,2,2,0,1,1,0
C5120ST,10,211,District-Purnia,Rural,Age Not Stated,43,27,16,10,8,2,17,9,8,1,0,1,1,1,0,2,1,1,0,0,0,8,5,3,4,3,1
C5120ST,10,211,District-Purnia,Urban,Total,641,339,302,172,84,88,232,127,105,60,32,28,42,30,12,6,3,3,4,4,0,93,46,47,32,13,19
C5120ST,10,211,District-Purnia,Urban,0-4,63,25,38,20,9,11,25,12,13,2,0,2,0,0,0,0,0,0,0,0,0,13,3,10,3,1,2
C5120ST,10,211,District-Purnia,Urban,5-9,71,35,36,22,10,12,29,17,12,9,3,6,2,1,1,1,1,0,0,0,0,6,2,4,2,1,1
C5120ST,10,211,District-Purnia,Urban,10-19,133,74,59,38,19,19,39,26,13,11,4,7,8,6,2,2,1,1,1,1,0,26,14,12,8,3,5
C5120ST,10,211,District-Purnia,Urban,20-29,97,57,40,18,9,9,32,20,12,14,9,5,10,6,4,2,1,1,1,1,0,15,8,7,5,3,2
C5120ST,10,211,District-Purnia,Urban,30-39,86,46,40,20,9,11,39,20,19,6,5,1,7,5,2,1,0,1,1,1,0,10,4,6,2,2,0
C5120ST,10,211,District-Purnia,Urban,40-49,75,41,34,26,12,14,25,14,11,7,4,3,6,4,2,0,0,0,1,1,0,8,5,3,2,1,1
C5120ST,10,211,District-Purnia,Urban,50-59,41,20,21,13,7,6,22,9,13,2,1,1,3,2,1,0,0,0,0,0,0,0,0,0,1,1,0
C5120ST,10,211,District-Purnia,Urban,60-69,32,20,12,5,3,2,10,6,4,3,2,1,5,5,0,0,0,0,0,0,0,5,3,2,4,1,3
C5120ST,10,211,District-Purnia,Urban,70-79,14,5,9,5,2,3,3,2,1,2,1,1,0,0,0,0,0,0,0,0,0,0,0,0,4,0,4
C5120ST,10,211,District-Purnia,Urban,80-89,0,0,0,0,0,0,0,0,0,0,0,0,0,0,0,0,0,0,0,0,0,0,0,0,0,0,0
C5120ST,10,211,District-Purnia,Urban,90+,3,1,2,1,1,0,2,0,2,0,0,0,0,0,0,0,0,0,0,0,0,0,0,0,0,0,0
C5120ST,10,211,District-Purnia,Urban,Age Not Stated,26,15,11,4,3,1,6,1,5,4,3,1,1,1,0,0,0,0,0,0,0,10,7,3,1,0,1
C5120ST,10,212,District-Katihar,Total,Total,3090,1680,1410,348,173,175,638,344,294,235,131,104,499,307,192,132,68,64,46,22,24,999,525,474,193,110,83
C5120ST,10,212,District-Katihar,Total,0-4,219,105,114,16,7,9,41,13,28,4,1,3,18,9,9,6,2,4,3,2,1,124,67,57,7,4,3
C5120ST,10,212,District-Katihar,Total,5-9,298,157,141,31,18,13,53,31,22,27,18,9,28,15,13,13,6,7,3,2,1,122,56,66,21,11,10
C5120ST,10,212,District-Katihar,Total,10-19,615,342,273,55,31,24,95,45,50,48,33,15,110,59,51,26,12,14,8,2,6,228,127,101,45,33,12
C5120ST,10,212,District-Katihar,Total,20-29,450,247,203,24,12,12,80,50,30,45,18,27,79,52,27,24,11,13,9,7,2,153,80,73,36,17,19
C5120ST,10,212,District-Katihar,Total,30-39,423,226,197,32,15,17,83,45,38,46,26,20,69,49,20,33,14,19,7,3,4,131,64,67,22,10,12
C5120ST,10,212,District-Katihar,Total,40-49,368,224,144,50,34,16,87,49,38,29,14,15,54,38,16,20,15,5,6,2,4,105,62,43,17,10,7
C5120ST,10,212,District-Katihar,Total,50-59,245,141,104,39,19,20,62,43,19,16,9,7,50,30,20,6,4,2,7,4,3,57,27,30,8,5,3
C5120ST,10,212,District-Katihar,Total,60-69,273,143,130,58,22,36,69,33,36,17,9,8,57,38,19,4,4,0,3,0,3,46,27,19,19,10,9
C5120ST,10,212,District-Katihar,Total,70-79,144,71,73,32,12,20,44,21,23,3,3,0,31,16,15,0,0,0,0,0,0,23,11,12,11,8,3
C5120ST,10,212,District-Katihar,Total,80-89,38,18,20,10,3,7,17,11,6,0,0,0,2,1,1,0,0,0,0,0,0,5,2,3,4,1,3
C5120ST,10,212,District-Katihar,Total,90+,14,5,9,1,0,1,5,3,2,0,0,0,1,0,1,0,0,0,0,0,0,4,1,3,3,1,2
C5120ST,10,212,District-Katihar,Total,Age Not Stated,3,1,2,0,0,0,2,0,2,0,0,0,0,0,0,0,0,0,0,0,0,1,1,0,0,0,0
C5120ST,10,212,District-Katihar,Rural,Total,2948,1603,1345,339,169,170,606,327,279,185,106,79,488,302,186,128,65,63,43,21,22,977,511,466,182,102,80
C5120ST,10,212,District-Katihar,Rural,0-4,210,100,110,15,7,8,40,13,27,3,0,3,17,9,8,6,2,4,3,2,1,119,63,56,7,4,3
C5120ST,10,212,District-Katihar,Rural,5-9,295,155,140,31,18,13,51,30,21,26,17,9,28,15,13,13,6,7,3,2,1,122,56,66,21,11,10
C5120ST,10,212,District-Katihar,Rural,10-19,588,325,263,54,30,24,87,40,47,39,28,11,108,58,50,25,11,14,8,2,6,225,126,99,42,30,12
C5120ST,10,212,District-Katihar,Rural,20-29,416,233,183,22,11,11,70,45,25,31,14,17,79,52,27,24,11,13,7,6,1,151,79,72,32,15,17
C5120ST,10,212,District-Katihar,Rural,30-39,405,215,190,31,15,16,80,43,37,38,20,18,66,47,19,33,14,19,7,3,4,129,63,66,21,10,11
C5120ST,10,212,District-Katihar,Rural,40-49,343,212,131,48,32,16,84,48,36,21,11,10,52,38,14,17,13,4,5,2,3,101,60,41,15,8,7
C5120ST,10,212,District-Katihar,Rural,50-59,231,131,100,39,19,20,57,40,17,13,7,6,48,29,19,6,4,2,7,4,3,54,24,30,7,4,3
C5120ST,10,212,District-Katihar,Rural,60-69,263,138,125,57,22,35,69,33,36,12,7,5,56,37,19,4,4,0,3,0,3,43,25,18,19,10,9
C5120ST,10,212,District-Katihar,Rural,70-79,142,70,72,31,12,19,44,21,23,2,2,0,31,16,15,0,0,0,0,0,0,23,11,12,11,8,3
C5120ST,10,212,District-Katihar,Rural,80-89,38,18,20,10,3,7,17,11,6,0,0,0,2,1,1,0,0,0,0,0,0,5,2,3,4,1,3
C5120ST,10,212,District-Katihar,Rural,90+,14,5,9,1,0,1,5,3,2,0,0,0,1,0,1,0,0,0,0,0,0,4,1,3,3,1,2
C5120ST,10,212,District-Katihar,Rural,Age Not Stated,3,1,2,0,0,0,2,0,2,0,0,0,0,0,0,0,0,0,0,0,0,1,1,0,0,0,0
C5120ST,10,212,District-Katihar,Urban,Total,142,77,65,9,4,5,32,17,15,50,25,25,11,5,6,4,3,1,3,1,2,22,14,8,11,8,3
C5120ST,10,212,District-Katihar,Urban,0-4,9,5,4,1,0,1,1,0,1,1,1,0,1,0,1,0,0,0,0,0,0,5,4,1,0,0,0
C5120ST,10,212,District-Katihar,Urban,5-9,3,2,1,0,0,0,2,1,1,1,1,0,0,0,0,0,0,0,0,0,0,0,0,0,0,0,0
C5120ST,10,212,District-Katihar,Urban,10-19,27,17,10,1,1,0,8,5,3,9,5,4,2,1,1,1,1,0,0,0,0,3,1,2,3,3,0
C5120ST,10,212,District-Katihar,Urban,20-29,34,14,20,2,1,1,10,5,5,14,4,10,0,0,0,0,0,0,2,1,1,2,1,1,4,2,2
C5120ST,10,212,District-Katihar,Urban,30-39,18,11,7,1,0,1,3,2,1,8,6,2,3,2,1,0,0,0,0,0,0,2,1,1,1,0,1
C5120ST,10,212,District-Katihar,Urban,40-49,25,12,13,2,2,0,3,1,2,8,3,5,2,0,2,3,2,1,1,0,1,4,2,2,2,2,0
C5120ST,10,212,District-Katihar,Urban,50-59,14,10,4,0,0,0,5,3,2,3,2,1,2,1,1,0,0,0,0,0,0,3,3,0,1,1,0
C5120ST,10,212,District-Katihar,Urban,60-69,10,5,5,1,0,1,0,0,0,5,2,3,1,1,0,0,0,0,0,0,0,3,2,1,0,0,0
C5120ST,10,212,District-Katihar,Urban,70-79,2,1,1,1,0,1,0,0,0,1,1,0,0,0,0,0,0,0,0,0,0,0,0,0,0,0,0
C5120ST,10,212,District-Katihar,Urban,80-89,0,0,0,0,0,0,0,0,0,0,0,0,0,0,0,0,0,0,0,0,0,0,0,0,0,0,0
C5120ST,10,212,District-Katihar,Urban,90+,0,0,0,0,0,0,0,0,0,0,0,0,0,0,0,0,0,0,0,0,0,0,0,0,0,0,0
C5120ST,10,212,District-Katihar,Urban,Age Not Stated,0,0,0,0,0,0,0,0,0,0,0,0,0,0,0,0,0,0,0,0,0,0,0,0,0,0,0
C5120ST,10,213,District-Madhepura,Total,Total,111,69,42,16,10,6,18,11,7,13,6,7,23,14,9,0,0,0,0,0,0,33,23,10,8,5,3
C5120ST,10,213,District-Madhepura,Total,0-4,6,5,1,0,0,0,1,1,0,0,0,0,1,1,0,0,0,0,0,0,0,4,3,1,0,0,0
C5120ST,10,213,District-Madhepura,Total,5-9,9,5,4,0,0,0,1,0,1,1,1,0,1,0,1,0,0,0,0,0,0,5,4,1,1,0,1
C5120ST,10,213,District-Madhepura,Total,10-19,13,9,4,2,1,1,1,1,0,1,0,1,6,5,1,0,0,0,0,0,0,1,0,1,2,2,0
C5120ST,10,213,District-Madhepura,Total,20-29,25,13,12,3,1,2,3,2,1,5,2,3,5,2,3,0,0,0,0,0,0,8,5,3,1,1,0
C5120ST,10,213,District-Madhepura,Total,30-39,18,13,5,6,4,2,3,2,1,3,1,2,1,1,0,0,0,0,0,0,0,3,3,0,2,2,0
C5120ST,10,213,District-Madhepura,Total,40-49,17,12,5,1,0,1,5,4,1,3,2,1,2,2,0,0,0,0,0,0,0,6,4,2,0,0,0
C5120ST,10,213,District-Madhepura,Total,50-59,8,6,2,2,2,0,2,1,1,0,0,0,1,1,0,0,0,0,0,0,0,2,2,0,1,0,1
C5120ST,10,213,District-Madhepura,Total,60-69,5,3,2,2,2,0,0,0,0,0,0,0,1,0,1,0,0,0,0,0,0,1,1,0,1,0,1
C5120ST,10,213,District-Madhepura,Total,70-79,2,0,2,0,0,0,0,0,0,0,0,0,1,0,1,0,0,0,0,0,0,1,0,1,0,0,0
C5120ST,10,213,District-Madhepura,Total,80-89,4,0,4,0,0,0,2,0,2,0,0,0,2,0,2,0,0,0,0,0,0,0,0,0,0,0,0
C5120ST,10,213,District-Madhepura,Total,90+,2,2,0,0,0,0,0,0,0,0,0,0,2,2,0,0,0,0,0,0,0,0,0,0,0,0,0
C5120ST,10,213,District-Madhepura,Total,Age Not Stated,2,1,1,0,0,0,0,0,0,0,0,0,0,0,0,0,0,0,0,0,0,2,1,1,0,0,0
C5120ST,10,213,District-Madhepura,Rural,Total,109,67,42,16,10,6,18,11,7,13,6,7,22,13,9,0,0,0,0,0,0,33,23,10,7,4,3
C5120ST,10,213,District-Madhepura,Rural,0-4,6,5,1,0,0,0,1,1,0,0,0,0,1,1,0,0,0,0,0,0,0,4,3,1,0,0,0
C5120ST,10,213,District-Madhepura,Rural,5-9,9,5,4,0,0,0,1,0,1,1,1,0,1,0,1,0,0,0,0,0,0,5,4,1,1,0,1
C5120ST,10,213,District-Madhepura,Rural,10-19,12,8,4,2,1,1,1,1,0,1,0,1,6,5,1,0,0,0,0,0,0,1,0,1,1,1,0
C5120ST,10,213,District-Madhepura,Rural,20-29,24,12,12,3,1,2,3,2,1,5,2,3,4,1,3,0,0,0,0,0,0,8,5,3,1,1,0
C5120ST,10,213,District-Madhepura,Rural,30-39,18,13,5,6,4,2,3,2,1,3,1,2,1,1,0,0,0,0,0,0,0,3,3,0,2,2,0
C5120ST,10,213,District-Madhepura,Rural,40-49,17,12,5,1,0,1,5,4,1,3,2,1,2,2,0,0,0,0,0,0,0,6,4,2,0,0,0
C5120ST,10,213,District-Madhepura,Rural,50-59,8,6,2,2,2,0,2,1,1,0,0,0,1,1,0,0,0,0,0,0,0,2,2,0,1,0,1
C5120ST,10,213,District-Madhepura,Rural,60-69,5,3,2,2,2,0,0,0,0,0,0,0,1,0,1,0,0,0,0,0,0,1,1,0,1,0,1
C5120ST,10,213,District-Madhepura,Rural,70-79,2,0,2,0,0,0,0,0,0,0,0,0,1,0,1,0,0,0,0,0,0,1,0,1,0,0,0
C5120ST,10,213,District-Madhepura,Rural,80-89,4,0,4,0,0,0,2,0,2,0,0,0,2,0,2,0,0,0,0,0,0,0,0,0,0,0,0
C5120ST,10,213,District-Madhepura,Rural,90+,2,2,0,0,0,0,0,0,0,0,0,0,2,2,0,0,0,0,0,0,0,0,0,0,0,0,0
C5120ST,10,213,District-Madhepura,Rural,Age Not Stated,2,1,1,0,0,0,0,0,0,0,0,0,0,0,0,0,0,0,0,0,0,2,1,1,0,0,0
C5120ST,10,213,District-Madhepura,Urban,Total,2,2,0,0,0,0,0,0,0,0,0,0,1,1,0,0,0,0,0,0,0,0,0,0,1,1,0
C5120ST,10,213,District-Madhepura,Urban,0-4,0,0,0,0,0,0,0,0,0,0,0,0,0,0,0,0,0,0,0,0,0,0,0,0,0,0,0
C5120ST,10,213,District-Madhepura,Urban,5-9,0,0,0,0,0,0,0,0,0,0,0,0,0,0,0,0,0,0,0,0,0,0,0,0,0,0,0
C5120ST,10,213,District-Madhepura,Urban,10-19,1,1,0,0,0,0,0,0,0,0,0,0,0,0,0,0,0,0,0,0,0,0,0,0,1,1,0
C5120ST,10,213,District-Madhepura,Urban,20-29,1,1,0,0,0,0,0,0,0,0,0,0,1,1,0,0,0,0,0,0,0,0,0,0,0,0,0
C5120ST,10,213,District-Madhepura,Urban,30-39,0,0,0,0,0,0,0,0,0,0,0,0,0,0,0,0,0,0,0,0,0,0,0,0,0,0,0
C5120ST,10,213,District-Madhepura,Urban,40-49,0,0,0,0,0,0,0,0,0,0,0,0,0,0,0,0,0,0,0,0,0,0,0,0,0,0,0
C5120ST,10,213,District-Madhepura,Urban,50-59,0,0,0,0,0,0,0,0,0,0,0,0,0,0,0,0,0,0,0,0,0,0,0,0,0,0,0
C5120ST,10,213,District-Madhepura,Urban,60-69,0,0,0,0,0,0,0,0,0,0,0,0,0,0,0,0,0,0,0,0,0,0,0,0,0,0,0
C5120ST,10,213,District-Madhepura,Urban,70-79,0,0,0,0,0,0,0,0,0,0,0,0,0,0,0,0,0,0,0,0,0,0,0,0,0,0,0
C5120ST,10,213,District-Madhepura,Urban,80-89,0,0,0,0,0,0,0,0,0,0,0,0,0,0,0,0,0,0,0,0,0,0,0,0,0,0,0
C5120ST,10,213,District-Madhepura,Urban,90+,0,0,0,0,0,0,0,0,0,0,0,0,0,0,0,0,0,0,0,0,0,0,0,0,0,0,0
C5120ST,10,213,District-Madhepura,Urban,Age Not Stated,0,0,0,0,0,0,0,0,0,0,0,0,0,0,0,0,0,0,0,0,0,0,0,0,0,0,0
C5120ST,10,214,District-Saharsa,Total,Total,96,48,48,22,10,12,45,21,24,7,4,3,7,3,4,2,2,0,1,1,0,10,7,3,2,0,2
C5120ST,10,214,District-Saharsa,Total,0-4,10,5,5,3,1,2,3,2,1,0,0,0,2,0,2,0,0,0,0,0,0,2,2,0,0,0,0
C5120ST,10,214,District-Saharsa,Total,5-9,10,3,7,3,1,2,5,1,4,1,0,1,0,0,0,0,0,0,0,0,0,1,1,0,0,0,0
C5120ST,10,214,District-Saharsa,Total,10-19,27,15,12,5,3,2,16,9,7,1,1,0,3,1,2,1,1,0,0,0,0,1,0,1,0,0,0
C5120ST,10,214,District-Saharsa,Total,20-29,16,8,8,2,1,1,7,2,5,2,2,0,0,0,0,1,1,0,0,0,0,3,2,1,1,0,1
C5120ST,10,214,District-Saharsa,Total,30-39,11,6,5,1,0,1,8,4,4,0,0,0,1,1,0,0,0,0,1,1,0,0,0,0,0,0,0
C5120ST,10,214,District-Saharsa,Total,40-49,7,3,4,4,1,3,1,0,1,0,0,0,1,1,0,0,0,0,0,0,0,1,1,0,0,0,0
C5120ST,10,214,District-Saharsa,Total,50-59,4,2,2,1,1,0,1,0,1,1,0,1,0,0,0,0,0,0,0,0,0,1,1,0,0,0,0
C5120ST,10,214,District-Saharsa,Total,60-69,8,5,3,2,2,0,3,2,1,2,1,1,0,0,0,0,0,0,0,0,0,1,0,1,0,0,0
C5120ST,10,214,District-Saharsa,Total,70-79,2,1,1,0,0,0,1,1,0,0,0,0,0,0,0,0,0,0,0,0,0,0,0,0,1,0,1
C5120ST,10,214,District-Saharsa,Total,80-89,1,0,1,1,0,1,0,0,0,0,0,0,0,0,0,0,0,0,0,0,0,0,0,0,0,0,0
C5120ST,10,214,District-Saharsa,Total,90+,0,0,0,0,0,0,0,0,0,0,0,0,0,0,0,0,0,0,0,0,0,0,0,0,0,0,0
C5120ST,10,214,District-Saharsa,Total,Age Not Stated,0,0,0,0,0,0,0,0,0,0,0,0,0,0,0,0,0,0,0,0,0,0,0,0,0,0,0
C5120ST,10,214,District-Saharsa,Rural,Total,83,42,41,21,9,12,35,18,17,7,4,3,6,2,4,1,1,0,1,1,0,10,7,3,2,0,2
C5120ST,10,214,District-Saharsa,Rural,0-4,9,4,5,3,1,2,2,1,1,0,0,0,2,0,2,0,0,0,0,0,0,2,2,0,0,0,0
C5120ST,10,214,District-Saharsa,Rural,5-9,9,2,7,3,1,2,4,0,4,1,0,1,0,0,0,0,0,0,0,0,0,1,1,0,0,0,0
C5120ST,10,214,District-Saharsa,Rural,10-19,20,12,8,5,3,2,11,8,3,1,1,0,2,0,2,0,0,0,0,0,0,1,0,1,0,0,0
C5120ST,10,214,District-Saharsa,Rural,20-29,15,8,7,2,1,1,6,2,4,2,2,0,0,0,0,1,1,0,0,0,0,3,2,1,1,0,1
C5120ST,10,214,District-Saharsa,Rural,30-39,11,6,5,1,0,1,8,4,4,0,0,0,1,1,0,0,0,0,1,1,0,0,0,0,0,0,0
C5120ST,10,214,District-Saharsa,Rural,40-49,6,3,3,4,1,3,0,0,0,0,0,0,1,1,0,0,0,0,0,0,0,1,1,0,0,0,0
C5120ST,10,214,District-Saharsa,Rural,50-59,2,1,1,0,0,0,0,0,0,1,0,1,0,0,0,0,0,0,0,0,0,1,1,0,0,0,0
C5120ST,10,214,District-Saharsa,Rural,60-69,8,5,3,2,2,0,3,2,1,2,1,1,0,0,0,0,0,0,0,0,0,1,0,1,0,0,0
C5120ST,10,214,District-Saharsa,Rural,70-79,2,1,1,0,0,0,1,1,0,0,0,0,0,0,0,0,0,0,0,0,0,0,0,0,1,0,1
C5120ST,10,214,District-Saharsa,Rural,80-89,1,0,1,1,0,1,0,0,0,0,0,0,0,0,0,0,0,0,0,0,0,0,0,0,0,0,0
C5120ST,10,214,District-Saharsa,Rural,90+,0,0,0,0,0,0,0,0,0,0,0,0,0,0,0,0,0,0,0,0,0,0,0,0,0,0,0
C5120ST,10,214,District-Saharsa,Rural,Age Not Stated,0,0,0,0,0,0,0,0,0,0,0,0,0,0,0,0,0,0,0,0,0,0,0,0,0,0,0
C5120ST,10,214,District-Saharsa,Urban,Total,13,6,7,1,1,0,10,3,7,0,0,0,1,1,0,1,1,0,0,0,0,0,0,0,0,0,0
C5120ST,10,214,District-Saharsa,Urban,0-4,1,1,0,0,0,0,1,1,0,0,0,0,0,0,0,0,0,0,0,0,0,0,0,0,0,0,0
C5120ST,10,214,District-Saharsa,Urban,5-9,1,1,0,0,0,0,1,1,0,0,0,0,0,0,0,0,0,0,0,0,0,0,0,0,0,0,0
C5120ST,10,214,District-Saharsa,Urban,10-19,7,3,4,0,0,0,5,1,4,0,0,0,1,1,0,1,1,0,0,0,0,0,0,0,0,0,0
C5120ST,10,214,District-Saharsa,Urban,20-29,1,0,1,0,0,0,1,0,1,0,0,0,0,0,0,0,0,0,0,0,0,0,0,0,0,0,0
C5120ST,10,214,District-Saharsa,Urban,30-39,0,0,0,0,0,0,0,0,0,0,0,0,0,0,0,0,0,0,0,0,0,0,0,0,0,0,0
C5120ST,10,214,District-Saharsa,Urban,40-49,1,0,1,0,0,0,1,0,1,0,0,0,0,0,0,0,0,0,0,0,0,0,0,0,0,0,0
C5120ST,10,214,District-Saharsa,Urban,50-59,2,1,1,1,1,0,1,0,1,0,0,0,0,0,0,0,0,0,0,0,0,0,0,0,0,0,0
C5120ST,10,214,District-Saharsa,Urban,60-69,0,0,0,0,0,0,0,0,0,0,0,0,0,0,0,0,0,0,0,0,0,0,0,0,0,0,0
C5120ST,10,214,District-Saharsa,Urban,70-79,0,0,0,0,0,0,0,0,0,0,0,0,0,0,0,0,0,0,0,0,0,0,0,0,0,0,0
C5120ST,10,214,District-Saharsa,Urban,80-89,0,0,0,0,0,0,0,0,0,0,0,0,0,0,0,0,0,0,0,0,0,0,0,0,0,0,0
C5120ST,10,214,District-Saharsa,Urban,90+,0,0,0,0,0,0,0,0,0,0,0,0,0,0,0,0,0,0,0,0,0,0,0,0,0,0,0
C5120ST,10,214,District-Saharsa,Urban,Age Not Stated,0,0,0,0,0,0,0,0,0,0,0,0,0,0,0,0,0,0,0,0,0,0,0,0,0,0,0
C5120ST,10,215,District-Darbhanga,Total,Total,46,27,19,7,4,3,12,4,8,6,5,1,7,6,1,2,0,2,4,4,0,6,2,4,2,2,0
C5120ST,10,215,District-Darbhanga,Total,0-4,2,0,2,1,0,1,1,0,1,0,0,0,0,0,0,0,0,0,0,0,0,0,0,0,0,0,0
C5120ST,10,215,District-Darbhanga,Total,5-9,5,5,0,0,0,0,1,1,0,3,3,0,0,0,0,0,0,0,0,0,0,1,1,0,0,0,0
C5120ST,10,215,District-Darbhanga,Total,10-19,10,5,5,2,2,0,2,0,2,0,0,0,2,1,1,2,0,2,0,0,0,1,1,0,1,1,0
C5120ST,10,215,District-Darbhanga,Total,20-29,10,6,4,2,1,1,2,1,1,0,0,0,2,2,0,0,0,0,2,2,0,2,0,2,0,0,0
C5120ST,10,215,District-Darbhanga,Total,30-39,7,6,1,1,1,0,1,1,0,3,2,1,0,0,0,0,0,0,2,2,0,0,0,0,0,0,0
C5120ST,10,215,District-Darbhanga,Total,40-49,3,1,2,0,0,0,1,0,1,0,0,0,1,1,0,0,0,0,0,0,0,1,0,1,0,0,0
C5120ST,10,215,District-Darbhanga,Total,50-59,5,2,3,1,0,1,3,1,2,0,0,0,0,0,0,0,0,0,0,0,0,0,0,0,1,1,0
C5120ST,10,215,District-Darbhanga,Total,60-69,3,1,2,0,0,0,1,0,1,0,0,0,1,1,0,0,0,0,0,0,0,1,0,1,0,0,0
C5120ST,10,215,District-Darbhanga,Total,70-79,1,1,0,0,0,0,0,0,0,0,0,0,1,1,0,0,0,0,0,0,0,0,0,0,0,0,0
C5120ST,10,215,District-Darbhanga,Total,80-89,0,0,0,0,0,0,0,0,0,0,0,0,0,0,0,0,0,0,0,0,0,0,0,0,0,0,0
C5120ST,10,215,District-Darbhanga,Total,90+,0,0,0,0,0,0,0,0,0,0,0,0,0,0,0,0,0,0,0,0,0,0,0,0,0,0,0
C5120ST,10,215,District-Darbhanga,Total,Age Not Stated,0,0,0,0,0,0,0,0,0,0,0,0,0,0,0,0,0,0,0,0,0,0,0,0,0,0,0
C5120ST,10,215,District-Darbhanga,Rural,Total,42,23,19,7,4,3,12,4,8,6,5,1,7,6,1,2,0,2,0,0,0,6,2,4,2,2,0
C5120ST,10,215,District-Darbhanga,Rural,0-4,2,0,2,1,0,1,1,0,1,0,0,0,0,0,0,0,0,0,0,0,0,0,0,0,0,0,0
C5120ST,10,215,District-Darbhanga,Rural,5-9,5,5,0,0,0,0,1,1,0,3,3,0,0,0,0,0,0,0,0,0,0,1,1,0,0,0,0
C5120ST,10,215,District-Darbhanga,Rural,10-19,10,5,5,2,2,0,2,0,2,0,0,0,2,1,1,2,0,2,0,0,0,1,1,0,1,1,0
C5120ST,10,215,District-Darbhanga,Rural,20-29,8,4,4,2,1,1,2,1,1,0,0,0,2,2,0,0,0,0,0,0,0,2,0,2,0,0,0
C5120ST,10,215,District-Darbhanga,Rural,30-39,5,4,1,1,1,0,1,1,0,3,2,1,0,0,0,0,0,0,0,0,0,0,0,0,0,0,0
C5120ST,10,215,District-Darbhanga,Rural,40-49,3,1,2,0,0,0,1,0,1,0,0,0,1,1,0,0,0,0,0,0,0,1,0,1,0,0,0
C5120ST,10,215,District-Darbhanga,Rural,50-59,5,2,3,1,0,1,3,1,2,0,0,0,0,0,0,0,0,0,0,0,0,0,0,0,1,1,0
C5120ST,10,215,District-Darbhanga,Rural,60-69,3,1,2,0,0,0,1,0,1,0,0,0,1,1,0,0,0,0,0,0,0,1,0,1,0,0,0
C5120ST,10,215,District-Darbhanga,Rural,70-79,1,1,0,0,0,0,0,0,0,0,0,0,1,1,0,0,0,0,0,0,0,0,0,0,0,0,0
C5120ST,10,215,District-Darbhanga,Rural,80-89,0,0,0,0,0,0,0,0,0,0,0,0,0,0,0,0,0,0,0,0,0,0,0,0,0,0,0
C5120ST,10,215,District-Darbhanga,Rural,90+,0,0,0,0,0,0,0,0,0,0,0,0,0,0,0,0,0,0,0,0,0,0,0,0,0,0,0
C5120ST,10,215,District-Darbhanga,Rural,Age Not Stated,0,0,0,0,0,0,0,0,0,0,0,0,0,0,0,0,0,0,0,0,0,0,0,0,0,0,0
C5120ST,10,215,District-Darbhanga,Urban,Total,4,4,0,0,0,0,0,0,0,0,0,0,0,0,0,0,0,0,4,4,0,0,0,0,0,0,0
C5120ST,10,215,District-Darbhanga,Urban,0-4,0,0,0,0,0,0,0,0,0,0,0,0,0,0,0,0,0,0,0,0,0,0,0,0,0,0,0
C5120ST,10,215,District-Darbhanga,Urban,5-9,0,0,0,0,0,0,0,0,0,0,0,0,0,0,0,0,0,0,0,0,0,0,0,0,0,0,0
C5120ST,10,215,District-Darbhanga,Urban,10-19,0,0,0,0,0,0,0,0,0,0,0,0,0,0,0,0,0,0,0,0,0,0,0,0,0,0,0
C5120ST,10,215,District-Darbhanga,Urban,20-29,2,2,0,0,0,0,0,0,0,0,0,0,0,0,0,0,0,0,2,2,0,0,0,0,0,0,0
C5120ST,10,215,District-Darbhanga,Urban,30-39,2,2,0,0,0,0,0,0,0,0,0,0,0,0,0,0,0,0,2,2,0,0,0,0,0,0,0
C5120ST,10,215,District-Darbhanga,Urban,40-49,0,0,0,0,0,0,0,0,0,0,0,0,0,0,0,0,0,0,0,0,0,0,0,0,0,0,0
C5120ST,10,215,District-Darbhanga,Urban,50-59,0,0,0,0,0,0,0,0,0,0,0,0,0,0,0,0,0,0,0,0,0,0,0,0,0,0,0
C5120ST,10,215,District-Darbhanga,Urban,60-69,0,0,0,0,0,0,0,0,0,0,0,0,0,0,0,0,0,0,0,0,0,0,0,0,0,0,0
C5120ST,10,215,District-Darbhanga,Urban,70-79,0,0,0,0,0,0,0,0,0,0,0,0,0,0,0,0,0,0,0,0,0,0,0,0,0,0,0
C5120ST,10,215,District-Darbhanga,Urban,80-89,0,0,0,0,0,0,0,0,0,0,0,0,0,0,0,0,0,0,0,0,0,0,0,0,0,0,0
C5120ST,10,215,District-Darbhanga,Urban,90+,0,0,0,0,0,0,0,0,0,0,0,0,0,0,0,0,0,0,0,0,0,0,0,0,0,0,0
C5120ST,10,215,District-Darbhanga,Urban,Age Not Stated,0,0,0,0,0,0,0,0,0,0,0,0,0,0,0,0,0,0,0,0,0,0,0,0,0,0,0
C5120ST,10,216,District-Muzaffarpur,Total,Total,152,88,64,66,38,28,25,15,10,4,1,3,12,8,4,5,3,2,2,1,1,27,16,11,11,6,5
C5120ST,10,216,District-Muzaffarpur,Total,0-4,12,4,8,7,3,4,2,0,2,0,0,0,0,0,0,0,0,0,0,0,0,2,0,2,1,1,0
C5120ST,10,216,District-Muzaffarpur,Total,5-9,18,10,8,8,5,3,4,2,2,1,0,1,1,1,0,2,1,1,0,0,0,2,1,1,0,0,0
C5120ST,10,216,District-Muzaffarpur,Total,10-19,22,17,5,8,6,2,8,7,1,1,0,1,1,1,0,0,0,0,1,1,0,2,1,1,1,1,0
C5120ST,10,216,District-Muzaffarpur,Total,20-29,19,8,11,10,4,6,2,0,2,0,0,0,1,1,0,0,0,0,0,0,0,3,2,1,3,1,2
C5120ST,10,216,District-Muzaffarpur,Total,30-39,21,15,6,11,9,2,2,1,1,1,1,0,2,1,1,1,1,0,0,0,0,4,2,2,0,0,0
C5120ST,10,216,District-Muzaffarpur,Total,40-49,17,12,5,5,4,1,1,0,1,0,0,0,1,1,0,0,0,0,0,0,0,9,7,2,1,0,1
C5120ST,10,216,District-Muzaffarpur,Total,50-59,10,4,6,5,1,4,1,1,0,0,0,0,2,1,1,0,0,0,0,0,0,1,1,0,1,0,1
C5120ST,10,216,District-Muzaffarpur,Total,60-69,18,10,8,7,3,4,2,1,1,0,0,0,3,2,1,1,1,0,1,0,1,1,1,0,3,2,1
C5120ST,10,216,District-Muzaffarpur,Total,70-79,12,6,6,4,2,2,3,3,0,1,0,1,1,0,1,1,0,1,0,0,0,2,1,1,0,0,0
C5120ST,10,216,District-Muzaffarpur,Total,80-89,1,1,0,1,1,0,0,0,0,0,0,0,0,0,0,0,0,0,0,0,0,0,0,0,0,0,0
C5120ST,10,216,District-Muzaffarpur,Total,90+,1,1,0,0,0,0,0,0,0,0,0,0,0,0,0,0,0,0,0,0,0,0,0,0,1,1,0
C5120ST,10,216,District-Muzaffarpur,Total,Age Not Stated,1,0,1,0,0,0,0,0,0,0,0,0,0,0,0,0,0,0,0,0,0,1,0,1,0,0,0
C5120ST,10,216,District-Muzaffarpur,Rural,Total,130,77,53,65,38,27,22,14,8,1,0,1,11,7,4,4,2,2,0,0,0,17,10,7,10,6,4
C5120ST,10,216,District-Muzaffarpur,Rural,0-4,11,4,7,7,3,4,2,0,2,0,0,0,0,0,0,0,0,0,0,0,0,1,0,1,1,1,0
C5120ST,10,216,District-Muzaffarpur,Rural,5-9,15,9,6,8,5,3,4,2,2,0,0,0,0,0,0,2,1,1,0,0,0,1,1,0,0,0,0
C5120ST,10,216,District-Muzaffarpur,Rural,10-19,18,14,4,8,6,2,7,6,1,0,0,0,1,1,0,0,0,0,0,0,0,1,0,1,1,1,0
C5120ST,10,216,District-Muzaffarpur,Rural,20-29,17,8,9,10,4,6,1,0,1,0,0,0,1,1,0,0,0,0,0,0,0,3,2,1,2,1,1
C5120ST,10,216,District-Muzaffarpur,Rural,30-39,19,14,5,10,9,1,2,1,1,0,0,0,2,1,1,1,1,0,0,0,0,4,2,2,0,0,0
C5120ST,10,216,District-Muzaffarpur,Rural,40-49,12,9,3,5,4,1,0,0,0,0,0,0,1,1,0,0,0,0,0,0,0,5,4,1,1,0,1
C5120ST,10,216,District-Muzaffarpur,Rural,50-59,10,4,6,5,1,4,1,1,0,0,0,0,2,1,1,0,0,0,0,0,0,1,1,0,1,0,1
C5120ST,10,216,District-Muzaffarpur,Rural,60-69,15,8,7,7,3,4,2,1,1,0,0,0,3,2,1,0,0,0,0,0,0,0,0,0,3,2,1
C5120ST,10,216,District-Muzaffarpur,Rural,70-79,10,5,5,4,2,2,3,3,0,1,0,1,1,0,1,1,0,1,0,0,0,0,0,0,0,0,0
C5120ST,10,216,District-Muzaffarpur,Rural,80-89,1,1,0,1,1,0,0,0,0,0,0,0,0,0,0,0,0,0,0,0,0,0,0,0,0,0,0
C5120ST,10,216,District-Muzaffarpur,Rural,90+,1,1,0,0,0,0,0,0,0,0,0,0,0,0,0,0,0,0,0,0,0,0,0,0,1,1,0
C5120ST,10,216,District-Muzaffarpur,Rural,Age Not Stated,1,0,1,0,0,0,0,0,0,0,0,0,0,0,0,0,0,0,0,0,0,1,0,1,0,0,0
C5120ST,10,216,District-Muzaffarpur,Urban,Total,22,11,11,1,0,1,3,1,2,3,1,2,1,1,0,1,1,0,2,1,1,10,6,4,1,0,1
C5120ST,10,216,District-Muzaffarpur,Urban,0-4,1,0,1,0,0,0,0,0,0,0,0,0,0,0,0,0,0,0,0,0,0,1,0,1,0,0,0
C5120ST,10,216,District-Muzaffarpur,Urban,5-9,3,1,2,0,0,0,0,0,0,1,0,1,1,1,0,0,0,0,0,0,0,1,0,1,0,0,0
C5120ST,10,216,District-Muzaffarpur,Urban,10-19,4,3,1,0,0,0,1,1,0,1,0,1,0,0,0,0,0,0,1,1,0,1,1,0,0,0,0
C5120ST,10,216,District-Muzaffarpur,Urban,20-29,2,0,2,0,0,0,1,0,1,0,0,0,0,0,0,0,0,0,0,0,0,0,0,0,1,0,1
C5120ST,10,216,District-Muzaffarpur,Urban,30-39,2,1,1,1,0,1,0,0,0,1,1,0,0,0,0,0,0,0,0,0,0,0,0,0,0,0,0
C5120ST,10,216,District-Muzaffarpur,Urban,40-49,5,3,2,0,0,0,1,0,1,0,0,0,0,0,0,0,0,0,0,0,0,4,3,1,0,0,0
C5120ST,10,216,District-Muzaffarpur,Urban,50-59,0,0,0,0,0,0,0,0,0,0,0,0,0,0,0,0,0,0,0,0,0,0,0,0,0,0,0
C5120ST,10,216,District-Muzaffarpur,Urban,60-69,3,2,1,0,0,0,0,0,0,0,0,0,0,0,0,1,1,0,1,0,1,1,1,0,0,0,0
C5120ST,10,216,District-Muzaffarpur,Urban,70-79,2,1,1,0,0,0,0,0,0,0,0,0,0,0,0,0,0,0,0,0,0,2,1,1,0,0,0
C5120ST,10,216,District-Muzaffarpur,Urban,80-89,0,0,0,0,0,0,0,0,0,0,0,0,0,0,0,0,0,0,0,0,0,0,0,0,0,0,0
C5120ST,10,216,District-Muzaffarpur,Urban,90+,0,0,0,0,0,0,0,0,0,0,0,0,0,0,0,0,0,0,0,0,0,0,0,0,0,0,0
C5120ST,10,216,District-Muzaffarpur,Urban,Age Not Stated,0,0,0,0,0,0,0,0,0,0,0,0,0,0,0,0,0,0,0,0,0,0,0,0,0,0,0
C5120ST,10,217,District-Gopalganj,Total,Total,1237,696,541,228,132,96,305,163,142,103,51,52,243,153,90,70,40,30,23,12,11,206,110,96,59,35,24
C5120ST,10,217,District-Gopalganj,Total,0-4,85,41,44,13,8,5,28,12,16,3,1,2,8,3,5,4,2,2,0,0,0,24,11,13,5,4,1
C5120ST,10,217,District-Gopalganj,Total,5-9,145,77,68,43,24,19,41,23,18,13,5,8,10,6,4,6,3,3,0,0,0,25,12,13,7,4,3
C5120ST,10,217,District-Gopalganj,Total,10-19,310,180,130,59,34,25,78,43,35,28,13,15,54,39,15,24,15,9,8,3,5,44,23,21,15,10,5
C5120ST,10,217,District-Gopalganj,Total,20-29,160,93,67,17,11,6,35,16,19,16,8,8,35,24,11,12,6,6,4,2,2,33,21,12,8,5,3
C5120ST,10,217,District-Gopalganj,Total,30-39,148,86,62,23,14,9,40,22,18,16,7,9,25,14,11,10,6,4,3,3,0,21,13,8,10,7,3
C5120ST,10,217,District-Gopalganj,Total,40-49,143,84,59,21,16,5,34,19,15,12,8,4,38,22,16,8,6,2,2,1,1,26,11,15,2,1,1
C5120ST,10,217,District-Gopalganj,Total,50-59,79,44,35,16,9,7,16,8,8,2,1,1,24,16,8,2,1,1,2,1,1,15,8,7,2,0,2
C5120ST,10,217,District-Gopalganj,Total,60-69,99,51,48,20,8,12,20,8,12,8,6,2,30,17,13,3,1,2,1,1,0,11,7,4,6,3,3
C5120ST,10,217,District-Gopalganj,Total,70-79,50,27,23,14,8,6,7,6,1,3,1,2,13,8,5,1,0,1,3,1,2,6,3,3,3,0,3
C5120ST,10,217,District-Gopalganj,Total,80-89,14,10,4,1,0,1,4,4,0,2,1,1,5,3,2,0,0,0,0,0,0,1,1,0,1,1,0
C5120ST,10,217,District-Gopalganj,Total,90+,4,3,1,1,0,1,2,2,0,0,0,0,1,1,0,0,0,0,0,0,0,0,0,0,0,0,0
C5120ST,10,217,District-Gopalganj,Total,Age Not Stated,0,0,0,0,0,0,0,0,0,0,0,0,0,0,0,0,0,0,0,0,0,0,0,0,0,0,0
C5120ST,10,217,District-Gopalganj,Rural,Total,1209,678,531,224,129,95,302,161,141,94,46,48,236,147,89,68,38,30,23,12,11,203,110,93,59,35,24
C5120ST,10,217,District-Gopalganj,Rural,0-4,83,40,43,12,7,5,28,12,16,3,1,2,8,3,5,4,2,2,0,0,0,23,11,12,5,4,1
C5120ST,10,217,District-Gopalganj,Rural,5-9,142,76,66,42,24,18,41,23,18,13,5,8,9,5,4,6,3,3,0,0,0,24,12,12,7,4,3
C5120ST,10,217,District-Gopalganj,Rural,10-19,300,174,126,57,32,25,77,42,35,24,11,13,53,39,14,23,14,9,8,3,5,43,23,20,15,10,5
C5120ST,10,217,District-Gopalganj,Rural,20-29,155,90,65,17,11,6,34,16,18,14,7,7,34,23,11,11,5,6,4,2,2,33,21,12,8,5,3
C5120ST,10,217,District-Gopalganj,Rural,30-39,145,84,61,23,14,9,40,22,18,14,6,8,24,13,11,10,6,4,3,3,0,21,13,8,10,7,3
C5120ST,10,217,District-Gopalganj,Rural,40-49,141,82,59,21,16,5,34,19,15,11,7,4,37,21,16,8,6,2,2,1,1,26,11,15,2,1,1
C5120ST,10,217,District-Gopalganj,Rural,50-59,78,43,35,16,9,7,16,8,8,2,1,1,23,15,8,2,1,1,2,1,1,15,8,7,2,0,2
C5120ST,10,217,District-Gopalganj,Rural,60-69,99,51,48,20,8,12,20,8,12,8,6,2,30,17,13,3,1,2,1,1,0,11,7,4,6,3,3
C5120ST,10,217,District-Gopalganj,Rural,70-79,49,26,23,14,8,6,7,6,1,3,1,2,12,7,5,1,0,1,3,1,2,6,3,3,3,0,3
C5120ST,10,217,District-Gopalganj,Rural,80-89,13,9,4,1,0,1,3,3,0,2,1,1,5,3,2,0,0,0,0,0,0,1,1,0,1,1,0
C5120ST,10,217,District-Gopalganj,Rural,90+,4,3,1,1,0,1,2,2,0,0,0,0,1,1,0,0,0,0,0,0,0,0,0,0,0,0,0
C5120ST,10,217,District-Gopalganj,Rural,Age Not Stated,0,0,0,0,0,0,0,0,0,0,0,0,0,0,0,0,0,0,0,0,0,0,0,0,0,0,0
C5120ST,10,217,District-Gopalganj,Urban,Total,28,18,10,4,3,1,3,2,1,9,5,4,7,6,1,2,2,0,0,0,0,3,0,3,0,0,0
C5120ST,10,217,District-Gopalganj,Urban,0-4,2,1,1,1,1,0,0,0,0,0,0,0,0,0,0,0,0,0,0,0,0,1,0,1,0,0,0
C5120ST,10,217,District-Gopalganj,Urban,5-9,3,1,2,1,0,1,0,0,0,0,0,0,1,1,0,0,0,0,0,0,0,1,0,1,0,0,0
C5120ST,10,217,District-Gopalganj,Urban,10-19,10,6,4,2,2,0,1,1,0,4,2,2,1,0,1,1,1,0,0,0,0,1,0,1,0,0,0
C5120ST,10,217,District-Gopalganj,Urban,20-29,5,3,2,0,0,0,1,0,1,2,1,1,1,1,0,1,1,0,0,0,0,0,0,0,0,0,0
C5120ST,10,217,District-Gopalganj,Urban,30-39,3,2,1,0,0,0,0,0,0,2,1,1,1,1,0,0,0,0,0,0,0,0,0,0,0,0,0
C5120ST,10,217,District-Gopalganj,Urban,40-49,2,2,0,0,0,0,0,0,0,1,1,0,1,1,0,0,0,0,0,0,0,0,0,0,0,0,0
C5120ST,10,217,District-Gopalganj,Urban,50-59,1,1,0,0,0,0,0,0,0,0,0,0,1,1,0,0,0,0,0,0,0,0,0,0,0,0,0
C5120ST,10,217,District-Gopalganj,Urban,60-69,0,0,0,0,0,0,0,0,0,0,0,0,0,0,0,0,0,0,0,0,0,0,0,0,0,0,0
C5120ST,10,217,District-Gopalganj,Urban,70-79,1,1,0,0,0,0,0,0,0,0,0,0,1,1,0,0,0,0,0,0,0,0,0,0,0,0,0
C5120ST,10,217,District-Gopalganj,Urban,80-89,1,1,0,0,0,0,1,1,0,0,0,0,0,0,0,0,0,0,0,0,0,0,0,0,0,0,0
C5120ST,10,217,District-Gopalganj,Urban,90+,0,0,0,0,0,0,0,0,0,0,0,0,0,0,0,0,0,0,0,0,0,0,0,0,0,0,0
C5120ST,10,217,District-Gopalganj,Urban,Age Not Stated,0,0,0,0,0,0,0,0,0,0,0,0,0,0,0,0,0,0,0,0,0,0,0,0,0,0,0
C5120ST,10,218,District-Siwan,Total,Total,1670,991,679,334,173,161,372,219,153,170,91,79,331,223,108,64,28,36,34,28,6,269,170,99,96,59,37
C5120ST,10,218,District-Siwan,Total,0-4,113,56,57,28,14,14,29,12,17,1,0,1,13,6,7,0,0,0,1,1,0,33,20,13,8,3,5
C5120ST,10,218,District-Siwan,Total,5-9,167,89,78,31,16,15,38,21,17,23,13,10,22,12,10,11,4,7,1,1,0,28,15,13,13,7,6
C5120ST,10,218,District-Siwan,Total,10-19,376,215,161,70,38,32,72,49,23,58,27,31,63,36,27,22,10,12,7,6,1,58,33,25,26,16,10
C5120ST,10,218,District-Siwan,Total,20-29,253,155,98,50,27,23,65,37,28,23,11,12,46,37,9,9,4,5,6,5,1,39,21,18,15,13,2
C5120ST,10,218,District-Siwan,Total,30-39,197,125,72,30,15,15,48,26,22,27,17,10,36,30,6,7,3,4,7,5,2,35,25,10,7,4,3
C5120ST,10,218,District-Siwan,Total,40-49,143,94,49,24,9,15,28,15,13,11,8,3,36,27,9,6,4,2,2,2,0,31,27,4,5,2,3
C5120ST,10,218,District-Siwan,Total,50-59,116,68,48,25,13,12,32,18,14,14,8,6,22,14,8,4,1,3,3,2,1,12,9,3,4,3,1
C5120ST,10,218,District-Siwan,Total,60-69,168,99,69,39,21,18,34,19,15,10,4,6,48,31,17,3,1,2,5,4,1,20,13,7,9,6,3
C5120ST,10,218,District-Siwan,Total,70-79,83,53,30,23,10,13,15,14,1,2,2,0,26,17,9,2,1,1,2,2,0,7,4,3,6,3,3
C5120ST,10,218,District-Siwan,Total,80-89,44,29,15,11,8,3,9,7,2,1,1,0,15,9,6,0,0,0,0,0,0,5,2,3,3,2,1
C5120ST,10,218,District-Siwan,Total,90+,6,4,2,2,1,1,1,0,1,0,0,0,3,3,0,0,0,0,0,0,0,0,0,0,0,0,0
C5120ST,10,218,District-Siwan,Total,Age Not Stated,4,4,0,1,1,0,1,1,0,0,0,0,1,1,0,0,0,0,0,0,0,1,1,0,0,0,0
C5120ST,10,218,District-Siwan,Rural,Total,1627,964,663,319,164,155,360,211,149,167,90,77,325,218,107,61,27,34,34,28,6,266,168,98,95,58,37
C5120ST,10,218,District-Siwan,Rural,0-4,111,55,56,28,14,14,27,11,16,1,0,1,13,6,7,0,0,0,1,1,0,33,20,13,8,3,5
C5120ST,10,218,District-Siwan,Rural,5-9,161,86,75,29,15,14,35,19,16,23,13,10,22,12,10,10,4,6,1,1,0,28,15,13,13,7,6
C5120ST,10,218,District-Siwan,Rural,10-19,366,210,156,67,36,31,70,48,22,57,27,30,61,34,27,21,10,11,7,6,1,57,33,24,26,16,10
C5120ST,10,218,District-Siwan,Rural,20-29,247,152,95,45,24,21,65,37,28,22,11,11,46,37,9,9,4,5,6,5,1,39,21,18,15,13,2
C5120ST,10,218,District-Siwan,Rural,30-39,192,120,72,29,14,15,46,24,22,27,17,10,36,30,6,6,2,4,7,5,2,34,24,10,7,4,3
C5120ST,10,218,District-Siwan,Rural,40-49,139,91,48,21,7,14,28,15,13,10,7,3,36,27,9,6,4,2,2,2,0,31,27,4,5,2,3
C5120ST,10,218,District-Siwan,Rural,50-59,114,67,47,25,13,12,31,18,13,14,8,6,22,14,8,4,1,3,3,2,1,12,9,3,3,2,1
C5120ST,10,218,District-Siwan,Rural,60-69,163,95,68,39,21,18,33,18,15,10,4,6,45,29,16,3,1,2,5,4,1,19,12,7,9,6,3
C5120ST,10,218,District-Siwan,Rural,70-79,81,52,29,22,10,12,15,14,1,2,2,0,25,16,9,2,1,1,2,2,0,7,4,3,6,3,3
C5120ST,10,218,District-Siwan,Rural,80-89,43,28,15,11,8,3,8,6,2,1,1,0,15,9,6,0,0,0,0,0,0,5,2,3,3,2,1
C5120ST,10,218,District-Siwan,Rural,90+,6,4,2,2,1,1,1,0,1,0,0,0,3,3,0,0,0,0,0,0,0,0,0,0,0,0,0
C5120ST,10,218,District-Siwan,Rural,Age Not Stated,4,4,0,1,1,0,1,1,0,0,0,0,1,1,0,0,0,0,0,0,0,1,1,0,0,0,0
C5120ST,10,218,District-Siwan,Urban,Total,43,27,16,15,9,6,12,8,4,3,1,2,6,5,1,3,1,2,0,0,0,3,2,1,1,1,0
C5120ST,10,218,District-Siwan,Urban,0-4,2,1,1,0,0,0,2,1,1,0,0,0,0,0,0,0,0,0,0,0,0,0,0,0,0,0,0
C5120ST,10,218,District-Siwan,Urban,5-9,6,3,3,2,1,1,3,2,1,0,0,0,0,0,0,1,0,1,0,0,0,0,0,0,0,0,0
C5120ST,10,218,District-Siwan,Urban,10-19,10,5,5,3,2,1,2,1,1,1,0,1,2,2,0,1,0,1,0,0,0,1,0,1,0,0,0
C5120ST,10,218,District-Siwan,Urban,20-29,6,3,3,5,3,2,0,0,0,1,0,1,0,0,0,0,0,0,0,0,0,0,0,0,0,0,0
C5120ST,10,218,District-Siwan,Urban,30-39,5,5,0,1,1,0,2,2,0,0,0,0,0,0,0,1,1,0,0,0,0,1,1,0,0,0,0
C5120ST,10,218,District-Siwan,Urban,40-49,4,3,1,3,2,1,0,0,0,1,1,0,0,0,0,0,0,0,0,0,0,0,0,0,0,0,0
C5120ST,10,218,District-Siwan,Urban,50-59,2,1,1,0,0,0,1,0,1,0,0,0,0,0,0,0,0,0,0,0,0,0,0,0,1,1,0
C5120ST,10,218,District-Siwan,Urban,60-69,5,4,1,0,0,0,1,1,0,0,0,0,3,2,1,0,0,0,0,0,0,1,1,0,0,0,0
C5120ST,10,218,District-Siwan,Urban,70-79,2,1,1,1,0,1,0,0,0,0,0,0,1,1,0,0,0,0,0,0,0,0,0,0,0,0,0
C5120ST,10,218,District-Siwan,Urban,80-89,1,1,0,0,0,0,1,1,0,0,0,0,0,0,0,0,0,0,0,0,0,0,0,0,0,0,0
C5120ST,10,218,District-Siwan,Urban,90+,0,0,0,0,0,0,0,0,0,0,0,0,0,0,0,0,0,0,0,0,0,0,0,0,0,0,0
C5120ST,10,218,District-Siwan,Urban,Age Not Stated,0,0,0,0,0,0,0,0,0,0,0,0,0,0,0,0,0,0,0,0,0,0,0,0,0,0,0
C5120ST,10,219,District-Saran,Total,Total,827,465,362,224,109,115,151,81,70,63,39,24,167,109,58,29,20,9,17,13,4,134,72,62,42,22,20
C5120ST,10,219,District-Saran,Total,0-4,52,22,30,19,9,10,10,6,4,1,1,0,4,0,4,1,0,1,1,1,0,15,5,10,1,0,1
C5120ST,10,219,District-Saran,Total,5-9,88,51,37,19,11,8,15,6,9,12,6,6,17,12,5,1,0,1,2,2,0,19,11,8,3,3,0
C5120ST,10,219,District-Saran,Total,10-19,175,108,67,41,24,17,36,17,19,16,10,6,25,21,4,12,9,3,6,4,2,29,17,12,10,6,4
C5120ST,10,219,District-Saran,Total,20-29,99,54,45,23,8,15,13,8,5,14,8,6,18,12,6,6,3,3,2,1,1,20,11,9,3,3,0
C5120ST,10,219,District-Saran,Total,30-39,99,58,41,26,10,16,18,12,6,8,6,2,23,16,7,4,4,0,2,2,0,15,6,9,3,2,1
C5120ST,10,219,District-Saran,Total,40-49,72,49,23,18,14,4,19,10,9,4,3,1,17,10,7,3,3,0,1,1,0,9,7,2,1,1,0
C5120ST,10,219,District-Saran,Total,50-59,47,26,21,12,3,9,10,6,4,2,1,1,12,10,2,0,0,0,1,1,0,7,4,3,3,1,2
C5120ST,10,219,District-Saran,Total,60-69,100,51,49,31,15,16,15,7,8,3,2,1,29,18,11,1,0,1,1,1,0,14,6,8,6,2,4
C5120ST,10,219,District-Saran,Total,70-79,66,34,32,25,11,14,12,6,6,1,1,0,13,7,6,1,1,0,1,0,1,4,4,0,9,4,5
C5120ST,10,219,District-Saran,Total,80-89,20,10,10,9,3,6,3,3,0,0,0,0,7,3,4,0,0,0,0,0,0,1,1,0,0,0,0
C5120ST,10,219,District-Saran,Total,90+,9,2,7,1,1,0,0,0,0,2,1,1,2,0,2,0,0,0,0,0,0,1,0,1,3,0,3
C5120ST,10,219,District-Saran,Total,Age Not Stated,0,0,0,0,0,0,0,0,0,0,0,0,0,0,0,0,0,0,0,0,0,0,0,0,0,0,0
C5120ST,10,219,District-Saran,Rural,Total,800,447,353,217,104,113,148,80,68,63,39,24,161,105,56,25,17,8,17,13,4,128,67,61,41,22,19
C5120ST,10,219,District-Saran,Rural,0-4,50,21,29,19,9,10,10,6,4,1,1,0,4,0,4,1,0,1,1,1,0,13,4,9,1,0,1
C5120ST,10,219,District-Saran,Rural,5-9,85,50,35,18,11,7,14,6,8,12,6,6,17,12,5,1,0,1,2,2,0,18,10,8,3,3,0
C5120ST,10,219,District-Saran,Rural,10-19,169,104,65,38,22,16,36,17,19,16,10,6,25,21,4,10,8,2,6,4,2,28,16,12,10,6,4
C5120ST,10,219,District-Saran,Rural,20-29,97,52,45,23,8,15,13,8,5,14,8,6,18,12,6,5,2,3,2,1,1,19,10,9,3,3,0
C5120ST,10,219,District-Saran,Rural,30-39,96,56,40,25,9,16,17,12,5,8,6,2,22,15,7,4,4,0,2,2,0,15,6,9,3,2,1
C5120ST,10,219,District-Saran,Rural,40-49,72,49,23,18,14,4,19,10,9,4,3,1,17,10,7,3,3,0,1,1,0,9,7,2,1,1,0
C5120ST,10,219,District-Saran,Rural,50-59,45,24,21,11,2,9,10,6,4,2,1,1,12,10,2,0,0,0,1,1,0,6,3,3,3,1,2
C5120ST,10,219,District-Saran,Rural,60-69,97,48,49,30,14,16,15,7,8,3,2,1,27,16,11,1,0,1,1,1,0,14,6,8,6,2,4
C5120ST,10,219,District-Saran,Rural,70-79,60,31,29,25,11,14,11,5,6,1,1,0,10,6,4,0,0,0,1,0,1,4,4,0,8,4,4
C5120ST,10,219,District-Saran,Rural,80-89,20,10,10,9,3,6,3,3,0,0,0,0,7,3,4,0,0,0,0,0,0,1,1,0,0,0,0
C5120ST,10,219,District-Saran,Rural,90+,9,2,7,1,1,0,0,0,0,2,1,1,2,0,2,0,0,0,0,0,0,1,0,1,3,0,3
C5120ST,10,219,District-Saran,Rural,Age Not Stated,0,0,0,0,0,0,0,0,0,0,0,0,0,0,0,0,0,0,0,0,0,0,0,0,0,0,0
C5120ST,10,219,District-Saran,Urban,Total,27,18,9,7,5,2,3,1,2,0,0,0,6,4,2,4,3,1,0,0,0,6,5,1,1,0,1
C5120ST,10,219,District-Saran,Urban,0-4,2,1,1,0,0,0,0,0,0,0,0,0,0,0,0,0,0,0,0,0,0,2,1,1,0,0,0
C5120ST,10,219,District-Saran,Urban,5-9,3,1,2,1,0,1,1,0,1,0,0,0,0,0,0,0,0,0,0,0,0,1,1,0,0,0,0
C5120ST,10,219,District-Saran,Urban,10-19,6,4,2,3,2,1,0,0,0,0,0,0,0,0,0,2,1,1,0,0,0,1,1,0,0,0,0
C5120ST,10,219,District-Saran,Urban,20-29,2,2,0,0,0,0,0,0,0,0,0,0,0,0,0,1,1,0,0,0,0,1,1,0,0,0,0
C5120ST,10,219,District-Saran,Urban,30-39,3,2,1,1,1,0,1,0,1,0,0,0,1,1,0,0,0,0,0,0,0,0,0,0,0,0,0
C5120ST,10,219,District-Saran,Urban,40-49,0,0,0,0,0,0,0,0,0,0,0,0,0,0,0,0,0,0,0,0,0,0,0,0,0,0,0
C5120ST,10,219,District-Saran,Urban,50-59,2,2,0,1,1,0,0,0,0,0,0,0,0,0,0,0,0,0,0,0,0,1,1,0,0,0,0
C5120ST,10,219,District-Saran,Urban,60-69,3,3,0,1,1,0,0,0,0,0,0,0,2,2,0,0,0,0,0,0,0,0,0,0,0,0,0
C5120ST,10,219,District-Saran,Urban,70-79,6,3,3,0,0,0,1,1,0,0,0,0,3,1,2,1,1,0,0,0,0,0,0,0,1,0,1
C5120ST,10,219,District-Saran,Urban,80-89,0,0,0,0,0,0,0,0,0,0,0,0,0,0,0,0,0,0,0,0,0,0,0,0,0,0,0
C5120ST,10,219,District-Saran,Urban,90+,0,0,0,0,0,0,0,0,0,0,0,0,0,0,0,0,0,0,0,0,0,0,0,0,0,0,0
C5120ST,10,219,District-Saran,Urban,Age Not Stated,0,0,0,0,0,0,0,0,0,0,0,0,0,0,0,0,0,0,0,0,0,0,0,0,0,0,0
C5120ST,10,220,District-Vaishali,Total,Total,72,48,24,23,14,9,14,9,5,10,6,4,5,4,1,3,1,2,0,0,0,12,10,2,5,4,1
C5120ST,10,220,District-Vaishali,Total,0-4,5,3,2,2,1,1,1,0,1,1,1,0,0,0,0,0,0,0,0,0,0,1,1,0,0,0,0
C5120ST,10,220,District-Vaishali,Total,5-9,6,3,3,3,2,1,2,0,2,0,0,0,1,1,0,0,0,0,0,0,0,0,0,0,0,0,0
C5120ST,10,220,District-Vaishali,Total,10-19,21,16,5,4,4,0,3,2,1,5,4,1,2,1,1,1,0,1,0,0,0,4,3,1,2,2,0
C5120ST,10,220,District-Vaishali,Total,20-29,8,6,2,3,2,1,2,2,0,0,0,0,0,0,0,1,0,1,0,0,0,2,2,0,0,0,0
C5120ST,10,220,District-Vaishali,Total,30-39,11,7,4,6,3,3,2,2,0,2,1,1,1,1,0,0,0,0,0,0,0,0,0,0,0,0,0
C5120ST,10,220,District-Vaishali,Total,40-49,6,4,2,0,0,0,3,2,1,0,0,0,0,0,0,0,0,0,0,0,0,3,2,1,0,0,0
C5120ST,10,220,District-Vaishali,Total,50-59,6,3,3,3,1,2,1,1,0,0,0,0,0,0,0,0,0,0,0,0,0,0,0,0,2,1,1
C5120ST,10,220,District-Vaishali,Total,60-69,5,4,1,0,0,0,0,0,0,1,0,1,1,1,0,1,1,0,0,0,0,1,1,0,1,1,0
C5120ST,10,220,District-Vaishali,Total,70-79,1,1,0,1,1,0,0,0,0,0,0,0,0,0,0,0,0,0,0,0,0,0,0,0,0,0,0
C5120ST,10,220,District-Vaishali,Total,80-89,0,0,0,0,0,0,0,0,0,0,0,0,0,0,0,0,0,0,0,0,0,0,0,0,0,0,0
C5120ST,10,220,District-Vaishali,Total,90+,1,0,1,1,0,1,0,0,0,0,0,0,0,0,0,0,0,0,0,0,0,0,0,0,0,0,0
C5120ST,10,220,District-Vaishali,Total,Age Not Stated,2,1,1,0,0,0,0,0,0,1,0,1,0,0,0,0,0,0,0,0,0,1,1,0,0,0,0
C5120ST,10,220,District-Vaishali,Rural,Total,68,46,22,21,12,9,14,9,5,9,6,3,4,4,0,3,1,2,0,0,0,12,10,2,5,4,1
C5120ST,10,220,District-Vaishali,Rural,0-4,5,3,2,2,1,1,1,0,1,1,1,0,0,0,0,0,0,0,0,0,0,1,1,0,0,0,0
C5120ST,10,220,District-Vaishali,Rural,5-9,6,3,3,3,2,1,2,0,2,0,0,0,1,1,0,0,0,0,0,0,0,0,0,0,0,0,0
C5120ST,10,220,District-Vaishali,Rural,10-19,18,15,3,3,3,0,3,2,1,4,4,0,1,1,0,1,0,1,0,0,0,4,3,1,2,2,0
C5120ST,10,220,District-Vaishali,Rural,20-29,8,6,2,3,2,1,2,2,0,0,0,0,0,0,0,1,0,1,0,0,0,2,2,0,0,0,0
C5120ST,10,220,District-Vaishali,Rural,30-39,11,7,4,6,3,3,2,2,0,2,1,1,1,1,0,0,0,0,0,0,0,0,0,0,0,0,0
C5120ST,10,220,District-Vaishali,Rural,40-49,6,4,2,0,0,0,3,2,1,0,0,0,0,0,0,0,0,0,0,0,0,3,2,1,0,0,0
C5120ST,10,220,District-Vaishali,Rural,50-59,6,3,3,3,1,2,1,1,0,0,0,0,0,0,0,0,0,0,0,0,0,0,0,0,2,1,1
C5120ST,10,220,District-Vaishali,Rural,60-69,5,4,1,0,0,0,0,0,0,1,0,1,1,1,0,1,1,0,0,0,0,1,1,0,1,1,0
C5120ST,10,220,District-Vaishali,Rural,70-79,0,0,0,0,0,0,0,0,0,0,0,0,0,0,0,0,0,0,0,0,0,0,0,0,0,0,0
C5120ST,10,220,District-Vaishali,Rural,80-89,0,0,0,0,0,0,0,0,0,0,0,0,0,0,0,0,0,0,0,0,0,0,0,0,0,0,0
C5120ST,10,220,District-Vaishali,Rural,90+,1,0,1,1,0,1,0,0,0,0,0,0,0,0,0,0,0,0,0,0,0,0,0,0,0,0,0
C5120ST,10,220,District-Vaishali,Rural,Age Not Stated,2,1,1,0,0,0,0,0,0,1,0,1,0,0,0,0,0,0,0,0,0,1,1,0,0,0,0
C5120ST,10,220,District-Vaishali,Urban,Total,4,2,2,2,2,0,0,0,0,1,0,1,1,0,1,0,0,0,0,0,0,0,0,0,0,0,0
C5120ST,10,220,District-Vaishali,Urban,0-4,0,0,0,0,0,0,0,0,0,0,0,0,0,0,0,0,0,0,0,0,0,0,0,0,0,0,0
C5120ST,10,220,District-Vaishali,Urban,5-9,0,0,0,0,0,0,0,0,0,0,0,0,0,0,0,0,0,0,0,0,0,0,0,0,0,0,0
C5120ST,10,220,District-Vaishali,Urban,10-19,3,1,2,1,1,0,0,0,0,1,0,1,1,0,1,0,0,0,0,0,0,0,0,0,0,0,0
C5120ST,10,220,District-Vaishali,Urban,20-29,0,0,0,0,0,0,0,0,0,0,0,0,0,0,0,0,0,0,0,0,0,0,0,0,0,0,0
C5120ST,10,220,District-Vaishali,Urban,30-39,0,0,0,0,0,0,0,0,0,0,0,0,0,0,0,0,0,0,0,0,0,0,0,0,0,0,0
C5120ST,10,220,District-Vaishali,Urban,40-49,0,0,0,0,0,0,0,0,0,0,0,0,0,0,0,0,0,0,0,0,0,0,0,0,0,0,0
C5120ST,10,220,District-Vaishali,Urban,50-59,0,0,0,0,0,0,0,0,0,0,0,0,0,0,0,0,0,0,0,0,0,0,0,0,0,0,0
C5120ST,10,220,District-Vaishali,Urban,60-69,0,0,0,0,0,0,0,0,0,0,0,0,0,0,0,0,0,0,0,0,0,0,0,0,0,0,0
C5120ST,10,220,District-Vaishali,Urban,70-79,1,1,0,1,1,0,0,0,0,0,0,0,0,0,0,0,0,0,0,0,0,0,0,0,0,0,0
C5120ST,10,220,District-Vaishali,Urban,80-89,0,0,0,0,0,0,0,0,0,0,0,0,0,0,0,0,0,0,0,0,0,0,0,0,0,0,0
C5120ST,10,220,District-Vaishali,Urban,90+,0,0,0,0,0,0,0,0,0,0,0,0,0,0,0,0,0,0,0,0,0,0,0,0,0,0,0
C5120ST,10,220,District-Vaishali,Urban,Age Not Stated,0,0,0,0,0,0,0,0,0,0,0,0,0,0,0,0,0,0,0,0,0,0,0,0,0,0,0
C5120ST,10,221,District-Samastipur,Total,Total,49,28,21,4,1,3,21,12,9,2,1,1,10,9,1,1,1,0,1,0,1,8,2,6,2,2,0
C5120ST,10,221,District-Samastipur,Total,0-4,3,1,2,0,0,0,1,0,1,0,0,0,0,0,0,0,0,0,0,0,0,2,1,1,0,0,0
C5120ST,10,221,District-Samastipur,Total,5-9,3,3,0,0,0,0,1,1,0,0,0,0,0,0,0,1,1,0,0,0,0,0,0,0,1,1,0
C5120ST,10,221,District-Samastipur,Total,10-19,13,5,8,0,0,0,6,2,4,1,1,0,2,2,0,0,0,0,1,0,1,3,0,3,0,0,0
C5120ST,10,221,District-Samastipur,Total,20-29,6,4,2,1,0,1,2,2,0,1,0,1,1,1,0,0,0,0,0,0,0,1,1,0,0,0,0
C5120ST,10,221,District-Samastipur,Total,30-39,10,7,3,1,0,1,6,4,2,0,0,0,2,2,0,0,0,0,0,0,0,0,0,0,1,1,0
C5120ST,10,221,District-Samastipur,Total,40-49,2,1,1,0,0,0,2,1,1,0,0,0,0,0,0,0,0,0,0,0,0,0,0,0,0,0,0
C5120ST,10,221,District-Samastipur,Total,50-59,6,5,1,0,0,0,1,1,0,0,0,0,4,4,0,0,0,0,0,0,0,1,0,1,0,0,0
C5120ST,10,221,District-Samastipur,Total,60-69,4,2,2,2,1,1,1,1,0,0,0,0,1,0,1,0,0,0,0,0,0,0,0,0,0,0,0
C5120ST,10,221,District-Samastipur,Total,70-79,1,0,1,0,0,0,0,0,0,0,0,0,0,0,0,0,0,0,0,0,0,1,0,1,0,0,0
C5120ST,10,221,District-Samastipur,Total,80-89,0,0,0,0,0,0,0,0,0,0,0,0,0,0,0,0,0,0,0,0,0,0,0,0,0,0,0
C5120ST,10,221,District-Samastipur,Total,90+,1,0,1,0,0,0,1,0,1,0,0,0,0,0,0,0,0,0,0,0,0,0,0,0,0,0,0
C5120ST,10,221,District-Samastipur,Total,Age Not Stated,0,0,0,0,0,0,0,0,0,0,0,0,0,0,0,0,0,0,0,0,0,0,0,0,0,0,0
C5120ST,10,221,District-Samastipur,Rural,Total,29,15,14,4,1,3,9,4,5,1,1,0,7,6,1,0,0,0,1,0,1,6,2,4,1,1,0
C5120ST,10,221,District-Samastipur,Rural,0-4,2,1,1,0,0,0,0,0,0,0,0,0,0,0,0,0,0,0,0,0,0,2,1,1,0,0,0
C5120ST,10,221,District-Samastipur,Rural,5-9,0,0,0,0,0,0,0,0,0,0,0,0,0,0,0,0,0,0,0,0,0,0,0,0,0,0,0
C5120ST,10,221,District-Samastipur,Rural,10-19,7,2,5,0,0,0,4,1,3,1,1,0,0,0,0,0,0,0,1,0,1,1,0,1,0,0,0
C5120ST,10,221,District-Samastipur,Rural,20-29,4,3,1,1,0,1,1,1,0,0,0,0,1,1,0,0,0,0,0,0,0,1,1,0,0,0,0
C5120ST,10,221,District-Samastipur,Rural,30-39,7,5,2,1,0,1,3,2,1,0,0,0,2,2,0,0,0,0,0,0,0,0,0,0,1,1,0
C5120ST,10,221,District-Samastipur,Rural,40-49,0,0,0,0,0,0,0,0,0,0,0,0,0,0,0,0,0,0,0,0,0,0,0,0,0,0,0
C5120ST,10,221,District-Samastipur,Rural,50-59,4,3,1,0,0,0,0,0,0,0,0,0,3,3,0,0,0,0,0,0,0,1,0,1,0,0,0
C5120ST,10,221,District-Samastipur,Rural,60-69,3,1,2,2,1,1,0,0,0,0,0,0,1,0,1,0,0,0,0,0,0,0,0,0,0,0,0
C5120ST,10,221,District-Samastipur,Rural,70-79,1,0,1,0,0,0,0,0,0,0,0,0,0,0,0,0,0,0,0,0,0,1,0,1,0,0,0
C5120ST,10,221,District-Samastipur,Rural,80-89,0,0,0,0,0,0,0,0,0,0,0,0,0,0,0,0,0,0,0,0,0,0,0,0,0,0,0
C5120ST,10,221,District-Samastipur,Rural,90+,1,0,1,0,0,0,1,0,1,0,0,0,0,0,0,0,0,0,0,0,0,0,0,0,0,0,0
C5120ST,10,221,District-Samastipur,Rural,Age Not Stated,0,0,0,0,0,0,0,0,0,0,0,0,0,0,0,0,0,0,0,0,0,0,0,0,0,0,0
C5120ST,10,221,District-Samastipur,Urban,Total,20,13,7,0,0,0,12,8,4,1,0,1,3,3,0,1,1,0,0,0,0,2,0,2,1,1,0
C5120ST,10,221,District-Samastipur,Urban,0-4,1,0,1,0,0,0,1,0,1,0,0,0,0,0,0,0,0,0,0,0,0,0,0,0,0,0,0
C5120ST,10,221,District-Samastipur,Urban,5-9,3,3,0,0,0,0,1,1,0,0,0,0,0,0,0,1,1,0,0,0,0,0,0,0,1,1,0
C5120ST,10,221,District-Samastipur,Urban,10-19,6,3,3,0,0,0,2,1,1,0,0,0,2,2,0,0,0,0,0,0,0,2,0,2,0,0,0
C5120ST,10,221,District-Samastipur,Urban,20-29,2,1,1,0,0,0,1,1,0,1,0,1,0,0,0,0,0,0,0,0,0,0,0,0,0,0,0
C5120ST,10,221,District-Samastipur,Urban,30-39,3,2,1,0,0,0,3,2,1,0,0,0,0,0,0,0,0,0,0,0,0,0,0,0,0,0,0
C5120ST,10,221,District-Samastipur,Urban,40-49,2,1,1,0,0,0,2,1,1,0,0,0,0,0,0,0,0,0,0,0,0,0,0,0,0,0,0
C5120ST,10,221,District-Samastipur,Urban,50-59,2,2,0,0,0,0,1,1,0,0,0,0,1,1,0,0,0,0,0,0,0,0,0,0,0,0,0
C5120ST,10,221,District-Samastipur,Urban,60-69,1,1,0,0,0,0,1,1,0,0,0,0,0,0,0,0,0,0,0,0,0,0,0,0,0,0,0
C5120ST,10,221,District-Samastipur,Urban,70-79,0,0,0,0,0,0,0,0,0,0,0,0,0,0,0,0,0,0,0,0,0,0,0,0,0,0,0
C5120ST,10,221,District-Samastipur,Urban,80-89,0,0,0,0,0,0,0,0,0,0,0,0,0,0,0,0,0,0,0,0,0,0,0,0,0,0,0
C5120ST,10,221,District-Samastipur,Urban,90+,0,0,0,0,0,0,0,0,0,0,0,0,0,0,0,0,0,0,0,0,0,0,0,0,0,0,0
C5120ST,10,221,District-Samastipur,Urban,Age Not Stated,0,0,0,0,0,0,0,0,0,0,0,0,0,0,0,0,0,0,0,0,0,0,0,0,0,0,0
C5120ST,10,222,District-Begusarai,Total,Total,55,22,33,21,11,10,12,1,11,3,1,2,3,1,2,2,1,1,0,0,0,14,7,7,0,0,0
C5120ST,10,222,District-Begusarai,Total,0-4,4,3,1,3,2,1,0,0,0,0,0,0,0,0,0,0,0,0,0,0,0,1,1,0,0,0,0
C5120ST,10,222,District-Begusarai,Total,5-9,2,0,2,0,0,0,1,0,1,0,0,0,0,0,0,0,0,0,0,0,0,1,0,1,0,0,0
C5120ST,10,222,District-Begusarai,Total,10-19,9,1,8,6,1,5,2,0,2,0,0,0,0,0,0,1,0,1,0,0,0,0,0,0,0,0,0
C5120ST,10,222,District-Begusarai,Total,20-29,18,9,9,5,3,2,2,0,2,3,1,2,0,0,0,1,1,0,0,0,0,7,4,3,0,0,0
C5120ST,10,222,District-Begusarai,Total,30-39,5,4,1,4,3,1,0,0,0,0,0,0,0,0,0,0,0,0,0,0,0,1,1,0,0,0,0
C5120ST,10,222,District-Begusarai,Total,40-49,4,0,4,0,0,0,3,0,3,0,0,0,0,0,0,0,0,0,0,0,0,1,0,1,0,0,0
C5120ST,10,222,District-Begusarai,Total,50-59,7,4,3,3,2,1,1,1,0,0,0,0,1,0,1,0,0,0,0,0,0,2,1,1,0,0,0
C5120ST,10,222,District-Begusarai,Total,60-69,4,0,4,0,0,0,2,0,2,0,0,0,1,0,1,0,0,0,0,0,0,1,0,1,0,0,0
C5120ST,10,222,District-Begusarai,Total,70-79,2,1,1,0,0,0,1,0,1,0,0,0,1,1,0,0,0,0,0,0,0,0,0,0,0,0,0
C5120ST,10,222,District-Begusarai,Total,80-89,0,0,0,0,0,0,0,0,0,0,0,0,0,0,0,0,0,0,0,0,0,0,0,0,0,0,0
C5120ST,10,222,District-Begusarai,Total,90+,0,0,0,0,0,0,0,0,0,0,0,0,0,0,0,0,0,0,0,0,0,0,0,0,0,0,0
C5120ST,10,222,District-Begusarai,Total,Age Not Stated,0,0,0,0,0,0,0,0,0,0,0,0,0,0,0,0,0,0,0,0,0,0,0,0,0,0,0
C5120ST,10,222,District-Begusarai,Rural,Total,38,17,21,19,9,10,4,0,4,3,1,2,3,1,2,1,1,0,0,0,0,8,5,3,0,0,0
C5120ST,10,222,District-Begusarai,Rural,0-4,4,3,1,3,2,1,0,0,0,0,0,0,0,0,0,0,0,0,0,0,0,1,1,0,0,0,0
C5120ST,10,222,District-Begusarai,Rural,5-9,1,0,1,0,0,0,1,0,1,0,0,0,0,0,0,0,0,0,0,0,0,0,0,0,0,0,0
C5120ST,10,222,District-Begusarai,Rural,10-19,6,1,5,6,1,5,0,0,0,0,0,0,0,0,0,0,0,0,0,0,0,0,0,0,0,0,0
C5120ST,10,222,District-Begusarai,Rural,20-29,13,8,5,5,3,2,0,0,0,3,1,2,0,0,0,1,1,0,0,0,0,4,3,1,0,0,0
C5120ST,10,222,District-Begusarai,Rural,30-39,3,2,1,2,1,1,0,0,0,0,0,0,0,0,0,0,0,0,0,0,0,1,1,0,0,0,0
C5120ST,10,222,District-Begusarai,Rural,40-49,2,0,2,0,0,0,1,0,1,0,0,0,0,0,0,0,0,0,0,0,0,1,0,1,0,0,0
C5120ST,10,222,District-Begusarai,Rural,50-59,4,2,2,3,2,1,0,0,0,0,0,0,1,0,1,0,0,0,0,0,0,0,0,0,0,0,0
C5120ST,10,222,District-Begusarai,Rural,60-69,4,0,4,0,0,0,2,0,2,0,0,0,1,0,1,0,0,0,0,0,0,1,0,1,0,0,0
C5120ST,10,222,District-Begusarai,Rural,70-79,1,1,0,0,0,0,0,0,0,0,0,0,1,1,0,0,0,0,0,0,0,0,0,0,0,0,0
C5120ST,10,222,District-Begusarai,Rural,80-89,0,0,0,0,0,0,0,0,0,0,0,0,0,0,0,0,0,0,0,0,0,0,0,0,0,0,0
C5120ST,10,222,District-Begusarai,Rural,90+,0,0,0,0,0,0,0,0,0,0,0,0,0,0,0,0,0,0,0,0,0,0,0,0,0,0,0
C5120ST,10,222,District-Begusarai,Rural,Age Not Stated,0,0,0,0,0,0,0,0,0,0,0,0,0,0,0,0,0,0,0,0,0,0,0,0,0,0,0
C5120ST,10,222,District-Begusarai,Urban,Total,17,5,12,2,2,0,8,1,7,0,0,0,0,0,0,1,0,1,0,0,0,6,2,4,0,0,0
C5120ST,10,222,District-Begusarai,Urban,0-4,0,0,0,0,0,0,0,0,0,0,0,0,0,0,0,0,0,0,0,0,0,0,0,0,0,0,0
C5120ST,10,222,District-Begusarai,Urban,5-9,1,0,1,0,0,0,0,0,0,0,0,0,0,0,0,0,0,0,0,0,0,1,0,1,0,0,0
C5120ST,10,222,District-Begusarai,Urban,10-19,3,0,3,0,0,0,2,0,2,0,0,0,0,0,0,1,0,1,0,0,0,0,0,0,0,0,0
C5120ST,10,222,District-Begusarai,Urban,20-29,5,1,4,0,0,0,2,0,2,0,0,0,0,0,0,0,0,0,0,0,0,3,1,2,0,0,0
C5120ST,10,222,District-Begusarai,Urban,30-39,2,2,0,2,2,0,0,0,0,0,0,0,0,0,0,0,0,0,0,0,0,0,0,0,0,0,0
C5120ST,10,222,District-Begusarai,Urban,40-49,2,0,2,0,0,0,2,0,2,0,0,0,0,0,0,0,0,0,0,0,0,0,0,0,0,0,0
C5120ST,10,222,District-Begusarai,Urban,50-59,3,2,1,0,0,0,1,1,0,0,0,0,0,0,0,0,0,0,0,0,0,2,1,1,0,0,0
C5120ST,10,222,District-Begusarai,Urban,60-69,0,0,0,0,0,0,0,0,0,0,0,0,0,0,0,0,0,0,0,0,0,0,0,0,0,0,0
C5120ST,10,222,District-Begusarai,Urban,70-79,1,0,1,0,0,0,1,0,1,0,0,0,0,0,0,0,0,0,0,0,0,0,0,0,0,0,0
C5120ST,10,222,District-Begusarai,Urban,80-89,0,0,0,0,0,0,0,0,0,0,0,0,0,0,0,0,0,0,0,0,0,0,0,0,0,0,0
C5120ST,10,222,District-Begusarai,Urban,90+,0,0,0,0,0,0,0,0,0,0,0,0,0,0,0,0,0,0,0,0,0,0,0,0,0,0,0
C5120ST,10,222,District-Begusarai,Urban,Age Not Stated,0,0,0,0,0,0,0,0,0,0,0,0,0,0,0,0,0,0,0,0,0,0,0,0,0,0,0
C5120ST,10,223,District-Khagaria,Total,Total,23,15,8,5,4,1,6,2,4,1,0,1,3,2,1,0,0,0,0,0,0,6,6,0,2,1,1
C5120ST,10,223,District-Khagaria,Total,0-4,1,1,0,0,0,0,1,1,0,0,0,0,0,0,0,0,0,0,0,0,0,0,0,0,0,0,0
C5120ST,10,223,District-Khagaria,Total,5-9,3,1,2,0,0,0,0,0,0,1,0,1,2,1,1,0,0,0,0,0,0,0,0,0,0,0,0
C5120ST,10,223,District-Khagaria,Total,10-19,2,0,2,0,0,0,2,0,2,0,0,0,0,0,0,0,0,0,0,0,0,0,0,0,0,0,0
C5120ST,10,223,District-Khagaria,Total,20-29,1,1,0,0,0,0,0,0,0,0,0,0,0,0,0,0,0,0,0,0,0,1,1,0,0,0,0
C5120ST,10,223,District-Khagaria,Total,30-39,4,4,0,1,1,0,1,1,0,0,0,0,0,0,0,0,0,0,0,0,0,2,2,0,0,0,0
C5120ST,10,223,District-Khagaria,Total,40-49,3,2,1,1,1,0,1,0,1,0,0,0,0,0,0,0,0,0,0,0,0,0,0,0,1,1,0
C5120ST,10,223,District-Khagaria,Total,50-59,3,2,1,0,0,0,1,0,1,0,0,0,0,0,0,0,0,0,0,0,0,2,2,0,0,0,0
C5120ST,10,223,District-Khagaria,Total,60-69,4,2,2,2,1,1,0,0,0,0,0,0,0,0,0,0,0,0,0,0,0,1,1,0,1,0,1
C5120ST,10,223,District-Khagaria,Total,70-79,2,2,0,1,1,0,0,0,0,0,0,0,1,1,0,0,0,0,0,0,0,0,0,0,0,0,0
C5120ST,10,223,District-Khagaria,Total,80-89,0,0,0,0,0,0,0,0,0,0,0,0,0,0,0,0,0,0,0,0,0,0,0,0,0,0,0
C5120ST,10,223,District-Khagaria,Total,90+,0,0,0,0,0,0,0,0,0,0,0,0,0,0,0,0,0,0,0,0,0,0,0,0,0,0,0
C5120ST,10,223,District-Khagaria,Total,Age Not Stated,0,0,0,0,0,0,0,0,0,0,0,0,0,0,0,0,0,0,0,0,0,0,0,0,0,0,0
C5120ST,10,223,District-Khagaria,Rural,Total,20,14,6,5,4,1,3,1,2,1,0,1,3,2,1,0,0,0,0,0,0,6,6,0,2,1,1
C5120ST,10,223,District-Khagaria,Rural,0-4,0,0,0,0,0,0,0,0,0,0,0,0,0,0,0,0,0,0,0,0,0,0,0,0,0,0,0
C5120ST,10,223,District-Khagaria,Rural,5-9,3,1,2,0,0,0,0,0,0,1,0,1,2,1,1,0,0,0,0,0,0,0,0,0,0,0,0
C5120ST,10,223,District-Khagaria,Rural,10-19,0,0,0,0,0,0,0,0,0,0,0,0,0,0,0,0,0,0,0,0,0,0,0,0,0,0,0
C5120ST,10,223,District-Khagaria,Rural,20-29,1,1,0,0,0,0,0,0,0,0,0,0,0,0,0,0,0,0,0,0,0,1,1,0,0,0,0
C5120ST,10,223,District-Khagaria,Rural,30-39,4,4,0,1,1,0,1,1,0,0,0,0,0,0,0,0,0,0,0,0,0,2,2,0,0,0,0
C5120ST,10,223,District-Khagaria,Rural,40-49,3,2,1,1,1,0,1,0,1,0,0,0,0,0,0,0,0,0,0,0,0,0,0,0,1,1,0
C5120ST,10,223,District-Khagaria,Rural,50-59,3,2,1,0,0,0,1,0,1,0,0,0,0,0,0,0,0,0,0,0,0,2,2,0,0,0,0
C5120ST,10,223,District-Khagaria,Rural,60-69,4,2,2,2,1,1,0,0,0,0,0,0,0,0,0,0,0,0,0,0,0,1,1,0,1,0,1
C5120ST,10,223,District-Khagaria,Rural,70-79,2,2,0,1,1,0,0,0,0,0,0,0,1,1,0,0,0,0,0,0,0,0,0,0,0,0,0
C5120ST,10,223,District-Khagaria,Rural,80-89,0,0,0,0,0,0,0,0,0,0,0,0,0,0,0,0,0,0,0,0,0,0,0,0,0,0,0
C5120ST,10,223,District-Khagaria,Rural,90+,0,0,0,0,0,0,0,0,0,0,0,0,0,0,0,0,0,0,0,0,0,0,0,0,0,0,0
C5120ST,10,223,District-Khagaria,Rural,Age Not Stated,0,0,0,0,0,0,0,0,0,0,0,0,0,0,0,0,0,0,0,0,0,0,0,0,0,0,0
C5120ST,10,223,District-Khagaria,Urban,Total,3,1,2,0,0,0,3,1,2,0,0,0,0,0,0,0,0,0,0,0,0,0,0,0,0,0,0
C5120ST,10,223,District-Khagaria,Urban,0-4,1,1,0,0,0,0,1,1,0,0,0,0,0,0,0,0,0,0,0,0,0,0,0,0,0,0,0
C5120ST,10,223,District-Khagaria,Urban,5-9,0,0,0,0,0,0,0,0,0,0,0,0,0,0,0,0,0,0,0,0,0,0,0,0,0,0,0
C5120ST,10,223,District-Khagaria,Urban,10-19,2,0,2,0,0,0,2,0,2,0,0,0,0,0,0,0,0,0,0,0,0,0,0,0,0,0,0
C5120ST,10,223,District-Khagaria,Urban,20-29,0,0,0,0,0,0,0,0,0,0,0,0,0,0,0,0,0,0,0,0,0,0,0,0,0,0,0
C5120ST,10,223,District-Khagaria,Urban,30-39,0,0,0,0,0,0,0,0,0,0,0,0,0,0,0,0,0,0,0,0,0,0,0,0,0,0,0
C5120ST,10,223,District-Khagaria,Urban,40-49,0,0,0,0,0,0,0,0,0,0,0,0,0,0,0,0,0,0,0,0,0,0,0,0,0,0,0
C5120ST,10,223,District-Khagaria,Urban,50-59,0,0,0,0,0,0,0,0,0,0,0,0,0,0,0,0,0,0,0,0,0,0,0,0,0,0,0
C5120ST,10,223,District-Khagaria,Urban,60-69,0,0,0,0,0,0,0,0,0,0,0,0,0,0,0,0,0,0,0,0,0,0,0,0,0,0,0
C5120ST,10,223,District-Khagaria,Urban,70-79,0,0,0,0,0,0,0,0,0,0,0,0,0,0,0,0,0,0,0,0,0,0,0,0,0,0,0
C5120ST,10,223,District-Khagaria,Urban,80-89,0,0,0,0,0,0,0,0,0,0,0,0,0,0,0,0,0,0,0,0,0,0,0,0,0,0,0
C5120ST,10,223,District-Khagaria,Urban,90+,0,0,0,0,0,0,0,0,0,0,0,0,0,0,0,0,0,0,0,0,0,0,0,0,0,0,0
C5120ST,10,223,District-Khagaria,Urban,Age Not Stated,0,0,0,0,0,0,0,0,0,0,0,0,0,0,0,0,0,0,0,0,0,0,0,0,0,0,0
C5120ST,10,224,District-Bhagalpur,Total,Total,1327,745,582,213,113,100,649,341,308,66,36,30,139,95,44,22,16,6,6,6,0,206,121,85,26,17,9
C5120ST,10,224,District-Bhagalpur,Total,0-4,131,55,76,28,7,21,73,28,45,0,0,0,9,7,2,2,1,1,0,0,0,19,12,7,0,0,0
C5120ST,10,224,District-Bhagalpur,Total,5-9,157,89,68,33,19,14,85,50,35,7,2,5,10,5,5,2,2,0,0,0,0,18,9,9,2,2,0
C5120ST,10,224,District-Bhagalpur,Total,10-19,300,159,141,48,25,23,137,65,72,19,13,6,33,23,10,1,0,1,1,1,0,55,27,28,6,5,1
C5120ST,10,224,District-Bhagalpur,Total,20-29,189,115,74,28,18,10,98,51,47,10,4,6,16,13,3,5,3,2,1,1,0,28,23,5,3,2,1
C5120ST,10,224,District-Bhagalpur,Total,30-39,175,107,68,23,15,8,86,50,36,11,6,5,18,12,6,5,5,0,0,0,0,27,16,11,5,3,2
C5120ST,10,224,District-Bhagalpur,Total,40-49,143,94,49,23,16,7,74,46,28,11,7,4,13,10,3,5,3,2,3,3,0,13,8,5,1,1,0
C5120ST,10,224,District-Bhagalpur,Total,50-59,98,55,43,10,6,4,39,22,17,4,2,2,18,10,8,1,1,0,1,1,0,22,10,12,3,3,0
C5120ST,10,224,District-Bhagalpur,Total,60-69,80,40,40,13,6,7,38,17,21,1,1,0,13,9,4,0,0,0,0,0,0,13,7,6,2,0,2
C5120ST,10,224,District-Bhagalpur,Total,70-79,34,21,13,4,1,3,13,8,5,3,1,2,5,4,1,0,0,0,0,0,0,6,6,0,3,1,2
C5120ST,10,224,District-Bhagalpur,Total,80-89,12,8,4,1,0,1,3,2,1,0,0,0,4,2,2,1,1,0,0,0,0,3,3,0,0,0,0
C5120ST,10,224,District-Bhagalpur,Total,90+,4,1,3,2,0,2,1,1,0,0,0,0,0,0,0,0,0,0,0,0,0,0,0,0,1,0,1
C5120ST,10,224,District-Bhagalpur,Total,Age Not Stated,4,1,3,0,0,0,2,1,1,0,0,0,0,0,0,0,0,0,0,0,0,2,0,2,0,0,0
C5120ST,10,224,District-Bhagalpur,Rural,Total,1293,734,559,201,109,92,638,339,299,65,36,29,135,93,42,22,16,6,6,6,0,201,119,82,25,16,9
C5120ST,10,224,District-Bhagalpur,Rural,0-4,130,55,75,28,7,21,72,28,44,0,0,0,9,7,2,2,1,1,0,0,0,19,12,7,0,0,0
C5120ST,10,224,District-Bhagalpur,Rural,5-9,154,89,65,32,19,13,84,50,34,6,2,4,10,5,5,2,2,0,0,0,0,18,9,9,2,2,0
C5120ST,10,224,District-Bhagalpur,Rural,10-19,291,154,137,45,24,21,135,64,71,19,13,6,32,22,10,1,0,1,1,1,0,53,26,27,5,4,1
C5120ST,10,224,District-Bhagalpur,Rural,20-29,183,114,69,25,17,8,95,51,44,10,4,6,16,13,3,5,3,2,1,1,0,28,23,5,3,2,1
C5120ST,10,224,District-Bhagalpur,Rural,30-39,173,107,66,23,15,8,85,50,35,11,6,5,17,12,5,5,5,0,0,0,0,27,16,11,5,3,2
C5120ST,10,224,District-Bhagalpur,Rural,40-49,138,91,47,22,15,7,73,45,28,11,7,4,12,9,3,5,3,2,3,3,0,11,8,3,1,1,0
C5120ST,10,224,District-Bhagalpur,Rural,50-59,96,55,41,9,6,3,39,22,17,4,2,2,17,10,7,1,1,0,1,1,0,22,10,12,3,3,0
C5120ST,10,224,District-Bhagalpur,Rural,60-69,76,39,37,10,5,5,37,17,20,1,1,0,13,9,4,0,0,0,0,0,0,13,7,6,2,0,2
C5120ST,10,224,District-Bhagalpur,Rural,70-79,33,20,13,4,1,3,13,8,5,3,1,2,5,4,1,0,0,0,0,0,0,5,5,0,3,1,2
C5120ST,10,224,District-Bhagalpur,Rural,80-89,12,8,4,1,0,1,3,2,1,0,0,0,4,2,2,1,1,0,0,0,0,3,3,0,0,0,0
C5120ST,10,224,District-Bhagalpur,Rural,90+,4,1,3,2,0,2,1,1,0,0,0,0,0,0,0,0,0,0,0,0,0,0,0,0,1,0,1
C5120ST,10,224,District-Bhagalpur,Rural,Age Not Stated,3,1,2,0,0,0,1,1,0,0,0,0,0,0,0,0,0,0,0,0,0,2,0,2,0,0,0
C5120ST,10,224,District-Bhagalpur,Urban,Total,34,11,23,12,4,8,11,2,9,1,0,1,4,2,2,0,0,0,0,0,0,5,2,3,1,1,0
C5120ST,10,224,District-Bhagalpur,Urban,0-4,1,0,1,0,0,0,1,0,1,0,0,0,0,0,0,0,0,0,0,0,0,0,0,0,0,0,0
C5120ST,10,224,District-Bhagalpur,Urban,5-9,3,0,3,1,0,1,1,0,1,1,0,1,0,0,0,0,0,0,0,0,0,0,0,0,0,0,0
C5120ST,10,224,District-Bhagalpur,Urban,10-19,9,5,4,3,1,2,2,1,1,0,0,0,1,1,0,0,0,0,0,0,0,2,1,1,1,1,0
C5120ST,10,224,District-Bhagalpur,Urban,20-29,6,1,5,3,1,2,3,0,3,0,0,0,0,0,0,0,0,0,0,0,0,0,0,0,0,0,0
C5120ST,10,224,District-Bhagalpur,Urban,30-39,2,0,2,0,0,0,1,0,1,0,0,0,1,0,1,0,0,0,0,0,0,0,0,0,0,0,0
C5120ST,10,224,District-Bhagalpur,Urban,40-49,5,3,2,1,1,0,1,1,0,0,0,0,1,1,0,0,0,0,0,0,0,2,0,2,0,0,0
C5120ST,10,224,District-Bhagalpur,Urban,50-59,2,0,2,1,0,1,0,0,0,0,0,0,1,0,1,0,0,0,0,0,0,0,0,0,0,0,0
C5120ST,10,224,District-Bhagalpur,Urban,60-69,4,1,3,3,1,2,1,0,1,0,0,0,0,0,0,0,0,0,0,0,0,0,0,0,0,0,0
C5120ST,10,224,District-Bhagalpur,Urban,70-79,1,1,0,0,0,0,0,0,0,0,0,0,0,0,0,0,0,0,0,0,0,1,1,0,0,0,0
C5120ST,10,224,District-Bhagalpur,Urban,80-89,0,0,0,0,0,0,0,0,0,0,0,0,0,0,0,0,0,0,0,0,0,0,0,0,0,0,0
C5120ST,10,224,District-Bhagalpur,Urban,90+,0,0,0,0,0,0,0,0,0,0,0,0,0,0,0,0,0,0,0,0,0,0,0,0,0,0,0
C5120ST,10,224,District-Bhagalpur,Urban,Age Not Stated,1,0,1,0,0,0,1,0,1,0,0,0,0,0,0,0,0,0,0,0,0,0,0,0,0,0,0
C5120ST,10,225,District-Banka,Total,Total,2305,1224,1081,956,501,455,646,326,320,57,34,23,260,149,111,71,42,29,18,14,4,236,128,108,61,30,31
C5120ST,10,225,District-Banka,Total,0-4,220,116,104,104,53,51,70,38,32,2,1,1,8,6,2,6,4,2,0,0,0,26,12,14,4,2,2
C5120ST,10,225,District-Banka,Total,5-9,279,151,128,124,64,60,81,41,40,7,5,2,19,15,4,6,6,0,1,1,0,36,17,19,5,2,3
C5120ST,10,225,District-Banka,Total,10-19,432,231,201,183,97,86,108,55,53,13,6,7,50,27,23,18,10,8,7,6,1,43,24,19,10,6,4
C5120ST,10,225,District-Banka,Total,20-29,360,186,174,162,81,81,108,57,51,12,8,4,24,12,12,8,4,4,3,2,1,35,16,19,8,6,2
C5120ST,10,225,District-Banka,Total,30-39,297,155,142,108,51,57,87,41,46,11,6,5,37,22,15,14,9,5,3,3,0,31,21,10,6,2,4
C5120ST,10,225,District-Banka,Total,40-49,229,130,99,87,54,33,76,39,37,5,4,1,24,14,10,8,5,3,2,1,1,19,9,10,8,4,4
C5120ST,10,225,District-Banka,Total,50-59,188,113,75,78,47,31,51,25,26,2,2,0,33,23,10,3,1,2,0,0,0,18,13,5,3,2,1
C5120ST,10,225,District-Banka,Total,60-69,184,94,90,75,37,38,41,22,19,2,1,1,32,18,14,7,3,4,2,1,1,19,9,10,6,3,3
C5120ST,10,225,District-Banka,Total,70-79,85,36,49,26,12,14,18,6,12,2,1,1,24,9,15,1,0,1,0,0,0,8,6,2,6,2,4
C5120ST,10,225,District-Banka,Total,80-89,21,6,15,5,2,3,3,1,2,1,0,1,8,2,6,0,0,0,0,0,0,0,0,0,4,1,3
C5120ST,10,225,District-Banka,Total,90+,6,3,3,3,2,1,1,0,1,0,0,0,1,1,0,0,0,0,0,0,0,0,0,0,1,0,1
C5120ST,10,225,District-Banka,Total,Age Not Stated,4,3,1,1,1,0,2,1,1,0,0,0,0,0,0,0,0,0,0,0,0,1,1,0,0,0,0
C5120ST,10,225,District-Banka,Rural,Total,2293,1220,1073,952,501,451,642,324,318,56,33,23,259,149,110,71,42,29,18,14,4,234,127,107,61,30,31
C5120ST,10,225,District-Banka,Rural,0-4,220,116,104,104,53,51,70,38,32,2,1,1,8,6,2,6,4,2,0,0,0,26,12,14,4,2,2
C5120ST,10,225,District-Banka,Rural,5-9,278,150,128,124,64,60,80,40,40,7,5,2,19,15,4,6,6,0,1,1,0,36,17,19,5,2,3
C5120ST,10,225,District-Banka,Rural,10-19,424,229,195,179,97,82,107,54,53,13,6,7,49,27,22,18,10,8,7,6,1,41,23,18,10,6,4
C5120ST,10,225,District-Banka,Rural,20-29,360,186,174,162,81,81,108,57,51,12,8,4,24,12,12,8,4,4,3,2,1,35,16,19,8,6,2
C5120ST,10,225,District-Banka,Rural,30-39,295,154,141,108,51,57,86,41,45,10,5,5,37,22,15,14,9,5,3,3,0,31,21,10,6,2,4
C5120ST,10,225,District-Banka,Rural,40-49,229,130,99,87,54,33,76,39,37,5,4,1,24,14,10,8,5,3,2,1,1,19,9,10,8,4,4
C5120ST,10,225,District-Banka,Rural,50-59,187,113,74,78,47,31,50,25,25,2,2,0,33,23,10,3,1,2,0,0,0,18,13,5,3,2,1
C5120ST,10,225,District-Banka,Rural,60-69,184,94,90,75,37,38,41,22,19,2,1,1,32,18,14,7,3,4,2,1,1,19,9,10,6,3,3
C5120ST,10,225,District-Banka,Rural,70-79,85,36,49,26,12,14,18,6,12,2,1,1,24,9,15,1,0,1,0,0,0,8,6,2,6,2,4
C5120ST,10,225,District-Banka,Rural,80-89,21,6,15,5,2,3,3,1,2,1,0,1,8,2,6,0,0,0,0,0,0,0,0,0,4,1,3
C5120ST,10,225,District-Banka,Rural,90+,6,3,3,3,2,1,1,0,1,0,0,0,1,1,0,0,0,0,0,0,0,0,0,0,1,0,1
C5120ST,10,225,District-Banka,Rural,Age Not Stated,4,3,1,1,1,0,2,1,1,0,0,0,0,0,0,0,0,0,0,0,0,1,1,0,0,0,0
C5120ST,10,225,District-Banka,Urban,Total,12,4,8,4,0,4,4,2,2,1,1,0,1,0,1,0,0,0,0,0,0,2,1,1,0,0,0
C5120ST,10,225,District-Banka,Urban,0-4,0,0,0,0,0,0,0,0,0,0,0,0,0,0,0,0,0,0,0,0,0,0,0,0,0,0,0
C5120ST,10,225,District-Banka,Urban,5-9,1,1,0,0,0,0,1,1,0,0,0,0,0,0,0,0,0,0,0,0,0,0,0,0,0,0,0
C5120ST,10,225,District-Banka,Urban,10-19,8,2,6,4,0,4,1,1,0,0,0,0,1,0,1,0,0,0,0,0,0,2,1,1,0,0,0
C5120ST,10,225,District-Banka,Urban,20-29,0,0,0,0,0,0,0,0,0,0,0,0,0,0,0,0,0,0,0,0,0,0,0,0,0,0,0
C5120ST,10,225,District-Banka,Urban,30-39,2,1,1,0,0,0,1,0,1,1,1,0,0,0,0,0,0,0,0,0,0,0,0,0,0,0,0
C5120ST,10,225,District-Banka,Urban,40-49,0,0,0,0,0,0,0,0,0,0,0,0,0,0,0,0,0,0,0,0,0,0,0,0,0,0,0
C5120ST,10,225,District-Banka,Urban,50-59,1,0,1,0,0,0,1,0,1,0,0,0,0,0,0,0,0,0,0,0,0,0,0,0,0,0,0
C5120ST,10,225,District-Banka,Urban,60-69,0,0,0,0,0,0,0,0,0,0,0,0,0,0,0,0,0,0,0,0,0,0,0,0,0,0,0
C5120ST,10,225,District-Banka,Urban,70-79,0,0,0,0,0,0,0,0,0,0,0,0,0,0,0,0,0,0,0,0,0,0,0,0,0,0,0
C5120ST,10,225,District-Banka,Urban,80-89,0,0,0,0,0,0,0,0,0,0,0,0,0,0,0,0,0,0,0,0,0,0,0,0,0,0,0
C5120ST,10,225,District-Banka,Urban,90+,0,0,0,0,0,0,0,0,0,0,0,0,0,0,0,0,0,0,0,0,0,0,0,0,0,0,0
C5120ST,10,225,District-Banka,Urban,Age Not Stated,0,0,0,0,0,0,0,0,0,0,0,0,0,0,0,0,0,0,0,0,0,0,0,0,0,0,0
C5120ST,10,226,District-Munger,Total,Total,252,154,98,28,18,10,69,41,28,12,9,3,56,39,17,10,4,6,2,2,0,65,36,29,10,5,5
C5120ST,10,226,District-Munger,Total,0-4,13,7,6,1,1,0,4,2,2,0,0,0,1,1,0,0,0,0,0,0,0,6,3,3,1,0,1
C5120ST,10,226,District-Munger,Total,5-9,26,16,10,2,1,1,10,7,3,2,2,0,3,3,0,1,0,1,1,1,0,7,2,5,0,0,0
C5120ST,10,226,District-Munger,Total,10-19,71,41,30,11,7,4,17,10,7,5,5,0,19,12,7,5,1,4,0,0,0,11,4,7,3,2,1
C5120ST,10,226,District-Munger,Total,20-29,35,26,9,0,0,0,5,4,1,0,0,0,12,10,2,4,3,1,1,1,0,11,7,4,2,1,1
C5120ST,10,226,District-Munger,Total,30-39,34,20,14,2,0,2,11,6,5,1,0,1,7,4,3,0,0,0,0,0,0,13,10,3,0,0,0
C5120ST,10,226,District-Munger,Total,40-49,32,20,12,5,4,1,9,5,4,4,2,2,3,3,0,0,0,0,0,0,0,10,5,5,1,1,0
C5120ST,10,226,District-Munger,Total,50-59,15,7,8,4,2,2,5,2,3,0,0,0,1,0,1,0,0,0,0,0,0,5,3,2,0,0,0
C5120ST,10,226,District-Munger,Total,60-69,18,12,6,3,3,0,3,1,2,0,0,0,9,5,4,0,0,0,0,0,0,2,2,0,1,1,0
C5120ST,10,226,District-Munger,Total,70-79,5,3,2,0,0,0,3,2,1,0,0,0,1,1,0,0,0,0,0,0,0,0,0,0,1,0,1
C5120ST,10,226,District-Munger,Total,80-89,0,0,0,0,0,0,0,0,0,0,0,0,0,0,0,0,0,0,0,0,0,0,0,0,0,0,0
C5120ST,10,226,District-Munger,Total,90+,1,0,1,0,0,0,0,0,0,0,0,0,0,0,0,0,0,0,0,0,0,0,0,0,1,0,1
C5120ST,10,226,District-Munger,Total,Age Not Stated,2,2,0,0,0,0,2,2,0,0,0,0,0,0,0,0,0,0,0,0,0,0,0,0,0,0,0
C5120ST,10,226,District-Munger,Rural,Total,227,136,91,28,18,10,61,35,26,3,1,2,53,36,17,10,4,6,2,2,0,60,35,25,10,5,5
C5120ST,10,226,District-Munger,Rural,0-4,11,6,5,1,1,0,3,2,1,0,0,0,0,0,0,0,0,0,0,0,0,6,3,3,1,0,1
C5120ST,10,226,District-Munger,Rural,5-9,23,13,10,2,1,1,9,6,3,0,0,0,3,3,0,1,0,1,1,1,0,7,2,5,0,0,0
C5120ST,10,226,District-Munger,Rural,10-19,65,36,29,11,7,4,16,9,7,1,1,0,19,12,7,5,1,4,0,0,0,10,4,6,3,2,1
C5120ST,10,226,District-Munger,Rural,20-29,30,22,8,0,0,0,3,2,1,0,0,0,10,8,2,4,3,1,1,1,0,10,7,3,2,1,1
C5120ST,10,226,District-Munger,Rural,30-39,30,18,12,2,0,2,9,5,4,1,0,1,7,4,3,0,0,0,0,0,0,11,9,2,0,0,0
C5120ST,10,226,District-Munger,Rural,40-49,28,18,10,5,4,1,9,5,4,1,0,1,3,3,0,0,0,0,0,0,0,9,5,4,1,1,0
C5120ST,10,226,District-Munger,Rural,50-59,14,6,8,4,2,2,4,1,3,0,0,0,1,0,1,0,0,0,0,0,0,5,3,2,0,0,0
C5120ST,10,226,District-Munger,Rural,60-69,18,12,6,3,3,0,3,1,2,0,0,0,9,5,4,0,0,0,0,0,0,2,2,0,1,1,0
C5120ST,10,226,District-Munger,Rural,70-79,5,3,2,0,0,0,3,2,1,0,0,0,1,1,0,0,0,0,0,0,0,0,0,0,1,0,1
C5120ST,10,226,District-Munger,Rural,80-89,0,0,0,0,0,0,0,0,0,0,0,0,0,0,0,0,0,0,0,0,0,0,0,0,0,0,0
C5120ST,10,226,District-Munger,Rural,90+,1,0,1,0,0,0,0,0,0,0,0,0,0,0,0,0,0,0,0,0,0,0,0,0,1,0,1
C5120ST,10,226,District-Munger,Rural,Age Not Stated,2,2,0,0,0,0,2,2,0,0,0,0,0,0,0,0,0,0,0,0,0,0,0,0,0,0,0
C5120ST,10,226,District-Munger,Urban,Total,25,18,7,0,0,0,8,6,2,9,8,1,3,3,0,0,0,0,0,0,0,5,1,4,0,0,0
C5120ST,10,226,District-Munger,Urban,0-4,2,1,1,0,0,0,1,0,1,0,0,0,1,1,0,0,0,0,0,0,0,0,0,0,0,0,0
C5120ST,10,226,District-Munger,Urban,5-9,3,3,0,0,0,0,1,1,0,2,2,0,0,0,0,0,0,0,0,0,0,0,0,0,0,0,0
C5120ST,10,226,District-Munger,Urban,10-19,6,5,1,0,0,0,1,1,0,4,4,0,0,0,0,0,0,0,0,0,0,1,0,1,0,0,0
C5120ST,10,226,District-Munger,Urban,20-29,5,4,1,0,0,0,2,2,0,0,0,0,2,2,0,0,0,0,0,0,0,1,0,1,0,0,0
C5120ST,10,226,District-Munger,Urban,30-39,4,2,2,0,0,0,2,1,1,0,0,0,0,0,0,0,0,0,0,0,0,2,1,1,0,0,0
C5120ST,10,226,District-Munger,Urban,40-49,4,2,2,0,0,0,0,0,0,3,2,1,0,0,0,0,0,0,0,0,0,1,0,1,0,0,0
C5120ST,10,226,District-Munger,Urban,50-59,1,1,0,0,0,0,1,1,0,0,0,0,0,0,0,0,0,0,0,0,0,0,0,0,0,0,0
C5120ST,10,226,District-Munger,Urban,60-69,0,0,0,0,0,0,0,0,0,0,0,0,0,0,0,0,0,0,0,0,0,0,0,0,0,0,0
C5120ST,10,226,District-Munger,Urban,70-79,0,0,0,0,0,0,0,0,0,0,0,0,0,0,0,0,0,0,0,0,0,0,0,0,0,0,0
C5120ST,10,226,District-Munger,Urban,80-89,0,0,0,0,0,0,0,0,0,0,0,0,0,0,0,0,0,0,0,0,0,0,0,0,0,0,0
C5120ST,10,226,District-Munger,Urban,90+,0,0,0,0,0,0,0,0,0,0,0,0,0,0,0,0,0,0,0,0,0,0,0,0,0,0,0
C5120ST,10,226,District-Munger,Urban,Age Not Stated,0,0,0,0,0,0,0,0,0,0,0,0,0,0,0,0,0,0,0,0,0,0,0,0,0,0,0
C5120ST,10,227,District-Lakhisarai,Total,Total,94,61,33,18,13,5,14,7,7,4,3,1,39,26,13,1,1,0,0,0,0,16,9,7,2,2,0
C5120ST,10,227,District-Lakhisarai,Total,0-4,4,1,3,2,1,1,0,0,0,0,0,0,0,0,0,0,0,0,0,0,0,2,0,2,0,0,0
C5120ST,10,227,District-Lakhisarai,Total,5-9,14,8,6,5,3,2,2,1,1,0,0,0,3,2,1,1,1,0,0,0,0,3,1,2,0,0,0
C5120ST,10,227,District-Lakhisarai,Total,10-19,29,18,11,4,3,1,7,4,3,1,0,1,14,8,6,0,0,0,0,0,0,3,3,0,0,0,0
C5120ST,10,227,District-Lakhisarai,Total,20-29,15,11,4,1,1,0,3,2,1,1,1,0,8,7,1,0,0,0,0,0,0,2,0,2,0,0,0
C5120ST,10,227,District-Lakhisarai,Total,30-39,8,6,2,2,2,0,1,0,1,0,0,0,3,2,1,0,0,0,0,0,0,2,2,0,0,0,0
C5120ST,10,227,District-Lakhisarai,Total,40-49,7,4,3,0,0,0,1,0,1,1,1,0,2,1,1,0,0,0,0,0,0,2,1,1,1,1,0
C5120ST,10,227,District-Lakhisarai,Total,50-59,5,3,2,0,0,0,0,0,0,0,0,0,3,1,2,0,0,0,0,0,0,1,1,0,1,1,0
C5120ST,10,227,District-Lakhisarai,Total,60-69,9,7,2,2,1,1,0,0,0,1,1,0,5,4,1,0,0,0,0,0,0,1,1,0,0,0,0
C5120ST,10,227,District-Lakhisarai,Total,70-79,0,0,0,0,0,0,0,0,0,0,0,0,0,0,0,0,0,0,0,0,0,0,0,0,0,0,0
C5120ST,10,227,District-Lakhisarai,Total,80-89,2,2,0,1,1,0,0,0,0,0,0,0,1,1,0,0,0,0,0,0,0,0,0,0,0,0,0
C5120ST,10,227,District-Lakhisarai,Total,90+,0,0,0,0,0,0,0,0,0,0,0,0,0,0,0,0,0,0,0,0,0,0,0,0,0,0,0
C5120ST,10,227,District-Lakhisarai,Total,Age Not Stated,1,1,0,1,1,0,0,0,0,0,0,0,0,0,0,0,0,0,0,0,0,0,0,0,0,0,0
C5120ST,10,227,District-Lakhisarai,Rural,Total,94,61,33,18,13,5,14,7,7,4,3,1,39,26,13,1,1,0,0,0,0,16,9,7,2,2,0
C5120ST,10,227,District-Lakhisarai,Rural,0-4,4,1,3,2,1,1,0,0,0,0,0,0,0,0,0,0,0,0,0,0,0,2,0,2,0,0,0
C5120ST,10,227,District-Lakhisarai,Rural,5-9,14,8,6,5,3,2,2,1,1,0,0,0,3,2,1,1,1,0,0,0,0,3,1,2,0,0,0
C5120ST,10,227,District-Lakhisarai,Rural,10-19,29,18,11,4,3,1,7,4,3,1,0,1,14,8,6,0,0,0,0,0,0,3,3,0,0,0,0
C5120ST,10,227,District-Lakhisarai,Rural,20-29,15,11,4,1,1,0,3,2,1,1,1,0,8,7,1,0,0,0,0,0,0,2,0,2,0,0,0
C5120ST,10,227,District-Lakhisarai,Rural,30-39,8,6,2,2,2,0,1,0,1,0,0,0,3,2,1,0,0,0,0,0,0,2,2,0,0,0,0
C5120ST,10,227,District-Lakhisarai,Rural,40-49,7,4,3,0,0,0,1,0,1,1,1,0,2,1,1,0,0,0,0,0,0,2,1,1,1,1,0
C5120ST,10,227,District-Lakhisarai,Rural,50-59,5,3,2,0,0,0,0,0,0,0,0,0,3,1,2,0,0,0,0,0,0,1,1,0,1,1,0
C5120ST,10,227,District-Lakhisarai,Rural,60-69,9,7,2,2,1,1,0,0,0,1,1,0,5,4,1,0,0,0,0,0,0,1,1,0,0,0,0
C5120ST,10,227,District-Lakhisarai,Rural,70-79,0,0,0,0,0,0,0,0,0,0,0,0,0,0,0,0,0,0,0,0,0,0,0,0,0,0,0
C5120ST,10,227,District-Lakhisarai,Rural,80-89,2,2,0,1,1,0,0,0,0,0,0,0,1,1,0,0,0,0,0,0,0,0,0,0,0,0,0
C5120ST,10,227,District-Lakhisarai,Rural,90+,0,0,0,0,0,0,0,0,0,0,0,0,0,0,0,0,0,0,0,0,0,0,0,0,0,0,0
C5120ST,10,227,District-Lakhisarai,Rural,Age Not Stated,1,1,0,1,1,0,0,0,0,0,0,0,0,0,0,0,0,0,0,0,0,0,0,0,0,0,0
C5120ST,10,227,District-Lakhisarai,Urban,Total,0,0,0,0,0,0,0,0,0,0,0,0,0,0,0,0,0,0,0,0,0,0,0,0,0,0,0
C5120ST,10,227,District-Lakhisarai,Urban,0-4,0,0,0,0,0,0,0,0,0,0,0,0,0,0,0,0,0,0,0,0,0,0,0,0,0,0,0
C5120ST,10,227,District-Lakhisarai,Urban,5-9,0,0,0,0,0,0,0,0,0,0,0,0,0,0,0,0,0,0,0,0,0,0,0,0,0,0,0
C5120ST,10,227,District-Lakhisarai,Urban,10-19,0,0,0,0,0,0,0,0,0,0,0,0,0,0,0,0,0,0,0,0,0,0,0,0,0,0,0
C5120ST,10,227,District-Lakhisarai,Urban,20-29,0,0,0,0,0,0,0,0,0,0,0,0,0,0,0,0,0,0,0,0,0,0,0,0,0,0,0
C5120ST,10,227,District-Lakhisarai,Urban,30-39,0,0,0,0,0,0,0,0,0,0,0,0,0,0,0,0,0,0,0,0,0,0,0,0,0,0,0
C5120ST,10,227,District-Lakhisarai,Urban,40-49,0,0,0,0,0,0,0,0,0,0,0,0,0,0,0,0,0,0,0,0,0,0,0,0,0,0,0
C5120ST,10,227,District-Lakhisarai,Urban,50-59,0,0,0,0,0,0,0,0,0,0,0,0,0,0,0,0,0,0,0,0,0,0,0,0,0,0,0
C5120ST,10,227,District-Lakhisarai,Urban,60-69,0,0,0,0,0,0,0,0,0,0,0,0,0,0,0,0,0,0,0,0,0,0,0,0,0,0,0
C5120ST,10,227,District-Lakhisarai,Urban,70-79,0,0,0,0,0,0,0,0,0,0,0,0,0,0,0,0,0,0,0,0,0,0,0,0,0,0,0
C5120ST,10,227,District-Lakhisarai,Urban,80-89,0,0,0,0,0,0,0,0,0,0,0,0,0,0,0,0,0,0,0,0,0,0,0,0,0,0,0
C5120ST,10,227,District-Lakhisarai,Urban,90+,0,0,0,0,0,0,0,0,0,0,0,0,0,0,0,0,0,0,0,0,0,0,0,0,0,0,0
C5120ST,10,227,District-Lakhisarai,Urban,Age Not Stated,0,0,0,0,0,0,0,0,0,0,0,0,0,0,0,0,0,0,0,0,0,0,0,0,0,0,0
C5120ST,10,228,District-Sheikhpura,Total,Total,19,8,11,3,1,2,9,4,5,0,0,0,3,1,2,0,0,0,0,0,0,4,2,2,0,0,0
C5120ST,10,228,District-Sheikhpura,Total,0-4,4,1,3,0,0,0,2,0,2,0,0,0,0,0,0,0,0,0,0,0,0,2,1,1,0,0,0
C5120ST,10,228,District-Sheikhpura,Total,5-9,4,3,1,0,0,0,2,2,0,0,0,0,1,0,1,0,0,0,0,0,0,1,1,0,0,0,0
C5120ST,10,228,District-Sheikhpura,Total,10-19,3,0,3,2,0,2,0,0,0,0,0,0,0,0,0,0,0,0,0,0,0,1,0,1,0,0,0
C5120ST,10,228,District-Sheikhpura,Total,20-29,0,0,0,0,0,0,0,0,0,0,0,0,0,0,0,0,0,0,0,0,0,0,0,0,0,0,0
C5120ST,10,228,District-Sheikhpura,Total,30-39,1,0,1,0,0,0,1,0,1,0,0,0,0,0,0,0,0,0,0,0,0,0,0,0,0,0,0
C5120ST,10,228,District-Sheikhpura,Total,40-49,1,1,0,0,0,0,1,1,0,0,0,0,0,0,0,0,0,0,0,0,0,0,0,0,0,0,0
C5120ST,10,228,District-Sheikhpura,Total,50-59,3,1,2,1,1,0,2,0,2,0,0,0,0,0,0,0,0,0,0,0,0,0,0,0,0,0,0
C5120ST,10,228,District-Sheikhpura,Total,60-69,3,2,1,0,0,0,1,1,0,0,0,0,2,1,1,0,0,0,0,0,0,0,0,0,0,0,0
C5120ST,10,228,District-Sheikhpura,Total,70-79,0,0,0,0,0,0,0,0,0,0,0,0,0,0,0,0,0,0,0,0,0,0,0,0,0,0,0
C5120ST,10,228,District-Sheikhpura,Total,80-89,0,0,0,0,0,0,0,0,0,0,0,0,0,0,0,0,0,0,0,0,0,0,0,0,0,0,0
C5120ST,10,228,District-Sheikhpura,Total,90+,0,0,0,0,0,0,0,0,0,0,0,0,0,0,0,0,0,0,0,0,0,0,0,0,0,0,0
C5120ST,10,228,District-Sheikhpura,Total,Age Not Stated,0,0,0,0,0,0,0,0,0,0,0,0,0,0,0,0,0,0,0,0,0,0,0,0,0,0,0
C5120ST,10,228,District-Sheikhpura,Rural,Total,18,8,10,2,1,1,9,4,5,0,0,0,3,1,2,0,0,0,0,0,0,4,2,2,0,0,0
C5120ST,10,228,District-Sheikhpura,Rural,0-4,4,1,3,0,0,0,2,0,2,0,0,0,0,0,0,0,0,0,0,0,0,2,1,1,0,0,0
C5120ST,10,228,District-Sheikhpura,Rural,5-9,4,3,1,0,0,0,2,2,0,0,0,0,1,0,1,0,0,0,0,0,0,1,1,0,0,0,0
C5120ST,10,228,District-Sheikhpura,Rural,10-19,2,0,2,1,0,1,0,0,0,0,0,0,0,0,0,0,0,0,0,0,0,1,0,1,0,0,0
C5120ST,10,228,District-Sheikhpura,Rural,20-29,0,0,0,0,0,0,0,0,0,0,0,0,0,0,0,0,0,0,0,0,0,0,0,0,0,0,0
C5120ST,10,228,District-Sheikhpura,Rural,30-39,1,0,1,0,0,0,1,0,1,0,0,0,0,0,0,0,0,0,0,0,0,0,0,0,0,0,0
C5120ST,10,228,District-Sheikhpura,Rural,40-49,1,1,0,0,0,0,1,1,0,0,0,0,0,0,0,0,0,0,0,0,0,0,0,0,0,0,0
C5120ST,10,228,District-Sheikhpura,Rural,50-59,3,1,2,1,1,0,2,0,2,0,0,0,0,0,0,0,0,0,0,0,0,0,0,0,0,0,0
C5120ST,10,228,District-Sheikhpura,Rural,60-69,3,2,1,0,0,0,1,1,0,0,0,0,2,1,1,0,0,0,0,0,0,0,0,0,0,0,0
C5120ST,10,228,District-Sheikhpura,Rural,70-79,0,0,0,0,0,0,0,0,0,0,0,0,0,0,0,0,0,0,0,0,0,0,0,0,0,0,0
C5120ST,10,228,District-Sheikhpura,Rural,80-89,0,0,0,0,0,0,0,0,0,0,0,0,0,0,0,0,0,0,0,0,0,0,0,0,0,0,0
C5120ST,10,228,District-Sheikhpura,Rural,90+,0,0,0,0,0,0,0,0,0,0,0,0,0,0,0,0,0,0,0,0,0,0,0,0,0,0,0
C5120ST,10,228,District-Sheikhpura,Rural,Age Not Stated,0,0,0,0,0,0,0,0,0,0,0,0,0,0,0,0,0,0,0,0,0,0,0,0,0,0,0
C5120ST,10,228,District-Sheikhpura,Urban,Total,1,0,1,1,0,1,0,0,0,0,0,0,0,0,0,0,0,0,0,0,0,0,0,0,0,0,0
C5120ST,10,228,District-Sheikhpura,Urban,0-4,0,0,0,0,0,0,0,0,0,0,0,0,0,0,0,0,0,0,0,0,0,0,0,0,0,0,0
C5120ST,10,228,District-Sheikhpura,Urban,5-9,0,0,0,0,0,0,0,0,0,0,0,0,0,0,0,0,0,0,0,0,0,0,0,0,0,0,0
C5120ST,10,228,District-Sheikhpura,Urban,10-19,1,0,1,1,0,1,0,0,0,0,0,0,0,0,0,0,0,0,0,0,0,0,0,0,0,0,0
C5120ST,10,228,District-Sheikhpura,Urban,20-29,0,0,0,0,0,0,0,0,0,0,0,0,0,0,0,0,0,0,0,0,0,0,0,0,0,0,0
C5120ST,10,228,District-Sheikhpura,Urban,30-39,0,0,0,0,0,0,0,0,0,0,0,0,0,0,0,0,0,0,0,0,0,0,0,0,0,0,0
C5120ST,10,228,District-Sheikhpura,Urban,40-49,0,0,0,0,0,0,0,0,0,0,0,0,0,0,0,0,0,0,0,0,0,0,0,0,0,0,0
C5120ST,10,228,District-Sheikhpura,Urban,50-59,0,0,0,0,0,0,0,0,0,0,0,0,0,0,0,0,0,0,0,0,0,0,0,0,0,0,0
C5120ST,10,228,District-Sheikhpura,Urban,60-69,0,0,0,0,0,0,0,0,0,0,0,0,0,0,0,0,0,0,0,0,0,0,0,0,0,0,0
C5120ST,10,228,District-Sheikhpura,Urban,70-79,0,0,0,0,0,0,0,0,0,0,0,0,0,0,0,0,0,0,0,0,0,0,0,0,0,0,0
C5120ST,10,228,District-Sheikhpura,Urban,80-89,0,0,0,0,0,0,0,0,0,0,0,0,0,0,0,0,0,0,0,0,0,0,0,0,0,0,0
C5120ST,10,228,District-Sheikhpura,Urban,90+,0,0,0,0,0,0,0,0,0,0,0,0,0,0,0,0,0,0,0,0,0,0,0,0,0,0,0
C5120ST,10,228,District-Sheikhpura,Urban,Age Not Stated,0,0,0,0,0,0,0,0,0,0,0,0,0,0,0,0,0,0,0,0,0,0,0,0,0,0,0
C5120ST,10,229,District-Nalanda,Total,Total,44,22,22,7,3,4,9,4,5,2,1,1,11,7,4,3,2,1,0,0,0,10,5,5,2,0,2
C5120ST,10,229,District-Nalanda,Total,0-4,4,2,2,1,1,0,1,0,1,0,0,0,0,0,0,0,0,0,0,0,0,1,1,0,1,0,1
C5120ST,10,229,District-Nalanda,Total,5-9,4,2,2,0,0,0,1,0,1,1,1,0,0,0,0,0,0,0,0,0,0,2,1,1,0,0,0
C5120ST,10,229,District-Nalanda,Total,10-19,9,4,5,3,1,2,1,1,0,0,0,0,2,2,0,1,0,1,0,0,0,1,0,1,1,0,1
C5120ST,10,229,District-Nalanda,Total,20-29,5,4,1,1,0,1,1,1,0,0,0,0,2,2,0,0,0,0,0,0,0,1,1,0,0,0,0
C5120ST,10,229,District-Nalanda,Total,30-39,4,1,3,0,0,0,0,0,0,0,0,0,1,0,1,1,1,0,0,0,0,2,0,2,0,0,0
C5120ST,10,229,District-Nalanda,Total,40-49,2,1,1,1,0,1,0,0,0,0,0,0,0,0,0,0,0,0,0,0,0,1,1,0,0,0,0
C5120ST,10,229,District-Nalanda,Total,50-59,3,0,3,0,0,0,1,0,1,1,0,1,1,0,1,0,0,0,0,0,0,0,0,0,0,0,0
C5120ST,10,229,District-Nalanda,Total,60-69,8,5,3,1,1,0,1,0,1,0,0,0,4,2,2,1,1,0,0,0,0,1,1,0,0,0,0
C5120ST,10,229,District-Nalanda,Total,70-79,3,2,1,0,0,0,2,1,1,0,0,0,1,1,0,0,0,0,0,0,0,0,0,0,0,0,0
C5120ST,10,229,District-Nalanda,Total,80-89,1,0,1,0,0,0,0,0,0,0,0,0,0,0,0,0,0,0,0,0,0,1,0,1,0,0,0
C5120ST,10,229,District-Nalanda,Total,90+,0,0,0,0,0,0,0,0,0,0,0,0,0,0,0,0,0,0,0,0,0,0,0,0,0,0,0
C5120ST,10,229,District-Nalanda,Total,Age Not Stated,1,1,0,0,0,0,1,1,0,0,0,0,0,0,0,0,0,0,0,0,0,0,0,0,0,0,0
C5120ST,10,229,District-Nalanda,Rural,Total,34,19,15,4,3,1,5,2,3,2,1,1,10,6,4,3,2,1,0,0,0,8,5,3,2,0,2
C5120ST,10,229,District-Nalanda,Rural,0-4,4,2,2,1,1,0,1,0,1,0,0,0,0,0,0,0,0,0,0,0,0,1,1,0,1,0,1
C5120ST,10,229,District-Nalanda,Rural,5-9,4,2,2,0,0,0,1,0,1,1,1,0,0,0,0,0,0,0,0,0,0,2,1,1,0,0,0
C5120ST,10,229,District-Nalanda,Rural,10-19,7,4,3,2,1,1,1,1,0,0,0,0,2,2,0,1,0,1,0,0,0,0,0,0,1,0,1
C5120ST,10,229,District-Nalanda,Rural,20-29,2,2,0,0,0,0,0,0,0,0,0,0,1,1,0,0,0,0,0,0,0,1,1,0,0,0,0
C5120ST,10,229,District-Nalanda,Rural,30-39,3,1,2,0,0,0,0,0,0,0,0,0,1,0,1,1,1,0,0,0,0,1,0,1,0,0,0
C5120ST,10,229,District-Nalanda,Rural,40-49,1,1,0,0,0,0,0,0,0,0,0,0,0,0,0,0,0,0,0,0,0,1,1,0,0,0,0
C5120ST,10,229,District-Nalanda,Rural,50-59,2,0,2,0,0,0,0,0,0,1,0,1,1,0,1,0,0,0,0,0,0,0,0,0,0,0,0
C5120ST,10,229,District-Nalanda,Rural,60-69,8,5,3,1,1,0,1,0,1,0,0,0,4,2,2,1,1,0,0,0,0,1,1,0,0,0,0
C5120ST,10,229,District-Nalanda,Rural,70-79,2,2,0,0,0,0,1,1,0,0,0,0,1,1,0,0,0,0,0,0,0,0,0,0,0,0,0
C5120ST,10,229,District-Nalanda,Rural,80-89,1,0,1,0,0,0,0,0,0,0,0,0,0,0,0,0,0,0,0,0,0,1,0,1,0,0,0
C5120ST,10,229,District-Nalanda,Rural,90+,0,0,0,0,0,0,0,0,0,0,0,0,0,0,0,0,0,0,0,0,0,0,0,0,0,0,0
C5120ST,10,229,District-Nalanda,Rural,Age Not Stated,0,0,0,0,0,0,0,0,0,0,0,0,0,0,0,0,0,0,0,0,0,0,0,0,0,0,0
C5120ST,10,229,District-Nalanda,Urban,Total,10,3,7,3,0,3,4,2,2,0,0,0,1,1,0,0,0,0,0,0,0,2,0,2,0,0,0
C5120ST,10,229,District-Nalanda,Urban,0-4,0,0,0,0,0,0,0,0,0,0,0,0,0,0,0,0,0,0,0,0,0,0,0,0,0,0,0
C5120ST,10,229,District-Nalanda,Urban,5-9,0,0,0,0,0,0,0,0,0,0,0,0,0,0,0,0,0,0,0,0,0,0,0,0,0,0,0
C5120ST,10,229,District-Nalanda,Urban,10-19,2,0,2,1,0,1,0,0,0,0,0,0,0,0,0,0,0,0,0,0,0,1,0,1,0,0,0
C5120ST,10,229,District-Nalanda,Urban,20-29,3,2,1,1,0,1,1,1,0,0,0,0,1,1,0,0,0,0,0,0,0,0,0,0,0,0,0
C5120ST,10,229,District-Nalanda,Urban,30-39,1,0,1,0,0,0,0,0,0,0,0,0,0,0,0,0,0,0,0,0,0,1,0,1,0,0,0
C5120ST,10,229,District-Nalanda,Urban,40-49,1,0,1,1,0,1,0,0,0,0,0,0,0,0,0,0,0,0,0,0,0,0,0,0,0,0,0
C5120ST,10,229,District-Nalanda,Urban,50-59,1,0,1,0,0,0,1,0,1,0,0,0,0,0,0,0,0,0,0,0,0,0,0,0,0,0,0
C5120ST,10,229,District-Nalanda,Urban,60-69,0,0,0,0,0,0,0,0,0,0,0,0,0,0,0,0,0,0,0,0,0,0,0,0,0,0,0
C5120ST,10,229,District-Nalanda,Urban,70-79,1,0,1,0,0,0,1,0,1,0,0,0,0,0,0,0,0,0,0,0,0,0,0,0,0,0,0
C5120ST,10,229,District-Nalanda,Urban,80-89,0,0,0,0,0,0,0,0,0,0,0,0,0,0,0,0,0,0,0,0,0,0,0,0,0,0,0
C5120ST,10,229,District-Nalanda,Urban,90+,0,0,0,0,0,0,0,0,0,0,0,0,0,0,0,0,0,0,0,0,0,0,0,0,0,0,0
C5120ST,10,229,District-Nalanda,Urban,Age Not Stated,1,1,0,0,0,0,1,1,0,0,0,0,0,0,0,0,0,0,0,0,0,0,0,0,0,0,0
C5120ST,10,230,District-Patna,Total,Total,394,184,210,95,45,50,84,46,38,30,21,9,80,28,52,12,8,4,2,0,2,80,32,48,11,4,7
C5120ST,10,230,District-Patna,Total,0-4,23,8,15,7,4,3,4,0,4,1,0,1,3,1,2,1,1,0,0,0,0,7,2,5,0,0,0
C5120ST,10,230,District-Patna,Total,5-9,39,20,19,11,7,4,8,4,4,4,3,1,4,1,3,1,0,1,1,0,1,10,5,5,0,0,0
C5120ST,10,230,District-Patna,Total,10-19,86,56,30,21,12,9,24,18,6,11,10,1,11,4,7,3,3,0,0,0,0,14,8,6,2,1,1
C5120ST,10,230,District-Patna,Total,20-29,74,28,46,19,5,14,17,9,8,6,3,3,14,4,10,3,2,1,0,0,0,12,4,8,3,1,2
C5120ST,10,230,District-Patna,Total,30-39,50,19,31,12,7,5,9,2,7,2,1,1,10,4,6,1,1,0,1,0,1,13,4,9,2,0,2
C5120ST,10,230,District-Patna,Total,40-49,44,27,17,14,7,7,9,7,2,5,4,1,11,6,5,1,0,1,0,0,0,3,2,1,1,1,0
C5120ST,10,230,District-Patna,Total,50-59,24,11,13,4,2,2,5,3,2,0,0,0,5,3,2,1,1,0,0,0,0,9,2,7,0,0,0
C5120ST,10,230,District-Patna,Total,60-69,40,9,31,3,0,3,6,1,5,0,0,0,16,2,14,1,0,1,0,0,0,11,5,6,3,1,2
C5120ST,10,230,District-Patna,Total,70-79,8,5,3,2,1,1,2,2,0,1,0,1,3,2,1,0,0,0,0,0,0,0,0,0,0,0,0
C5120ST,10,230,District-Patna,Total,80-89,2,0,2,2,0,2,0,0,0,0,0,0,0,0,0,0,0,0,0,0,0,0,0,0,0,0,0
C5120ST,10,230,District-Patna,Total,90+,0,0,0,0,0,0,0,0,0,0,0,0,0,0,0,0,0,0,0,0,0,0,0,0,0,0,0
C5120ST,10,230,District-Patna,Total,Age Not Stated,4,1,3,0,0,0,0,0,0,0,0,0,3,1,2,0,0,0,0,0,0,1,0,1,0,0,0
C5120ST,10,230,District-Patna,Rural,Total,103,63,40,22,15,7,22,10,12,11,8,3,13,11,2,2,1,1,1,0,1,32,18,14,0,0,0
C5120ST,10,230,District-Patna,Rural,0-4,4,3,1,2,2,0,1,0,1,0,0,0,0,0,0,0,0,0,0,0,0,1,1,0,0,0,0
C5120ST,10,230,District-Patna,Rural,5-9,13,5,8,2,1,1,3,1,2,1,0,1,1,0,1,0,0,0,1,0,1,5,3,2,0,0,0
C5120ST,10,230,District-Patna,Rural,10-19,27,19,8,3,3,0,7,3,4,5,5,0,3,3,0,0,0,0,0,0,0,9,5,4,0,0,0
C5120ST,10,230,District-Patna,Rural,20-29,16,8,8,4,2,2,4,2,2,1,0,1,1,1,0,2,1,1,0,0,0,4,2,2,0,0,0
C5120ST,10,230,District-Patna,Rural,30-39,20,11,9,8,5,3,3,0,3,1,0,1,2,2,0,0,0,0,0,0,0,6,4,2,0,0,0
C5120ST,10,230,District-Patna,Rural,40-49,12,10,2,2,1,1,3,3,0,3,3,0,3,3,0,0,0,0,0,0,0,1,0,1,0,0,0
C5120ST,10,230,District-Patna,Rural,50-59,2,1,1,0,0,0,0,0,0,0,0,0,0,0,0,0,0,0,0,0,0,2,1,1,0,0,0
C5120ST,10,230,District-Patna,Rural,60-69,6,3,3,0,0,0,0,0,0,0,0,0,2,1,1,0,0,0,0,0,0,4,2,2,0,0,0
C5120ST,10,230,District-Patna,Rural,70-79,2,2,0,1,1,0,1,1,0,0,0,0,0,0,0,0,0,0,0,0,0,0,0,0,0,0,0
C5120ST,10,230,District-Patna,Rural,80-89,0,0,0,0,0,0,0,0,0,0,0,0,0,0,0,0,0,0,0,0,0,0,0,0,0,0,0
C5120ST,10,230,District-Patna,Rural,90+,0,0,0,0,0,0,0,0,0,0,0,0,0,0,0,0,0,0,0,0,0,0,0,0,0,0,0
C5120ST,10,230,District-Patna,Rural,Age Not Stated,1,1,0,0,0,0,0,0,0,0,0,0,1,1,0,0,0,0,0,0,0,0,0,0,0,0,0
C5120ST,10,230,District-Patna,Urban,Total,291,121,170,73,30,43,62,36,26,19,13,6,67,17,50,10,7,3,1,0,1,48,14,34,11,4,7
C5120ST,10,230,District-Patna,Urban,0-4,19,5,14,5,2,3,3,0,3,1,0,1,3,1,2,1,1,0,0,0,0,6,1,5,0,0,0
C5120ST,10,230,District-Patna,Urban,5-9,26,15,11,9,6,3,5,3,2,3,3,0,3,1,2,1,0,1,0,0,0,5,2,3,0,0,0
C5120ST,10,230,District-Patna,Urban,10-19,59,37,22,18,9,9,17,15,2,6,5,1,8,1,7,3,3,0,0,0,0,5,3,2,2,1,1
C5120ST,10,230,District-Patna,Urban,20-29,58,20,38,15,3,12,13,7,6,5,3,2,13,3,10,1,1,0,0,0,0,8,2,6,3,1,2
C5120ST,10,230,District-Patna,Urban,30-39,30,8,22,4,2,2,6,2,4,1,1,0,8,2,6,1,1,0,1,0,1,7,0,7,2,0,2
C5120ST,10,230,District-Patna,Urban,40-49,32,17,15,12,6,6,6,4,2,2,1,1,8,3,5,1,0,1,0,0,0,2,2,0,1,1,0
C5120ST,10,230,District-Patna,Urban,50-59,22,10,12,4,2,2,5,3,2,0,0,0,5,3,2,1,1,0,0,0,0,7,1,6,0,0,0
C5120ST,10,230,District-Patna,Urban,60-69,34,6,28,3,0,3,6,1,5,0,0,0,14,1,13,1,0,1,0,0,0,7,3,4,3,1,2
C5120ST,10,230,District-Patna,Urban,70-79,6,3,3,1,0,1,1,1,0,1,0,1,3,2,1,0,0,0,0,0,0,0,0,0,0,0,0
C5120ST,10,230,District-Patna,Urban,80-89,2,0,2,2,0,2,0,0,0,0,0,0,0,0,0,0,0,0,0,0,0,0,0,0,0,0,0
C5120ST,10,230,District-Patna,Urban,90+,0,0,0,0,0,0,0,0,0,0,0,0,0,0,0,0,0,0,0,0,0,0,0,0,0,0,0
C5120ST,10,230,District-Patna,Urban,Age Not Stated,3,0,3,0,0,0,0,0,0,0,0,0,2,0,2,0,0,0,0,0,0,1,0,1,0,0,0
C5120ST,10,231,District-Bhojpur,Total,Total,479,265,214,141,77,64,118,66,52,26,13,13,51,34,17,19,9,10,7,6,1,98,47,51,19,13,6
C5120ST,10,231,District-Bhojpur,Total,0-4,39,22,17,7,5,2,12,7,5,0,0,0,3,1,2,0,0,0,0,0,0,15,7,8,2,2,0
C5120ST,10,231,District-Bhojpur,Total,5-9,54,28,26,17,9,8,10,4,6,5,1,4,3,1,2,0,0,0,0,0,0,17,12,5,2,1,1
C5120ST,10,231,District-Bhojpur,Total,10-19,113,70,43,28,18,10,28,17,11,7,4,3,19,16,3,12,8,4,3,2,1,14,4,10,2,1,1
C5120ST,10,231,District-Bhojpur,Total,20-29,67,34,33,18,7,11,13,7,6,4,3,1,8,5,3,3,1,2,0,0,0,18,8,10,3,3,0
C5120ST,10,231,District-Bhojpur,Total,30-39,64,39,25,17,10,7,19,11,8,5,3,2,4,4,0,0,0,0,1,1,0,15,9,6,3,1,2
C5120ST,10,231,District-Bhojpur,Total,40-49,37,19,18,5,2,3,13,8,5,2,1,1,4,3,1,3,0,3,2,2,0,8,3,5,0,0,0
C5120ST,10,231,District-Bhojpur,Total,50-59,40,18,22,18,9,9,9,4,5,3,1,2,3,2,1,1,0,1,1,1,0,5,1,4,0,0,0
C5120ST,10,231,District-Bhojpur,Total,60-69,36,18,18,19,10,9,6,4,2,0,0,0,4,1,3,0,0,0,0,0,0,4,2,2,3,1,2
C5120ST,10,231,District-Bhojpur,Total,70-79,18,13,5,9,6,3,3,2,1,0,0,0,1,1,0,0,0,0,0,0,0,2,1,1,3,3,0
C5120ST,10,231,District-Bhojpur,Total,80-89,7,2,5,1,0,1,3,1,2,0,0,0,2,0,2,0,0,0,0,0,0,0,0,0,1,1,0
C5120ST,10,231,District-Bhojpur,Total,90+,3,1,2,2,1,1,1,0,1,0,0,0,0,0,0,0,0,0,0,0,0,0,0,0,0,0,0
C5120ST,10,231,District-Bhojpur,Total,Age Not Stated,1,1,0,0,0,0,1,1,0,0,0,0,0,0,0,0,0,0,0,0,0,0,0,0,0,0,0
C5120ST,10,231,District-Bhojpur,Rural,Total,422,233,189,121,66,55,106,61,45,25,12,13,42,28,14,18,8,10,2,2,0,93,46,47,15,10,5
C5120ST,10,231,District-Bhojpur,Rural,0-4,32,19,13,4,4,0,12,7,5,0,0,0,1,0,1,0,0,0,0,0,0,14,7,7,1,1,0
C5120ST,10,231,District-Bhojpur,Rural,5-9,50,26,24,17,9,8,9,4,5,4,0,4,1,0,1,0,0,0,0,0,0,17,12,5,2,1,1
C5120ST,10,231,District-Bhojpur,Rural,10-19,101,63,38,24,16,8,26,16,10,7,4,3,16,13,3,12,8,4,1,1,0,13,4,9,2,1,1
C5120ST,10,231,District-Bhojpur,Rural,20-29,57,30,27,14,6,8,12,7,5,4,3,1,7,4,3,2,0,2,0,0,0,16,8,8,2,2,0
C5120ST,10,231,District-Bhojpur,Rural,30-39,57,35,22,15,9,6,15,9,6,5,3,2,4,4,0,0,0,0,1,1,0,14,8,6,3,1,2
C5120ST,10,231,District-Bhojpur,Rural,40-49,33,16,17,5,2,3,11,7,4,2,1,1,4,3,1,3,0,3,0,0,0,8,3,5,0,0,0
C5120ST,10,231,District-Bhojpur,Rural,50-59,36,15,21,16,7,9,8,4,4,3,1,2,3,2,1,1,0,1,0,0,0,5,1,4,0,0,0
C5120ST,10,231,District-Bhojpur,Rural,60-69,31,14,17,16,7,9,5,3,2,0,0,0,4,1,3,0,0,0,0,0,0,4,2,2,2,1,1
C5120ST,10,231,District-Bhojpur,Rural,70-79,16,11,5,8,5,3,3,2,1,0,0,0,1,1,0,0,0,0,0,0,0,2,1,1,2,2,0
C5120ST,10,231,District-Bhojpur,Rural,80-89,6,2,4,1,0,1,3,1,2,0,0,0,1,0,1,0,0,0,0,0,0,0,0,0,1,1,0
C5120ST,10,231,District-Bhojpur,Rural,90+,2,1,1,1,1,0,1,0,1,0,0,0,0,0,0,0,0,0,0,0,0,0,0,0,0,0,0
C5120ST,10,231,District-Bhojpur,Rural,Age Not Stated,1,1,0,0,0,0,1,1,0,0,0,0,0,0,0,0,0,0,0,0,0,0,0,0,0,0,0
C5120ST,10,231,District-Bhojpur,Urban,Total,57,32,25,20,11,9,12,5,7,1,1,0,9,6,3,1,1,0,5,4,1,5,1,4,4,3,1
C5120ST,10,231,District-Bhojpur,Urban,0-4,7,3,4,3,1,2,0,0,0,0,0,0,2,1,1,0,0,0,0,0,0,1,0,1,1,1,0
C5120ST,10,231,District-Bhojpur,Urban,5-9,4,2,2,0,0,0,1,0,1,1,1,0,2,1,1,0,0,0,0,0,0,0,0,0,0,0,0
C5120ST,10,231,District-Bhojpur,Urban,10-19,12,7,5,4,2,2,2,1,1,0,0,0,3,3,0,0,0,0,2,1,1,1,0,1,0,0,0
C5120ST,10,231,District-Bhojpur,Urban,20-29,10,4,6,4,1,3,1,0,1,0,0,0,1,1,0,1,1,0,0,0,0,2,0,2,1,1,0
C5120ST,10,231,District-Bhojpur,Urban,30-39,7,4,3,2,1,1,4,2,2,0,0,0,0,0,0,0,0,0,0,0,0,1,1,0,0,0,0
C5120ST,10,231,District-Bhojpur,Urban,40-49,4,3,1,0,0,0,2,1,1,0,0,0,0,0,0,0,0,0,2,2,0,0,0,0,0,0,0
C5120ST,10,231,District-Bhojpur,Urban,50-59,4,3,1,2,2,0,1,0,1,0,0,0,0,0,0,0,0,0,1,1,0,0,0,0,0,0,0
C5120ST,10,231,District-Bhojpur,Urban,60-69,5,4,1,3,3,0,1,1,0,0,0,0,0,0,0,0,0,0,0,0,0,0,0,0,1,0,1
C5120ST,10,231,District-Bhojpur,Urban,70-79,2,2,0,1,1,0,0,0,0,0,0,0,0,0,0,0,0,0,0,0,0,0,0,0,1,1,0
C5120ST,10,231,District-Bhojpur,Urban,80-89,1,0,1,0,0,0,0,0,0,0,0,0,1,0,1,0,0,0,0,0,0,0,0,0,0,0,0
C5120ST,10,231,District-Bhojpur,Urban,90+,1,0,1,1,0,1,0,0,0,0,0,0,0,0,0,0,0,0,0,0,0,0,0,0,0,0,0
C5120ST,10,231,District-Bhojpur,Urban,Age Not Stated,0,0,0,0,0,0,0,0,0,0,0,0,0,0,0,0,0,0,0,0,0,0,0,0,0,0,0
C5120ST,10,232,District-Buxar,Total,Total,546,328,218,95,56,39,110,57,53,58,33,25,116,74,42,17,10,7,6,4,2,107,71,36,37,23,14
C5120ST,10,232,District-Buxar,Total,0-4,38,21,17,7,4,3,12,7,5,3,2,1,1,0,1,1,0,1,0,0,0,11,7,4,3,1,2
C5120ST,10,232,District-Buxar,Total,5-9,56,30,26,11,5,6,12,5,7,13,7,6,7,5,2,1,1,0,0,0,0,8,4,4,4,3,1
C5120ST,10,232,District-Buxar,Total,10-19,117,71,46,19,12,7,25,11,14,12,9,3,24,13,11,3,2,1,2,1,1,23,16,7,9,7,2
C5120ST,10,232,District-Buxar,Total,20-29,90,51,39,14,7,7,22,10,12,11,4,7,18,13,5,2,1,1,1,1,0,15,9,6,7,6,1
C5120ST,10,232,District-Buxar,Total,30-39,65,45,20,11,9,2,11,7,4,8,5,3,14,10,4,5,3,2,0,0,0,14,10,4,2,1,1
C5120ST,10,232,District-Buxar,Total,40-49,50,31,19,7,5,2,8,4,4,3,2,1,13,9,4,4,2,2,2,2,0,12,7,5,1,0,1
C5120ST,10,232,District-Buxar,Total,50-59,42,28,14,7,5,2,7,5,2,3,0,3,11,7,4,0,0,0,0,0,0,12,10,2,2,1,1
C5120ST,10,232,District-Buxar,Total,60-69,55,32,23,11,4,7,8,5,3,5,4,1,15,11,4,0,0,0,1,0,1,10,6,4,5,2,3
C5120ST,10,232,District-Buxar,Total,70-79,24,11,13,8,5,3,4,2,2,0,0,0,10,3,7,0,0,0,0,0,0,1,1,0,1,0,1
C5120ST,10,232,District-Buxar,Total,80-89,5,5,0,0,0,0,1,1,0,0,0,0,2,2,0,1,1,0,0,0,0,0,0,0,1,1,0
C5120ST,10,232,District-Buxar,Total,90+,3,2,1,0,0,0,0,0,0,0,0,0,1,1,0,0,0,0,0,0,0,0,0,0,2,1,1
C5120ST,10,232,District-Buxar,Total,Age Not Stated,1,1,0,0,0,0,0,0,0,0,0,0,0,0,0,0,0,0,0,0,0,1,1,0,0,0,0
C5120ST,10,232,District-Buxar,Rural,Total,502,301,201,87,50,37,106,56,50,58,33,25,103,67,36,15,10,5,4,2,2,99,64,35,30,19,11
C5120ST,10,232,District-Buxar,Rural,0-4,37,20,17,6,3,3,12,7,5,3,2,1,1,0,1,1,0,1,0,0,0,11,7,4,3,1,2
C5120ST,10,232,District-Buxar,Rural,5-9,51,28,23,8,4,4,12,5,7,13,7,6,7,5,2,1,1,0,0,0,0,8,4,4,2,2,0
C5120ST,10,232,District-Buxar,Rural,10-19,109,66,43,18,11,7,23,11,12,12,9,3,23,12,11,3,2,1,1,0,1,22,15,7,7,6,1
C5120ST,10,232,District-Buxar,Rural,20-29,82,44,38,13,6,7,22,10,12,11,4,7,16,11,5,1,1,0,0,0,0,14,8,6,5,4,1
C5120ST,10,232,District-Buxar,Rural,30-39,61,43,18,11,9,2,11,7,4,8,5,3,12,9,3,4,3,1,0,0,0,13,9,4,2,1,1
C5120ST,10,232,District-Buxar,Rural,40-49,47,29,18,7,5,2,8,4,4,3,2,1,11,8,3,4,2,2,2,2,0,11,6,5,1,0,1
C5120ST,10,232,District-Buxar,Rural,50-59,38,25,13,6,4,2,7,5,2,3,0,3,10,6,4,0,0,0,0,0,0,10,9,1,2,1,1
C5120ST,10,232,District-Buxar,Rural,60-69,49,28,21,10,3,7,6,4,2,5,4,1,13,10,3,0,0,0,1,0,1,9,5,4,5,2,3
C5120ST,10,232,District-Buxar,Rural,70-79,21,11,10,8,5,3,4,2,2,0,0,0,7,3,4,0,0,0,0,0,0,1,1,0,1,0,1
C5120ST,10,232,District-Buxar,Rural,80-89,5,5,0,0,0,0,1,1,0,0,0,0,2,2,0,1,1,0,0,0,0,0,0,0,1,1,0
C5120ST,10,232,District-Buxar,Rural,90+,2,2,0,0,0,0,0,0,0,0,0,0,1,1,0,0,0,0,0,0,0,0,0,0,1,1,0
C5120ST,10,232,District-Buxar,Rural,Age Not Stated,0,0,0,0,0,0,0,0,0,0,0,0,0,0,0,0,0,0,0,0,0,0,0,0,0,0,0
C5120ST,10,232,District-Buxar,Urban,Total,44,27,17,8,6,2,4,1,3,0,0,0,13,7,6,2,0,2,2,2,0,8,7,1,7,4,3
C5120ST,10,232,District-Buxar,Urban,0-4,1,1,0,1,1,0,0,0,0,0,0,0,0,0,0,0,0,0,0,0,0,0,0,0,0,0,0
C5120ST,10,232,District-Buxar,Urban,5-9,5,2,3,3,1,2,0,0,0,0,0,0,0,0,0,0,0,0,0,0,0,0,0,0,2,1,1
C5120ST,10,232,District-Buxar,Urban,10-19,8,5,3,1,1,0,2,0,2,0,0,0,1,1,0,0,0,0,1,1,0,1,1,0,2,1,1
C5120ST,10,232,District-Buxar,Urban,20-29,8,7,1,1,1,0,0,0,0,0,0,0,2,2,0,1,0,1,1,1,0,1,1,0,2,2,0
C5120ST,10,232,District-Buxar,Urban,30-39,4,2,2,0,0,0,0,0,0,0,0,0,2,1,1,1,0,1,0,0,0,1,1,0,0,0,0
C5120ST,10,232,District-Buxar,Urban,40-49,3,2,1,0,0,0,0,0,0,0,0,0,2,1,1,0,0,0,0,0,0,1,1,0,0,0,0
C5120ST,10,232,District-Buxar,Urban,50-59,4,3,1,1,1,0,0,0,0,0,0,0,1,1,0,0,0,0,0,0,0,2,1,1,0,0,0
C5120ST,10,232,District-Buxar,Urban,60-69,6,4,2,1,1,0,2,1,1,0,0,0,2,1,1,0,0,0,0,0,0,1,1,0,0,0,0
C5120ST,10,232,District-Buxar,Urban,70-79,3,0,3,0,0,0,0,0,0,0,0,0,3,0,3,0,0,0,0,0,0,0,0,0,0,0,0
C5120ST,10,232,District-Buxar,Urban,80-89,0,0,0,0,0,0,0,0,0,0,0,0,0,0,0,0,0,0,0,0,0,0,0,0,0,0,0
C5120ST,10,232,District-Buxar,Urban,90+,1,0,1,0,0,0,0,0,0,0,0,0,0,0,0,0,0,0,0,0,0,0,0,0,1,0,1
C5120ST,10,232,District-Buxar,Urban,Age Not Stated,1,1,0,0,0,0,0,0,0,0,0,0,0,0,0,0,0,0,0,0,0,1,1,0,0,0,0
C5120ST,10,233,District-Kaimur (Bhabua),Total,Total,891,513,378,147,78,69,204,123,81,59,32,27,149,97,52,49,27,22,18,10,8,216,119,97,49,27,22
C5120ST,10,233,District-Kaimur (Bhabua),Total,0-4,65,38,27,9,3,6,14,8,6,2,2,0,2,1,1,5,3,2,1,1,0,29,19,10,3,1,2
C5120ST,10,233,District-Kaimur (Bhabua),Total,5-9,99,49,50,11,6,5,29,10,19,13,7,6,11,7,4,6,4,2,1,0,1,21,13,8,7,2,5
C5120ST,10,233,District-Kaimur (Bhabua),Total,10-19,168,100,68,19,12,7,30,18,12,20,12,8,29,20,9,17,7,10,4,3,1,42,23,19,7,5,2
C5120ST,10,233,District-Kaimur (Bhabua),Total,20-29,120,75,45,19,14,5,22,16,6,5,2,3,24,16,8,8,4,4,4,3,1,33,16,17,5,4,1
C5120ST,10,233,District-Kaimur (Bhabua),Total,30-39,98,58,40,11,7,4,31,18,13,5,1,4,18,11,7,6,4,2,3,2,1,21,12,9,3,3,0
C5120ST,10,233,District-Kaimur (Bhabua),Total,40-49,114,63,51,21,7,14,17,12,5,10,6,4,22,14,8,7,5,2,3,0,3,27,16,11,7,3,4
C5120ST,10,233,District-Kaimur (Bhabua),Total,50-59,76,52,24,14,9,5,18,14,4,1,1,0,18,14,4,0,0,0,1,0,1,19,11,8,5,3,2
C5120ST,10,233,District-Kaimur (Bhabua),Total,60-69,79,38,41,23,11,12,18,11,7,1,0,1,16,9,7,0,0,0,1,1,0,14,3,11,6,3,3
C5120ST,10,233,District-Kaimur (Bhabua),Total,70-79,45,26,19,13,7,6,15,10,5,0,0,0,6,3,3,0,0,0,0,0,0,7,3,4,4,3,1
C5120ST,10,233,District-Kaimur (Bhabua),Total,80-89,21,12,9,7,2,5,8,6,2,2,1,1,1,0,1,0,0,0,0,0,0,3,3,0,0,0,0
C5120ST,10,233,District-Kaimur (Bhabua),Total,90+,5,2,3,0,0,0,1,0,1,0,0,0,2,2,0,0,0,0,0,0,0,0,0,0,2,0,2
C5120ST,10,233,District-Kaimur (Bhabua),Total,Age Not Stated,1,0,1,0,0,0,1,0,1,0,0,0,0,0,0,0,0,0,0,0,0,0,0,0,0,0,0
C5120ST,10,233,District-Kaimur (Bhabua),Rural,Total,872,503,369,146,77,69,201,122,79,55,30,25,147,96,51,46,25,21,18,10,8,213,117,96,46,26,20
C5120ST,10,233,District-Kaimur (Bhabua),Rural,0-4,65,38,27,9,3,6,14,8,6,2,2,0,2,1,1,5,3,2,1,1,0,29,19,10,3,1,2
C5120ST,10,233,District-Kaimur (Bhabua),Rural,5-9,96,46,50,11,6,5,28,9,19,13,7,6,11,7,4,5,3,2,1,0,1,21,13,8,6,1,5
C5120ST,10,233,District-Kaimur (Bhabua),Rural,10-19,164,98,66,19,12,7,30,18,12,18,11,7,29,20,9,16,7,9,4,3,1,41,22,19,7,5,2
C5120ST,10,233,District-Kaimur (Bhabua),Rural,20-29,117,73,44,18,13,5,22,16,6,4,2,2,24,16,8,8,4,4,4,3,1,32,15,17,5,4,1
C5120ST,10,233,District-Kaimur (Bhabua),Rural,30-39,96,58,38,11,7,4,30,18,12,5,1,4,17,11,6,6,4,2,3,2,1,21,12,9,3,3,0
C5120ST,10,233,District-Kaimur (Bhabua),Rural,40-49,110,60,50,21,7,14,16,12,4,9,5,4,21,13,8,6,4,2,3,0,3,27,16,11,7,3,4
C5120ST,10,233,District-Kaimur (Bhabua),Rural,50-59,76,52,24,14,9,5,18,14,4,1,1,0,18,14,4,0,0,0,1,0,1,19,11,8,5,3,2
C5120ST,10,233,District-Kaimur (Bhabua),Rural,60-69,77,38,39,23,11,12,18,11,7,1,0,1,16,9,7,0,0,0,1,1,0,13,3,10,5,3,2
C5120ST,10,233,District-Kaimur (Bhabua),Rural,70-79,44,26,18,13,7,6,15,10,5,0,0,0,6,3,3,0,0,0,0,0,0,7,3,4,3,3,0
C5120ST,10,233,District-Kaimur (Bhabua),Rural,80-89,21,12,9,7,2,5,8,6,2,2,1,1,1,0,1,0,0,0,0,0,0,3,3,0,0,0,0
C5120ST,10,233,District-Kaimur (Bhabua),Rural,90+,5,2,3,0,0,0,1,0,1,0,0,0,2,2,0,0,0,0,0,0,0,0,0,0,2,0,2
C5120ST,10,233,District-Kaimur (Bhabua),Rural,Age Not Stated,1,0,1,0,0,0,1,0,1,0,0,0,0,0,0,0,0,0,0,0,0,0,0,0,0,0,0
C5120ST,10,233,District-Kaimur (Bhabua),Urban,Total,19,10,9,1,1,0,3,1,2,4,2,2,2,1,1,3,2,1,0,0,0,3,2,1,3,1,2
C5120ST,10,233,District-Kaimur (Bhabua),Urban,0-4,0,0,0,0,0,0,0,0,0,0,0,0,0,0,0,0,0,0,0,0,0,0,0,0,0,0,0
C5120ST,10,233,District-Kaimur (Bhabua),Urban,5-9,3,3,0,0,0,0,1,1,0,0,0,0,0,0,0,1,1,0,0,0,0,0,0,0,1,1,0
C5120ST,10,233,District-Kaimur (Bhabua),Urban,10-19,4,2,2,0,0,0,0,0,0,2,1,1,0,0,0,1,0,1,0,0,0,1,1,0,0,0,0
C5120ST,10,233,District-Kaimur (Bhabua),Urban,20-29,3,2,1,1,1,0,0,0,0,1,0,1,0,0,0,0,0,0,0,0,0,1,1,0,0,0,0
C5120ST,10,233,District-Kaimur (Bhabua),Urban,30-39,2,0,2,0,0,0,1,0,1,0,0,0,1,0,1,0,0,0,0,0,0,0,0,0,0,0,0
C5120ST,10,233,District-Kaimur (Bhabua),Urban,40-49,4,3,1,0,0,0,1,0,1,1,1,0,1,1,0,1,1,0,0,0,0,0,0,0,0,0,0
C5120ST,10,233,District-Kaimur (Bhabua),Urban,50-59,0,0,0,0,0,0,0,0,0,0,0,0,0,0,0,0,0,0,0,0,0,0,0,0,0,0,0
C5120ST,10,233,District-Kaimur (Bhabua),Urban,60-69,2,0,2,0,0,0,0,0,0,0,0,0,0,0,0,0,0,0,0,0,0,1,0,1,1,0,1
C5120ST,10,233,District-Kaimur (Bhabua),Urban,70-79,1,0,1,0,0,0,0,0,0,0,0,0,0,0,0,0,0,0,0,0,0,0,0,0,1,0,1
C5120ST,10,233,District-Kaimur (Bhabua),Urban,80-89,0,0,0,0,0,0,0,0,0,0,0,0,0,0,0,0,0,0,0,0,0,0,0,0,0,0,0
C5120ST,10,233,District-Kaimur (Bhabua),Urban,90+,0,0,0,0,0,0,0,0,0,0,0,0,0,0,0,0,0,0,0,0,0,0,0,0,0,0,0
C5120ST,10,233,District-Kaimur (Bhabua),Urban,Age Not Stated,0,0,0,0,0,0,0,0,0,0,0,0,0,0,0,0,0,0,0,0,0,0,0,0,0,0,0
C5120ST,10,234,District-Rohtas,Total,Total,669,364,305,238,115,123,137,77,60,30,13,17,119,81,38,22,16,6,3,3,0,107,55,52,13,4,9
C5120ST,10,234,District-Rohtas,Total,0-4,68,33,35,30,13,17,12,4,8,0,0,0,3,3,0,5,3,2,0,0,0,16,9,7,2,1,1
C5120ST,10,234,District-Rohtas,Total,5-9,84,39,45,34,17,17,11,5,6,8,4,4,8,4,4,3,1,2,0,0,0,16,6,10,4,2,2
C5120ST,10,234,District-Rohtas,Total,10-19,125,63,62,39,16,23,23,11,12,8,2,6,28,18,10,3,2,1,1,1,0,19,12,7,4,1,3
C5120ST,10,234,District-Rohtas,Total,20-29,106,61,45,43,23,20,15,9,6,3,0,3,24,15,9,4,4,0,0,0,0,17,10,7,0,0,0
C5120ST,10,234,District-Rohtas,Total,30-39,82,49,33,26,12,14,21,15,6,4,3,1,13,8,5,4,4,0,1,1,0,13,6,7,0,0,0
C5120ST,10,234,District-Rohtas,Total,40-49,68,40,28,30,20,10,17,9,8,3,2,1,9,5,4,2,2,0,0,0,0,7,2,5,0,0,0
C5120ST,10,234,District-Rohtas,Total,50-59,50,32,18,14,4,10,10,8,2,0,0,0,17,15,2,0,0,0,0,0,0,8,5,3,1,0,1
C5120ST,10,234,District-Rohtas,Total,60-69,48,27,21,8,4,4,14,8,6,3,2,1,12,8,4,1,0,1,1,1,0,8,4,4,1,0,1
C5120ST,10,234,District-Rohtas,Total,70-79,29,15,14,11,4,7,12,7,5,0,0,0,4,4,0,0,0,0,0,0,0,1,0,1,1,0,1
C5120ST,10,234,District-Rohtas,Total,80-89,9,5,4,3,2,1,2,1,1,1,0,1,1,1,0,0,0,0,0,0,0,2,1,1,0,0,0
C5120ST,10,234,District-Rohtas,Total,90+,0,0,0,0,0,0,0,0,0,0,0,0,0,0,0,0,0,0,0,0,0,0,0,0,0,0,0
C5120ST,10,234,District-Rohtas,Total,Age Not Stated,0,0,0,0,0,0,0,0,0,0,0,0,0,0,0,0,0,0,0,0,0,0,0,0,0,0,0
C5120ST,10,234,District-Rohtas,Rural,Total,625,339,286,231,111,120,128,71,57,26,12,14,108,74,34,19,14,5,2,2,0,98,51,47,13,4,9
C5120ST,10,234,District-Rohtas,Rural,0-4,64,31,33,30,13,17,12,4,8,0,0,0,3,3,0,4,2,2,0,0,0,13,8,5,2,1,1
C5120ST,10,234,District-Rohtas,Rural,5-9,77,39,38,33,17,16,9,5,4,7,4,3,6,4,2,2,1,1,0,0,0,16,6,10,4,2,2
C5120ST,10,234,District-Rohtas,Rural,10-19,116,57,59,37,15,22,20,8,12,8,2,6,25,16,9,3,2,1,1,1,0,18,12,6,4,1,3
C5120ST,10,234,District-Rohtas,Rural,20-29,100,57,43,43,23,20,14,9,5,3,0,3,20,12,8,4,4,0,0,0,0,16,9,7,0,0,0
C5120ST,10,234,District-Rohtas,Rural,30-39,79,47,32,24,11,13,20,14,6,4,3,1,13,8,5,4,4,0,1,1,0,13,6,7,0,0,0
C5120ST,10,234,District-Rohtas,Rural,40-49,63,35,28,28,18,10,17,9,8,2,1,1,8,4,4,1,1,0,0,0,0,7,2,5,0,0,0
C5120ST,10,234,District-Rohtas,Rural,50-59,49,31,18,14,4,10,10,8,2,0,0,0,16,14,2,0,0,0,0,0,0,8,5,3,1,0,1
C5120ST,10,234,District-Rohtas,Rural,60-69,43,24,19,8,4,4,13,7,6,2,2,0,12,8,4,1,0,1,0,0,0,6,3,3,1,0,1
C5120ST,10,234,District-Rohtas,Rural,70-79,28,14,14,11,4,7,11,6,5,0,0,0,4,4,0,0,0,0,0,0,0,1,0,1,1,0,1
C5120ST,10,234,District-Rohtas,Rural,80-89,6,4,2,3,2,1,2,1,1,0,0,0,1,1,0,0,0,0,0,0,0,0,0,0,0,0,0
C5120ST,10,234,District-Rohtas,Rural,90+,0,0,0,0,0,0,0,0,0,0,0,0,0,0,0,0,0,0,0,0,0,0,0,0,0,0,0
C5120ST,10,234,District-Rohtas,Rural,Age Not Stated,0,0,0,0,0,0,0,0,0,0,0,0,0,0,0,0,0,0,0,0,0,0,0,0,0,0,0
C5120ST,10,234,District-Rohtas,Urban,Total,44,25,19,7,4,3,9,6,3,4,1,3,11,7,4,3,2,1,1,1,0,9,4,5,0,0,0
C5120ST,10,234,District-Rohtas,Urban,0-4,4,2,2,0,0,0,0,0,0,0,0,0,0,0,0,1,1,0,0,0,0,3,1,2,0,0,0
C5120ST,10,234,District-Rohtas,Urban,5-9,7,0,7,1,0,1,2,0,2,1,0,1,2,0,2,1,0,1,0,0,0,0,0,0,0,0,0
C5120ST,10,234,District-Rohtas,Urban,10-19,9,6,3,2,1,1,3,3,0,0,0,0,3,2,1,0,0,0,0,0,0,1,0,1,0,0,0
C5120ST,10,234,District-Rohtas,Urban,20-29,6,4,2,0,0,0,1,0,1,0,0,0,4,3,1,0,0,0,0,0,0,1,1,0,0,0,0
C5120ST,10,234,District-Rohtas,Urban,30-39,3,2,1,2,1,1,1,1,0,0,0,0,0,0,0,0,0,0,0,0,0,0,0,0,0,0,0
C5120ST,10,234,District-Rohtas,Urban,40-49,5,5,0,2,2,0,0,0,0,1,1,0,1,1,0,1,1,0,0,0,0,0,0,0,0,0,0
C5120ST,10,234,District-Rohtas,Urban,50-59,1,1,0,0,0,0,0,0,0,0,0,0,1,1,0,0,0,0,0,0,0,0,0,0,0,0,0
C5120ST,10,234,District-Rohtas,Urban,60-69,5,3,2,0,0,0,1,1,0,1,0,1,0,0,0,0,0,0,1,1,0,2,1,1,0,0,0
C5120ST,10,234,District-Rohtas,Urban,70-79,1,1,0,0,0,0,1,1,0,0,0,0,0,0,0,0,0,0,0,0,0,0,0,0,0,0,0
C5120ST,10,234,District-Rohtas,Urban,80-89,3,1,2,0,0,0,0,0,0,1,0,1,0,0,0,0,0,0,0,0,0,2,1,1,0,0,0
C5120ST,10,234,District-Rohtas,Urban,90+,0,0,0,0,0,0,0,0,0,0,0,0,0,0,0,0,0,0,0,0,0,0,0,0,0,0,0
C5120ST,10,234,District-Rohtas,Urban,Age Not Stated,0,0,0,0,0,0,0,0,0,0,0,0,0,0,0,0,0,0,0,0,0,0,0,0,0,0,0
C5120ST,10,235,District-Aurangabad,Total,Total,45,22,23,22,10,12,9,5,4,2,0,2,3,2,1,2,1,1,1,0,1,5,4,1,1,0,1
C5120ST,10,235,District-Aurangabad,Total,0-4,5,3,2,3,1,2,0,0,0,0,0,0,0,0,0,0,0,0,0,0,0,2,2,0,0,0,0
C5120ST,10,235,District-Aurangabad,Total,5-9,5,4,1,4,3,1,1,1,0,0,0,0,0,0,0,0,0,0,0,0,0,0,0,0,0,0,0
C5120ST,10,235,District-Aurangabad,Total,10-19,12,4,8,5,1,4,1,1,0,0,0,0,0,0,0,2,1,1,1,0,1,2,1,1,1,0,1
C5120ST,10,235,District-Aurangabad,Total,20-29,2,2,0,1,1,0,1,1,0,0,0,0,0,0,0,0,0,0,0,0,0,0,0,0,0,0,0
C5120ST,10,235,District-Aurangabad,Total,30-39,11,5,6,6,3,3,3,1,2,1,0,1,1,1,0,0,0,0,0,0,0,0,0,0,0,0,0
C5120ST,10,235,District-Aurangabad,Total,40-49,2,2,0,0,0,0,0,0,0,0,0,0,1,1,0,0,0,0,0,0,0,1,1,0,0,0,0
C5120ST,10,235,District-Aurangabad,Total,50-59,2,0,2,0,0,0,1,0,1,1,0,1,0,0,0,0,0,0,0,0,0,0,0,0,0,0,0
C5120ST,10,235,District-Aurangabad,Total,60-69,1,1,0,1,1,0,0,0,0,0,0,0,0,0,0,0,0,0,0,0,0,0,0,0,0,0,0
C5120ST,10,235,District-Aurangabad,Total,70-79,4,1,3,2,0,2,2,1,1,0,0,0,0,0,0,0,0,0,0,0,0,0,0,0,0,0,0
C5120ST,10,235,District-Aurangabad,Total,80-89,1,0,1,0,0,0,0,0,0,0,0,0,1,0,1,0,0,0,0,0,0,0,0,0,0,0,0
C5120ST,10,235,District-Aurangabad,Total,90+,0,0,0,0,0,0,0,0,0,0,0,0,0,0,0,0,0,0,0,0,0,0,0,0,0,0,0
C5120ST,10,235,District-Aurangabad,Total,Age Not Stated,0,0,0,0,0,0,0,0,0,0,0,0,0,0,0,0,0,0,0,0,0,0,0,0,0,0,0
C5120ST,10,235,District-Aurangabad,Rural,Total,39,19,20,18,8,10,8,5,3,2,0,2,3,2,1,2,1,1,1,0,1,4,3,1,1,0,1
C5120ST,10,235,District-Aurangabad,Rural,0-4,4,2,2,3,1,2,0,0,0,0,0,0,0,0,0,0,0,0,0,0,0,1,1,0,0,0,0
C5120ST,10,235,District-Aurangabad,Rural,5-9,5,4,1,4,3,1,1,1,0,0,0,0,0,0,0,0,0,0,0,0,0,0,0,0,0,0,0
C5120ST,10,235,District-Aurangabad,Rural,10-19,10,4,6,3,1,2,1,1,0,0,0,0,0,0,0,2,1,1,1,0,1,2,1,1,1,0,1
C5120ST,10,235,District-Aurangabad,Rural,20-29,1,1,0,0,0,0,1,1,0,0,0,0,0,0,0,0,0,0,0,0,0,0,0,0,0,0,0
C5120ST,10,235,District-Aurangabad,Rural,30-39,11,5,6,6,3,3,3,1,2,1,0,1,1,1,0,0,0,0,0,0,0,0,0,0,0,0,0
C5120ST,10,235,District-Aurangabad,Rural,40-49,2,2,0,0,0,0,0,0,0,0,0,0,1,1,0,0,0,0,0,0,0,1,1,0,0,0,0
C5120ST,10,235,District-Aurangabad,Rural,50-59,1,0,1,0,0,0,0,0,0,1,0,1,0,0,0,0,0,0,0,0,0,0,0,0,0,0,0
C5120ST,10,235,District-Aurangabad,Rural,60-69,0,0,0,0,0,0,0,0,0,0,0,0,0,0,0,0,0,0,0,0,0,0,0,0,0,0,0
C5120ST,10,235,District-Aurangabad,Rural,70-79,4,1,3,2,0,2,2,1,1,0,0,0,0,0,0,0,0,0,0,0,0,0,0,0,0,0,0
C5120ST,10,235,District-Aurangabad,Rural,80-89,1,0,1,0,0,0,0,0,0,0,0,0,1,0,1,0,0,0,0,0,0,0,0,0,0,0,0
C5120ST,10,235,District-Aurangabad,Rural,90+,0,0,0,0,0,0,0,0,0,0,0,0,0,0,0,0,0,0,0,0,0,0,0,0,0,0,0
C5120ST,10,235,District-Aurangabad,Rural,Age Not Stated,0,0,0,0,0,0,0,0,0,0,0,0,0,0,0,0,0,0,0,0,0,0,0,0,0,0,0
C5120ST,10,235,District-Aurangabad,Urban,Total,6,3,3,4,2,2,1,0,1,0,0,0,0,0,0,0,0,0,0,0,0,1,1,0,0,0,0
C5120ST,10,235,District-Aurangabad,Urban,0-4,1,1,0,0,0,0,0,0,0,0,0,0,0,0,0,0,0,0,0,0,0,1,1,0,0,0,0
C5120ST,10,235,District-Aurangabad,Urban,5-9,0,0,0,0,0,0,0,0,0,0,0,0,0,0,0,0,0,0,0,0,0,0,0,0,0,0,0
C5120ST,10,235,District-Aurangabad,Urban,10-19,2,0,2,2,0,2,0,0,0,0,0,0,0,0,0,0,0,0,0,0,0,0,0,0,0,0,0
C5120ST,10,235,District-Aurangabad,Urban,20-29,1,1,0,1,1,0,0,0,0,0,0,0,0,0,0,0,0,0,0,0,0,0,0,0,0,0,0
C5120ST,10,235,District-Aurangabad,Urban,30-39,0,0,0,0,0,0,0,0,0,0,0,0,0,0,0,0,0,0,0,0,0,0,0,0,0,0,0
C5120ST,10,235,District-Aurangabad,Urban,40-49,0,0,0,0,0,0,0,0,0,0,0,0,0,0,0,0,0,0,0,0,0,0,0,0,0,0,0
C5120ST,10,235,District-Aurangabad,Urban,50-59,1,0,1,0,0,0,1,0,1,0,0,0,0,0,0,0,0,0,0,0,0,0,0,0,0,0,0
C5120ST,10,235,District-Aurangabad,Urban,60-69,1,1,0,1,1,0,0,0,0,0,0,0,0,0,0,0,0,0,0,0,0,0,0,0,0,0,0
C5120ST,10,235,District-Aurangabad,Urban,70-79,0,0,0,0,0,0,0,0,0,0,0,0,0,0,0,0,0,0,0,0,0,0,0,0,0,0,0
C5120ST,10,235,District-Aurangabad,Urban,80-89,0,0,0,0,0,0,0,0,0,0,0,0,0,0,0,0,0,0,0,0,0,0,0,0,0,0,0
C5120ST,10,235,District-Aurangabad,Urban,90+,0,0,0,0,0,0,0,0,0,0,0,0,0,0,0,0,0,0,0,0,0,0,0,0,0,0,0
C5120ST,10,235,District-Aurangabad,Urban,Age Not Stated,0,0,0,0,0,0,0,0,0,0,0,0,0,0,0,0,0,0,0,0,0,0,0,0,0,0,0
C5120ST,10,236,District-Gaya,Total,Total,107,67,40,38,21,17,23,16,7,4,2,2,7,5,2,3,1,2,3,3,0,28,18,10,1,1,0
C5120ST,10,236,District-Gaya,Total,0-4,15,12,3,8,6,2,3,3,0,0,0,0,0,0,0,1,0,1,0,0,0,3,3,0,0,0,0
C5120ST,10,236,District-Gaya,Total,5-9,7,2,5,5,1,4,0,0,0,0,0,0,0,0,0,0,0,0,0,0,0,2,1,1,0,0,0
C5120ST,10,236,District-Gaya,Total,10-19,24,14,10,9,5,4,5,3,2,0,0,0,2,1,1,2,1,1,0,0,0,5,3,2,1,1,0
C5120ST,10,236,District-Gaya,Total,20-29,14,8,6,6,4,2,5,3,2,0,0,0,0,0,0,0,0,0,0,0,0,3,1,2,0,0,0
C5120ST,10,236,District-Gaya,Total,30-39,14,7,7,3,0,3,5,3,2,3,1,2,2,2,0,0,0,0,1,1,0,0,0,0,0,0,0
C5120ST,10,236,District-Gaya,Total,40-49,13,11,2,3,2,1,4,4,0,0,0,0,1,1,0,0,0,0,1,1,0,4,3,1,0,0,0
C5120ST,10,236,District-Gaya,Total,50-59,8,7,1,3,3,0,0,0,0,1,1,0,0,0,0,0,0,0,0,0,0,4,3,1,0,0,0
C5120ST,10,236,District-Gaya,Total,60-69,10,5,5,1,0,1,1,0,1,0,0,0,2,1,1,0,0,0,1,1,0,5,3,2,0,0,0
C5120ST,10,236,District-Gaya,Total,70-79,1,1,0,0,0,0,0,0,0,0,0,0,0,0,0,0,0,0,0,0,0,1,1,0,0,0,0
C5120ST,10,236,District-Gaya,Total,80-89,0,0,0,0,0,0,0,0,0,0,0,0,0,0,0,0,0,0,0,0,0,0,0,0,0,0,0
C5120ST,10,236,District-Gaya,Total,90+,0,0,0,0,0,0,0,0,0,0,0,0,0,0,0,0,0,0,0,0,0,0,0,0,0,0,0
C5120ST,10,236,District-Gaya,Total,Age Not Stated,1,0,1,0,0,0,0,0,0,0,0,0,0,0,0,0,0,0,0,0,0,1,0,1,0,0,0
C5120ST,10,236,District-Gaya,Rural,Total,86,50,36,37,20,17,13,9,4,3,1,2,4,2,2,2,0,2,3,3,0,23,14,9,1,1,0
C5120ST,10,236,District-Gaya,Rural,0-4,14,11,3,8,6,2,2,2,0,0,0,0,0,0,0,1,0,1,0,0,0,3,3,0,0,0,0
C5120ST,10,236,District-Gaya,Rural,5-9,7,2,5,5,1,4,0,0,0,0,0,0,0,0,0,0,0,0,0,0,0,2,1,1,0,0,0
C5120ST,10,236,District-Gaya,Rural,10-19,22,12,10,9,5,4,4,2,2,0,0,0,2,1,1,1,0,1,0,0,0,5,3,2,1,1,0
C5120ST,10,236,District-Gaya,Rural,20-29,10,6,4,5,3,2,2,2,0,0,0,0,0,0,0,0,0,0,0,0,0,3,1,2,0,0,0
C5120ST,10,236,District-Gaya,Rural,30-39,9,3,6,3,0,3,2,1,1,3,1,2,0,0,0,0,0,0,1,1,0,0,0,0,0,0,0
C5120ST,10,236,District-Gaya,Rural,40-49,9,7,2,3,2,1,2,2,0,0,0,0,0,0,0,0,0,0,1,1,0,3,2,1,0,0,0
C5120ST,10,236,District-Gaya,Rural,50-59,6,5,1,3,3,0,0,0,0,0,0,0,0,0,0,0,0,0,0,0,0,3,2,1,0,0,0
C5120ST,10,236,District-Gaya,Rural,60-69,7,3,4,1,0,1,1,0,1,0,0,0,2,1,1,0,0,0,1,1,0,2,1,1,0,0,0
C5120ST,10,236,District-Gaya,Rural,70-79,1,1,0,0,0,0,0,0,0,0,0,0,0,0,0,0,0,0,0,0,0,1,1,0,0,0,0
C5120ST,10,236,District-Gaya,Rural,80-89,0,0,0,0,0,0,0,0,0,0,0,0,0,0,0,0,0,0,0,0,0,0,0,0,0,0,0
C5120ST,10,236,District-Gaya,Rural,90+,0,0,0,0,0,0,0,0,0,0,0,0,0,0,0,0,0,0,0,0,0,0,0,0,0,0,0
C5120ST,10,236,District-Gaya,Rural,Age Not Stated,1,0,1,0,0,0,0,0,0,0,0,0,0,0,0,0,0,0,0,0,0,1,0,1,0,0,0
C5120ST,10,236,District-Gaya,Urban,Total,21,17,4,1,1,0,10,7,3,1,1,0,3,3,0,1,1,0,0,0,0,5,4,1,0,0,0
C5120ST,10,236,District-Gaya,Urban,0-4,1,1,0,0,0,0,1,1,0,0,0,0,0,0,0,0,0,0,0,0,0,0,0,0,0,0,0
C5120ST,10,236,District-Gaya,Urban,5-9,0,0,0,0,0,0,0,0,0,0,0,0,0,0,0,0,0,0,0,0,0,0,0,0,0,0,0
C5120ST,10,236,District-Gaya,Urban,10-19,2,2,0,0,0,0,1,1,0,0,0,0,0,0,0,1,1,0,0,0,0,0,0,0,0,0,0
C5120ST,10,236,District-Gaya,Urban,20-29,4,2,2,1,1,0,3,1,2,0,0,0,0,0,0,0,0,0,0,0,0,0,0,0,0,0,0
C5120ST,10,236,District-Gaya,Urban,30-39,5,4,1,0,0,0,3,2,1,0,0,0,2,2,0,0,0,0,0,0,0,0,0,0,0,0,0
C5120ST,10,236,District-Gaya,Urban,40-49,4,4,0,0,0,0,2,2,0,0,0,0,1,1,0,0,0,0,0,0,0,1,1,0,0,0,0
C5120ST,10,236,District-Gaya,Urban,50-59,2,2,0,0,0,0,0,0,0,1,1,0,0,0,0,0,0,0,0,0,0,1,1,0,0,0,0
C5120ST,10,236,District-Gaya,Urban,60-69,3,2,1,0,0,0,0,0,0,0,0,0,0,0,0,0,0,0,0,0,0,3,2,1,0,0,0
C5120ST,10,236,District-Gaya,Urban,70-79,0,0,0,0,0,0,0,0,0,0,0,0,0,0,0,0,0,0,0,0,0,0,0,0,0,0,0
C5120ST,10,236,District-Gaya,Urban,80-89,0,0,0,0,0,0,0,0,0,0,0,0,0,0,0,0,0,0,0,0,0,0,0,0,0,0,0
C5120ST,10,236,District-Gaya,Urban,90+,0,0,0,0,0,0,0,0,0,0,0,0,0,0,0,0,0,0,0,0,0,0,0,0,0,0,0
C5120ST,10,236,District-Gaya,Urban,Age Not Stated,0,0,0,0,0,0,0,0,0,0,0,0,0,0,0,0,0,0,0,0,0,0,0,0,0,0,0
C5120ST,10,237,District-Nawada,Total,Total,121,64,57,84,47,37,10,5,5,5,2,3,5,1,4,4,1,3,0,0,0,9,6,3,4,2,2
C5120ST,10,237,District-Nawada,Total,0-4,11,6,5,9,4,5,1,1,0,0,0,0,0,0,0,0,0,0,0,0,0,1,1,0,0,0,0
C5120ST,10,237,District-Nawada,Total,5-9,14,9,5,12,8,4,1,1,0,0,0,0,0,0,0,0,0,0,0,0,0,1,0,1,0,0,0
C5120ST,10,237,District-Nawada,Total,10-19,35,18,17,24,16,8,3,0,3,2,1,1,2,0,2,0,0,0,0,0,0,1,0,1,3,1,2
C5120ST,10,237,District-Nawada,Total,20-29,25,13,12,19,11,8,0,0,0,0,0,0,3,1,2,2,1,1,0,0,0,1,0,1,0,0,0
C5120ST,10,237,District-Nawada,Total,30-39,12,6,6,6,2,4,1,1,0,2,1,1,0,0,0,1,0,1,0,0,0,1,1,0,1,1,0
C5120ST,10,237,District-Nawada,Total,40-49,16,9,7,10,4,6,2,2,0,0,0,0,0,0,0,1,0,1,0,0,0,3,3,0,0,0,0
C5120ST,10,237,District-Nawada,Total,50-59,5,2,3,2,1,1,1,0,1,1,0,1,0,0,0,0,0,0,0,0,0,1,1,0,0,0,0
C5120ST,10,237,District-Nawada,Total,60-69,3,1,2,2,1,1,1,0,1,0,0,0,0,0,0,0,0,0,0,0,0,0,0,0,0,0,0
C5120ST,10,237,District-Nawada,Total,70-79,0,0,0,0,0,0,0,0,0,0,0,0,0,0,0,0,0,0,0,0,0,0,0,0,0,0,0
C5120ST,10,237,District-Nawada,Total,80-89,0,0,0,0,0,0,0,0,0,0,0,0,0,0,0,0,0,0,0,0,0,0,0,0,0,0,0
C5120ST,10,237,District-Nawada,Total,90+,0,0,0,0,0,0,0,0,0,0,0,0,0,0,0,0,0,0,0,0,0,0,0,0,0,0,0
C5120ST,10,237,District-Nawada,Total,Age Not Stated,0,0,0,0,0,0,0,0,0,0,0,0,0,0,0,0,0,0,0,0,0,0,0,0,0,0,0
C5120ST,10,237,District-Nawada,Rural,Total,116,61,55,83,47,36,9,4,5,5,2,3,5,1,4,3,0,3,0,0,0,7,5,2,4,2,2
C5120ST,10,237,District-Nawada,Rural,0-4,11,6,5,9,4,5,1,1,0,0,0,0,0,0,0,0,0,0,0,0,0,1,1,0,0,0,0
C5120ST,10,237,District-Nawada,Rural,5-9,13,9,4,12,8,4,1,1,0,0,0,0,0,0,0,0,0,0,0,0,0,0,0,0,0,0,0
C5120ST,10,237,District-Nawada,Rural,10-19,35,18,17,24,16,8,3,0,3,2,1,1,2,0,2,0,0,0,0,0,0,1,0,1,3,1,2
C5120ST,10,237,District-Nawada,Rural,20-29,23,12,11,18,11,7,0,0,0,0,0,0,3,1,2,1,0,1,0,0,0,1,0,1,0,0,0
C5120ST,10,237,District-Nawada,Rural,30-39,12,6,6,6,2,4,1,1,0,2,1,1,0,0,0,1,0,1,0,0,0,1,1,0,1,1,0
C5120ST,10,237,District-Nawada,Rural,40-49,14,7,7,10,4,6,1,1,0,0,0,0,0,0,0,1,0,1,0,0,0,2,2,0,0,0,0
C5120ST,10,237,District-Nawada,Rural,50-59,5,2,3,2,1,1,1,0,1,1,0,1,0,0,0,0,0,0,0,0,0,1,1,0,0,0,0
C5120ST,10,237,District-Nawada,Rural,60-69,3,1,2,2,1,1,1,0,1,0,0,0,0,0,0,0,0,0,0,0,0,0,0,0,0,0,0
C5120ST,10,237,District-Nawada,Rural,70-79,0,0,0,0,0,0,0,0,0,0,0,0,0,0,0,0,0,0,0,0,0,0,0,0,0,0,0
C5120ST,10,237,District-Nawada,Rural,80-89,0,0,0,0,0,0,0,0,0,0,0,0,0,0,0,0,0,0,0,0,0,0,0,0,0,0,0
C5120ST,10,237,District-Nawada,Rural,90+,0,0,0,0,0,0,0,0,0,0,0,0,0,0,0,0,0,0,0,0,0,0,0,0,0,0,0
C5120ST,10,237,District-Nawada,Rural,Age Not Stated,0,0,0,0,0,0,0,0,0,0,0,0,0,0,0,0,0,0,0,0,0,0,0,0,0,0,0
C5120ST,10,237,District-Nawada,Urban,Total,5,3,2,1,0,1,1,1,0,0,0,0,0,0,0,1,1,0,0,0,0,2,1,1,0,0,0
C5120ST,10,237,District-Nawada,Urban,0-4,0,0,0,0,0,0,0,0,0,0,0,0,0,0,0,0,0,0,0,0,0,0,0,0,0,0,0
C5120ST,10,237,District-Nawada,Urban,5-9,1,0,1,0,0,0,0,0,0,0,0,0,0,0,0,0,0,0,0,0,0,1,0,1,0,0,0
C5120ST,10,237,District-Nawada,Urban,10-19,0,0,0,0,0,0,0,0,0,0,0,0,0,0,0,0,0,0,0,0,0,0,0,0,0,0,0
C5120ST,10,237,District-Nawada,Urban,20-29,2,1,1,1,0,1,0,0,0,0,0,0,0,0,0,1,1,0,0,0,0,0,0,0,0,0,0
C5120ST,10,237,District-Nawada,Urban,30-39,0,0,0,0,0,0,0,0,0,0,0,0,0,0,0,0,0,0,0,0,0,0,0,0,0,0,0
C5120ST,10,237,District-Nawada,Urban,40-49,2,2,0,0,0,0,1,1,0,0,0,0,0,0,0,0,0,0,0,0,0,1,1,0,0,0,0
C5120ST,10,237,District-Nawada,Urban,50-59,0,0,0,0,0,0,0,0,0,0,0,0,0,0,0,0,0,0,0,0,0,0,0,0,0,0,0
C5120ST,10,237,District-Nawada,Urban,60-69,0,0,0,0,0,0,0,0,0,0,0,0,0,0,0,0,0,0,0,0,0,0,0,0,0,0,0
C5120ST,10,237,District-Nawada,Urban,70-79,0,0,0,0,0,0,0,0,0,0,0,0,0,0,0,0,0,0,0,0,0,0,0,0,0,0,0
C5120ST,10,237,District-Nawada,Urban,80-89,0,0,0,0,0,0,0,0,0,0,0,0,0,0,0,0,0,0,0,0,0,0,0,0,0,0,0
C5120ST,10,237,District-Nawada,Urban,90+,0,0,0,0,0,0,0,0,0,0,0,0,0,0,0,0,0,0,0,0,0,0,0,0,0,0,0
C5120ST,10,237,District-Nawada,Urban,Age Not Stated,0,0,0,0,0,0,0,0,0,0,0,0,0,0,0,0,0,0,0,0,0,0,0,0,0,0,0
C5120ST,10,238,District-Jamui,Total,Total,1597,818,779,178,97,81,386,191,195,67,33,34,211,123,88,193,68,125,22,14,8,423,232,191,117,60,57
C5120ST,10,238,District-Jamui,Total,0-4,125,61,64,10,3,7,42,20,22,1,0,1,11,4,7,12,3,9,1,0,1,44,28,16,4,3,1
C5120ST,10,238,District-Jamui,Total,5-9,178,96,82,17,11,6,35,17,18,10,6,4,12,7,5,30,15,15,3,2,1,59,33,26,12,5,7
C5120ST,10,238,District-Jamui,Total,10-19,316,162,154,35,25,10,58,31,27,21,10,11,42,29,13,54,12,42,4,3,1,83,40,43,19,12,7
C5120ST,10,238,District-Jamui,Total,20-29,229,106,123,26,14,12,52,21,31,11,4,7,23,18,5,41,13,28,5,2,3,60,26,34,11,8,3
C5120ST,10,238,District-Jamui,Total,30-39,226,113,113,18,6,12,60,30,30,9,5,4,23,13,10,24,7,17,2,1,1,74,44,30,16,7,9
C5120ST,10,238,District-Jamui,Total,40-49,181,107,74,19,12,7,49,28,21,4,4,0,30,15,15,20,10,10,3,2,1,37,26,11,19,10,9
C5120ST,10,238,District-Jamui,Total,50-59,136,74,62,19,11,8,41,22,19,5,1,4,23,11,12,9,5,4,3,3,0,25,16,9,11,5,6
C5120ST,10,238,District-Jamui,Total,60-69,131,69,62,25,12,13,35,18,17,3,2,1,31,17,14,2,2,0,0,0,0,21,10,11,14,8,6
C5120ST,10,238,District-Jamui,Total,70-79,42,16,26,3,1,2,9,2,7,3,1,2,12,6,6,0,0,0,1,1,0,5,4,1,9,1,8
C5120ST,10,238,District-Jamui,Total,80-89,10,5,5,0,0,0,4,1,3,0,0,0,3,2,1,1,1,0,0,0,0,0,0,0,2,1,1
C5120ST,10,238,District-Jamui,Total,90+,4,2,2,0,0,0,0,0,0,0,0,0,0,0,0,0,0,0,0,0,0,4,2,2,0,0,0
C5120ST,10,238,District-Jamui,Total,Age Not Stated,19,7,12,6,2,4,1,1,0,0,0,0,1,1,0,0,0,0,0,0,0,11,3,8,0,0,0
C5120ST,10,238,District-Jamui,Rural,Total,1592,814,778,178,97,81,384,189,195,67,33,34,209,122,87,193,68,125,22,14,8,423,232,191,116,59,57
C5120ST,10,238,District-Jamui,Rural,0-4,125,61,64,10,3,7,42,20,22,1,0,1,11,4,7,12,3,9,1,0,1,44,28,16,4,3,1
C5120ST,10,238,District-Jamui,Rural,5-9,178,96,82,17,11,6,35,17,18,10,6,4,12,7,5,30,15,15,3,2,1,59,33,26,12,5,7
C5120ST,10,238,District-Jamui,Rural,10-19,315,162,153,35,25,10,58,31,27,21,10,11,41,29,12,54,12,42,4,3,1,83,40,43,19,12,7
C5120ST,10,238,District-Jamui,Rural,20-29,227,104,123,26,14,12,52,21,31,11,4,7,22,17,5,41,13,28,5,2,3,60,26,34,10,7,3
C5120ST,10,238,District-Jamui,Rural,30-39,226,113,113,18,6,12,60,30,30,9,5,4,23,13,10,24,7,17,2,1,1,74,44,30,16,7,9
C5120ST,10,238,District-Jamui,Rural,40-49,181,107,74,19,12,7,49,28,21,4,4,0,30,15,15,20,10,10,3,2,1,37,26,11,19,10,9
C5120ST,10,238,District-Jamui,Rural,50-59,134,72,62,19,11,8,39,20,19,5,1,4,23,11,12,9,5,4,3,3,0,25,16,9,11,5,6
C5120ST,10,238,District-Jamui,Rural,60-69,131,69,62,25,12,13,35,18,17,3,2,1,31,17,14,2,2,0,0,0,0,21,10,11,14,8,6
C5120ST,10,238,District-Jamui,Rural,70-79,42,16,26,3,1,2,9,2,7,3,1,2,12,6,6,0,0,0,1,1,0,5,4,1,9,1,8
C5120ST,10,238,District-Jamui,Rural,80-89,10,5,5,0,0,0,4,1,3,0,0,0,3,2,1,1,1,0,0,0,0,0,0,0,2,1,1
C5120ST,10,238,District-Jamui,Rural,90+,4,2,2,0,0,0,0,0,0,0,0,0,0,0,0,0,0,0,0,0,0,4,2,2,0,0,0
C5120ST,10,238,District-Jamui,Rural,Age Not Stated,19,7,12,6,2,4,1,1,0,0,0,0,1,1,0,0,0,0,0,0,0,11,3,8,0,0,0
C5120ST,10,238,District-Jamui,Urban,Total,5,4,1,0,0,0,2,2,0,0,0,0,2,1,1,0,0,0,0,0,0,0,0,0,1,1,0
C5120ST,10,238,District-Jamui,Urban,0-4,0,0,0,0,0,0,0,0,0,0,0,0,0,0,0,0,0,0,0,0,0,0,0,0,0,0,0
C5120ST,10,238,District-Jamui,Urban,5-9,0,0,0,0,0,0,0,0,0,0,0,0,0,0,0,0,0,0,0,0,0,0,0,0,0,0,0
C5120ST,10,238,District-Jamui,Urban,10-19,1,0,1,0,0,0,0,0,0,0,0,0,1,0,1,0,0,0,0,0,0,0,0,0,0,0,0
C5120ST,10,238,District-Jamui,Urban,20-29,2,2,0,0,0,0,0,0,0,0,0,0,1,1,0,0,0,0,0,0,0,0,0,0,1,1,0
C5120ST,10,238,District-Jamui,Urban,30-39,0,0,0,0,0,0,0,0,0,0,0,0,0,0,0,0,0,0,0,0,0,0,0,0,0,0,0
C5120ST,10,238,District-Jamui,Urban,40-49,0,0,0,0,0,0,0,0,0,0,0,0,0,0,0,0,0,0,0,0,0,0,0,0,0,0,0
C5120ST,10,238,District-Jamui,Urban,50-59,2,2,0,0,0,0,2,2,0,0,0,0,0,0,0,0,0,0,0,0,0,0,0,0,0,0,0
C5120ST,10,238,District-Jamui,Urban,60-69,0,0,0,0,0,0,0,0,0,0,0,0,0,0,0,0,0,0,0,0,0,0,0,0,0,0,0
C5120ST,10,238,District-Jamui,Urban,70-79,0,0,0,0,0,0,0,0,0,0,0,0,0,0,0,0,0,0,0,0,0,0,0,0,0,0,0
C5120ST,10,238,District-Jamui,Urban,80-89,0,0,0,0,0,0,0,0,0,0,0,0,0,0,0,0,0,0,0,0,0,0,0,0,0,0,0
C5120ST,10,238,District-Jamui,Urban,90+,0,0,0,0,0,0,0,0,0,0,0,0,0,0,0,0,0,0,0,0,0,0,0,0,0,0,0
C5120ST,10,238,District-Jamui,Urban,Age Not Stated,0,0,0,0,0,0,0,0,0,0,0,0,0,0,0,0,0,0,0,0,0,0,0,0,0,0,0
C5120ST,10,239,District-Jehanabad ,Total,Total,24,16,8,3,2,1,4,3,1,1,1,0,5,4,1,0,0,0,0,0,0,10,6,4,1,0,1
C5120ST,10,239,District-Jehanabad ,Total,0-4,1,0,1,0,0,0,0,0,0,0,0,0,1,0,1,0,0,0,0,0,0,0,0,0,0,0,0
C5120ST,10,239,District-Jehanabad ,Total,5-9,2,2,0,0,0,0,0,0,0,0,0,0,0,0,0,0,0,0,0,0,0,2,2,0,0,0,0
C5120ST,10,239,District-Jehanabad ,Total,10-19,3,3,0,0,0,0,0,0,0,0,0,0,1,1,0,0,0,0,0,0,0,2,2,0,0,0,0
C5120ST,10,239,District-Jehanabad ,Total,20-29,5,5,0,0,0,0,1,1,0,1,1,0,3,3,0,0,0,0,0,0,0,0,0,0,0,0,0
C5120ST,10,239,District-Jehanabad ,Total,30-39,1,0,1,0,0,0,0,0,0,0,0,0,0,0,0,0,0,0,0,0,0,1,0,1,0,0,0
C5120ST,10,239,District-Jehanabad ,Total,40-49,5,2,3,2,1,1,0,0,0,0,0,0,0,0,0,0,0,0,0,0,0,3,1,2,0,0,0
C5120ST,10,239,District-Jehanabad ,Total,50-59,2,0,2,0,0,0,0,0,0,0,0,0,0,0,0,0,0,0,0,0,0,1,0,1,1,0,1
C5120ST,10,239,District-Jehanabad ,Total,60-69,5,4,1,1,1,0,3,2,1,0,0,0,0,0,0,0,0,0,0,0,0,1,1,0,0,0,0
C5120ST,10,239,District-Jehanabad ,Total,70-79,0,0,0,0,0,0,0,0,0,0,0,0,0,0,0,0,0,0,0,0,0,0,0,0,0,0,0
C5120ST,10,239,District-Jehanabad ,Total,80-89,0,0,0,0,0,0,0,0,0,0,0,0,0,0,0,0,0,0,0,0,0,0,0,0,0,0,0
C5120ST,10,239,District-Jehanabad ,Total,90+,0,0,0,0,0,0,0,0,0,0,0,0,0,0,0,0,0,0,0,0,0,0,0,0,0,0,0
C5120ST,10,239,District-Jehanabad ,Total,Age Not Stated,0,0,0,0,0,0,0,0,0,0,0,0,0,0,0,0,0,0,0,0,0,0,0,0,0,0,0
C5120ST,10,239,District-Jehanabad ,Rural,Total,22,15,7,2,1,1,4,3,1,1,1,0,5,4,1,0,0,0,0,0,0,9,6,3,1,0,1
C5120ST,10,239,District-Jehanabad ,Rural,0-4,1,0,1,0,0,0,0,0,0,0,0,0,1,0,1,0,0,0,0,0,0,0,0,0,0,0,0
C5120ST,10,239,District-Jehanabad ,Rural,5-9,2,2,0,0,0,0,0,0,0,0,0,0,0,0,0,0,0,0,0,0,0,2,2,0,0,0,0
C5120ST,10,239,District-Jehanabad ,Rural,10-19,3,3,0,0,0,0,0,0,0,0,0,0,1,1,0,0,0,0,0,0,0,2,2,0,0,0,0
C5120ST,10,239,District-Jehanabad ,Rural,20-29,5,5,0,0,0,0,1,1,0,1,1,0,3,3,0,0,0,0,0,0,0,0,0,0,0,0,0
C5120ST,10,239,District-Jehanabad ,Rural,30-39,1,0,1,0,0,0,0,0,0,0,0,0,0,0,0,0,0,0,0,0,0,1,0,1,0,0,0
C5120ST,10,239,District-Jehanabad ,Rural,40-49,4,1,3,1,0,1,0,0,0,0,0,0,0,0,0,0,0,0,0,0,0,3,1,2,0,0,0
C5120ST,10,239,District-Jehanabad ,Rural,50-59,1,0,1,0,0,0,0,0,0,0,0,0,0,0,0,0,0,0,0,0,0,0,0,0,1,0,1
C5120ST,10,239,District-Jehanabad ,Rural,60-69,5,4,1,1,1,0,3,2,1,0,0,0,0,0,0,0,0,0,0,0,0,1,1,0,0,0,0
C5120ST,10,239,District-Jehanabad ,Rural,70-79,0,0,0,0,0,0,0,0,0,0,0,0,0,0,0,0,0,0,0,0,0,0,0,0,0,0,0
C5120ST,10,239,District-Jehanabad ,Rural,80-89,0,0,0,0,0,0,0,0,0,0,0,0,0,0,0,0,0,0,0,0,0,0,0,0,0,0,0
C5120ST,10,239,District-Jehanabad ,Rural,90+,0,0,0,0,0,0,0,0,0,0,0,0,0,0,0,0,0,0,0,0,0,0,0,0,0,0,0
C5120ST,10,239,District-Jehanabad ,Rural,Age Not Stated,0,0,0,0,0,0,0,0,0,0,0,0,0,0,0,0,0,0,0,0,0,0,0,0,0,0,0
C5120ST,10,239,District-Jehanabad ,Urban,Total,2,1,1,1,1,0,0,0,0,0,0,0,0,0,0,0,0,0,0,0,0,1,0,1,0,0,0
C5120ST,10,239,District-Jehanabad ,Urban,0-4,0,0,0,0,0,0,0,0,0,0,0,0,0,0,0,0,0,0,0,0,0,0,0,0,0,0,0
C5120ST,10,239,District-Jehanabad ,Urban,5-9,0,0,0,0,0,0,0,0,0,0,0,0,0,0,0,0,0,0,0,0,0,0,0,0,0,0,0
C5120ST,10,239,District-Jehanabad ,Urban,10-19,0,0,0,0,0,0,0,0,0,0,0,0,0,0,0,0,0,0,0,0,0,0,0,0,0,0,0
C5120ST,10,239,District-Jehanabad ,Urban,20-29,0,0,0,0,0,0,0,0,0,0,0,0,0,0,0,0,0,0,0,0,0,0,0,0,0,0,0
C5120ST,10,239,District-Jehanabad ,Urban,30-39,0,0,0,0,0,0,0,0,0,0,0,0,0,0,0,0,0,0,0,0,0,0,0,0,0,0,0
C5120ST,10,239,District-Jehanabad ,Urban,40-49,1,1,0,1,1,0,0,0,0,0,0,0,0,0,0,0,0,0,0,0,0,0,0,0,0,0,0
C5120ST,10,239,District-Jehanabad ,Urban,50-59,1,0,1,0,0,0,0,0,0,0,0,0,0,0,0,0,0,0,0,0,0,1,0,1,0,0,0
C5120ST,10,239,District-Jehanabad ,Urban,60-69,0,0,0,0,0,0,0,0,0,0,0,0,0,0,0,0,0,0,0,0,0,0,0,0,0,0,0
C5120ST,10,239,District-Jehanabad ,Urban,70-79,0,0,0,0,0,0,0,0,0,0,0,0,0,0,0,0,0,0,0,0,0,0,0,0,0,0,0
C5120ST,10,239,District-Jehanabad ,Urban,80-89,0,0,0,0,0,0,0,0,0,0,0,0,0,0,0,0,0,0,0,0,0,0,0,0,0,0,0
C5120ST,10,239,District-Jehanabad ,Urban,90+,0,0,0,0,0,0,0,0,0,0,0,0,0,0,0,0,0,0,0,0,0,0,0,0,0,0,0
C5120ST,10,239,District-Jehanabad ,Urban,Age Not Stated,0,0,0,0,0,0,0,0,0,0,0,0,0,0,0,0,0,0,0,0,0,0,0,0,0,0,0
C5120ST,10,240,District-Arwal,Total,Total,15,6,9,2,2,0,1,1,0,1,0,1,3,2,1,0,0,0,0,0,0,8,1,7,0,0,0
C5120ST,10,240,District-Arwal,Total,0-4,2,0,2,0,0,0,0,0,0,0,0,0,1,0,1,0,0,0,0,0,0,1,0,1,0,0,0
C5120ST,10,240,District-Arwal,Total,5-9,5,3,2,2,2,0,0,0,0,0,0,0,0,0,0,0,0,0,0,0,0,3,1,2,0,0,0
C5120ST,10,240,District-Arwal,Total,10-19,3,2,1,0,0,0,0,0,0,0,0,0,2,2,0,0,0,0,0,0,0,1,0,1,0,0,0
C5120ST,10,240,District-Arwal,Total,20-29,2,1,1,0,0,0,1,1,0,0,0,0,0,0,0,0,0,0,0,0,0,1,0,1,0,0,0
C5120ST,10,240,District-Arwal,Total,30-39,2,0,2,0,0,0,0,0,0,0,0,0,0,0,0,0,0,0,0,0,0,2,0,2,0,0,0
C5120ST,10,240,District-Arwal,Total,40-49,1,0,1,0,0,0,0,0,0,1,0,1,0,0,0,0,0,0,0,0,0,0,0,0,0,0,0
C5120ST,10,240,District-Arwal,Total,50-59,0,0,0,0,0,0,0,0,0,0,0,0,0,0,0,0,0,0,0,0,0,0,0,0,0,0,0
C5120ST,10,240,District-Arwal,Total,60-69,0,0,0,0,0,0,0,0,0,0,0,0,0,0,0,0,0,0,0,0,0,0,0,0,0,0,0
C5120ST,10,240,District-Arwal,Total,70-79,0,0,0,0,0,0,0,0,0,0,0,0,0,0,0,0,0,0,0,0,0,0,0,0,0,0,0
C5120ST,10,240,District-Arwal,Total,80-89,0,0,0,0,0,0,0,0,0,0,0,0,0,0,0,0,0,0,0,0,0,0,0,0,0,0,0
C5120ST,10,240,District-Arwal,Total,90+,0,0,0,0,0,0,0,0,0,0,0,0,0,0,0,0,0,0,0,0,0,0,0,0,0,0,0
C5120ST,10,240,District-Arwal,Total,Age Not Stated,0,0,0,0,0,0,0,0,0,0,0,0,0,0,0,0,0,0,0,0,0,0,0,0,0,0,0
C5120ST,10,240,District-Arwal,Rural,Total,13,5,8,2,2,0,1,1,0,1,0,1,2,1,1,0,0,0,0,0,0,7,1,6,0,0,0
C5120ST,10,240,District-Arwal,Rural,0-4,2,0,2,0,0,0,0,0,0,0,0,0,1,0,1,0,0,0,0,0,0,1,0,1,0,0,0
C5120ST,10,240,District-Arwal,Rural,5-9,4,3,1,2,2,0,0,0,0,0,0,0,0,0,0,0,0,0,0,0,0,2,1,1,0,0,0
C5120ST,10,240,District-Arwal,Rural,10-19,2,1,1,0,0,0,0,0,0,0,0,0,1,1,0,0,0,0,0,0,0,1,0,1,0,0,0
C5120ST,10,240,District-Arwal,Rural,20-29,2,1,1,0,0,0,1,1,0,0,0,0,0,0,0,0,0,0,0,0,0,1,0,1,0,0,0
C5120ST,10,240,District-Arwal,Rural,30-39,2,0,2,0,0,0,0,0,0,0,0,0,0,0,0,0,0,0,0,0,0,2,0,2,0,0,0
C5120ST,10,240,District-Arwal,Rural,40-49,1,0,1,0,0,0,0,0,0,1,0,1,0,0,0,0,0,0,0,0,0,0,0,0,0,0,0
C5120ST,10,240,District-Arwal,Rural,50-59,0,0,0,0,0,0,0,0,0,0,0,0,0,0,0,0,0,0,0,0,0,0,0,0,0,0,0
C5120ST,10,240,District-Arwal,Rural,60-69,0,0,0,0,0,0,0,0,0,0,0,0,0,0,0,0,0,0,0,0,0,0,0,0,0,0,0
C5120ST,10,240,District-Arwal,Rural,70-79,0,0,0,0,0,0,0,0,0,0,0,0,0,0,0,0,0,0,0,0,0,0,0,0,0,0,0
C5120ST,10,240,District-Arwal,Rural,80-89,0,0,0,0,0,0,0,0,0,0,0,0,0,0,0,0,0,0,0,0,0,0,0,0,0,0,0
C5120ST,10,240,District-Arwal,Rural,90+,0,0,0,0,0,0,0,0,0,0,0,0,0,0,0,0,0,0,0,0,0,0,0,0,0,0,0
C5120ST,10,240,District-Arwal,Rural,Age Not Stated,0,0,0,0,0,0,0,0,0,0,0,0,0,0,0,0,0,0,0,0,0,0,0,0,0,0,0
C5120ST,10,240,District-Arwal,Urban,Total,2,1,1,0,0,0,0,0,0,0,0,0,1,1,0,0,0,0,0,0,0,1,0,1,0,0,0
C5120ST,10,240,District-Arwal,Urban,0-4,0,0,0,0,0,0,0,0,0,0,0,0,0,0,0,0,0,0,0,0,0,0,0,0,0,0,0
C5120ST,10,240,District-Arwal,Urban,5-9,1,0,1,0,0,0,0,0,0,0,0,0,0,0,0,0,0,0,0,0,0,1,0,1,0,0,0
C5120ST,10,240,District-Arwal,Urban,10-19,1,1,0,0,0,0,0,0,0,0,0,0,1,1,0,0,0,0,0,0,0,0,0,0,0,0,0
C5120ST,10,240,District-Arwal,Urban,20-29,0,0,0,0,0,0,0,0,0,0,0,0,0,0,0,0,0,0,0,0,0,0,0,0,0,0,0
C5120ST,10,240,District-Arwal,Urban,30-39,0,0,0,0,0,0,0,0,0,0,0,0,0,0,0,0,0,0,0,0,0,0,0,0,0,0,0
C5120ST,10,240,District-Arwal,Urban,40-49,0,0,0,0,0,0,0,0,0,0,0,0,0,0,0,0,0,0,0,0,0,0,0,0,0,0,0
C5120ST,10,240,District-Arwal,Urban,50-59,0,0,0,0,0,0,0,0,0,0,0,0,0,0,0,0,0,0,0,0,0,0,0,0,0,0,0
C5120ST,10,240,District-Arwal,Urban,60-69,0,0,0,0,0,0,0,0,0,0,0,0,0,0,0,0,0,0,0,0,0,0,0,0,0,0,0
C5120ST,10,240,District-Arwal,Urban,70-79,0,0,0,0,0,0,0,0,0,0,0,0,0,0,0,0,0,0,0,0,0,0,0,0,0,0,0
C5120ST,10,240,District-Arwal,Urban,80-89,0,0,0,0,0,0,0,0,0,0,0,0,0,0,0,0,0,0,0,0,0,0,0,0,0,0,0
C5120ST,10,240,District-Arwal,Urban,90+,0,0,0,0,0,0,0,0,0,0,0,0,0,0,0,0,0,0,0,0,0,0,0,0,0,0,0
C5120ST,10,240,District-Arwal,Urban,Age Not Stated,0,0,0,0,0,0,0,0,0,0,0,0,0,0,0,0,0,0,0,0,0,0,0,0,0,0,0
C5120ST,11,0,State-SIKKIM,Total,Total,5792,3042,2750,1052,532,520,1610,847,763,451,222,229,736,421,315,165,92,73,155,86,69,825,434,391,798,408,390
C5120ST,11,0,State-SIKKIM,Total,0-4,127,68,59,17,12,5,38,19,19,5,2,3,19,8,11,7,4,3,1,0,1,28,17,11,12,6,6
C5120ST,11,0,State-SIKKIM,Total,5-9,253,123,130,36,23,13,74,38,36,24,10,14,28,15,13,9,4,5,5,3,2,40,17,23,37,13,24
C5120ST,11,0,State-SIKKIM,Total,10-19,725,383,342,105,57,48,204,116,88,77,35,42,75,42,33,27,16,11,22,11,11,140,68,72,75,38,37
C5120ST,11,0,State-SIKKIM,Total,20-29,825,444,381,109,56,53,208,100,108,92,42,50,86,59,27,34,22,12,33,21,12,143,79,64,120,65,55
C5120ST,11,0,State-SIKKIM,Total,30-39,768,381,387,94,44,50,230,106,124,90,49,41,83,45,38,28,14,14,23,13,10,105,61,44,115,49,66
C5120ST,11,0,State-SIKKIM,Total,40-49,794,415,379,121,57,64,216,114,102,83,42,41,88,56,32,25,14,11,34,15,19,110,62,48,117,55,62
C5120ST,11,0,State-SIKKIM,Total,50-59,740,396,344,148,76,72,208,122,86,42,18,24,107,63,44,21,13,8,19,10,9,114,53,61,81,41,40
C5120ST,11,0,State-SIKKIM,Total,60-69,671,340,331,186,84,102,187,97,90,23,14,9,109,53,56,5,2,3,10,7,3,63,36,27,88,47,41
C5120ST,11,0,State-SIKKIM,Total,70-79,536,296,240,142,77,65,152,84,68,7,4,3,86,46,40,3,1,2,5,4,1,51,23,28,90,57,33
C5120ST,11,0,State-SIKKIM,Total,80-89,292,173,119,82,44,38,76,48,28,5,4,1,48,30,18,2,0,2,3,2,1,25,15,10,51,30,21
C5120ST,11,0,State-SIKKIM,Total,90+,49,15,34,9,1,8,15,1,14,2,1,1,6,3,3,0,0,0,0,0,0,5,2,3,12,7,5
C5120ST,11,0,State-SIKKIM,Total,Age Not Stated,12,8,4,3,1,2,2,2,0,1,1,0,1,1,0,4,2,2,0,0,0,1,1,0,0,0,0
C5120ST,11,0,State-SIKKIM,Rural,Total,5242,2764,2478,980,499,481,1458,770,688,402,199,203,666,384,282,136,78,58,136,72,64,722,381,341,742,381,361
C5120ST,11,0,State-SIKKIM,Rural,0-4,111,60,51,14,9,5,33,16,17,4,2,2,17,7,10,6,4,2,1,0,1,25,16,9,11,6,5
C5120ST,11,0,State-SIKKIM,Rural,5-9,234,116,118,31,21,10,69,36,33,23,10,13,24,14,10,9,4,5,5,3,2,37,16,21,36,12,24
C5120ST,11,0,State-SIKKIM,Rural,10-19,662,347,315,101,54,47,184,104,80,68,31,37,68,37,31,19,13,6,21,11,10,128,61,67,73,36,37
C5120ST,11,0,State-SIKKIM,Rural,20-29,734,391,343,103,53,50,186,87,99,82,36,46,80,54,26,28,18,10,27,16,11,119,67,52,109,60,49
C5120ST,11,0,State-SIKKIM,Rural,30-39,685,345,340,85,39,46,200,97,103,84,47,37,77,42,35,21,9,12,20,11,9,89,53,36,109,47,62
C5120ST,11,0,State-SIKKIM,Rural,40-49,712,371,341,114,55,59,196,103,93,70,35,35,78,52,26,21,12,9,29,11,18,94,52,42,110,51,59
C5120ST,11,0,State-SIKKIM,Rural,50-59,668,365,303,136,72,64,184,112,72,38,17,21,95,56,39,21,13,8,16,8,8,102,48,54,76,39,37
C5120ST,11,0,State-SIKKIM,Rural,60-69,615,313,302,170,78,92,179,93,86,20,13,7,98,46,52,3,2,1,9,6,3,56,32,24,80,43,37
C5120ST,11,0,State-SIKKIM,Rural,70-79,496,274,222,137,74,63,138,74,64,7,4,3,80,44,36,3,1,2,5,4,1,45,20,25,81,53,28
C5120ST,11,0,State-SIKKIM,Rural,80-89,269,160,109,79,42,37,72,45,27,3,2,1,43,28,15,1,0,1,3,2,1,22,13,9,46,28,18
C5120ST,11,0,State-SIKKIM,Rural,90+,45,14,31,8,1,7,15,1,14,2,1,1,5,3,2,0,0,0,0,0,0,4,2,2,11,6,5
C5120ST,11,0,State-SIKKIM,Rural,Age Not Stated,11,8,3,2,1,1,2,2,0,1,1,0,1,1,0,4,2,2,0,0,0,1,1,0,0,0,0
C5120ST,11,0,State-SIKKIM,Urban,Total,550,278,272,72,33,39,152,77,75,49,23,26,70,37,33,29,14,15,19,14,5,103,53,50,56,27,29
C5120ST,11,0,State-SIKKIM,Urban,0-4,16,8,8,3,3,0,5,3,2,1,0,1,2,1,1,1,0,1,0,0,0,3,1,2,1,0,1
C5120ST,11,0,State-SIKKIM,Urban,5-9,19,7,12,5,2,3,5,2,3,1,0,1,4,1,3,0,0,0,0,0,0,3,1,2,1,1,0
C5120ST,11,0,State-SIKKIM,Urban,10-19,63,36,27,4,3,1,20,12,8,9,4,5,7,5,2,8,3,5,1,0,1,12,7,5,2,2,0
C5120ST,11,0,State-SIKKIM,Urban,20-29,91,53,38,6,3,3,22,13,9,10,6,4,6,5,1,6,4,2,6,5,1,24,12,12,11,5,6
C5120ST,11,0,State-SIKKIM,Urban,30-39,83,36,47,9,5,4,30,9,21,6,2,4,6,3,3,7,5,2,3,2,1,16,8,8,6,2,4
C5120ST,11,0,State-SIKKIM,Urban,40-49,82,44,38,7,2,5,20,11,9,13,7,6,10,4,6,4,2,2,5,4,1,16,10,6,7,4,3
C5120ST,11,0,State-SIKKIM,Urban,50-59,72,31,41,12,4,8,24,10,14,4,1,3,12,7,5,0,0,0,3,2,1,12,5,7,5,2,3
C5120ST,11,0,State-SIKKIM,Urban,60-69,56,27,29,16,6,10,8,4,4,3,1,2,11,7,4,2,0,2,1,1,0,7,4,3,8,4,4
C5120ST,11,0,State-SIKKIM,Urban,70-79,40,22,18,5,3,2,14,10,4,0,0,0,6,2,4,0,0,0,0,0,0,6,3,3,9,4,5
C5120ST,11,0,State-SIKKIM,Urban,80-89,23,13,10,3,2,1,4,3,1,2,2,0,5,2,3,1,0,1,0,0,0,3,2,1,5,2,3
C5120ST,11,0,State-SIKKIM,Urban,90+,4,1,3,1,0,1,0,0,0,0,0,0,1,0,1,0,0,0,0,0,0,1,0,1,1,1,0
C5120ST,11,0,State-SIKKIM,Urban,Age Not Stated,1,0,1,1,0,1,0,0,0,0,0,0,0,0,0,0,0,0,0,0,0,0,0,0,0,0,0
C5120ST,11,241,District-North  District,Total,Total,777,421,356,110,60,50,316,170,146,60,28,32,87,55,32,15,6,9,18,10,8,86,44,42,85,48,37
C5120ST,11,241,District-North  District,Total,0-4,27,13,14,1,0,1,19,10,9,1,1,0,2,1,1,0,0,0,0,0,0,3,0,3,1,1,0
C5120ST,11,241,District-North  District,Total,5-9,55,26,29,4,4,0,30,13,17,4,2,2,4,3,1,1,0,1,1,1,0,5,1,4,6,2,4
C5120ST,11,241,District-North  District,Total,10-19,148,87,61,14,11,3,75,48,27,11,6,5,14,6,8,3,2,1,1,1,0,19,9,10,11,4,7
C5120ST,11,241,District-North  District,Total,20-29,124,68,56,5,3,2,42,19,23,15,4,11,16,13,3,3,2,1,6,2,4,15,8,7,22,17,5
C5120ST,11,241,District-North  District,Total,30-39,106,59,47,12,7,5,48,26,22,12,6,6,10,7,3,2,1,1,1,1,0,11,5,6,10,6,4
C5120ST,11,241,District-North  District,Total,40-49,89,49,40,13,5,8,22,12,10,10,6,4,9,6,3,2,1,1,5,2,3,16,12,4,12,5,7
C5120ST,11,241,District-North  District,Total,50-59,73,42,31,17,12,5,24,12,12,4,2,2,12,7,5,2,0,2,1,1,0,7,3,4,6,5,1
C5120ST,11,241,District-North  District,Total,60-69,63,35,28,19,9,10,24,15,9,1,1,0,11,7,4,0,0,0,0,0,0,3,1,2,5,2,3
C5120ST,11,241,District-North  District,Total,70-79,60,23,37,18,6,12,23,9,14,2,0,2,4,1,3,0,0,0,2,2,0,2,1,1,9,4,5
C5120ST,11,241,District-North  District,Total,80-89,26,17,9,5,3,2,7,5,2,0,0,0,5,4,1,1,0,1,1,0,1,4,3,1,3,2,1
C5120ST,11,241,District-North  District,Total,90+,4,1,3,2,0,2,1,0,1,0,0,0,0,0,0,0,0,0,0,0,0,1,1,0,0,0,0
C5120ST,11,241,District-North  District,Total,Age Not Stated,2,1,1,0,0,0,1,1,0,0,0,0,0,0,0,1,0,1,0,0,0,0,0,0,0,0,0
C5120ST,11,241,District-North  District,Rural,Total,768,416,352,108,59,49,313,168,145,60,28,32,84,54,30,15,6,9,17,9,8,86,44,42,85,48,37
C5120ST,11,241,District-North  District,Rural,0-4,27,13,14,1,0,1,19,10,9,1,1,0,2,1,1,0,0,0,0,0,0,3,0,3,1,1,0
C5120ST,11,241,District-North  District,Rural,5-9,55,26,29,4,4,0,30,13,17,4,2,2,4,3,1,1,0,1,1,1,0,5,1,4,6,2,4
C5120ST,11,241,District-North  District,Rural,10-19,147,87,60,14,11,3,75,48,27,11,6,5,13,6,7,3,2,1,1,1,0,19,9,10,11,4,7
C5120ST,11,241,District-North  District,Rural,20-29,123,67,56,5,3,2,41,18,23,15,4,11,16,13,3,3,2,1,6,2,4,15,8,7,22,17,5
C5120ST,11,241,District-North  District,Rural,30-39,105,58,47,11,6,5,48,26,22,12,6,6,10,7,3,2,1,1,1,1,0,11,5,6,10,6,4
C5120ST,11,241,District-North  District,Rural,40-49,86,47,39,12,5,7,21,11,10,10,6,4,9,6,3,2,1,1,4,1,3,16,12,4,12,5,7
C5120ST,11,241,District-North  District,Rural,50-59,73,42,31,17,12,5,24,12,12,4,2,2,12,7,5,2,0,2,1,1,0,7,3,4,6,5,1
C5120ST,11,241,District-North  District,Rural,60-69,62,34,28,19,9,10,24,15,9,1,1,0,10,6,4,0,0,0,0,0,0,3,1,2,5,2,3
C5120ST,11,241,District-North  District,Rural,70-79,58,23,35,18,6,12,22,9,13,2,0,2,3,1,2,0,0,0,2,2,0,2,1,1,9,4,5
C5120ST,11,241,District-North  District,Rural,80-89,26,17,9,5,3,2,7,5,2,0,0,0,5,4,1,1,0,1,1,0,1,4,3,1,3,2,1
C5120ST,11,241,District-North  District,Rural,90+,4,1,3,2,0,2,1,0,1,0,0,0,0,0,0,0,0,0,0,0,0,1,1,0,0,0,0
C5120ST,11,241,District-North  District,Rural,Age Not Stated,2,1,1,0,0,0,1,1,0,0,0,0,0,0,0,1,0,1,0,0,0,0,0,0,0,0,0
C5120ST,11,241,District-North  District,Urban,Total,9,5,4,2,1,1,3,2,1,0,0,0,3,1,2,0,0,0,1,1,0,0,0,0,0,0,0
C5120ST,11,241,District-North  District,Urban,0-4,0,0,0,0,0,0,0,0,0,0,0,0,0,0,0,0,0,0,0,0,0,0,0,0,0,0,0
C5120ST,11,241,District-North  District,Urban,5-9,0,0,0,0,0,0,0,0,0,0,0,0,0,0,0,0,0,0,0,0,0,0,0,0,0,0,0
C5120ST,11,241,District-North  District,Urban,10-19,1,0,1,0,0,0,0,0,0,0,0,0,1,0,1,0,0,0,0,0,0,0,0,0,0,0,0
C5120ST,11,241,District-North  District,Urban,20-29,1,1,0,0,0,0,1,1,0,0,0,0,0,0,0,0,0,0,0,0,0,0,0,0,0,0,0
C5120ST,11,241,District-North  District,Urban,30-39,1,1,0,1,1,0,0,0,0,0,0,0,0,0,0,0,0,0,0,0,0,0,0,0,0,0,0
C5120ST,11,241,District-North  District,Urban,40-49,3,2,1,1,0,1,1,1,0,0,0,0,0,0,0,0,0,0,1,1,0,0,0,0,0,0,0
C5120ST,11,241,District-North  District,Urban,50-59,0,0,0,0,0,0,0,0,0,0,0,0,0,0,0,0,0,0,0,0,0,0,0,0,0,0,0
C5120ST,11,241,District-North  District,Urban,60-69,1,1,0,0,0,0,0,0,0,0,0,0,1,1,0,0,0,0,0,0,0,0,0,0,0,0,0
C5120ST,11,241,District-North  District,Urban,70-79,2,0,2,0,0,0,1,0,1,0,0,0,1,0,1,0,0,0,0,0,0,0,0,0,0,0,0
C5120ST,11,241,District-North  District,Urban,80-89,0,0,0,0,0,0,0,0,0,0,0,0,0,0,0,0,0,0,0,0,0,0,0,0,0,0,0
C5120ST,11,241,District-North  District,Urban,90+,0,0,0,0,0,0,0,0,0,0,0,0,0,0,0,0,0,0,0,0,0,0,0,0,0,0,0
C5120ST,11,241,District-North  District,Urban,Age Not Stated,0,0,0,0,0,0,0,0,0,0,0,0,0,0,0,0,0,0,0,0,0,0,0,0,0,0,0
C5120ST,11,242,District-West District,Total,Total,1498,783,715,230,110,120,421,219,202,129,63,66,206,127,79,62,38,24,45,24,21,191,100,91,214,102,112
C5120ST,11,242,District-West District,Total,0-4,37,22,15,6,4,2,7,2,5,2,1,1,4,3,1,4,3,1,1,0,1,9,8,1,4,1,3
C5120ST,11,242,District-West District,Total,5-9,68,38,30,12,8,4,9,5,4,11,5,6,11,8,3,6,3,3,1,0,1,8,7,1,10,2,8
C5120ST,11,242,District-West District,Total,10-19,210,107,103,27,9,18,51,30,21,21,9,12,28,16,12,9,7,2,9,5,4,42,19,23,23,12,11
C5120ST,11,242,District-West District,Total,20-29,207,96,111,21,8,13,64,28,36,22,12,10,25,13,12,11,6,5,6,3,3,26,12,14,32,14,18
C5120ST,11,242,District-West District,Total,30-39,197,101,96,25,11,14,55,25,30,23,14,9,25,15,10,9,7,2,8,4,4,20,14,6,32,11,21
C5120ST,11,242,District-West District,Total,40-49,210,107,103,21,11,10,77,39,38,26,10,16,18,13,5,12,6,6,8,4,4,20,11,9,28,13,15
C5120ST,11,242,District-West District,Total,50-59,179,97,82,24,11,13,50,35,15,12,4,8,29,19,10,6,4,2,8,5,3,29,9,20,21,10,11
C5120ST,11,242,District-West District,Total,60-69,166,85,81,40,19,21,54,27,27,5,3,2,28,12,16,3,2,1,3,2,1,14,10,4,19,10,9
C5120ST,11,242,District-West District,Total,70-79,130,80,50,32,20,12,32,18,14,2,2,0,26,18,8,2,0,2,0,0,0,12,5,7,24,17,7
C5120ST,11,242,District-West District,Total,80-89,74,44,30,17,9,8,17,10,7,3,2,1,11,9,2,0,0,0,1,1,0,11,5,6,14,8,6
C5120ST,11,242,District-West District,Total,90+,18,6,12,3,0,3,5,0,5,2,1,1,1,1,0,0,0,0,0,0,0,0,0,0,7,4,3
C5120ST,11,242,District-West District,Total,Age Not Stated,2,0,2,2,0,2,0,0,0,0,0,0,0,0,0,0,0,0,0,0,0,0,0,0,0,0,0
C5120ST,11,242,District-West District,Rural,Total,1481,773,708,228,109,119,419,218,201,127,61,66,206,127,79,62,38,24,43,23,20,189,99,90,207,98,109
C5120ST,11,242,District-West District,Rural,0-4,36,21,15,5,3,2,7,2,5,2,1,1,4,3,1,4,3,1,1,0,1,9,8,1,4,1,3
C5120ST,11,242,District-West District,Rural,5-9,68,38,30,12,8,4,9,5,4,11,5,6,11,8,3,6,3,3,1,0,1,8,7,1,10,2,8
C5120ST,11,242,District-West District,Rural,10-19,209,106,103,27,9,18,51,30,21,21,9,12,28,16,12,9,7,2,9,5,4,42,19,23,22,11,11
C5120ST,11,242,District-West District,Rural,20-29,204,94,110,21,8,13,64,28,36,22,12,10,25,13,12,11,6,5,5,2,3,26,12,14,30,13,17
C5120ST,11,242,District-West District,Rural,30-39,195,101,94,25,11,14,54,25,29,23,14,9,25,15,10,9,7,2,7,4,3,20,14,6,32,11,21
C5120ST,11,242,District-West District,Rural,40-49,206,104,102,21,11,10,76,38,38,25,9,16,18,13,5,12,6,6,8,4,4,20,11,9,26,12,14
C5120ST,11,242,District-West District,Rural,50-59,178,96,82,24,11,13,50,35,15,12,4,8,29,19,10,6,4,2,8,5,3,29,9,20,20,9,11
C5120ST,11,242,District-West District,Rural,60-69,166,85,81,40,19,21,54,27,27,5,3,2,28,12,16,3,2,1,3,2,1,14,10,4,19,10,9
C5120ST,11,242,District-West District,Rural,70-79,129,80,49,32,20,12,32,18,14,2,2,0,26,18,8,2,0,2,0,0,0,12,5,7,23,17,6
C5120ST,11,242,District-West District,Rural,80-89,71,42,29,17,9,8,17,10,7,2,1,1,11,9,2,0,0,0,1,1,0,9,4,5,14,8,6
C5120ST,11,242,District-West District,Rural,90+,18,6,12,3,0,3,5,0,5,2,1,1,1,1,0,0,0,0,0,0,0,0,0,0,7,4,3
C5120ST,11,242,District-West District,Rural,Age Not Stated,1,0,1,1,0,1,0,0,0,0,0,0,0,0,0,0,0,0,0,0,0,0,0,0,0,0,0
C5120ST,11,242,District-West District,Urban,Total,17,10,7,2,1,1,2,1,1,2,2,0,0,0,0,0,0,0,2,1,1,2,1,1,7,4,3
C5120ST,11,242,District-West District,Urban,0-4,1,1,0,1,1,0,0,0,0,0,0,0,0,0,0,0,0,0,0,0,0,0,0,0,0,0,0
C5120ST,11,242,District-West District,Urban,5-9,0,0,0,0,0,0,0,0,0,0,0,0,0,0,0,0,0,0,0,0,0,0,0,0,0,0,0
C5120ST,11,242,District-West District,Urban,10-19,1,1,0,0,0,0,0,0,0,0,0,0,0,0,0,0,0,0,0,0,0,0,0,0,1,1,0
C5120ST,11,242,District-West District,Urban,20-29,3,2,1,0,0,0,0,0,0,0,0,0,0,0,0,0,0,0,1,1,0,0,0,0,2,1,1
C5120ST,11,242,District-West District,Urban,30-39,2,0,2,0,0,0,1,0,1,0,0,0,0,0,0,0,0,0,1,0,1,0,0,0,0,0,0
C5120ST,11,242,District-West District,Urban,40-49,4,3,1,0,0,0,1,1,0,1,1,0,0,0,0,0,0,0,0,0,0,0,0,0,2,1,1
C5120ST,11,242,District-West District,Urban,50-59,1,1,0,0,0,0,0,0,0,0,0,0,0,0,0,0,0,0,0,0,0,0,0,0,1,1,0
C5120ST,11,242,District-West District,Urban,60-69,0,0,0,0,0,0,0,0,0,0,0,0,0,0,0,0,0,0,0,0,0,0,0,0,0,0,0
C5120ST,11,242,District-West District,Urban,70-79,1,0,1,0,0,0,0,0,0,0,0,0,0,0,0,0,0,0,0,0,0,0,0,0,1,0,1
C5120ST,11,242,District-West District,Urban,80-89,3,2,1,0,0,0,0,0,0,1,1,0,0,0,0,0,0,0,0,0,0,2,1,1,0,0,0
C5120ST,11,242,District-West District,Urban,90+,0,0,0,0,0,0,0,0,0,0,0,0,0,0,0,0,0,0,0,0,0,0,0,0,0,0,0
C5120ST,11,242,District-West District,Urban,Age Not Stated,1,0,1,1,0,1,0,0,0,0,0,0,0,0,0,0,0,0,0,0,0,0,0,0,0,0,0
C5120ST,11,243,District-South District,Total,Total,1526,818,708,352,186,166,383,209,174,93,49,44,184,103,81,38,22,16,31,15,16,237,130,107,208,104,104
C5120ST,11,243,District-South District,Total,0-4,25,16,9,6,6,0,4,3,1,0,0,0,4,1,3,1,1,0,0,0,0,8,4,4,2,1,1
C5120ST,11,243,District-South District,Total,5-9,50,25,25,7,4,3,14,10,4,2,1,1,6,1,5,1,1,0,2,1,1,10,4,6,8,3,5
C5120ST,11,243,District-South District,Total,10-19,150,79,71,37,21,16,24,12,12,11,3,8,18,12,6,5,2,3,4,2,2,32,14,18,19,13,6
C5120ST,11,243,District-South District,Total,20-29,190,115,75,45,23,22,34,22,12,18,8,10,17,15,2,7,6,1,6,4,2,41,28,13,22,9,13
C5120ST,11,243,District-South District,Total,30-39,206,101,105,31,17,14,55,23,32,26,17,9,18,7,11,9,1,8,5,2,3,31,17,14,31,17,14
C5120ST,11,243,District-South District,Total,40-49,237,122,115,50,25,25,54,29,25,19,12,7,28,18,10,4,3,1,11,4,7,38,18,20,33,13,20
C5120ST,11,243,District-South District,Total,50-59,220,125,95,46,27,19,74,42,32,10,4,6,24,15,9,6,5,1,1,1,0,31,17,14,28,14,14
C5120ST,11,243,District-South District,Total,60-69,185,96,89,60,28,32,45,27,18,5,2,3,29,16,13,1,0,1,0,0,0,22,15,7,23,8,15
C5120ST,11,243,District-South District,Total,70-79,151,78,73,42,22,20,44,22,22,0,0,0,22,8,14,1,1,0,1,0,1,15,8,7,26,17,9
C5120ST,11,243,District-South District,Total,80-89,93,53,40,27,13,14,28,18,10,1,1,0,15,8,7,0,0,0,1,1,0,6,3,3,15,9,6
C5120ST,11,243,District-South District,Total,90+,12,2,10,1,0,1,6,0,6,0,0,0,2,1,1,0,0,0,0,0,0,2,1,1,1,0,1
C5120ST,11,243,District-South District,Total,Age Not Stated,7,6,1,0,0,0,1,1,0,1,1,0,1,1,0,3,2,1,0,0,0,1,1,0,0,0,0
C5120ST,11,243,District-South District,Rural,Total,1451,782,669,343,179,164,364,202,162,89,47,42,175,99,76,34,22,12,31,15,16,218,119,99,197,99,98
C5120ST,11,243,District-South District,Rural,0-4,22,14,8,4,4,0,4,3,1,0,0,0,3,1,2,1,1,0,0,0,0,8,4,4,2,1,1
C5120ST,11,243,District-South District,Rural,5-9,45,24,21,6,4,2,14,10,4,2,1,1,4,1,3,1,1,0,2,1,1,9,4,5,7,2,5
C5120ST,11,243,District-South District,Rural,10-19,142,75,67,35,19,16,23,11,12,10,3,7,18,12,6,3,2,1,4,2,2,30,13,17,19,13,6
C5120ST,11,243,District-South District,Rural,20-29,179,106,73,45,23,22,31,20,11,17,7,10,16,14,2,7,6,1,6,4,2,36,24,12,21,8,13
C5120ST,11,243,District-South District,Rural,30-39,189,94,95,28,14,14,50,22,28,26,17,9,17,7,10,8,1,7,5,2,3,27,15,12,28,16,12
C5120ST,11,243,District-South District,Rural,40-49,222,114,108,49,25,24,50,28,22,18,11,7,26,16,10,4,3,1,11,4,7,32,15,17,32,12,20
C5120ST,11,243,District-South District,Rural,50-59,215,125,90,46,27,19,71,42,29,10,4,6,23,15,8,6,5,1,1,1,0,31,17,14,27,14,13
C5120ST,11,243,District-South District,Rural,60-69,178,93,85,60,28,32,44,26,18,4,2,2,28,15,13,0,0,0,0,0,0,21,14,7,21,8,13
C5120ST,11,243,District-South District,Rural,70-79,149,77,72,42,22,20,42,21,21,0,0,0,22,8,14,1,1,0,1,0,1,15,8,7,26,17,9
C5120ST,11,243,District-South District,Rural,80-89,91,52,39,27,13,14,28,18,10,1,1,0,15,8,7,0,0,0,1,1,0,6,3,3,13,8,5
C5120ST,11,243,District-South District,Rural,90+,12,2,10,1,0,1,6,0,6,0,0,0,2,1,1,0,0,0,0,0,0,2,1,1,1,0,1
C5120ST,11,243,District-South District,Rural,Age Not Stated,7,6,1,0,0,0,1,1,0,1,1,0,1,1,0,3,2,1,0,0,0,1,1,0,0,0,0
C5120ST,11,243,District-South District,Urban,Total,75,36,39,9,7,2,19,7,12,4,2,2,9,4,5,4,0,4,0,0,0,19,11,8,11,5,6
C5120ST,11,243,District-South District,Urban,0-4,3,2,1,2,2,0,0,0,0,0,0,0,1,0,1,0,0,0,0,0,0,0,0,0,0,0,0
C5120ST,11,243,District-South District,Urban,5-9,5,1,4,1,0,1,0,0,0,0,0,0,2,0,2,0,0,0,0,0,0,1,0,1,1,1,0
C5120ST,11,243,District-South District,Urban,10-19,8,4,4,2,2,0,1,1,0,1,0,1,0,0,0,2,0,2,0,0,0,2,1,1,0,0,0
C5120ST,11,243,District-South District,Urban,20-29,11,9,2,0,0,0,3,2,1,1,1,0,1,1,0,0,0,0,0,0,0,5,4,1,1,1,0
C5120ST,11,243,District-South District,Urban,30-39,17,7,10,3,3,0,5,1,4,0,0,0,1,0,1,1,0,1,0,0,0,4,2,2,3,1,2
C5120ST,11,243,District-South District,Urban,40-49,15,8,7,1,0,1,4,1,3,1,1,0,2,2,0,0,0,0,0,0,0,6,3,3,1,1,0
C5120ST,11,243,District-South District,Urban,50-59,5,0,5,0,0,0,3,0,3,0,0,0,1,0,1,0,0,0,0,0,0,0,0,0,1,0,1
C5120ST,11,243,District-South District,Urban,60-69,7,3,4,0,0,0,1,1,0,1,0,1,1,1,0,1,0,1,0,0,0,1,1,0,2,0,2
C5120ST,11,243,District-South District,Urban,70-79,2,1,1,0,0,0,2,1,1,0,0,0,0,0,0,0,0,0,0,0,0,0,0,0,0,0,0
C5120ST,11,243,District-South District,Urban,80-89,2,1,1,0,0,0,0,0,0,0,0,0,0,0,0,0,0,0,0,0,0,0,0,0,2,1,1
C5120ST,11,243,District-South District,Urban,90+,0,0,0,0,0,0,0,0,0,0,0,0,0,0,0,0,0,0,0,0,0,0,0,0,0,0,0
C5120ST,11,243,District-South District,Urban,Age Not Stated,0,0,0,0,0,0,0,0,0,0,0,0,0,0,0,0,0,0,0,0,0,0,0,0,0,0,0
C5120ST,11,244,District-East District,Total,Total,1991,1020,971,360,176,184,490,249,241,169,82,87,259,136,123,50,26,24,61,37,24,311,160,151,291,154,137
C5120ST,11,244,District-East District,Total,0-4,38,17,21,4,2,2,8,4,4,2,0,2,9,3,6,2,0,2,0,0,0,8,5,3,5,3,2
C5120ST,11,244,District-East District,Total,5-9,80,34,46,13,7,6,21,10,11,7,2,5,7,3,4,1,0,1,1,1,0,17,5,12,13,6,7
C5120ST,11,244,District-East District,Total,10-19,217,110,107,27,16,11,54,26,28,34,17,17,15,8,7,10,5,5,8,3,5,47,26,21,22,9,13
C5120ST,11,244,District-East District,Total,20-29,304,165,139,38,22,16,68,31,37,37,18,19,28,18,10,13,8,5,15,12,3,61,31,30,44,25,19
C5120ST,11,244,District-East District,Total,30-39,259,120,139,26,9,17,72,32,40,29,12,17,30,16,14,8,5,3,9,6,3,43,25,18,42,15,27
C5120ST,11,244,District-East District,Total,40-49,258,137,121,37,16,21,63,34,29,28,14,14,33,19,14,7,4,3,10,5,5,36,21,15,44,24,20
C5120ST,11,244,District-East District,Total,50-59,268,132,136,61,26,35,60,33,27,16,8,8,42,22,20,7,4,3,9,3,6,47,24,23,26,12,14
C5120ST,11,244,District-East District,Total,60-69,257,124,133,67,28,39,64,28,36,12,8,4,41,18,23,1,0,1,7,5,2,24,10,14,41,27,14
C5120ST,11,244,District-East District,Total,70-79,195,115,80,50,29,21,53,35,18,3,2,1,34,19,15,0,0,0,2,2,0,22,9,13,31,19,12
C5120ST,11,244,District-East District,Total,80-89,99,59,40,33,19,14,24,15,9,1,1,0,17,9,8,1,0,1,0,0,0,4,4,0,19,11,8
C5120ST,11,244,District-East District,Total,90+,15,6,9,3,1,2,3,1,2,0,0,0,3,1,2,0,0,0,0,0,0,2,0,2,4,3,1
C5120ST,11,244,District-East District,Total,Age Not Stated,1,1,0,1,1,0,0,0,0,0,0,0,0,0,0,0,0,0,0,0,0,0,0,0,0,0,0
C5120ST,11,244,District-East District,Rural,Total,1542,793,749,301,152,149,362,182,180,126,63,63,201,104,97,25,12,13,45,25,20,229,119,110,253,136,117
C5120ST,11,244,District-East District,Rural,0-4,26,12,14,4,2,2,3,1,2,1,0,1,8,2,6,1,0,1,0,0,0,5,4,1,4,3,1
C5120ST,11,244,District-East District,Rural,5-9,66,28,38,9,5,4,16,8,8,6,2,4,5,2,3,1,0,1,1,1,0,15,4,11,13,6,7
C5120ST,11,244,District-East District,Rural,10-19,164,79,85,25,15,10,35,15,20,26,13,13,9,3,6,4,2,2,7,3,4,37,20,17,21,8,13
C5120ST,11,244,District-East District,Rural,20-29,228,124,104,32,19,13,50,21,29,28,13,15,23,14,9,7,4,3,10,8,2,42,23,19,36,22,14
C5120ST,11,244,District-East District,Rural,30-39,196,92,104,21,8,13,48,24,24,23,10,13,25,13,12,2,0,2,7,4,3,31,19,12,39,14,25
C5120ST,11,244,District-East District,Rural,40-49,198,106,92,32,14,18,49,26,23,17,9,8,25,17,8,3,2,1,6,2,4,26,14,12,40,22,18
C5120ST,11,244,District-East District,Rural,50-59,202,102,100,49,22,27,39,23,16,12,7,5,31,15,16,7,4,3,6,1,5,35,19,16,23,11,12
C5120ST,11,244,District-East District,Rural,60-69,209,101,108,51,22,29,57,25,32,10,7,3,32,13,19,0,0,0,6,4,2,18,7,11,35,23,12
C5120ST,11,244,District-East District,Rural,70-79,160,94,66,45,26,19,42,26,16,3,2,1,29,17,12,0,0,0,2,2,0,16,6,10,23,15,8
C5120ST,11,244,District-East District,Rural,80-89,81,49,32,30,17,13,20,12,8,0,0,0,12,7,5,0,0,0,0,0,0,3,3,0,16,10,6
C5120ST,11,244,District-East District,Rural,90+,11,5,6,2,1,1,3,1,2,0,0,0,2,1,1,0,0,0,0,0,0,1,0,1,3,2,1
C5120ST,11,244,District-East District,Rural,Age Not Stated,1,1,0,1,1,0,0,0,0,0,0,0,0,0,0,0,0,0,0,0,0,0,0,0,0,0,0
C5120ST,11,244,District-East District,Urban,Total,449,227,222,59,24,35,128,67,61,43,19,24,58,32,26,25,14,11,16,12,4,82,41,41,38,18,20
C5120ST,11,244,District-East District,Urban,0-4,12,5,7,0,0,0,5,3,2,1,0,1,1,1,0,1,0,1,0,0,0,3,1,2,1,0,1
C5120ST,11,244,District-East District,Urban,5-9,14,6,8,4,2,2,5,2,3,1,0,1,2,1,1,0,0,0,0,0,0,2,1,1,0,0,0
C5120ST,11,244,District-East District,Urban,10-19,53,31,22,2,1,1,19,11,8,8,4,4,6,5,1,6,3,3,1,0,1,10,6,4,1,1,0
C5120ST,11,244,District-East District,Urban,20-29,76,41,35,6,3,3,18,10,8,9,5,4,5,4,1,6,4,2,5,4,1,19,8,11,8,3,5
C5120ST,11,244,District-East District,Urban,30-39,63,28,35,5,1,4,24,8,16,6,2,4,5,3,2,6,5,1,2,2,0,12,6,6,3,1,2
C5120ST,11,244,District-East District,Urban,40-49,60,31,29,5,2,3,14,8,6,11,5,6,8,2,6,4,2,2,4,3,1,10,7,3,4,2,2
C5120ST,11,244,District-East District,Urban,50-59,66,30,36,12,4,8,21,10,11,4,1,3,11,7,4,0,0,0,3,2,1,12,5,7,3,1,2
C5120ST,11,244,District-East District,Urban,60-69,48,23,25,16,6,10,7,3,4,2,1,1,9,5,4,1,0,1,1,1,0,6,3,3,6,4,2
C5120ST,11,244,District-East District,Urban,70-79,35,21,14,5,3,2,11,9,2,0,0,0,5,2,3,0,0,0,0,0,0,6,3,3,8,4,4
C5120ST,11,244,District-East District,Urban,80-89,18,10,8,3,2,1,4,3,1,1,1,0,5,2,3,1,0,1,0,0,0,1,1,0,3,1,2
C5120ST,11,244,District-East District,Urban,90+,4,1,3,1,0,1,0,0,0,0,0,0,1,0,1,0,0,0,0,0,0,1,0,1,1,1,0
C5120ST,11,244,District-East District,Urban,Age Not Stated,0,0,0,0,0,0,0,0,0,0,0,0,0,0,0,0,0,0,0,0,0,0,0,0,0,0,0
C5120ST,12,0,State-ARUNACHAL PRADESH,Total,Total,20264,10398,9866,4247,2061,2186,6244,3069,3175,1095,635,460,2508,1457,1051,913,446,467,476,255,221,2817,1446,1371,1964,1029,935
C5120ST,12,0,State-ARUNACHAL PRADESH,Total,0-4,1006,498,508,211,108,103,330,141,189,13,7,6,73,44,29,59,31,28,9,6,3,258,130,128,53,31,22
C5120ST,12,0,State-ARUNACHAL PRADESH,Total,5-9,1580,822,758,329,167,162,515,252,263,111,68,43,117,73,44,94,52,42,23,12,11,272,138,134,119,60,59
C5120ST,12,0,State-ARUNACHAL PRADESH,Total,10-19,3881,2025,1856,772,386,386,1250,635,615,254,160,94,417,213,204,228,119,109,69,38,31,618,313,305,273,161,112
C5120ST,12,0,State-ARUNACHAL PRADESH,Total,20-29,2805,1450,1355,501,242,259,813,394,419,176,95,81,332,209,123,162,76,86,97,58,39,493,242,251,231,134,97
C5120ST,12,0,State-ARUNACHAL PRADESH,Total,30-39,2426,1262,1164,464,233,231,726,338,388,176,88,88,291,177,114,143,62,81,86,51,35,355,215,140,185,98,87
C5120ST,12,0,State-ARUNACHAL PRADESH,Total,40-49,2361,1243,1118,430,226,204,708,361,347,160,92,68,339,204,135,105,48,57,78,33,45,320,164,156,221,115,106
C5120ST,12,0,State-ARUNACHAL PRADESH,Total,50-59,2106,1143,963,425,212,213,674,339,335,115,78,37,305,197,108,65,36,29,44,25,19,217,115,102,261,141,120
C5120ST,12,0,State-ARUNACHAL PRADESH,Total,60-69,2050,972,1078,546,232,314,656,324,332,61,29,32,298,159,139,28,9,19,44,20,24,154,68,86,263,131,132
C5120ST,12,0,State-ARUNACHAL PRADESH,Total,70-79,1286,618,668,347,157,190,376,185,191,18,9,9,226,125,101,18,7,11,16,6,10,84,41,43,201,88,113
C5120ST,12,0,State-ARUNACHAL PRADESH,Total,80-89,549,269,280,167,75,92,142,71,71,9,7,2,82,44,38,5,2,3,8,5,3,30,15,15,106,50,56
C5120ST,12,0,State-ARUNACHAL PRADESH,Total,90+,177,77,100,49,20,29,40,23,17,0,0,0,27,11,16,3,2,1,2,1,1,7,2,5,49,18,31
C5120ST,12,0,State-ARUNACHAL PRADESH,Total,Age Not Stated,37,19,18,6,3,3,14,6,8,2,2,0,1,1,0,3,2,1,0,0,0,9,3,6,2,2,0
C5120ST,12,0,State-ARUNACHAL PRADESH,Rural,Total,17933,9207,8726,3721,1796,1925,5550,2725,2825,993,570,423,2235,1301,934,785,393,392,431,228,203,2405,1250,1155,1813,944,869
C5120ST,12,0,State-ARUNACHAL PRADESH,Rural,0-4,874,429,445,183,91,92,296,124,172,12,6,6,65,40,25,52,29,23,7,4,3,217,109,108,42,26,16
C5120ST,12,0,State-ARUNACHAL PRADESH,Rural,5-9,1331,686,645,280,142,138,431,206,225,87,52,35,102,63,39,80,44,36,17,8,9,225,118,107,109,53,56
C5120ST,12,0,State-ARUNACHAL PRADESH,Rural,10-19,3262,1712,1550,632,312,320,1034,522,512,237,145,92,368,187,181,189,103,86,57,32,25,506,270,236,239,141,98
C5120ST,12,0,State-ARUNACHAL PRADESH,Rural,20-29,2383,1247,1136,412,204,208,700,338,362,161,88,73,287,184,103,132,64,68,87,52,35,402,198,204,202,119,83
C5120ST,12,0,State-ARUNACHAL PRADESH,Rural,30-39,2095,1091,1004,376,186,190,644,306,338,159,79,80,241,148,93,129,58,71,80,45,35,297,180,117,169,89,80
C5120ST,12,0,State-ARUNACHAL PRADESH,Rural,40-49,2092,1097,995,366,191,175,634,324,310,148,84,64,287,171,116,90,42,48,74,31,43,289,148,141,204,106,98
C5120ST,12,0,State-ARUNACHAL PRADESH,Rural,50-59,1930,1043,887,395,194,201,620,313,307,103,70,33,270,177,93,59,32,27,41,24,17,199,103,96,243,130,113
C5120ST,12,0,State-ARUNACHAL PRADESH,Rural,60-69,1981,943,1038,522,224,298,640,316,324,58,28,30,289,155,134,28,9,19,43,20,23,144,64,80,257,127,130
C5120ST,12,0,State-ARUNACHAL PRADESH,Rural,70-79,1255,609,646,340,155,185,368,184,184,17,9,8,221,123,98,16,6,10,15,6,9,83,40,43,195,86,109
C5120ST,12,0,State-ARUNACHAL PRADESH,Rural,80-89,524,255,269,161,74,87,133,64,69,9,7,2,78,41,37,4,2,2,8,5,3,28,15,13,103,47,56
C5120ST,12,0,State-ARUNACHAL PRADESH,Rural,90+,172,77,95,48,20,28,39,23,16,0,0,0,26,11,15,3,2,1,2,1,1,6,2,4,48,18,30
C5120ST,12,0,State-ARUNACHAL PRADESH,Rural,Age Not Stated,34,18,16,6,3,3,11,5,6,2,2,0,1,1,0,3,2,1,0,0,0,9,3,6,2,2,0
C5120ST,12,0,State-ARUNACHAL PRADESH,Urban,Total,2331,1191,1140,526,265,261,694,344,350,102,65,37,273,156,117,128,53,75,45,27,18,412,196,216,151,85,66
C5120ST,12,0,State-ARUNACHAL PRADESH,Urban,0-4,132,69,63,28,17,11,34,17,17,1,1,0,8,4,4,7,2,5,2,2,0,41,21,20,11,5,6
C5120ST,12,0,State-ARUNACHAL PRADESH,Urban,5-9,249,136,113,49,25,24,84,46,38,24,16,8,15,10,5,14,8,6,6,4,2,47,20,27,10,7,3
C5120ST,12,0,State-ARUNACHAL PRADESH,Urban,10-19,619,313,306,140,74,66,216,113,103,17,15,2,49,26,23,39,16,23,12,6,6,112,43,69,34,20,14
C5120ST,12,0,State-ARUNACHAL PRADESH,Urban,20-29,422,203,219,89,38,51,113,56,57,15,7,8,45,25,20,30,12,18,10,6,4,91,44,47,29,15,14
C5120ST,12,0,State-ARUNACHAL PRADESH,Urban,30-39,331,171,160,88,47,41,82,32,50,17,9,8,50,29,21,14,4,10,6,6,0,58,35,23,16,9,7
C5120ST,12,0,State-ARUNACHAL PRADESH,Urban,40-49,269,146,123,64,35,29,74,37,37,12,8,4,52,33,19,15,6,9,4,2,2,31,16,15,17,9,8
C5120ST,12,0,State-ARUNACHAL PRADESH,Urban,50-59,176,100,76,30,18,12,54,26,28,12,8,4,35,20,15,6,4,2,3,1,2,18,12,6,18,11,7
C5120ST,12,0,State-ARUNACHAL PRADESH,Urban,60-69,69,29,40,24,8,16,16,8,8,3,1,2,9,4,5,0,0,0,1,0,1,10,4,6,6,4,2
C5120ST,12,0,State-ARUNACHAL PRADESH,Urban,70-79,31,9,22,7,2,5,8,1,7,1,0,1,5,2,3,2,1,1,1,0,1,1,1,0,6,2,4
C5120ST,12,0,State-ARUNACHAL PRADESH,Urban,80-89,25,14,11,6,1,5,9,7,2,0,0,0,4,3,1,1,0,1,0,0,0,2,0,2,3,3,0
C5120ST,12,0,State-ARUNACHAL PRADESH,Urban,90+,5,0,5,1,0,1,1,0,1,0,0,0,1,0,1,0,0,0,0,0,0,1,0,1,1,0,1
C5120ST,12,0,State-ARUNACHAL PRADESH,Urban,Age Not Stated,3,1,2,0,0,0,3,1,2,0,0,0,0,0,0,0,0,0,0,0,0,0,0,0,0,0,0
C5120ST,12,245,District-Tawang,Total,Total,980,435,545,270,106,164,256,109,147,65,38,27,179,88,91,12,7,5,15,7,8,85,38,47,98,42,56
C5120ST,12,245,District-Tawang,Total,0-4,18,6,12,5,2,3,4,0,4,0,0,0,2,1,1,1,1,0,1,1,0,5,1,4,0,0,0
C5120ST,12,245,District-Tawang,Total,5-9,44,29,15,12,5,7,14,11,3,6,5,1,3,3,0,1,0,1,1,1,0,5,3,2,2,1,1
C5120ST,12,245,District-Tawang,Total,10-19,116,50,66,28,11,17,30,11,19,8,3,5,21,10,11,2,2,0,3,1,2,19,8,11,5,4,1
C5120ST,12,245,District-Tawang,Total,20-29,92,49,43,15,8,7,17,11,6,6,4,2,24,10,14,0,0,0,2,1,1,21,11,10,7,4,3
C5120ST,12,245,District-Tawang,Total,30-39,82,40,42,20,12,8,24,9,15,6,3,3,17,9,8,3,1,2,1,1,0,7,4,3,4,1,3
C5120ST,12,245,District-Tawang,Total,40-49,85,40,45,18,9,9,20,13,7,10,6,4,21,7,14,1,1,0,1,0,1,7,2,5,7,2,5
C5120ST,12,245,District-Tawang,Total,50-59,126,66,60,21,7,14,37,17,20,18,13,5,22,14,8,2,2,0,4,2,2,7,3,4,15,8,7
C5120ST,12,245,District-Tawang,Total,60-69,178,73,105,60,24,36,50,16,34,8,3,5,19,12,7,2,0,2,2,0,2,9,5,4,28,13,15
C5120ST,12,245,District-Tawang,Total,70-79,139,50,89,49,16,33,42,14,28,0,0,0,28,14,14,0,0,0,0,0,0,3,1,2,17,5,12
C5120ST,12,245,District-Tawang,Total,80-89,85,27,58,35,9,26,17,6,11,3,1,2,17,7,10,0,0,0,0,0,0,2,0,2,11,4,7
C5120ST,12,245,District-Tawang,Total,90+,15,5,10,7,3,4,1,1,0,0,0,0,5,1,4,0,0,0,0,0,0,0,0,0,2,0,2
C5120ST,12,245,District-Tawang,Total,Age Not Stated,0,0,0,0,0,0,0,0,0,0,0,0,0,0,0,0,0,0,0,0,0,0,0,0,0,0,0
C5120ST,12,245,District-Tawang,Rural,Total,935,411,524,256,100,156,245,104,141,60,34,26,173,85,88,11,6,5,15,7,8,83,36,47,92,39,53
C5120ST,12,245,District-Tawang,Rural,0-4,18,6,12,5,2,3,4,0,4,0,0,0,2,1,1,1,1,0,1,1,0,5,1,4,0,0,0
C5120ST,12,245,District-Tawang,Rural,5-9,44,29,15,12,5,7,14,11,3,6,5,1,3,3,0,1,0,1,1,1,0,5,3,2,2,1,1
C5120ST,12,245,District-Tawang,Rural,10-19,108,46,62,25,10,15,27,9,18,8,3,5,20,10,10,1,1,0,3,1,2,19,8,11,5,4,1
C5120ST,12,245,District-Tawang,Rural,20-29,86,44,42,15,8,7,16,10,6,5,3,2,21,8,13,0,0,0,2,1,1,20,10,10,7,4,3
C5120ST,12,245,District-Tawang,Rural,30-39,77,36,41,17,9,8,24,9,15,5,3,2,16,8,8,3,1,2,1,1,0,7,4,3,4,1,3
C5120ST,12,245,District-Tawang,Rural,40-49,78,36,42,17,9,8,17,12,5,8,4,4,21,7,14,1,1,0,1,0,1,7,2,5,6,1,5
C5120ST,12,245,District-Tawang,Rural,50-59,123,65,58,21,7,14,35,16,19,18,13,5,22,14,8,2,2,0,4,2,2,7,3,4,14,8,6
C5120ST,12,245,District-Tawang,Rural,60-69,170,67,103,56,22,34,50,16,34,7,2,5,19,12,7,2,0,2,2,0,2,8,4,4,26,11,15
C5120ST,12,245,District-Tawang,Rural,70-79,134,50,84,48,16,32,40,14,26,0,0,0,28,14,14,0,0,0,0,0,0,3,1,2,15,5,10
C5120ST,12,245,District-Tawang,Rural,80-89,82,27,55,33,9,24,17,6,11,3,1,2,16,7,9,0,0,0,0,0,0,2,0,2,11,4,7
C5120ST,12,245,District-Tawang,Rural,90+,15,5,10,7,3,4,1,1,0,0,0,0,5,1,4,0,0,0,0,0,0,0,0,0,2,0,2
C5120ST,12,245,District-Tawang,Rural,Age Not Stated,0,0,0,0,0,0,0,0,0,0,0,0,0,0,0,0,0,0,0,0,0,0,0,0,0,0,0
C5120ST,12,245,District-Tawang,Urban,Total,45,24,21,14,6,8,11,5,6,5,4,1,6,3,3,1,1,0,0,0,0,2,2,0,6,3,3
C5120ST,12,245,District-Tawang,Urban,0-4,0,0,0,0,0,0,0,0,0,0,0,0,0,0,0,0,0,0,0,0,0,0,0,0,0,0,0
C5120ST,12,245,District-Tawang,Urban,5-9,0,0,0,0,0,0,0,0,0,0,0,0,0,0,0,0,0,0,0,0,0,0,0,0,0,0,0
C5120ST,12,245,District-Tawang,Urban,10-19,8,4,4,3,1,2,3,2,1,0,0,0,1,0,1,1,1,0,0,0,0,0,0,0,0,0,0
C5120ST,12,245,District-Tawang,Urban,20-29,6,5,1,0,0,0,1,1,0,1,1,0,3,2,1,0,0,0,0,0,0,1,1,0,0,0,0
C5120ST,12,245,District-Tawang,Urban,30-39,5,4,1,3,3,0,0,0,0,1,0,1,1,1,0,0,0,0,0,0,0,0,0,0,0,0,0
C5120ST,12,245,District-Tawang,Urban,40-49,7,4,3,1,0,1,3,1,2,2,2,0,0,0,0,0,0,0,0,0,0,0,0,0,1,1,0
C5120ST,12,245,District-Tawang,Urban,50-59,3,1,2,0,0,0,2,1,1,0,0,0,0,0,0,0,0,0,0,0,0,0,0,0,1,0,1
C5120ST,12,245,District-Tawang,Urban,60-69,8,6,2,4,2,2,0,0,0,1,1,0,0,0,0,0,0,0,0,0,0,1,1,0,2,2,0
C5120ST,12,245,District-Tawang,Urban,70-79,5,0,5,1,0,1,2,0,2,0,0,0,0,0,0,0,0,0,0,0,0,0,0,0,2,0,2
C5120ST,12,245,District-Tawang,Urban,80-89,3,0,3,2,0,2,0,0,0,0,0,0,1,0,1,0,0,0,0,0,0,0,0,0,0,0,0
C5120ST,12,245,District-Tawang,Urban,90+,0,0,0,0,0,0,0,0,0,0,0,0,0,0,0,0,0,0,0,0,0,0,0,0,0,0,0
C5120ST,12,245,District-Tawang,Urban,Age Not Stated,0,0,0,0,0,0,0,0,0,0,0,0,0,0,0,0,0,0,0,0,0,0,0,0,0,0,0
C5120ST,12,246,District-West Kameng,Total,Total,1522,789,733,420,193,227,380,209,171,78,46,32,213,121,92,26,13,13,16,12,4,192,100,92,197,95,102
C5120ST,12,246,District-West Kameng,Total,0-4,57,26,31,9,1,8,13,7,6,2,1,1,11,6,5,3,1,2,0,0,0,13,7,6,6,3,3
C5120ST,12,246,District-West Kameng,Total,5-9,104,59,45,24,11,13,29,16,13,5,2,3,14,10,4,1,1,0,1,0,1,19,14,5,11,5,6
C5120ST,12,246,District-West Kameng,Total,10-19,236,104,132,83,29,54,47,23,24,11,8,3,23,10,13,10,5,5,2,2,0,37,17,20,23,10,13
C5120ST,12,246,District-West Kameng,Total,20-29,179,91,88,55,25,30,34,16,18,14,8,6,35,24,11,4,1,3,2,1,1,21,10,11,14,6,8
C5120ST,12,246,District-West Kameng,Total,30-39,156,83,73,53,28,25,40,20,20,10,5,5,20,9,11,3,2,1,4,3,1,14,9,5,12,7,5
C5120ST,12,246,District-West Kameng,Total,40-49,189,103,86,40,21,19,53,28,25,12,5,7,29,20,9,3,2,1,4,3,1,25,12,13,23,12,11
C5120ST,12,246,District-West Kameng,Total,50-59,210,108,102,43,21,22,57,31,26,14,10,4,31,17,14,1,0,1,1,1,0,25,10,15,38,18,20
C5120ST,12,246,District-West Kameng,Total,60-69,204,111,93,57,29,28,63,40,23,7,4,3,33,16,17,1,1,0,1,1,0,14,5,9,28,15,13
C5120ST,12,246,District-West Kameng,Total,70-79,124,66,58,35,16,19,30,20,10,1,1,0,16,8,8,0,0,0,0,0,0,18,11,7,24,10,14
C5120ST,12,246,District-West Kameng,Total,80-89,51,36,15,16,11,5,12,7,5,2,2,0,1,1,0,0,0,0,1,1,0,6,5,1,13,9,4
C5120ST,12,246,District-West Kameng,Total,90+,12,2,10,5,1,4,2,1,1,0,0,0,0,0,0,0,0,0,0,0,0,0,0,0,5,0,5
C5120ST,12,246,District-West Kameng,Total,Age Not Stated,0,0,0,0,0,0,0,0,0,0,0,0,0,0,0,0,0,0,0,0,0,0,0,0,0,0,0
C5120ST,12,246,District-West Kameng,Rural,Total,1419,733,686,394,178,216,351,193,158,69,40,29,201,116,85,23,13,10,14,10,4,179,93,86,188,90,98
C5120ST,12,246,District-West Kameng,Rural,0-4,53,24,29,8,1,7,11,5,6,2,1,1,11,6,5,3,1,2,0,0,0,12,7,5,6,3,3
C5120ST,12,246,District-West Kameng,Rural,5-9,93,53,40,22,10,12,27,15,12,4,2,2,11,8,3,1,1,0,1,0,1,17,13,4,10,4,6
C5120ST,12,246,District-West Kameng,Rural,10-19,213,92,121,76,25,51,42,20,22,8,5,3,22,10,12,9,5,4,1,1,0,33,16,17,22,10,12
C5120ST,12,246,District-West Kameng,Rural,20-29,162,83,79,50,22,28,32,15,17,13,8,5,31,22,9,2,1,1,2,1,1,19,9,10,13,5,8
C5120ST,12,246,District-West Kameng,Rural,30-39,143,75,68,50,26,24,36,18,18,9,4,5,18,9,9,3,2,1,3,2,1,12,7,5,12,7,5
C5120ST,12,246,District-West Kameng,Rural,40-49,181,99,82,38,20,18,50,26,24,11,5,6,29,20,9,3,2,1,4,3,1,24,11,13,22,12,10
C5120ST,12,246,District-West Kameng,Rural,50-59,199,100,99,40,18,22,53,29,24,12,8,4,29,16,13,1,0,1,1,1,0,25,10,15,38,18,20
C5120ST,12,246,District-West Kameng,Rural,60-69,200,109,91,55,28,27,62,40,22,7,4,3,33,16,17,1,1,0,1,1,0,14,5,9,27,14,13
C5120ST,12,246,District-West Kameng,Rural,70-79,118,63,55,35,16,19,29,20,9,1,1,0,16,8,8,0,0,0,0,0,0,17,10,7,20,8,12
C5120ST,12,246,District-West Kameng,Rural,80-89,45,33,12,15,11,4,7,4,3,2,2,0,1,1,0,0,0,0,1,1,0,6,5,1,13,9,4
C5120ST,12,246,District-West Kameng,Rural,90+,12,2,10,5,1,4,2,1,1,0,0,0,0,0,0,0,0,0,0,0,0,0,0,0,5,0,5
C5120ST,12,246,District-West Kameng,Rural,Age Not Stated,0,0,0,0,0,0,0,0,0,0,0,0,0,0,0,0,0,0,0,0,0,0,0,0,0,0,0
C5120ST,12,246,District-West Kameng,Urban,Total,103,56,47,26,15,11,29,16,13,9,6,3,12,5,7,3,0,3,2,2,0,13,7,6,9,5,4
C5120ST,12,246,District-West Kameng,Urban,0-4,4,2,2,1,0,1,2,2,0,0,0,0,0,0,0,0,0,0,0,0,0,1,0,1,0,0,0
C5120ST,12,246,District-West Kameng,Urban,5-9,11,6,5,2,1,1,2,1,1,1,0,1,3,2,1,0,0,0,0,0,0,2,1,1,1,1,0
C5120ST,12,246,District-West Kameng,Urban,10-19,23,12,11,7,4,3,5,3,2,3,3,0,1,0,1,1,0,1,1,1,0,4,1,3,1,0,1
C5120ST,12,246,District-West Kameng,Urban,20-29,17,8,9,5,3,2,2,1,1,1,0,1,4,2,2,2,0,2,0,0,0,2,1,1,1,1,0
C5120ST,12,246,District-West Kameng,Urban,30-39,13,8,5,3,2,1,4,2,2,1,1,0,2,0,2,0,0,0,1,1,0,2,2,0,0,0,0
C5120ST,12,246,District-West Kameng,Urban,40-49,8,4,4,2,1,1,3,2,1,1,0,1,0,0,0,0,0,0,0,0,0,1,1,0,1,0,1
C5120ST,12,246,District-West Kameng,Urban,50-59,11,8,3,3,3,0,4,2,2,2,2,0,2,1,1,0,0,0,0,0,0,0,0,0,0,0,0
C5120ST,12,246,District-West Kameng,Urban,60-69,4,2,2,2,1,1,1,0,1,0,0,0,0,0,0,0,0,0,0,0,0,0,0,0,1,1,0
C5120ST,12,246,District-West Kameng,Urban,70-79,6,3,3,0,0,0,1,0,1,0,0,0,0,0,0,0,0,0,0,0,0,1,1,0,4,2,2
C5120ST,12,246,District-West Kameng,Urban,80-89,6,3,3,1,0,1,5,3,2,0,0,0,0,0,0,0,0,0,0,0,0,0,0,0,0,0,0
C5120ST,12,246,District-West Kameng,Urban,90+,0,0,0,0,0,0,0,0,0,0,0,0,0,0,0,0,0,0,0,0,0,0,0,0,0,0,0
C5120ST,12,246,District-West Kameng,Urban,Age Not Stated,0,0,0,0,0,0,0,0,0,0,0,0,0,0,0,0,0,0,0,0,0,0,0,0,0,0,0
C5120ST,12,247,District-East Kameng,Total,Total,1572,799,773,341,177,164,511,232,279,73,44,29,191,101,90,86,38,48,31,15,16,233,137,96,106,55,51
C5120ST,12,247,District-East Kameng,Total,0-4,108,50,58,32,14,18,32,12,20,1,0,1,7,3,4,6,4,2,1,0,1,24,13,11,5,4,1
C5120ST,12,247,District-East Kameng,Total,5-9,178,87,91,39,27,12,70,28,42,10,4,6,12,6,6,9,2,7,3,2,1,26,17,9,9,1,8
C5120ST,12,247,District-East Kameng,Total,10-19,359,198,161,72,37,35,125,64,61,19,13,6,44,22,22,19,12,7,5,3,2,55,36,19,20,11,9
C5120ST,12,247,District-East Kameng,Total,20-29,207,104,103,43,20,23,56,28,28,13,7,6,32,18,14,14,6,8,5,3,2,33,18,15,11,4,7
C5120ST,12,247,District-East Kameng,Total,30-39,215,100,115,42,24,18,70,26,44,10,6,4,26,15,11,17,5,12,8,4,4,24,12,12,18,8,10
C5120ST,12,247,District-East Kameng,Total,40-49,170,88,82,32,13,19,46,21,25,15,11,4,24,14,10,5,3,2,4,1,3,38,22,16,6,3,3
C5120ST,12,247,District-East Kameng,Total,50-59,155,78,77,34,15,19,51,20,31,4,3,1,19,11,8,10,6,4,1,0,1,19,10,9,17,13,4
C5120ST,12,247,District-East Kameng,Total,60-69,102,45,57,22,9,13,35,15,20,1,0,1,15,5,10,3,0,3,4,2,2,12,9,3,10,5,5
C5120ST,12,247,District-East Kameng,Total,70-79,53,34,19,18,13,5,16,10,6,0,0,0,10,6,4,2,0,2,0,0,0,2,0,2,5,5,0
C5120ST,12,247,District-East Kameng,Total,80-89,16,9,7,6,5,1,6,4,2,0,0,0,1,0,1,0,0,0,0,0,0,0,0,0,3,0,3
C5120ST,12,247,District-East Kameng,Total,90+,7,4,3,1,0,1,2,2,0,0,0,0,1,1,0,1,0,1,0,0,0,0,0,0,2,1,1
C5120ST,12,247,District-East Kameng,Total,Age Not Stated,2,2,0,0,0,0,2,2,0,0,0,0,0,0,0,0,0,0,0,0,0,0,0,0,0,0,0
C5120ST,12,247,District-East Kameng,Rural,Total,1343,675,668,285,144,141,470,207,263,61,37,24,147,82,65,75,34,41,22,9,13,190,116,74,93,46,47
C5120ST,12,247,District-East Kameng,Rural,0-4,93,40,53,27,10,17,31,12,19,1,0,1,6,2,4,5,4,1,1,0,1,17,8,9,5,4,1
C5120ST,12,247,District-East Kameng,Rural,5-9,150,72,78,32,23,9,67,27,40,6,3,3,10,5,5,8,1,7,0,0,0,19,13,6,8,0,8
C5120ST,12,247,District-East Kameng,Rural,10-19,298,163,135,61,30,31,110,53,57,18,12,6,32,17,15,16,12,4,3,2,1,42,30,12,16,7,9
C5120ST,12,247,District-East Kameng,Rural,20-29,158,82,76,34,18,16,45,20,25,8,4,4,24,15,9,10,5,5,3,1,2,27,16,11,7,3,4
C5120ST,12,247,District-East Kameng,Rural,30-39,185,83,102,30,15,15,66,25,41,9,5,4,19,11,8,16,4,12,8,4,4,20,11,9,17,8,9
C5120ST,12,247,District-East Kameng,Rural,40-49,154,78,76,29,11,18,43,19,24,15,11,4,19,11,8,5,3,2,2,0,2,35,20,15,6,3,3
C5120ST,12,247,District-East Kameng,Rural,50-59,134,68,66,27,11,16,48,19,29,3,2,1,14,10,4,9,5,4,1,0,1,17,10,7,15,11,4
C5120ST,12,247,District-East Kameng,Rural,60-69,96,42,54,20,8,12,35,15,20,1,0,1,13,5,8,3,0,3,4,2,2,11,8,3,9,4,5
C5120ST,12,247,District-East Kameng,Rural,70-79,51,33,18,18,13,5,16,10,6,0,0,0,8,5,3,2,0,2,0,0,0,2,0,2,5,5,0
C5120ST,12,247,District-East Kameng,Rural,80-89,15,8,7,6,5,1,5,3,2,0,0,0,1,0,1,0,0,0,0,0,0,0,0,0,3,0,3
C5120ST,12,247,District-East Kameng,Rural,90+,7,4,3,1,0,1,2,2,0,0,0,0,1,1,0,1,0,1,0,0,0,0,0,0,2,1,1
C5120ST,12,247,District-East Kameng,Rural,Age Not Stated,2,2,0,0,0,0,2,2,0,0,0,0,0,0,0,0,0,0,0,0,0,0,0,0,0,0,0
C5120ST,12,247,District-East Kameng,Urban,Total,229,124,105,56,33,23,41,25,16,12,7,5,44,19,25,11,4,7,9,6,3,43,21,22,13,9,4
C5120ST,12,247,District-East Kameng,Urban,0-4,15,10,5,5,4,1,1,0,1,0,0,0,1,1,0,1,0,1,0,0,0,7,5,2,0,0,0
C5120ST,12,247,District-East Kameng,Urban,5-9,28,15,13,7,4,3,3,1,2,4,1,3,2,1,1,1,1,0,3,2,1,7,4,3,1,1,0
C5120ST,12,247,District-East Kameng,Urban,10-19,61,35,26,11,7,4,15,11,4,1,1,0,12,5,7,3,0,3,2,1,1,13,6,7,4,4,0
C5120ST,12,247,District-East Kameng,Urban,20-29,49,22,27,9,2,7,11,8,3,5,3,2,8,3,5,4,1,3,2,2,0,6,2,4,4,1,3
C5120ST,12,247,District-East Kameng,Urban,30-39,30,17,13,12,9,3,4,1,3,1,1,0,7,4,3,1,1,0,0,0,0,4,1,3,1,0,1
C5120ST,12,247,District-East Kameng,Urban,40-49,16,10,6,3,2,1,3,2,1,0,0,0,5,3,2,0,0,0,2,1,1,3,2,1,0,0,0
C5120ST,12,247,District-East Kameng,Urban,50-59,21,10,11,7,4,3,3,1,2,1,1,0,5,1,4,1,1,0,0,0,0,2,0,2,2,2,0
C5120ST,12,247,District-East Kameng,Urban,60-69,6,3,3,2,1,1,0,0,0,0,0,0,2,0,2,0,0,0,0,0,0,1,1,0,1,1,0
C5120ST,12,247,District-East Kameng,Urban,70-79,2,1,1,0,0,0,0,0,0,0,0,0,2,1,1,0,0,0,0,0,0,0,0,0,0,0,0
C5120ST,12,247,District-East Kameng,Urban,80-89,1,1,0,0,0,0,1,1,0,0,0,0,0,0,0,0,0,0,0,0,0,0,0,0,0,0,0
C5120ST,12,247,District-East Kameng,Urban,90+,0,0,0,0,0,0,0,0,0,0,0,0,0,0,0,0,0,0,0,0,0,0,0,0,0,0,0
C5120ST,12,247,District-East Kameng,Urban,Age Not Stated,0,0,0,0,0,0,0,0,0,0,0,0,0,0,0,0,0,0,0,0,0,0,0,0,0,0,0
C5120ST,12,248,District-Papum Pare,Total,Total,1939,993,946,375,186,189,625,296,329,76,49,27,189,108,81,106,52,54,31,16,15,376,199,177,161,87,74
C5120ST,12,248,District-Papum Pare,Total,0-4,111,59,52,24,13,11,32,13,19,0,0,0,13,8,5,9,4,5,2,2,0,25,17,8,6,2,4
C5120ST,12,248,District-Papum Pare,Total,5-9,212,110,102,45,21,24,76,43,33,15,11,4,13,8,5,15,4,11,1,0,1,32,17,15,15,6,9
C5120ST,12,248,District-Papum Pare,Total,10-19,497,255,242,84,42,42,191,90,101,19,14,5,35,19,16,26,14,12,7,5,2,97,49,48,38,22,16
C5120ST,12,248,District-Papum Pare,Total,20-29,371,187,184,71,32,39,117,56,61,11,6,5,25,16,9,29,18,11,7,5,2,84,38,46,27,16,11
C5120ST,12,248,District-Papum Pare,Total,30-39,260,122,138,48,20,28,71,27,44,13,8,5,26,11,15,14,5,9,6,3,3,61,35,26,21,13,8
C5120ST,12,248,District-Papum Pare,Total,40-49,189,109,80,34,17,17,52,27,25,6,5,1,33,23,10,7,5,2,6,1,5,38,24,14,13,7,6
C5120ST,12,248,District-Papum Pare,Total,50-59,143,81,62,26,20,6,47,21,26,7,4,3,20,10,10,4,2,2,0,0,0,23,13,10,16,11,5
C5120ST,12,248,District-Papum Pare,Total,60-69,83,34,49,25,15,10,22,9,13,5,1,4,14,4,10,1,0,1,2,0,2,8,2,6,6,3,3
C5120ST,12,248,District-Papum Pare,Total,70-79,41,23,18,12,5,7,13,7,6,0,0,0,9,9,0,0,0,0,0,0,0,3,2,1,4,0,4
C5120ST,12,248,District-Papum Pare,Total,80-89,21,7,14,6,1,5,1,0,1,0,0,0,0,0,0,0,0,0,0,0,0,3,1,2,11,5,6
C5120ST,12,248,District-Papum Pare,Total,90+,5,2,3,0,0,0,2,2,0,0,0,0,1,0,1,0,0,0,0,0,0,0,0,0,2,0,2
C5120ST,12,248,District-Papum Pare,Total,Age Not Stated,6,4,2,0,0,0,1,1,0,0,0,0,0,0,0,1,0,1,0,0,0,2,1,1,2,2,0
C5120ST,12,248,District-Papum Pare,Rural,Total,1062,540,522,187,94,93,311,141,170,41,25,16,120,73,47,66,31,35,21,9,12,214,114,100,102,53,49
C5120ST,12,248,District-Papum Pare,Rural,0-4,54,28,26,10,6,4,16,5,11,0,0,0,11,7,4,7,3,4,0,0,0,10,7,3,0,0,0
C5120ST,12,248,District-Papum Pare,Rural,5-9,102,45,57,24,9,15,27,15,12,3,1,2,9,5,4,11,2,9,1,0,1,17,10,7,10,3,7
C5120ST,12,248,District-Papum Pare,Rural,10-19,247,127,120,32,17,15,80,31,49,13,9,4,23,14,9,15,9,6,4,3,1,54,29,25,26,15,11
C5120ST,12,248,District-Papum Pare,Rural,20-29,189,96,93,33,15,18,56,27,29,9,4,5,12,8,4,15,10,5,5,4,1,43,18,25,16,10,6
C5120ST,12,248,District-Papum Pare,Rural,30-39,143,67,76,20,8,12,43,17,26,7,4,3,10,4,6,12,5,7,5,2,3,33,19,14,13,8,5
C5120ST,12,248,District-Papum Pare,Rural,40-49,107,62,45,14,6,8,29,16,13,3,3,0,21,16,5,2,1,1,5,0,5,28,17,11,5,3,2
C5120ST,12,248,District-Papum Pare,Rural,50-59,91,55,36,19,15,4,28,14,14,3,3,0,13,7,6,2,1,1,0,0,0,17,9,8,9,6,3
C5120ST,12,248,District-Papum Pare,Rural,60-69,69,28,41,21,12,9,18,7,11,3,1,2,13,4,9,1,0,1,1,0,1,6,1,5,6,3,3
C5120ST,12,248,District-Papum Pare,Rural,70-79,36,22,14,10,5,5,11,7,4,0,0,0,8,8,0,0,0,0,0,0,0,3,2,1,4,0,4
C5120ST,12,248,District-Papum Pare,Rural,80-89,15,5,10,4,1,3,1,0,1,0,0,0,0,0,0,0,0,0,0,0,0,1,1,0,9,3,6
C5120ST,12,248,District-Papum Pare,Rural,90+,4,2,2,0,0,0,2,2,0,0,0,0,0,0,0,0,0,0,0,0,0,0,0,0,2,0,2
C5120ST,12,248,District-Papum Pare,Rural,Age Not Stated,5,3,2,0,0,0,0,0,0,0,0,0,0,0,0,1,0,1,0,0,0,2,1,1,2,2,0
C5120ST,12,248,District-Papum Pare,Urban,Total,877,453,424,188,92,96,314,155,159,35,24,11,69,35,34,40,21,19,10,7,3,162,85,77,59,34,25
C5120ST,12,248,District-Papum Pare,Urban,0-4,57,31,26,14,7,7,16,8,8,0,0,0,2,1,1,2,1,1,2,2,0,15,10,5,6,2,4
C5120ST,12,248,District-Papum Pare,Urban,5-9,110,65,45,21,12,9,49,28,21,12,10,2,4,3,1,4,2,2,0,0,0,15,7,8,5,3,2
C5120ST,12,248,District-Papum Pare,Urban,10-19,250,128,122,52,25,27,111,59,52,6,5,1,12,5,7,11,5,6,3,2,1,43,20,23,12,7,5
C5120ST,12,248,District-Papum Pare,Urban,20-29,182,91,91,38,17,21,61,29,32,2,2,0,13,8,5,14,8,6,2,1,1,41,20,21,11,6,5
C5120ST,12,248,District-Papum Pare,Urban,30-39,117,55,62,28,12,16,28,10,18,6,4,2,16,7,9,2,0,2,1,1,0,28,16,12,8,5,3
C5120ST,12,248,District-Papum Pare,Urban,40-49,82,47,35,20,11,9,23,11,12,3,2,1,12,7,5,5,4,1,1,1,0,10,7,3,8,4,4
C5120ST,12,248,District-Papum Pare,Urban,50-59,52,26,26,7,5,2,19,7,12,4,1,3,7,3,4,2,1,1,0,0,0,6,4,2,7,5,2
C5120ST,12,248,District-Papum Pare,Urban,60-69,14,6,8,4,3,1,4,2,2,2,0,2,1,0,1,0,0,0,1,0,1,2,1,1,0,0,0
C5120ST,12,248,District-Papum Pare,Urban,70-79,5,1,4,2,0,2,2,0,2,0,0,0,1,1,0,0,0,0,0,0,0,0,0,0,0,0,0
C5120ST,12,248,District-Papum Pare,Urban,80-89,6,2,4,2,0,2,0,0,0,0,0,0,0,0,0,0,0,0,0,0,0,2,0,2,2,2,0
C5120ST,12,248,District-Papum Pare,Urban,90+,1,0,1,0,0,0,0,0,0,0,0,0,1,0,1,0,0,0,0,0,0,0,0,0,0,0,0
C5120ST,12,248,District-Papum Pare,Urban,Age Not Stated,1,1,0,0,0,0,1,1,0,0,0,0,0,0,0,0,0,0,0,0,0,0,0,0,0,0,0
C5120ST,12,249,District-Upper Subansiri,Total,Total,1751,897,854,344,170,174,712,332,380,54,34,20,158,98,60,90,50,40,26,15,11,228,119,109,139,79,60
C5120ST,12,249,District-Upper Subansiri,Total,0-4,102,42,60,18,7,11,57,24,33,1,0,1,5,5,0,8,4,4,1,0,1,10,2,8,2,0,2
C5120ST,12,249,District-Upper Subansiri,Total,5-9,163,87,76,28,18,10,70,33,37,3,3,0,9,4,5,11,8,3,0,0,0,29,13,16,13,8,5
C5120ST,12,249,District-Upper Subansiri,Total,10-19,380,201,179,70,42,28,154,78,76,13,10,3,34,17,17,22,11,11,5,3,2,52,23,29,30,17,13
C5120ST,12,249,District-Upper Subansiri,Total,20-29,324,171,153,50,25,25,131,60,71,14,7,7,29,19,10,17,11,6,7,4,3,52,30,22,24,15,9
C5120ST,12,249,District-Upper Subansiri,Total,30-39,210,118,92,40,22,18,84,41,43,6,5,1,20,11,9,10,6,4,6,4,2,33,23,10,11,6,5
C5120ST,12,249,District-Upper Subansiri,Total,40-49,205,93,112,43,18,25,83,33,50,8,4,4,19,14,5,13,4,9,4,1,3,22,11,11,13,8,5
C5120ST,12,249,District-Upper Subansiri,Total,50-59,196,109,87,43,19,24,75,40,35,6,3,3,22,14,8,7,6,1,3,3,0,18,12,6,22,12,10
C5120ST,12,249,District-Upper Subansiri,Total,60-69,112,41,71,36,8,28,38,16,22,2,1,1,9,6,3,2,0,2,0,0,0,9,3,6,16,7,9
C5120ST,12,249,District-Upper Subansiri,Total,70-79,34,20,14,8,6,2,14,5,9,1,1,0,7,5,2,0,0,0,0,0,0,3,2,1,1,1,0
C5120ST,12,249,District-Upper Subansiri,Total,80-89,13,10,3,4,3,1,3,2,1,0,0,0,2,2,0,0,0,0,0,0,0,0,0,0,4,3,1
C5120ST,12,249,District-Upper Subansiri,Total,90+,8,5,3,3,2,1,0,0,0,0,0,0,2,1,1,0,0,0,0,0,0,0,0,0,3,2,1
C5120ST,12,249,District-Upper Subansiri,Total,Age Not Stated,4,0,4,1,0,1,3,0,3,0,0,0,0,0,0,0,0,0,0,0,0,0,0,0,0,0,0
C5120ST,12,249,District-Upper Subansiri,Rural,Total,1580,804,776,292,146,146,680,317,363,51,31,20,139,83,56,73,43,30,22,13,9,197,98,99,126,73,53
C5120ST,12,249,District-Upper Subansiri,Rural,0-4,94,38,56,18,7,11,54,23,31,1,0,1,4,4,0,6,3,3,1,0,1,8,1,7,2,0,2
C5120ST,12,249,District-Upper Subansiri,Rural,5-9,149,81,68,23,17,6,67,31,36,3,3,0,9,4,5,9,6,3,0,0,0,26,12,14,12,8,4
C5120ST,12,249,District-Upper Subansiri,Rural,10-19,334,177,157,60,35,25,145,74,71,11,8,3,29,13,16,15,10,5,4,3,1,44,19,25,26,15,11
C5120ST,12,249,District-Upper Subansiri,Rural,20-29,289,153,136,40,21,19,125,58,67,14,7,7,25,16,9,16,11,5,5,3,2,44,24,20,20,13,7
C5120ST,12,249,District-Upper Subansiri,Rural,30-39,192,105,87,34,19,15,82,41,41,6,5,1,17,8,9,9,5,4,6,4,2,28,18,10,10,5,5
C5120ST,12,249,District-Upper Subansiri,Rural,40-49,185,82,103,34,13,21,82,32,50,7,3,4,14,10,4,11,4,7,4,1,3,21,11,10,12,8,4
C5120ST,12,249,District-Upper Subansiri,Rural,50-59,176,96,80,38,17,21,70,37,33,6,3,3,21,14,7,5,4,1,2,2,0,14,8,6,20,11,9
C5120ST,12,249,District-Upper Subansiri,Rural,60-69,104,39,65,31,8,23,35,14,21,2,1,1,9,6,3,2,0,2,0,0,0,9,3,6,16,7,9
C5120ST,12,249,District-Upper Subansiri,Rural,70-79,33,19,14,7,5,2,14,5,9,1,1,0,7,5,2,0,0,0,0,0,0,3,2,1,1,1,0
C5120ST,12,249,District-Upper Subansiri,Rural,80-89,12,9,3,3,2,1,3,2,1,0,0,0,2,2,0,0,0,0,0,0,0,0,0,0,4,3,1
C5120ST,12,249,District-Upper Subansiri,Rural,90+,8,5,3,3,2,1,0,0,0,0,0,0,2,1,1,0,0,0,0,0,0,0,0,0,3,2,1
C5120ST,12,249,District-Upper Subansiri,Rural,Age Not Stated,4,0,4,1,0,1,3,0,3,0,0,0,0,0,0,0,0,0,0,0,0,0,0,0,0,0,0
C5120ST,12,249,District-Upper Subansiri,Urban,Total,171,93,78,52,24,28,32,15,17,3,3,0,19,15,4,17,7,10,4,2,2,31,21,10,13,6,7
C5120ST,12,249,District-Upper Subansiri,Urban,0-4,8,4,4,0,0,0,3,1,2,0,0,0,1,1,0,2,1,1,0,0,0,2,1,1,0,0,0
C5120ST,12,249,District-Upper Subansiri,Urban,5-9,14,6,8,5,1,4,3,2,1,0,0,0,0,0,0,2,2,0,0,0,0,3,1,2,1,0,1
C5120ST,12,249,District-Upper Subansiri,Urban,10-19,46,24,22,10,7,3,9,4,5,2,2,0,5,4,1,7,1,6,1,0,1,8,4,4,4,2,2
C5120ST,12,249,District-Upper Subansiri,Urban,20-29,35,18,17,10,4,6,6,2,4,0,0,0,4,3,1,1,0,1,2,1,1,8,6,2,4,2,2
C5120ST,12,249,District-Upper Subansiri,Urban,30-39,18,13,5,6,3,3,2,0,2,0,0,0,3,3,0,1,1,0,0,0,0,5,5,0,1,1,0
C5120ST,12,249,District-Upper Subansiri,Urban,40-49,20,11,9,9,5,4,1,1,0,1,1,0,5,4,1,2,0,2,0,0,0,1,0,1,1,0,1
C5120ST,12,249,District-Upper Subansiri,Urban,50-59,20,13,7,5,2,3,5,3,2,0,0,0,1,0,1,2,2,0,1,1,0,4,4,0,2,1,1
C5120ST,12,249,District-Upper Subansiri,Urban,60-69,8,2,6,5,0,5,3,2,1,0,0,0,0,0,0,0,0,0,0,0,0,0,0,0,0,0,0
C5120ST,12,249,District-Upper Subansiri,Urban,70-79,1,1,0,1,1,0,0,0,0,0,0,0,0,0,0,0,0,0,0,0,0,0,0,0,0,0,0
C5120ST,12,249,District-Upper Subansiri,Urban,80-89,1,1,0,1,1,0,0,0,0,0,0,0,0,0,0,0,0,0,0,0,0,0,0,0,0,0,0
C5120ST,12,249,District-Upper Subansiri,Urban,90+,0,0,0,0,0,0,0,0,0,0,0,0,0,0,0,0,0,0,0,0,0,0,0,0,0,0,0
C5120ST,12,249,District-Upper Subansiri,Urban,Age Not Stated,0,0,0,0,0,0,0,0,0,0,0,0,0,0,0,0,0,0,0,0,0,0,0,0,0,0,0
C5120ST,12,250,District-West Siang,Total,Total,1733,885,848,420,202,218,481,252,229,92,44,48,226,138,88,108,46,62,27,15,12,200,94,106,179,94,85
C5120ST,12,250,District-West Siang,Total,0-4,95,49,46,22,14,8,28,11,17,0,0,0,4,3,1,6,3,3,0,0,0,28,13,15,7,5,2
C5120ST,12,250,District-West Siang,Total,5-9,145,71,74,36,17,19,39,20,19,9,7,2,9,7,2,10,5,5,1,0,1,27,10,17,14,5,9
C5120ST,12,250,District-West Siang,Total,10-19,324,169,155,86,49,37,82,39,43,18,10,8,56,28,28,21,14,7,5,2,3,35,14,21,21,13,8
C5120ST,12,250,District-West Siang,Total,20-29,216,107,109,46,20,26,54,28,26,11,3,8,25,15,10,21,5,16,7,6,1,25,15,10,27,15,12
C5120ST,12,250,District-West Siang,Total,30-39,225,121,104,46,23,23,61,31,30,16,6,10,31,23,8,21,9,12,2,2,0,20,11,9,28,16,12
C5120ST,12,250,District-West Siang,Total,40-49,211,109,102,38,24,14,56,28,28,19,7,12,30,17,13,11,4,7,6,2,4,31,17,14,20,10,10
C5120ST,12,250,District-West Siang,Total,50-59,186,102,84,40,16,24,62,40,22,10,5,5,29,20,9,6,2,4,2,2,0,12,6,6,25,11,14
C5120ST,12,250,District-West Siang,Total,60-69,169,81,88,53,21,32,58,33,25,7,4,3,20,12,8,5,1,4,2,1,1,11,5,6,13,4,9
C5120ST,12,250,District-West Siang,Total,70-79,114,55,59,38,13,25,31,16,15,2,2,0,14,9,5,3,2,1,2,0,2,9,3,6,15,10,5
C5120ST,12,250,District-West Siang,Total,80-89,40,16,24,14,5,9,8,5,3,0,0,0,8,4,4,3,0,3,0,0,0,1,0,1,6,2,4
C5120ST,12,250,District-West Siang,Total,90+,5,3,2,1,0,1,1,0,1,0,0,0,0,0,0,0,0,0,0,0,0,0,0,0,3,3,0
C5120ST,12,250,District-West Siang,Total,Age Not Stated,3,2,1,0,0,0,1,1,0,0,0,0,0,0,0,1,1,0,0,0,0,1,0,1,0,0,0
C5120ST,12,250,District-West Siang,Rural,Total,1459,760,699,331,157,174,395,214,181,84,40,44,209,127,82,82,37,45,25,13,12,164,81,83,169,91,78
C5120ST,12,250,District-West Siang,Rural,0-4,78,39,39,18,11,7,25,9,16,0,0,0,4,3,1,5,3,2,0,0,0,22,10,12,4,3,1
C5120ST,12,250,District-West Siang,Rural,5-9,121,63,58,31,15,16,32,18,14,8,6,2,9,7,2,4,2,2,1,0,1,22,10,12,14,5,9
C5120ST,12,250,District-West Siang,Rural,10-19,244,133,111,52,32,20,58,30,28,18,10,8,53,26,27,14,10,4,5,2,3,25,11,14,19,12,7
C5120ST,12,250,District-West Siang,Rural,20-29,178,94,84,35,15,20,43,24,19,9,3,6,23,15,8,19,4,15,6,5,1,19,13,6,24,15,9
C5120ST,12,250,District-West Siang,Rural,30-39,181,101,80,30,15,15,46,25,21,14,5,9,29,21,8,16,9,7,1,1,0,18,9,9,27,16,11
C5120ST,12,250,District-West Siang,Rural,40-49,166,87,79,25,17,8,38,19,19,17,6,11,27,15,12,8,4,4,6,2,4,25,14,11,20,10,10
C5120ST,12,250,District-West Siang,Rural,50-59,171,92,79,36,14,22,57,36,21,9,4,5,25,17,8,6,2,4,2,2,0,11,6,5,25,11,14
C5120ST,12,250,District-West Siang,Rural,60-69,162,78,84,51,20,31,56,32,24,7,4,3,18,11,7,5,1,4,2,1,1,11,5,6,12,4,8
C5120ST,12,250,District-West Siang,Rural,70-79,113,54,59,38,13,25,31,16,15,2,2,0,14,9,5,2,1,1,2,0,2,9,3,6,15,10,5
C5120ST,12,250,District-West Siang,Rural,80-89,37,14,23,14,5,9,7,4,3,0,0,0,7,3,4,2,0,2,0,0,0,1,0,1,6,2,4
C5120ST,12,250,District-West Siang,Rural,90+,5,3,2,1,0,1,1,0,1,0,0,0,0,0,0,0,0,0,0,0,0,0,0,0,3,3,0
C5120ST,12,250,District-West Siang,Rural,Age Not Stated,3,2,1,0,0,0,1,1,0,0,0,0,0,0,0,1,1,0,0,0,0,1,0,1,0,0,0
C5120ST,12,250,District-West Siang,Urban,Total,274,125,149,89,45,44,86,38,48,8,4,4,17,11,6,26,9,17,2,2,0,36,13,23,10,3,7
C5120ST,12,250,District-West Siang,Urban,0-4,17,10,7,4,3,1,3,2,1,0,0,0,0,0,0,1,0,1,0,0,0,6,3,3,3,2,1
C5120ST,12,250,District-West Siang,Urban,5-9,24,8,16,5,2,3,7,2,5,1,1,0,0,0,0,6,3,3,0,0,0,5,0,5,0,0,0
C5120ST,12,250,District-West Siang,Urban,10-19,80,36,44,34,17,17,24,9,15,0,0,0,3,2,1,7,4,3,0,0,0,10,3,7,2,1,1
C5120ST,12,250,District-West Siang,Urban,20-29,38,13,25,11,5,6,11,4,7,2,0,2,2,0,2,2,1,1,1,1,0,6,2,4,3,0,3
C5120ST,12,250,District-West Siang,Urban,30-39,44,20,24,16,8,8,15,6,9,2,1,1,2,2,0,5,0,5,1,1,0,2,2,0,1,0,1
C5120ST,12,250,District-West Siang,Urban,40-49,45,22,23,13,7,6,18,9,9,2,1,1,3,2,1,3,0,3,0,0,0,6,3,3,0,0,0
C5120ST,12,250,District-West Siang,Urban,50-59,15,10,5,4,2,2,5,4,1,1,1,0,4,3,1,0,0,0,0,0,0,1,0,1,0,0,0
C5120ST,12,250,District-West Siang,Urban,60-69,7,3,4,2,1,1,2,1,1,0,0,0,2,1,1,0,0,0,0,0,0,0,0,0,1,0,1
C5120ST,12,250,District-West Siang,Urban,70-79,1,1,0,0,0,0,0,0,0,0,0,0,0,0,0,1,1,0,0,0,0,0,0,0,0,0,0
C5120ST,12,250,District-West Siang,Urban,80-89,3,2,1,0,0,0,1,1,0,0,0,0,1,1,0,1,0,1,0,0,0,0,0,0,0,0,0
C5120ST,12,250,District-West Siang,Urban,90+,0,0,0,0,0,0,0,0,0,0,0,0,0,0,0,0,0,0,0,0,0,0,0,0,0,0,0
C5120ST,12,250,District-West Siang,Urban,Age Not Stated,0,0,0,0,0,0,0,0,0,0,0,0,0,0,0,0,0,0,0,0,0,0,0,0,0,0,0
C5120ST,12,251,District-East Siang,Total,Total,1569,818,751,307,157,150,500,236,264,97,59,38,225,141,84,68,30,38,44,22,22,166,84,82,162,89,73
C5120ST,12,251,District-East Siang,Total,0-4,37,17,20,7,4,3,10,6,4,1,1,0,5,2,3,1,0,1,1,0,1,11,3,8,1,1,0
C5120ST,12,251,District-East Siang,Total,5-9,59,35,24,11,6,5,17,10,7,4,3,1,3,2,1,7,4,3,0,0,0,8,4,4,9,6,3
C5120ST,12,251,District-East Siang,Total,10-19,253,126,127,43,18,25,62,27,35,28,16,12,28,18,10,18,8,10,6,4,2,47,22,25,21,13,8
C5120ST,12,251,District-East Siang,Total,20-29,185,100,85,36,22,14,62,26,36,17,11,6,19,12,7,12,4,8,11,6,5,14,9,5,14,10,4
C5120ST,12,251,District-East Siang,Total,30-39,187,111,76,21,12,9,57,33,24,19,10,9,26,17,9,14,8,6,8,4,4,28,19,9,14,8,6
C5120ST,12,251,District-East Siang,Total,40-49,176,87,89,30,18,12,62,26,36,8,5,3,32,18,14,5,2,3,10,3,7,10,5,5,19,10,9
C5120ST,12,251,District-East Siang,Total,50-59,158,89,69,28,16,12,57,23,34,8,7,1,30,23,7,4,1,3,1,1,0,19,10,9,11,8,3
C5120ST,12,251,District-East Siang,Total,60-69,253,122,131,65,27,38,100,50,50,6,2,4,37,20,17,2,0,2,4,2,2,20,10,10,19,11,8
C5120ST,12,251,District-East Siang,Total,70-79,168,82,86,36,15,21,56,30,26,6,4,2,32,20,12,3,1,2,3,2,1,6,2,4,26,8,18
C5120ST,12,251,District-East Siang,Total,80-89,65,32,33,21,13,8,13,2,11,0,0,0,8,5,3,2,2,0,0,0,0,2,0,2,19,10,9
C5120ST,12,251,District-East Siang,Total,90+,24,15,9,8,5,3,3,3,0,0,0,0,4,3,1,0,0,0,0,0,0,0,0,0,9,4,5
C5120ST,12,251,District-East Siang,Total,Age Not Stated,4,2,2,1,1,0,1,0,1,0,0,0,1,1,0,0,0,0,0,0,0,1,0,1,0,0,0
C5120ST,12,251,District-East Siang,Rural,Total,1461,761,700,285,144,141,479,226,253,91,55,36,202,126,76,55,26,29,42,21,21,150,79,71,157,84,73
C5120ST,12,251,District-East Siang,Rural,0-4,31,16,15,6,3,3,10,6,4,1,1,0,4,2,2,0,0,0,1,0,1,8,3,5,1,1,0
C5120ST,12,251,District-East Siang,Rural,5-9,56,33,23,10,5,5,17,10,7,4,3,1,3,2,1,6,4,2,0,0,0,7,3,4,9,6,3
C5120ST,12,251,District-East Siang,Rural,10-19,224,114,110,34,13,21,58,25,33,26,15,11,27,18,9,14,6,8,6,4,2,39,21,18,20,12,8
C5120ST,12,251,District-East Siang,Rural,20-29,171,95,76,32,20,12,59,25,34,17,11,6,18,12,6,9,4,5,11,6,5,12,8,4,13,9,4
C5120ST,12,251,District-East Siang,Rural,30-39,171,98,73,20,11,9,54,31,23,17,9,8,22,13,9,11,6,5,7,3,4,27,18,9,13,7,6
C5120ST,12,251,District-East Siang,Rural,40-49,156,77,79,25,15,10,57,25,32,8,5,3,24,13,11,5,2,3,9,3,6,10,5,5,18,9,9
C5120ST,12,251,District-East Siang,Rural,50-59,144,78,66,28,16,12,53,20,33,6,5,1,25,19,6,3,1,2,1,1,0,18,9,9,10,7,3
C5120ST,12,251,District-East Siang,Rural,60-69,248,120,128,64,27,37,98,49,49,6,2,4,35,19,16,2,0,2,4,2,2,20,10,10,19,11,8
C5120ST,12,251,District-East Siang,Rural,70-79,168,82,86,36,15,21,56,30,26,6,4,2,32,20,12,3,1,2,3,2,1,6,2,4,26,8,18
C5120ST,12,251,District-East Siang,Rural,80-89,64,31,33,21,13,8,13,2,11,0,0,0,7,4,3,2,2,0,0,0,0,2,0,2,19,10,9
C5120ST,12,251,District-East Siang,Rural,90+,24,15,9,8,5,3,3,3,0,0,0,0,4,3,1,0,0,0,0,0,0,0,0,0,9,4,5
C5120ST,12,251,District-East Siang,Rural,Age Not Stated,4,2,2,1,1,0,1,0,1,0,0,0,1,1,0,0,0,0,0,0,0,1,0,1,0,0,0
C5120ST,12,251,District-East Siang,Urban,Total,108,57,51,22,13,9,21,10,11,6,4,2,23,15,8,13,4,9,2,1,1,16,5,11,5,5,0
C5120ST,12,251,District-East Siang,Urban,0-4,6,1,5,1,1,0,0,0,0,0,0,0,1,0,1,1,0,1,0,0,0,3,0,3,0,0,0
C5120ST,12,251,District-East Siang,Urban,5-9,3,2,1,1,1,0,0,0,0,0,0,0,0,0,0,1,0,1,0,0,0,1,1,0,0,0,0
C5120ST,12,251,District-East Siang,Urban,10-19,29,12,17,9,5,4,4,2,2,2,1,1,1,0,1,4,2,2,0,0,0,8,1,7,1,1,0
C5120ST,12,251,District-East Siang,Urban,20-29,14,5,9,4,2,2,3,1,2,0,0,0,1,0,1,3,0,3,0,0,0,2,1,1,1,1,0
C5120ST,12,251,District-East Siang,Urban,30-39,16,13,3,1,1,0,3,2,1,2,1,1,4,4,0,3,2,1,1,1,0,1,1,0,1,1,0
C5120ST,12,251,District-East Siang,Urban,40-49,20,10,10,5,3,2,5,1,4,0,0,0,8,5,3,0,0,0,1,0,1,0,0,0,1,1,0
C5120ST,12,251,District-East Siang,Urban,50-59,14,11,3,0,0,0,4,3,1,2,2,0,5,4,1,1,0,1,0,0,0,1,1,0,1,1,0
C5120ST,12,251,District-East Siang,Urban,60-69,5,2,3,1,0,1,2,1,1,0,0,0,2,1,1,0,0,0,0,0,0,0,0,0,0,0,0
C5120ST,12,251,District-East Siang,Urban,70-79,0,0,0,0,0,0,0,0,0,0,0,0,0,0,0,0,0,0,0,0,0,0,0,0,0,0,0
C5120ST,12,251,District-East Siang,Urban,80-89,1,1,0,0,0,0,0,0,0,0,0,0,1,1,0,0,0,0,0,0,0,0,0,0,0,0,0
C5120ST,12,251,District-East Siang,Urban,90+,0,0,0,0,0,0,0,0,0,0,0,0,0,0,0,0,0,0,0,0,0,0,0,0,0,0,0
C5120ST,12,251,District-East Siang,Urban,Age Not Stated,0,0,0,0,0,0,0,0,0,0,0,0,0,0,0,0,0,0,0,0,0,0,0,0,0,0,0
C5120ST,12,252,District-Upper Siang,Total,Total,643,349,294,122,59,63,213,115,98,36,21,15,95,59,36,25,9,16,15,9,6,66,35,31,71,42,29
C5120ST,12,252,District-Upper Siang,Total,0-4,19,11,8,4,2,2,7,3,4,0,0,0,3,2,1,1,1,0,0,0,0,4,3,1,0,0,0
C5120ST,12,252,District-Upper Siang,Total,5-9,38,20,18,7,4,3,10,5,5,5,3,2,8,4,4,1,1,0,1,0,1,2,1,1,4,2,2
C5120ST,12,252,District-Upper Siang,Total,10-19,114,71,43,16,10,6,34,21,13,15,12,3,16,11,5,6,2,4,1,1,0,11,4,7,15,10,5
C5120ST,12,252,District-Upper Siang,Total,20-29,58,31,27,11,8,3,17,8,9,2,0,2,10,6,4,5,2,3,3,2,1,4,2,2,6,3,3
C5120ST,12,252,District-Upper Siang,Total,30-39,58,28,30,13,5,8,17,8,9,3,0,3,7,5,2,3,0,3,1,0,1,10,7,3,4,3,1
C5120ST,12,252,District-Upper Siang,Total,40-49,65,36,29,12,5,7,15,10,5,2,2,0,11,6,5,2,1,1,3,2,1,12,6,6,8,4,4
C5120ST,12,252,District-Upper Siang,Total,50-59,61,35,26,10,8,2,18,8,10,1,0,1,14,10,4,3,1,2,2,1,1,5,3,2,8,4,4
C5120ST,12,252,District-Upper Siang,Total,60-69,107,56,51,22,10,12,45,26,19,5,2,3,12,6,6,3,0,3,2,1,1,8,5,3,10,6,4
C5120ST,12,252,District-Upper Siang,Total,70-79,76,37,39,17,6,11,36,20,16,1,0,1,6,4,2,1,1,0,1,1,0,8,3,5,6,2,4
C5120ST,12,252,District-Upper Siang,Total,80-89,40,20,20,8,1,7,13,6,7,1,1,0,8,5,3,0,0,0,1,1,0,2,1,1,7,5,2
C5120ST,12,252,District-Upper Siang,Total,90+,4,3,1,1,0,1,0,0,0,0,0,0,0,0,0,0,0,0,0,0,0,0,0,0,3,3,0
C5120ST,12,252,District-Upper Siang,Total,Age Not Stated,3,1,2,1,0,1,1,0,1,1,1,0,0,0,0,0,0,0,0,0,0,0,0,0,0,0,0
C5120ST,12,252,District-Upper Siang,Rural,Total,585,320,265,108,49,59,201,110,91,33,20,13,84,53,31,19,7,12,15,9,6,58,32,26,67,40,27
C5120ST,12,252,District-Upper Siang,Rural,0-4,19,11,8,4,2,2,7,3,4,0,0,0,3,2,1,1,1,0,0,0,0,4,3,1,0,0,0
C5120ST,12,252,District-Upper Siang,Rural,5-9,30,17,13,5,2,3,8,5,3,4,3,1,6,3,3,1,1,0,1,0,1,1,1,0,4,2,2
C5120ST,12,252,District-Upper Siang,Rural,10-19,99,62,37,15,9,6,30,18,12,14,11,3,13,9,4,3,0,3,1,1,0,9,4,5,14,10,4
C5120ST,12,252,District-Upper Siang,Rural,20-29,47,27,20,8,6,2,15,7,8,1,0,1,9,6,3,3,2,1,3,2,1,4,2,2,4,2,2
C5120ST,12,252,District-Upper Siang,Rural,30-39,49,24,25,10,3,7,15,8,7,3,0,3,5,4,1,3,0,3,1,0,1,8,6,2,4,3,1
C5120ST,12,252,District-Upper Siang,Rural,40-49,57,31,26,10,3,7,15,10,5,2,2,0,9,5,4,1,1,0,3,2,1,9,4,5,8,4,4
C5120ST,12,252,District-Upper Siang,Rural,50-59,57,32,25,8,7,1,18,8,10,1,0,1,13,9,4,3,1,2,2,1,1,5,3,2,7,3,4
C5120ST,12,252,District-Upper Siang,Rural,60-69,104,55,49,21,10,11,43,25,18,5,2,3,12,6,6,3,0,3,2,1,1,8,5,3,10,6,4
C5120ST,12,252,District-Upper Siang,Rural,70-79,76,37,39,17,6,11,36,20,16,1,0,1,6,4,2,1,1,0,1,1,0,8,3,5,6,2,4
C5120ST,12,252,District-Upper Siang,Rural,80-89,40,20,20,8,1,7,13,6,7,1,1,0,8,5,3,0,0,0,1,1,0,2,1,1,7,5,2
C5120ST,12,252,District-Upper Siang,Rural,90+,4,3,1,1,0,1,0,0,0,0,0,0,0,0,0,0,0,0,0,0,0,0,0,0,3,3,0
C5120ST,12,252,District-Upper Siang,Rural,Age Not Stated,3,1,2,1,0,1,1,0,1,1,1,0,0,0,0,0,0,0,0,0,0,0,0,0,0,0,0
C5120ST,12,252,District-Upper Siang,Urban,Total,58,29,29,14,10,4,12,5,7,3,1,2,11,6,5,6,2,4,0,0,0,8,3,5,4,2,2
C5120ST,12,252,District-Upper Siang,Urban,0-4,0,0,0,0,0,0,0,0,0,0,0,0,0,0,0,0,0,0,0,0,0,0,0,0,0,0,0
C5120ST,12,252,District-Upper Siang,Urban,5-9,8,3,5,2,2,0,2,0,2,1,0,1,2,1,1,0,0,0,0,0,0,1,0,1,0,0,0
C5120ST,12,252,District-Upper Siang,Urban,10-19,15,9,6,1,1,0,4,3,1,1,1,0,3,2,1,3,2,1,0,0,0,2,0,2,1,0,1
C5120ST,12,252,District-Upper Siang,Urban,20-29,11,4,7,3,2,1,2,1,1,1,0,1,1,0,1,2,0,2,0,0,0,0,0,0,2,1,1
C5120ST,12,252,District-Upper Siang,Urban,30-39,9,4,5,3,2,1,2,0,2,0,0,0,2,1,1,0,0,0,0,0,0,2,1,1,0,0,0
C5120ST,12,252,District-Upper Siang,Urban,40-49,8,5,3,2,2,0,0,0,0,0,0,0,2,1,1,1,0,1,0,0,0,3,2,1,0,0,0
C5120ST,12,252,District-Upper Siang,Urban,50-59,4,3,1,2,1,1,0,0,0,0,0,0,1,1,0,0,0,0,0,0,0,0,0,0,1,1,0
C5120ST,12,252,District-Upper Siang,Urban,60-69,3,1,2,1,0,1,2,1,1,0,0,0,0,0,0,0,0,0,0,0,0,0,0,0,0,0,0
C5120ST,12,252,District-Upper Siang,Urban,70-79,0,0,0,0,0,0,0,0,0,0,0,0,0,0,0,0,0,0,0,0,0,0,0,0,0,0,0
C5120ST,12,252,District-Upper Siang,Urban,80-89,0,0,0,0,0,0,0,0,0,0,0,0,0,0,0,0,0,0,0,0,0,0,0,0,0,0,0
C5120ST,12,252,District-Upper Siang,Urban,90+,0,0,0,0,0,0,0,0,0,0,0,0,0,0,0,0,0,0,0,0,0,0,0,0,0,0,0
C5120ST,12,252,District-Upper Siang,Urban,Age Not Stated,0,0,0,0,0,0,0,0,0,0,0,0,0,0,0,0,0,0,0,0,0,0,0,0,0,0,0
C5120ST,12,253,District-Changlang,Total,Total,1265,661,604,234,125,109,396,190,206,87,48,39,140,79,61,39,22,17,55,27,28,144,70,74,170,100,70
C5120ST,12,253,District-Changlang,Total,0-4,44,26,18,9,6,3,13,5,8,1,1,0,6,5,1,2,0,2,0,0,0,10,7,3,3,2,1
C5120ST,12,253,District-Changlang,Total,5-9,59,31,28,12,6,6,16,8,8,6,3,3,6,3,3,1,1,0,3,1,2,10,5,5,5,4,1
C5120ST,12,253,District-Changlang,Total,10-19,166,90,76,33,20,13,45,21,24,13,7,6,17,7,10,12,7,5,5,2,3,24,13,11,17,13,4
C5120ST,12,253,District-Changlang,Total,20-29,164,75,89,20,10,10,57,21,36,15,9,6,10,8,2,6,3,3,10,7,3,28,10,18,18,7,11
C5120ST,12,253,District-Changlang,Total,30-39,177,93,84,30,13,17,44,22,22,18,7,11,20,15,5,9,5,4,16,8,8,21,10,11,19,13,6
C5120ST,12,253,District-Changlang,Total,40-49,178,96,82,21,11,10,54,30,24,20,13,7,19,9,10,5,4,1,10,4,6,21,10,11,28,15,13
C5120ST,12,253,District-Changlang,Total,50-59,148,90,58,26,17,9,50,26,24,9,6,3,21,14,7,4,2,2,5,3,2,10,6,4,23,16,7
C5120ST,12,253,District-Changlang,Total,60-69,132,65,67,30,14,16,53,26,27,2,1,1,16,10,6,0,0,0,4,2,2,7,3,4,20,9,11
C5120ST,12,253,District-Changlang,Total,70-79,122,57,65,32,17,15,39,18,21,2,0,2,15,3,12,0,0,0,1,0,1,10,5,5,23,14,9
C5120ST,12,253,District-Changlang,Total,80-89,59,29,30,17,7,10,20,11,9,1,1,0,9,4,5,0,0,0,1,0,1,2,0,2,9,6,3
C5120ST,12,253,District-Changlang,Total,90+,12,7,5,4,4,0,2,1,1,0,0,0,1,1,0,0,0,0,0,0,0,0,0,0,5,1,4
C5120ST,12,253,District-Changlang,Total,Age Not Stated,4,2,2,0,0,0,3,1,2,0,0,0,0,0,0,0,0,0,0,0,0,1,1,0,0,0,0
C5120ST,12,253,District-Changlang,Rural,Total,1214,631,583,225,121,104,380,181,199,85,46,39,134,74,60,37,21,16,53,26,27,133,64,69,167,98,69
C5120ST,12,253,District-Changlang,Rural,0-4,43,26,17,9,6,3,13,5,8,1,1,0,6,5,1,2,0,2,0,0,0,10,7,3,2,2,0
C5120ST,12,253,District-Changlang,Rural,5-9,52,26,26,10,5,5,16,8,8,5,2,3,6,3,3,1,1,0,1,0,1,9,4,5,4,3,1
C5120ST,12,253,District-Changlang,Rural,10-19,160,86,74,32,19,13,43,20,23,13,7,6,17,7,10,12,7,5,5,2,3,21,11,10,17,13,4
C5120ST,12,253,District-Changlang,Rural,20-29,152,68,84,17,8,9,54,20,34,15,9,6,9,7,2,5,2,3,10,7,3,25,9,16,17,6,11
C5120ST,12,253,District-Changlang,Rural,30-39,164,86,78,28,13,15,41,20,21,17,6,11,17,13,4,9,5,4,16,8,8,17,8,9,19,13,6
C5120ST,12,253,District-Changlang,Rural,40-49,172,93,79,20,11,9,51,28,23,20,13,7,18,8,10,4,4,0,10,4,6,21,10,11,28,15,13
C5120ST,12,253,District-Changlang,Rural,50-59,145,87,58,26,17,9,48,24,24,9,6,3,20,13,7,4,2,2,5,3,2,10,6,4,23,16,7
C5120ST,12,253,District-Changlang,Rural,60-69,132,65,67,30,14,16,53,26,27,2,1,1,16,10,6,0,0,0,4,2,2,7,3,4,20,9,11
C5120ST,12,253,District-Changlang,Rural,70-79,121,57,64,32,17,15,38,18,20,2,0,2,15,3,12,0,0,0,1,0,1,10,5,5,23,14,9
C5120ST,12,253,District-Changlang,Rural,80-89,58,28,30,17,7,10,19,10,9,1,1,0,9,4,5,0,0,0,1,0,1,2,0,2,9,6,3
C5120ST,12,253,District-Changlang,Rural,90+,12,7,5,4,4,0,2,1,1,0,0,0,1,1,0,0,0,0,0,0,0,0,0,0,5,1,4
C5120ST,12,253,District-Changlang,Rural,Age Not Stated,3,2,1,0,0,0,2,1,1,0,0,0,0,0,0,0,0,0,0,0,0,1,1,0,0,0,0
C5120ST,12,253,District-Changlang,Urban,Total,51,30,21,9,4,5,16,9,7,2,2,0,6,5,1,2,1,1,2,1,1,11,6,5,3,2,1
C5120ST,12,253,District-Changlang,Urban,0-4,1,0,1,0,0,0,0,0,0,0,0,0,0,0,0,0,0,0,0,0,0,0,0,0,1,0,1
C5120ST,12,253,District-Changlang,Urban,5-9,7,5,2,2,1,1,0,0,0,1,1,0,0,0,0,0,0,0,2,1,1,1,1,0,1,1,0
C5120ST,12,253,District-Changlang,Urban,10-19,6,4,2,1,1,0,2,1,1,0,0,0,0,0,0,0,0,0,0,0,0,3,2,1,0,0,0
C5120ST,12,253,District-Changlang,Urban,20-29,12,7,5,3,2,1,3,1,2,0,0,0,1,1,0,1,1,0,0,0,0,3,1,2,1,1,0
C5120ST,12,253,District-Changlang,Urban,30-39,13,7,6,2,0,2,3,2,1,1,1,0,3,2,1,0,0,0,0,0,0,4,2,2,0,0,0
C5120ST,12,253,District-Changlang,Urban,40-49,6,3,3,1,0,1,3,2,1,0,0,0,1,1,0,1,0,1,0,0,0,0,0,0,0,0,0
C5120ST,12,253,District-Changlang,Urban,50-59,3,3,0,0,0,0,2,2,0,0,0,0,1,1,0,0,0,0,0,0,0,0,0,0,0,0,0
C5120ST,12,253,District-Changlang,Urban,60-69,0,0,0,0,0,0,0,0,0,0,0,0,0,0,0,0,0,0,0,0,0,0,0,0,0,0,0
C5120ST,12,253,District-Changlang,Urban,70-79,1,0,1,0,0,0,1,0,1,0,0,0,0,0,0,0,0,0,0,0,0,0,0,0,0,0,0
C5120ST,12,253,District-Changlang,Urban,80-89,1,1,0,0,0,0,1,1,0,0,0,0,0,0,0,0,0,0,0,0,0,0,0,0,0,0,0
C5120ST,12,253,District-Changlang,Urban,90+,0,0,0,0,0,0,0,0,0,0,0,0,0,0,0,0,0,0,0,0,0,0,0,0,0,0,0
C5120ST,12,253,District-Changlang,Urban,Age Not Stated,1,0,1,0,0,0,1,0,1,0,0,0,0,0,0,0,0,0,0,0,0,0,0,0,0,0,0
C5120ST,12,254,District-Tirap,Total,Total,1859,988,871,389,195,194,419,226,193,97,61,36,247,151,96,108,53,55,60,39,21,431,207,224,108,56,52
C5120ST,12,254,District-Tirap,Total,0-4,131,64,67,29,17,12,20,7,13,3,2,1,5,2,3,7,4,3,1,1,0,59,29,30,7,2,5
C5120ST,12,254,District-Tirap,Total,5-9,150,74,76,35,12,23,31,16,15,9,6,3,13,10,3,14,10,4,1,1,0,40,16,24,7,3,4
C5120ST,12,254,District-Tirap,Total,10-19,307,161,146,62,40,22,60,29,31,26,20,6,27,13,14,33,10,23,7,5,2,74,36,38,18,8,10
C5120ST,12,254,District-Tirap,Total,20-29,258,140,118,48,22,26,43,28,15,15,9,6,30,20,10,12,8,4,15,11,4,86,34,52,9,8,1
C5120ST,12,254,District-Tirap,Total,30-39,217,119,98,39,20,19,48,26,22,19,7,12,26,16,10,13,7,6,9,5,4,52,33,19,11,5,6
C5120ST,12,254,District-Tirap,Total,40-49,184,95,89,35,19,16,37,23,14,12,7,5,22,13,9,17,4,13,9,6,3,35,13,22,17,10,7
C5120ST,12,254,District-Tirap,Total,50-59,165,99,66,29,12,17,45,27,18,6,5,1,21,15,6,7,7,0,9,6,3,35,20,15,13,7,6
C5120ST,12,254,District-Tirap,Total,60-69,171,87,84,47,20,27,52,23,29,3,3,0,34,21,13,3,2,1,5,2,3,22,12,10,5,4,1
C5120ST,12,254,District-Tirap,Total,70-79,154,78,76,33,17,16,43,22,21,2,0,2,52,28,24,1,0,1,1,0,1,13,6,7,9,5,4
C5120ST,12,254,District-Tirap,Total,80-89,81,48,33,20,12,8,28,16,12,2,2,0,14,11,3,0,0,0,2,1,1,8,5,3,7,1,6
C5120ST,12,254,District-Tirap,Total,90+,39,22,17,12,4,8,12,9,3,0,0,0,3,2,1,1,1,0,1,1,0,5,2,3,5,3,2
C5120ST,12,254,District-Tirap,Total,Age Not Stated,2,1,1,0,0,0,0,0,0,0,0,0,0,0,0,0,0,0,0,0,0,2,1,1,0,0,0
C5120ST,12,254,District-Tirap,Rural,Total,1700,912,788,373,188,185,362,196,166,89,55,34,227,141,86,107,52,55,55,36,19,385,191,194,102,53,49
C5120ST,12,254,District-Tirap,Rural,0-4,120,62,58,29,17,12,13,5,8,3,2,1,4,2,2,7,4,3,1,1,0,56,29,27,7,2,5
C5120ST,12,254,District-Tirap,Rural,5-9,128,60,68,34,12,22,23,10,13,7,4,3,11,9,2,14,10,4,0,0,0,33,13,20,6,2,4
C5120ST,12,254,District-Tirap,Rural,10-19,260,141,119,57,37,20,40,21,19,24,18,6,25,12,13,33,10,23,4,3,1,61,32,29,16,8,8
C5120ST,12,254,District-Tirap,Rural,20-29,232,128,104,46,22,24,37,25,12,13,8,5,26,17,9,11,7,4,14,11,3,76,30,46,9,8,1
C5120ST,12,254,District-Tirap,Rural,30-39,195,109,86,36,18,18,40,22,18,18,7,11,23,16,7,13,7,6,9,5,4,47,30,17,9,4,5
C5120ST,12,254,District-Tirap,Rural,40-49,168,85,83,32,17,15,33,20,13,11,6,5,17,10,7,17,4,13,9,6,3,33,13,20,16,9,7
C5120ST,12,254,District-Tirap,Rural,50-59,160,95,65,29,12,17,43,25,18,6,5,1,19,14,5,7,7,0,9,6,3,34,19,15,13,7,6
C5120ST,12,254,District-Tirap,Rural,60-69,165,85,80,46,20,26,51,22,29,3,3,0,34,21,13,3,2,1,5,2,3,18,11,7,5,4,1
C5120ST,12,254,District-Tirap,Rural,70-79,153,77,76,33,17,16,42,21,21,2,0,2,52,28,24,1,0,1,1,0,1,13,6,7,9,5,4
C5120ST,12,254,District-Tirap,Rural,80-89,80,47,33,20,12,8,28,16,12,2,2,0,13,10,3,0,0,0,2,1,1,8,5,3,7,1,6
C5120ST,12,254,District-Tirap,Rural,90+,37,22,15,11,4,7,12,9,3,0,0,0,3,2,1,1,1,0,1,1,0,4,2,2,5,3,2
C5120ST,12,254,District-Tirap,Rural,Age Not Stated,2,1,1,0,0,0,0,0,0,0,0,0,0,0,0,0,0,0,0,0,0,2,1,1,0,0,0
C5120ST,12,254,District-Tirap,Urban,Total,159,76,83,16,7,9,57,30,27,8,6,2,20,10,10,1,1,0,5,3,2,46,16,30,6,3,3
C5120ST,12,254,District-Tirap,Urban,0-4,11,2,9,0,0,0,7,2,5,0,0,0,1,0,1,0,0,0,0,0,0,3,0,3,0,0,0
C5120ST,12,254,District-Tirap,Urban,5-9,22,14,8,1,0,1,8,6,2,2,2,0,2,1,1,0,0,0,1,1,0,7,3,4,1,1,0
C5120ST,12,254,District-Tirap,Urban,10-19,47,20,27,5,3,2,20,8,12,2,2,0,2,1,1,0,0,0,3,2,1,13,4,9,2,0,2
C5120ST,12,254,District-Tirap,Urban,20-29,26,12,14,2,0,2,6,3,3,2,1,1,4,3,1,1,1,0,1,0,1,10,4,6,0,0,0
C5120ST,12,254,District-Tirap,Urban,30-39,22,10,12,3,2,1,8,4,4,1,0,1,3,0,3,0,0,0,0,0,0,5,3,2,2,1,1
C5120ST,12,254,District-Tirap,Urban,40-49,16,10,6,3,2,1,4,3,1,1,1,0,5,3,2,0,0,0,0,0,0,2,0,2,1,1,0
C5120ST,12,254,District-Tirap,Urban,50-59,5,4,1,0,0,0,2,2,0,0,0,0,2,1,1,0,0,0,0,0,0,1,1,0,0,0,0
C5120ST,12,254,District-Tirap,Urban,60-69,6,2,4,1,0,1,1,1,0,0,0,0,0,0,0,0,0,0,0,0,0,4,1,3,0,0,0
C5120ST,12,254,District-Tirap,Urban,70-79,1,1,0,0,0,0,1,1,0,0,0,0,0,0,0,0,0,0,0,0,0,0,0,0,0,0,0
C5120ST,12,254,District-Tirap,Urban,80-89,1,1,0,0,0,0,0,0,0,0,0,0,1,1,0,0,0,0,0,0,0,0,0,0,0,0,0
C5120ST,12,254,District-Tirap,Urban,90+,2,0,2,1,0,1,0,0,0,0,0,0,0,0,0,0,0,0,0,0,0,1,0,1,0,0,0
C5120ST,12,254,District-Tirap,Urban,Age Not Stated,0,0,0,0,0,0,0,0,0,0,0,0,0,0,0,0,0,0,0,0,0,0,0,0,0,0,0
C5120ST,12,255,District-Lower Subansiri,Total,Total,1197,627,570,225,114,111,395,199,196,72,35,37,129,80,49,71,37,34,23,16,7,191,101,90,91,45,46
C5120ST,12,255,District-Lower Subansiri,Total,0-4,62,32,30,12,6,6,27,15,12,1,0,1,1,0,1,3,3,0,0,0,0,17,7,10,1,1,0
C5120ST,12,255,District-Lower Subansiri,Total,5-9,115,56,59,18,7,11,47,20,27,8,3,5,5,5,0,6,2,4,4,4,0,21,12,9,6,3,3
C5120ST,12,255,District-Lower Subansiri,Total,10-19,272,148,124,44,23,21,97,50,47,14,7,7,28,12,16,20,13,7,4,3,1,51,27,24,14,13,1
C5120ST,12,255,District-Lower Subansiri,Total,20-29,201,103,98,24,10,14,59,30,29,18,8,10,24,16,8,16,10,6,6,2,4,35,18,17,19,9,10
C5120ST,12,255,District-Lower Subansiri,Total,30-39,126,68,58,24,14,10,41,22,19,11,6,5,11,6,5,10,2,8,3,3,0,23,14,9,3,1,2
C5120ST,12,255,District-Lower Subansiri,Total,40-49,160,100,60,26,20,6,57,31,26,10,4,6,21,17,4,10,5,5,2,2,0,23,15,8,11,6,5
C5120ST,12,255,District-Lower Subansiri,Total,50-59,95,51,44,25,11,14,27,13,14,6,4,2,12,10,2,2,1,1,3,2,1,14,7,7,6,3,3
C5120ST,12,255,District-Lower Subansiri,Total,60-69,96,35,61,29,9,20,28,10,18,4,3,1,14,9,5,2,1,1,1,0,1,6,0,6,12,3,9
C5120ST,12,255,District-Lower Subansiri,Total,70-79,52,28,24,16,13,3,9,6,3,0,0,0,9,3,6,2,0,2,0,0,0,1,1,0,15,5,10
C5120ST,12,255,District-Lower Subansiri,Total,80-89,10,6,4,2,1,1,2,2,0,0,0,0,4,2,2,0,0,0,0,0,0,0,0,0,2,1,1
C5120ST,12,255,District-Lower Subansiri,Total,90+,7,0,7,4,0,4,1,0,1,0,0,0,0,0,0,0,0,0,0,0,0,0,0,0,2,0,2
C5120ST,12,255,District-Lower Subansiri,Total,Age Not Stated,1,0,1,1,0,1,0,0,0,0,0,0,0,0,0,0,0,0,0,0,0,0,0,0,0,0,0
C5120ST,12,255,District-Lower Subansiri,Rural,Total,1132,589,543,216,109,107,369,184,185,69,35,34,121,74,47,68,35,33,22,16,6,178,93,85,89,43,46
C5120ST,12,255,District-Lower Subansiri,Rural,0-4,58,30,28,10,5,5,26,14,12,1,0,1,0,0,0,3,3,0,0,0,0,17,7,10,1,1,0
C5120ST,12,255,District-Lower Subansiri,Rural,5-9,108,51,57,18,7,11,41,15,26,7,3,4,5,5,0,6,2,4,4,4,0,21,12,9,6,3,3
C5120ST,12,255,District-Lower Subansiri,Rural,10-19,260,141,119,43,23,20,92,47,45,14,7,7,27,11,16,19,12,7,4,3,1,47,25,22,14,13,1
C5120ST,12,255,District-Lower Subansiri,Rural,20-29,192,99,93,23,10,13,58,29,29,17,8,9,23,15,8,16,10,6,5,2,3,32,17,15,18,8,10
C5120ST,12,255,District-Lower Subansiri,Rural,30-39,114,60,54,20,11,9,36,19,17,11,6,5,11,6,5,9,2,7,3,3,0,21,12,9,3,1,2
C5120ST,12,255,District-Lower Subansiri,Rural,40-49,148,92,56,25,19,6,53,29,24,10,4,6,18,15,3,9,4,5,2,2,0,21,14,7,10,5,5
C5120ST,12,255,District-Lower Subansiri,Rural,50-59,88,47,41,25,11,14,25,13,12,5,4,1,10,8,2,2,1,1,3,2,1,12,5,7,6,3,3
C5120ST,12,255,District-Lower Subansiri,Rural,60-69,95,35,60,29,9,20,27,10,17,4,3,1,14,9,5,2,1,1,1,0,1,6,0,6,12,3,9
C5120ST,12,255,District-Lower Subansiri,Rural,70-79,52,28,24,16,13,3,9,6,3,0,0,0,9,3,6,2,0,2,0,0,0,1,1,0,15,5,10
C5120ST,12,255,District-Lower Subansiri,Rural,80-89,10,6,4,2,1,1,2,2,0,0,0,0,4,2,2,0,0,0,0,0,0,0,0,0,2,1,1
C5120ST,12,255,District-Lower Subansiri,Rural,90+,6,0,6,4,0,4,0,0,0,0,0,0,0,0,0,0,0,0,0,0,0,0,0,0,2,0,2
C5120ST,12,255,District-Lower Subansiri,Rural,Age Not Stated,1,0,1,1,0,1,0,0,0,0,0,0,0,0,0,0,0,0,0,0,0,0,0,0,0,0,0
C5120ST,12,255,District-Lower Subansiri,Urban,Total,65,38,27,9,5,4,26,15,11,3,0,3,8,6,2,3,2,1,1,0,1,13,8,5,2,2,0
C5120ST,12,255,District-Lower Subansiri,Urban,0-4,4,2,2,2,1,1,1,1,0,0,0,0,1,0,1,0,0,0,0,0,0,0,0,0,0,0,0
C5120ST,12,255,District-Lower Subansiri,Urban,5-9,7,5,2,0,0,0,6,5,1,1,0,1,0,0,0,0,0,0,0,0,0,0,0,0,0,0,0
C5120ST,12,255,District-Lower Subansiri,Urban,10-19,12,7,5,1,0,1,5,3,2,0,0,0,1,1,0,1,1,0,0,0,0,4,2,2,0,0,0
C5120ST,12,255,District-Lower Subansiri,Urban,20-29,9,4,5,1,0,1,1,1,0,1,0,1,1,1,0,0,0,0,1,0,1,3,1,2,1,1,0
C5120ST,12,255,District-Lower Subansiri,Urban,30-39,12,8,4,4,3,1,5,3,2,0,0,0,0,0,0,1,0,1,0,0,0,2,2,0,0,0,0
C5120ST,12,255,District-Lower Subansiri,Urban,40-49,12,8,4,1,1,0,4,2,2,0,0,0,3,2,1,1,1,0,0,0,0,2,1,1,1,1,0
C5120ST,12,255,District-Lower Subansiri,Urban,50-59,7,4,3,0,0,0,2,0,2,1,0,1,2,2,0,0,0,0,0,0,0,2,2,0,0,0,0
C5120ST,12,255,District-Lower Subansiri,Urban,60-69,1,0,1,0,0,0,1,0,1,0,0,0,0,0,0,0,0,0,0,0,0,0,0,0,0,0,0
C5120ST,12,255,District-Lower Subansiri,Urban,70-79,0,0,0,0,0,0,0,0,0,0,0,0,0,0,0,0,0,0,0,0,0,0,0,0,0,0,0
C5120ST,12,255,District-Lower Subansiri,Urban,80-89,0,0,0,0,0,0,0,0,0,0,0,0,0,0,0,0,0,0,0,0,0,0,0,0,0,0,0
C5120ST,12,255,District-Lower Subansiri,Urban,90+,1,0,1,0,0,0,1,0,1,0,0,0,0,0,0,0,0,0,0,0,0,0,0,0,0,0,0
C5120ST,12,255,District-Lower Subansiri,Urban,Age Not Stated,0,0,0,0,0,0,0,0,0,0,0,0,0,0,0,0,0,0,0,0,0,0,0,0,0,0,0
C5120ST,12,256,District-Kurung Kumey,Total,Total,2320,1178,1142,378,179,199,933,463,470,136,76,60,237,131,106,67,36,31,43,17,26,271,137,134,255,139,116
C5120ST,12,256,District-Kurung Kumey,Total,0-4,143,66,77,21,10,11,71,30,41,2,1,1,4,2,2,6,2,4,1,1,0,33,16,17,5,4,1
C5120ST,12,256,District-Kurung Kumey,Total,5-9,203,103,100,39,20,19,75,34,41,19,11,8,14,8,6,9,7,2,4,1,3,33,16,17,10,6,4
C5120ST,12,256,District-Kurung Kumey,Total,10-19,544,293,251,78,34,44,259,149,110,43,23,20,48,21,27,22,13,9,5,2,3,62,37,25,27,14,13
C5120ST,12,256,District-Kurung Kumey,Total,20-29,310,163,147,39,17,22,121,56,65,22,10,12,29,21,8,8,4,4,7,3,4,43,22,21,41,30,11
C5120ST,12,256,District-Kurung Kumey,Total,30-39,286,131,155,55,23,32,122,52,70,15,9,6,24,16,8,7,2,5,3,1,2,32,17,15,28,11,17
C5120ST,12,256,District-Kurung Kumey,Total,40-49,305,158,147,50,26,24,122,63,59,16,10,6,31,18,13,11,5,6,7,1,6,32,15,17,36,20,16
C5120ST,12,256,District-Kurung Kumey,Total,50-59,246,120,126,51,25,26,86,41,45,13,8,5,35,21,14,3,2,1,4,2,2,18,8,10,36,13,23
C5120ST,12,256,District-Kurung Kumey,Total,60-69,202,111,91,32,21,11,58,33,25,4,2,2,36,16,20,0,0,0,9,5,4,12,4,8,51,30,21
C5120ST,12,256,District-Kurung Kumey,Total,70-79,54,25,29,9,2,7,9,3,6,1,1,0,14,8,6,0,0,0,2,0,2,3,2,1,16,9,7
C5120ST,12,256,District-Kurung Kumey,Total,80-89,10,3,7,3,0,3,2,0,2,0,0,0,1,0,1,0,0,0,1,1,0,0,0,0,3,2,1
C5120ST,12,256,District-Kurung Kumey,Total,90+,11,1,10,0,0,0,7,1,6,0,0,0,1,0,1,0,0,0,0,0,0,1,0,1,2,0,2
C5120ST,12,256,District-Kurung Kumey,Total,Age Not Stated,6,4,2,1,1,0,1,1,0,1,1,0,0,0,0,1,1,0,0,0,0,2,0,2,0,0,0
C5120ST,12,256,District-Kurung Kumey,Rural,Total,2268,1154,1114,364,174,190,922,460,462,135,75,60,228,125,103,66,36,30,41,16,25,263,134,129,249,134,115
C5120ST,12,256,District-Kurung Kumey,Rural,0-4,140,63,77,20,9,11,71,30,41,2,1,1,3,1,2,6,2,4,1,1,0,33,16,17,4,3,1
C5120ST,12,256,District-Kurung Kumey,Rural,5-9,198,100,98,38,20,18,73,33,40,19,11,8,13,7,6,9,7,2,4,1,3,32,15,17,10,6,4
C5120ST,12,256,District-Kurung Kumey,Rural,10-19,540,290,250,78,34,44,258,149,109,43,23,20,46,19,27,22,13,9,5,2,3,62,37,25,26,13,13
C5120ST,12,256,District-Kurung Kumey,Rural,20-29,301,158,143,36,16,20,120,56,64,22,10,12,29,21,8,8,4,4,6,2,4,40,20,20,40,29,11
C5120ST,12,256,District-Kurung Kumey,Rural,30-39,275,127,148,50,21,29,119,52,67,15,9,6,23,15,8,7,2,5,3,1,2,31,17,14,27,10,17
C5120ST,12,256,District-Kurung Kumey,Rural,40-49,294,154,140,49,26,23,119,61,58,15,9,6,29,17,12,10,5,5,7,1,6,30,15,15,35,20,15
C5120ST,12,256,District-Kurung Kumey,Rural,50-59,240,119,121,49,24,25,85,41,44,13,8,5,34,21,13,3,2,1,3,2,1,17,8,9,36,13,23
C5120ST,12,256,District-Kurung Kumey,Rural,60-69,201,111,90,31,21,10,58,33,25,4,2,2,36,16,20,0,0,0,9,5,4,12,4,8,51,30,21
C5120ST,12,256,District-Kurung Kumey,Rural,70-79,53,25,28,9,2,7,9,3,6,1,1,0,13,8,5,0,0,0,2,0,2,3,2,1,16,9,7
C5120ST,12,256,District-Kurung Kumey,Rural,80-89,9,2,7,3,0,3,2,0,2,0,0,0,1,0,1,0,0,0,1,1,0,0,0,0,2,1,1
C5120ST,12,256,District-Kurung Kumey,Rural,90+,11,1,10,0,0,0,7,1,6,0,0,0,1,0,1,0,0,0,0,0,0,1,0,1,2,0,2
C5120ST,12,256,District-Kurung Kumey,Rural,Age Not Stated,6,4,2,1,1,0,1,1,0,1,1,0,0,0,0,1,1,0,0,0,0,2,0,2,0,0,0
C5120ST,12,256,District-Kurung Kumey,Urban,Total,52,24,28,14,5,9,11,3,8,1,1,0,9,6,3,1,0,1,2,1,1,8,3,5,6,5,1
C5120ST,12,256,District-Kurung Kumey,Urban,0-4,3,3,0,1,1,0,0,0,0,0,0,0,1,1,0,0,0,0,0,0,0,0,0,0,1,1,0
C5120ST,12,256,District-Kurung Kumey,Urban,5-9,5,3,2,1,0,1,2,1,1,0,0,0,1,1,0,0,0,0,0,0,0,1,1,0,0,0,0
C5120ST,12,256,District-Kurung Kumey,Urban,10-19,4,3,1,0,0,0,1,0,1,0,0,0,2,2,0,0,0,0,0,0,0,0,0,0,1,1,0
C5120ST,12,256,District-Kurung Kumey,Urban,20-29,9,5,4,3,1,2,1,0,1,0,0,0,0,0,0,0,0,0,1,1,0,3,2,1,1,1,0
C5120ST,12,256,District-Kurung Kumey,Urban,30-39,11,4,7,5,2,3,3,0,3,0,0,0,1,1,0,0,0,0,0,0,0,1,0,1,1,1,0
C5120ST,12,256,District-Kurung Kumey,Urban,40-49,11,4,7,1,0,1,3,2,1,1,1,0,2,1,1,1,0,1,0,0,0,2,0,2,1,0,1
C5120ST,12,256,District-Kurung Kumey,Urban,50-59,6,1,5,2,1,1,1,0,1,0,0,0,1,0,1,0,0,0,1,0,1,1,0,1,0,0,0
C5120ST,12,256,District-Kurung Kumey,Urban,60-69,1,0,1,1,0,1,0,0,0,0,0,0,0,0,0,0,0,0,0,0,0,0,0,0,0,0,0
C5120ST,12,256,District-Kurung Kumey,Urban,70-79,1,0,1,0,0,0,0,0,0,0,0,0,1,0,1,0,0,0,0,0,0,0,0,0,0,0,0
C5120ST,12,256,District-Kurung Kumey,Urban,80-89,1,1,0,0,0,0,0,0,0,0,0,0,0,0,0,0,0,0,0,0,0,0,0,0,1,1,0
C5120ST,12,256,District-Kurung Kumey,Urban,90+,0,0,0,0,0,0,0,0,0,0,0,0,0,0,0,0,0,0,0,0,0,0,0,0,0,0,0
C5120ST,12,256,District-Kurung Kumey,Urban,Age Not Stated,0,0,0,0,0,0,0,0,0,0,0,0,0,0,0,0,0,0,0,0,0,0,0,0,0,0,0
C5120ST,12,257,District-Dibang Valley,Total,Total,188,91,97,25,11,14,57,25,32,7,2,5,40,29,11,7,2,5,6,2,4,23,10,13,23,10,13
C5120ST,12,257,District-Dibang Valley,Total,0-4,7,4,3,0,0,0,4,1,3,1,1,0,0,0,0,0,0,0,1,1,0,0,0,0,1,1,0
C5120ST,12,257,District-Dibang Valley,Total,5-9,7,4,3,3,2,1,2,0,2,0,0,0,0,0,0,0,0,0,1,1,0,1,1,0,0,0,0
C5120ST,12,257,District-Dibang Valley,Total,10-19,31,15,16,4,1,3,12,5,7,2,1,1,7,5,2,0,0,0,1,0,1,5,3,2,0,0,0
C5120ST,12,257,District-Dibang Valley,Total,20-29,31,17,14,2,1,1,9,6,3,1,0,1,8,6,2,2,0,2,1,0,1,7,4,3,1,0,1
C5120ST,12,257,District-Dibang Valley,Total,30-39,23,10,13,5,2,3,6,2,4,1,0,1,9,5,4,0,0,0,0,0,0,2,1,1,0,0,0
C5120ST,12,257,District-Dibang Valley,Total,40-49,21,11,10,2,2,0,5,2,3,0,0,0,7,5,2,1,0,1,0,0,0,3,1,2,3,1,2
C5120ST,12,257,District-Dibang Valley,Total,50-59,22,6,16,3,0,3,7,1,6,0,0,0,4,4,0,1,0,1,2,0,2,1,0,1,4,1,3
C5120ST,12,257,District-Dibang Valley,Total,60-69,31,18,13,4,2,2,10,7,3,1,0,1,4,3,1,0,0,0,0,0,0,3,0,3,9,6,3
C5120ST,12,257,District-Dibang Valley,Total,70-79,10,4,6,0,0,0,1,1,0,1,0,1,0,0,0,3,2,1,0,0,0,0,0,0,5,1,4
C5120ST,12,257,District-Dibang Valley,Total,80-89,2,0,2,0,0,0,1,0,1,0,0,0,0,0,0,0,0,0,0,0,0,1,0,1,0,0,0
C5120ST,12,257,District-Dibang Valley,Total,90+,2,1,1,1,0,1,0,0,0,0,0,0,1,1,0,0,0,0,0,0,0,0,0,0,0,0,0
C5120ST,12,257,District-Dibang Valley,Total,Age Not Stated,1,1,0,1,1,0,0,0,0,0,0,0,0,0,0,0,0,0,0,0,0,0,0,0,0,0,0
C5120ST,12,257,District-Dibang Valley,Rural,Total,144,74,70,24,11,13,35,15,20,4,1,3,33,24,9,6,2,4,5,2,3,18,9,9,19,10,9
C5120ST,12,257,District-Dibang Valley,Rural,0-4,5,2,3,0,0,0,3,0,3,0,0,0,0,0,0,0,0,0,1,1,0,0,0,0,1,1,0
C5120ST,12,257,District-Dibang Valley,Rural,5-9,7,4,3,3,2,1,2,0,2,0,0,0,0,0,0,0,0,0,1,1,0,1,1,0,0,0,0
C5120ST,12,257,District-Dibang Valley,Rural,10-19,21,9,12,3,1,2,5,1,4,2,1,1,5,3,2,0,0,0,1,0,1,5,3,2,0,0,0
C5120ST,12,257,District-Dibang Valley,Rural,20-29,24,12,12,2,1,1,4,2,2,1,0,1,8,6,2,2,0,2,1,0,1,5,3,2,1,0,1
C5120ST,12,257,District-Dibang Valley,Rural,30-39,14,7,7,5,2,3,2,1,1,0,0,0,6,3,3,0,0,0,0,0,0,1,1,0,0,0,0
C5120ST,12,257,District-Dibang Valley,Rural,40-49,17,10,7,2,2,0,4,2,2,0,0,0,5,4,1,1,0,1,0,0,0,3,1,2,2,1,1
C5120ST,12,257,District-Dibang Valley,Rural,50-59,15,6,9,3,0,3,3,1,2,0,0,0,4,4,0,1,0,1,1,0,1,1,0,1,2,1,1
C5120ST,12,257,District-Dibang Valley,Rural,60-69,28,18,10,4,2,2,10,7,3,1,0,1,4,3,1,0,0,0,0,0,0,1,0,1,8,6,2
C5120ST,12,257,District-Dibang Valley,Rural,70-79,8,4,4,0,0,0,1,1,0,0,0,0,0,0,0,2,2,0,0,0,0,0,0,0,5,1,4
C5120ST,12,257,District-Dibang Valley,Rural,80-89,2,0,2,0,0,0,1,0,1,0,0,0,0,0,0,0,0,0,0,0,0,1,0,1,0,0,0
C5120ST,12,257,District-Dibang Valley,Rural,90+,2,1,1,1,0,1,0,0,0,0,0,0,1,1,0,0,0,0,0,0,0,0,0,0,0,0,0
C5120ST,12,257,District-Dibang Valley,Rural,Age Not Stated,1,1,0,1,1,0,0,0,0,0,0,0,0,0,0,0,0,0,0,0,0,0,0,0,0,0,0
C5120ST,12,257,District-Dibang Valley,Urban,Total,44,17,27,1,0,1,22,10,12,3,1,2,7,5,2,1,0,1,1,0,1,5,1,4,4,0,4
C5120ST,12,257,District-Dibang Valley,Urban,0-4,2,2,0,0,0,0,1,1,0,1,1,0,0,0,0,0,0,0,0,0,0,0,0,0,0,0,0
C5120ST,12,257,District-Dibang Valley,Urban,5-9,0,0,0,0,0,0,0,0,0,0,0,0,0,0,0,0,0,0,0,0,0,0,0,0,0,0,0
C5120ST,12,257,District-Dibang Valley,Urban,10-19,10,6,4,1,0,1,7,4,3,0,0,0,2,2,0,0,0,0,0,0,0,0,0,0,0,0,0
C5120ST,12,257,District-Dibang Valley,Urban,20-29,7,5,2,0,0,0,5,4,1,0,0,0,0,0,0,0,0,0,0,0,0,2,1,1,0,0,0
C5120ST,12,257,District-Dibang Valley,Urban,30-39,9,3,6,0,0,0,4,1,3,1,0,1,3,2,1,0,0,0,0,0,0,1,0,1,0,0,0
C5120ST,12,257,District-Dibang Valley,Urban,40-49,4,1,3,0,0,0,1,0,1,0,0,0,2,1,1,0,0,0,0,0,0,0,0,0,1,0,1
C5120ST,12,257,District-Dibang Valley,Urban,50-59,7,0,7,0,0,0,4,0,4,0,0,0,0,0,0,0,0,0,1,0,1,0,0,0,2,0,2
C5120ST,12,257,District-Dibang Valley,Urban,60-69,3,0,3,0,0,0,0,0,0,0,0,0,0,0,0,0,0,0,0,0,0,2,0,2,1,0,1
C5120ST,12,257,District-Dibang Valley,Urban,70-79,2,0,2,0,0,0,0,0,0,1,0,1,0,0,0,1,0,1,0,0,0,0,0,0,0,0,0
C5120ST,12,257,District-Dibang Valley,Urban,80-89,0,0,0,0,0,0,0,0,0,0,0,0,0,0,0,0,0,0,0,0,0,0,0,0,0,0,0
C5120ST,12,257,District-Dibang Valley,Urban,90+,0,0,0,0,0,0,0,0,0,0,0,0,0,0,0,0,0,0,0,0,0,0,0,0,0,0,0
C5120ST,12,257,District-Dibang Valley,Urban,Age Not Stated,0,0,0,0,0,0,0,0,0,0,0,0,0,0,0,0,0,0,0,0,0,0,0,0,0,0,0
C5120ST,12,258,District-Lower Dibang Valley,Total,Total,630,331,299,132,65,67,143,71,72,46,34,12,90,45,45,43,19,24,23,10,13,55,36,19,98,51,47
C5120ST,12,258,District-Lower Dibang Valley,Total,0-4,24,18,6,9,8,1,1,1,0,0,0,0,2,2,0,2,1,1,0,0,0,3,2,1,7,4,3
C5120ST,12,258,District-Lower Dibang Valley,Total,5-9,43,24,19,9,6,3,6,2,4,7,4,3,1,0,1,5,3,2,2,1,1,3,1,2,10,7,3
C5120ST,12,258,District-Lower Dibang Valley,Total,10-19,101,54,47,25,11,14,22,13,9,10,8,2,14,9,5,10,5,5,5,1,4,9,5,4,6,2,4
C5120ST,12,258,District-Lower Dibang Valley,Total,20-29,73,39,34,20,9,11,8,3,5,8,7,1,12,7,5,8,3,5,2,1,1,10,5,5,5,4,1
C5120ST,12,258,District-Lower Dibang Valley,Total,30-39,60,35,25,8,3,5,13,7,6,6,5,1,8,5,3,3,0,3,3,1,2,14,11,3,5,3,2
C5120ST,12,258,District-Lower Dibang Valley,Total,40-49,86,45,41,19,9,10,16,11,5,8,5,3,14,6,8,7,3,4,3,2,1,8,5,3,11,4,7
C5120ST,12,258,District-Lower Dibang Valley,Total,50-59,75,42,33,11,8,3,27,14,13,4,4,0,8,3,5,3,0,3,3,1,2,4,3,1,15,9,6
C5120ST,12,258,District-Lower Dibang Valley,Total,60-69,80,38,42,14,5,9,24,10,14,2,1,1,18,9,9,2,2,0,2,2,0,0,0,0,18,9,9
C5120ST,12,258,District-Lower Dibang Valley,Total,70-79,64,27,37,15,5,10,17,6,11,1,0,1,7,3,4,2,1,1,3,1,2,3,3,0,16,8,8
C5120ST,12,258,District-Lower Dibang Valley,Total,80-89,16,8,8,1,1,0,7,4,3,0,0,0,3,1,2,0,0,0,0,0,0,1,1,0,4,1,3
C5120ST,12,258,District-Lower Dibang Valley,Total,90+,8,1,7,1,0,1,2,0,2,0,0,0,3,0,3,1,1,0,0,0,0,0,0,0,1,0,1
C5120ST,12,258,District-Lower Dibang Valley,Total,Age Not Stated,0,0,0,0,0,0,0,0,0,0,0,0,0,0,0,0,0,0,0,0,0,0,0,0,0,0,0
C5120ST,12,258,District-Lower Dibang Valley,Rural,Total,608,319,289,126,63,63,139,67,72,44,33,11,84,41,43,43,19,24,22,10,12,53,36,17,97,50,47
C5120ST,12,258,District-Lower Dibang Valley,Rural,0-4,23,18,5,9,8,1,1,1,0,0,0,0,2,2,0,2,1,1,0,0,0,2,2,0,7,4,3
C5120ST,12,258,District-Lower Dibang Valley,Rural,5-9,41,22,19,8,5,3,6,2,4,6,3,3,1,0,1,5,3,2,2,1,1,3,1,2,10,7,3
C5120ST,12,258,District-Lower Dibang Valley,Rural,10-19,93,49,44,22,10,12,19,10,9,10,8,2,14,9,5,10,5,5,4,1,3,9,5,4,5,1,4
C5120ST,12,258,District-Lower Dibang Valley,Rural,20-29,72,38,34,20,9,11,8,3,5,8,7,1,11,6,5,8,3,5,2,1,1,10,5,5,5,4,1
C5120ST,12,258,District-Lower Dibang Valley,Rural,30-39,57,34,23,7,3,4,13,7,6,6,5,1,6,4,2,3,0,3,3,1,2,14,11,3,5,3,2
C5120ST,12,258,District-Lower Dibang Valley,Rural,40-49,82,43,39,19,9,10,15,10,5,7,5,2,13,5,8,7,3,4,3,2,1,7,5,2,11,4,7
C5120ST,12,258,District-Lower Dibang Valley,Rural,50-59,74,41,33,11,8,3,27,14,13,4,4,0,7,2,5,3,0,3,3,1,2,4,3,1,15,9,6
C5120ST,12,258,District-Lower Dibang Valley,Rural,60-69,80,38,42,14,5,9,24,10,14,2,1,1,18,9,9,2,2,0,2,2,0,0,0,0,18,9,9
C5120ST,12,258,District-Lower Dibang Valley,Rural,70-79,62,27,35,14,5,9,17,6,11,1,0,1,6,3,3,2,1,1,3,1,2,3,3,0,16,8,8
C5120ST,12,258,District-Lower Dibang Valley,Rural,80-89,16,8,8,1,1,0,7,4,3,0,0,0,3,1,2,0,0,0,0,0,0,1,1,0,4,1,3
C5120ST,12,258,District-Lower Dibang Valley,Rural,90+,8,1,7,1,0,1,2,0,2,0,0,0,3,0,3,1,1,0,0,0,0,0,0,0,1,0,1
C5120ST,12,258,District-Lower Dibang Valley,Rural,Age Not Stated,0,0,0,0,0,0,0,0,0,0,0,0,0,0,0,0,0,0,0,0,0,0,0,0,0,0,0
C5120ST,12,258,District-Lower Dibang Valley,Urban,Total,22,12,10,6,2,4,4,4,0,2,1,1,6,4,2,0,0,0,1,0,1,2,0,2,1,1,0
C5120ST,12,258,District-Lower Dibang Valley,Urban,0-4,1,0,1,0,0,0,0,0,0,0,0,0,0,0,0,0,0,0,0,0,0,1,0,1,0,0,0
C5120ST,12,258,District-Lower Dibang Valley,Urban,5-9,2,2,0,1,1,0,0,0,0,1,1,0,0,0,0,0,0,0,0,0,0,0,0,0,0,0,0
C5120ST,12,258,District-Lower Dibang Valley,Urban,10-19,8,5,3,3,1,2,3,3,0,0,0,0,0,0,0,0,0,0,1,0,1,0,0,0,1,1,0
C5120ST,12,258,District-Lower Dibang Valley,Urban,20-29,1,1,0,0,0,0,0,0,0,0,0,0,1,1,0,0,0,0,0,0,0,0,0,0,0,0,0
C5120ST,12,258,District-Lower Dibang Valley,Urban,30-39,3,1,2,1,0,1,0,0,0,0,0,0,2,1,1,0,0,0,0,0,0,0,0,0,0,0,0
C5120ST,12,258,District-Lower Dibang Valley,Urban,40-49,4,2,2,0,0,0,1,1,0,1,0,1,1,1,0,0,0,0,0,0,0,1,0,1,0,0,0
C5120ST,12,258,District-Lower Dibang Valley,Urban,50-59,1,1,0,0,0,0,0,0,0,0,0,0,1,1,0,0,0,0,0,0,0,0,0,0,0,0,0
C5120ST,12,258,District-Lower Dibang Valley,Urban,60-69,0,0,0,0,0,0,0,0,0,0,0,0,0,0,0,0,0,0,0,0,0,0,0,0,0,0,0
C5120ST,12,258,District-Lower Dibang Valley,Urban,70-79,2,0,2,1,0,1,0,0,0,0,0,0,1,0,1,0,0,0,0,0,0,0,0,0,0,0,0
C5120ST,12,258,District-Lower Dibang Valley,Urban,80-89,0,0,0,0,0,0,0,0,0,0,0,0,0,0,0,0,0,0,0,0,0,0,0,0,0,0,0
C5120ST,12,258,District-Lower Dibang Valley,Urban,90+,0,0,0,0,0,0,0,0,0,0,0,0,0,0,0,0,0,0,0,0,0,0,0,0,0,0,0
C5120ST,12,258,District-Lower Dibang Valley,Urban,Age Not Stated,0,0,0,0,0,0,0,0,0,0,0,0,0,0,0,0,0,0,0,0,0,0,0,0,0,0,0
C5120ST,12,259,District-Lohit,Total,Total,727,380,347,153,67,86,148,84,64,65,35,30,112,67,45,42,21,21,40,24,16,102,47,55,65,35,30
C5120ST,12,259,District-Lohit,Total,0-4,34,22,12,5,3,2,8,6,2,0,0,0,5,3,2,4,3,1,0,0,0,10,5,5,2,2,0
C5120ST,12,259,District-Lohit,Total,5-9,40,23,17,4,3,1,10,4,6,5,3,2,5,3,2,4,4,0,0,0,0,9,4,5,3,2,1
C5120ST,12,259,District-Lohit,Total,10-19,132,68,64,29,13,16,18,10,8,13,6,7,16,10,6,5,3,2,7,3,4,28,13,15,16,10,6
C5120ST,12,259,District-Lohit,Total,20-29,107,55,52,12,6,6,19,13,6,8,6,2,17,9,8,8,1,7,10,5,5,25,12,13,8,3,5
C5120ST,12,259,District-Lohit,Total,30-39,97,56,41,12,7,5,18,7,11,21,11,10,14,11,3,10,5,5,13,10,3,5,3,2,4,2,2
C5120ST,12,259,District-Lohit,Total,40-49,90,48,42,20,9,11,20,9,11,12,6,6,17,12,5,4,3,1,5,4,1,10,4,6,2,1,1
C5120ST,12,259,District-Lohit,Total,50-59,72,40,32,20,10,10,16,10,6,5,3,2,10,7,3,5,1,4,2,1,1,5,2,3,9,6,3
C5120ST,12,259,District-Lohit,Total,60-69,66,31,35,23,7,16,14,9,5,1,0,1,13,7,6,1,1,0,1,0,1,8,3,5,5,4,1
C5120ST,12,259,District-Lohit,Total,70-79,47,19,28,17,6,11,14,7,7,0,0,0,4,2,2,1,0,1,2,1,1,1,0,1,8,3,5
C5120ST,12,259,District-Lohit,Total,80-89,28,13,15,11,3,8,6,6,0,0,0,0,6,2,4,0,0,0,0,0,0,1,1,0,4,1,3
C5120ST,12,259,District-Lohit,Total,90+,13,5,8,0,0,0,4,3,1,0,0,0,5,1,4,0,0,0,0,0,0,0,0,0,4,1,3
C5120ST,12,259,District-Lohit,Total,Age Not Stated,1,0,1,0,0,0,1,0,1,0,0,0,0,0,0,0,0,0,0,0,0,0,0,0,0,0,0
C5120ST,12,259,District-Lohit,Rural,Total,654,347,307,143,63,80,136,80,56,63,34,29,96,56,40,39,20,19,36,22,14,86,42,44,55,30,25
C5120ST,12,259,District-Lohit,Rural,0-4,31,20,11,5,3,2,8,6,2,0,0,0,5,3,2,4,3,1,0,0,0,7,3,4,2,2,0
C5120ST,12,259,District-Lohit,Rural,5-9,32,21,11,3,3,0,8,4,4,5,3,2,4,2,2,4,4,0,0,0,0,5,3,2,3,2,1
C5120ST,12,259,District-Lohit,Rural,10-19,112,60,52,27,11,16,15,9,6,13,6,7,12,8,4,4,3,1,6,3,3,24,13,11,11,7,4
C5120ST,12,259,District-Lohit,Rural,20-29,101,52,49,12,6,6,19,13,6,8,6,2,15,8,7,8,1,7,10,5,5,21,10,11,8,3,5
C5120ST,12,259,District-Lohit,Rural,30-39,88,52,36,11,7,4,17,6,11,20,11,9,13,10,3,9,5,4,11,8,3,4,3,1,3,2,1
C5120ST,12,259,District-Lohit,Rural,40-49,80,43,37,17,8,9,18,9,9,12,6,6,14,10,4,3,2,1,5,4,1,10,4,6,1,0,1
C5120ST,12,259,District-Lohit,Rural,50-59,65,35,30,20,10,10,15,9,6,4,2,2,7,5,2,5,1,4,2,1,1,5,2,3,7,5,2
C5120ST,12,259,District-Lohit,Rural,60-69,63,29,34,22,7,15,14,9,5,1,0,1,11,5,6,1,1,0,1,0,1,8,3,5,5,4,1
C5120ST,12,259,District-Lohit,Rural,70-79,43,18,25,15,5,10,13,7,6,0,0,0,4,2,2,1,0,1,1,1,0,1,0,1,8,3,5
C5120ST,12,259,District-Lohit,Rural,80-89,27,12,15,11,3,8,5,5,0,0,0,0,6,2,4,0,0,0,0,0,0,1,1,0,4,1,3
C5120ST,12,259,District-Lohit,Rural,90+,12,5,7,0,0,0,4,3,1,0,0,0,5,1,4,0,0,0,0,0,0,0,0,0,3,1,2
C5120ST,12,259,District-Lohit,Rural,Age Not Stated,0,0,0,0,0,0,0,0,0,0,0,0,0,0,0,0,0,0,0,0,0,0,0,0,0,0,0
C5120ST,12,259,District-Lohit,Urban,Total,73,33,40,10,4,6,12,4,8,2,1,1,16,11,5,3,1,2,4,2,2,16,5,11,10,5,5
C5120ST,12,259,District-Lohit,Urban,0-4,3,2,1,0,0,0,0,0,0,0,0,0,0,0,0,0,0,0,0,0,0,3,2,1,0,0,0
C5120ST,12,259,District-Lohit,Urban,5-9,8,2,6,1,0,1,2,0,2,0,0,0,1,1,0,0,0,0,0,0,0,4,1,3,0,0,0
C5120ST,12,259,District-Lohit,Urban,10-19,20,8,12,2,2,0,3,1,2,0,0,0,4,2,2,1,0,1,1,0,1,4,0,4,5,3,2
C5120ST,12,259,District-Lohit,Urban,20-29,6,3,3,0,0,0,0,0,0,0,0,0,2,1,1,0,0,0,0,0,0,4,2,2,0,0,0
C5120ST,12,259,District-Lohit,Urban,30-39,9,4,5,1,0,1,1,1,0,1,0,1,1,1,0,1,0,1,2,2,0,1,0,1,1,0,1
C5120ST,12,259,District-Lohit,Urban,40-49,10,5,5,3,1,2,2,0,2,0,0,0,3,2,1,1,1,0,0,0,0,0,0,0,1,1,0
C5120ST,12,259,District-Lohit,Urban,50-59,7,5,2,0,0,0,1,1,0,1,1,0,3,2,1,0,0,0,0,0,0,0,0,0,2,1,1
C5120ST,12,259,District-Lohit,Urban,60-69,3,2,1,1,0,1,0,0,0,0,0,0,2,2,0,0,0,0,0,0,0,0,0,0,0,0,0
C5120ST,12,259,District-Lohit,Urban,70-79,4,1,3,2,1,1,1,0,1,0,0,0,0,0,0,0,0,0,1,0,1,0,0,0,0,0,0
C5120ST,12,259,District-Lohit,Urban,80-89,1,1,0,0,0,0,1,1,0,0,0,0,0,0,0,0,0,0,0,0,0,0,0,0,0,0,0
C5120ST,12,259,District-Lohit,Urban,90+,1,0,1,0,0,0,0,0,0,0,0,0,0,0,0,0,0,0,0,0,0,0,0,0,1,0,1
C5120ST,12,259,District-Lohit,Urban,Age Not Stated,1,0,1,0,0,0,1,0,1,0,0,0,0,0,0,0,0,0,0,0,0,0,0,0,0,0,0
C5120ST,12,260,District-Anjaw,Total,Total,369,177,192,112,55,57,75,30,45,14,9,5,37,21,16,15,11,4,21,9,12,54,32,22,41,10,31
C5120ST,12,260,District-Anjaw,Total,0-4,14,6,8,5,1,4,3,0,3,0,0,0,0,0,0,0,0,0,0,0,0,6,5,1,0,0,0
C5120ST,12,260,District-Anjaw,Total,5-9,20,9,11,7,2,5,3,2,1,0,0,0,2,0,2,0,0,0,0,0,0,7,4,3,1,1,0
C5120ST,12,260,District-Anjaw,Total,10-19,49,22,27,15,6,9,12,5,7,2,2,0,3,1,2,2,0,2,1,1,0,12,6,6,2,1,1
C5120ST,12,260,District-Anjaw,Total,20-29,29,18,11,9,7,2,9,4,5,1,0,1,3,2,1,0,0,0,2,1,1,5,4,1,0,0,0
C5120ST,12,260,District-Anjaw,Total,30-39,47,27,20,8,5,3,10,5,5,2,0,2,6,3,3,6,5,1,3,2,1,9,6,3,3,1,2
C5120ST,12,260,District-Anjaw,Total,40-49,47,25,22,10,5,5,10,6,4,2,2,0,9,5,4,3,2,1,4,1,3,5,2,3,4,2,2
C5120ST,12,260,District-Anjaw,Total,50-59,48,27,21,15,7,8,12,7,5,4,3,1,7,4,3,3,3,0,2,0,2,2,2,0,3,1,2
C5120ST,12,260,District-Anjaw,Total,60-69,64,24,40,27,11,16,6,1,5,3,2,1,4,3,1,1,1,0,5,2,3,5,2,3,13,2,11
C5120ST,12,260,District-Anjaw,Total,70-79,34,13,21,12,7,5,6,0,6,0,0,0,3,3,0,0,0,0,1,1,0,1,0,1,11,2,9
C5120ST,12,260,District-Anjaw,Total,80-89,12,5,7,3,3,0,3,0,3,0,0,0,0,0,0,0,0,0,2,1,1,1,1,0,3,0,3
C5120ST,12,260,District-Anjaw,Total,90+,5,1,4,1,1,0,1,0,1,0,0,0,0,0,0,0,0,0,1,0,1,1,0,1,1,0,1
C5120ST,12,260,District-Anjaw,Total,Age Not Stated,0,0,0,0,0,0,0,0,0,0,0,0,0,0,0,0,0,0,0,0,0,0,0,0,0,0,0
C5120ST,12,260,District-Anjaw,Rural,Total,369,177,192,112,55,57,75,30,45,14,9,5,37,21,16,15,11,4,21,9,12,54,32,22,41,10,31
C5120ST,12,260,District-Anjaw,Rural,0-4,14,6,8,5,1,4,3,0,3,0,0,0,0,0,0,0,0,0,0,0,0,6,5,1,0,0,0
C5120ST,12,260,District-Anjaw,Rural,5-9,20,9,11,7,2,5,3,2,1,0,0,0,2,0,2,0,0,0,0,0,0,7,4,3,1,1,0
C5120ST,12,260,District-Anjaw,Rural,10-19,49,22,27,15,6,9,12,5,7,2,2,0,3,1,2,2,0,2,1,1,0,12,6,6,2,1,1
C5120ST,12,260,District-Anjaw,Rural,20-29,29,18,11,9,7,2,9,4,5,1,0,1,3,2,1,0,0,0,2,1,1,5,4,1,0,0,0
C5120ST,12,260,District-Anjaw,Rural,30-39,47,27,20,8,5,3,10,5,5,2,0,2,6,3,3,6,5,1,3,2,1,9,6,3,3,1,2
C5120ST,12,260,District-Anjaw,Rural,40-49,47,25,22,10,5,5,10,6,4,2,2,0,9,5,4,3,2,1,4,1,3,5,2,3,4,2,2
C5120ST,12,260,District-Anjaw,Rural,50-59,48,27,21,15,7,8,12,7,5,4,3,1,7,4,3,3,3,0,2,0,2,2,2,0,3,1,2
C5120ST,12,260,District-Anjaw,Rural,60-69,64,24,40,27,11,16,6,1,5,3,2,1,4,3,1,1,1,0,5,2,3,5,2,3,13,2,11
C5120ST,12,260,District-Anjaw,Rural,70-79,34,13,21,12,7,5,6,0,6,0,0,0,3,3,0,0,0,0,1,1,0,1,0,1,11,2,9
C5120ST,12,260,District-Anjaw,Rural,80-89,12,5,7,3,3,0,3,0,3,0,0,0,0,0,0,0,0,0,2,1,1,1,1,0,3,0,3
C5120ST,12,260,District-Anjaw,Rural,90+,5,1,4,1,1,0,1,0,1,0,0,0,0,0,0,0,0,0,1,0,1,1,0,1,1,0,1
C5120ST,12,260,District-Anjaw,Rural,Age Not Stated,0,0,0,0,0,0,0,0,0,0,0,0,0,0,0,0,0,0,0,0,0,0,0,0,0,0,0
C5120ST,12,260,District-Anjaw,Urban,Total,0,0,0,0,0,0,0,0,0,0,0,0,0,0,0,0,0,0,0,0,0,0,0,0,0,0,0
C5120ST,12,260,District-Anjaw,Urban,0-4,0,0,0,0,0,0,0,0,0,0,0,0,0,0,0,0,0,0,0,0,0,0,0,0,0,0,0
C5120ST,12,260,District-Anjaw,Urban,5-9,0,0,0,0,0,0,0,0,0,0,0,0,0,0,0,0,0,0,0,0,0,0,0,0,0,0,0
C5120ST,12,260,District-Anjaw,Urban,10-19,0,0,0,0,0,0,0,0,0,0,0,0,0,0,0,0,0,0,0,0,0,0,0,0,0,0,0
C5120ST,12,260,District-Anjaw,Urban,20-29,0,0,0,0,0,0,0,0,0,0,0,0,0,0,0,0,0,0,0,0,0,0,0,0,0,0,0
C5120ST,12,260,District-Anjaw,Urban,30-39,0,0,0,0,0,0,0,0,0,0,0,0,0,0,0,0,0,0,0,0,0,0,0,0,0,0,0
C5120ST,12,260,District-Anjaw,Urban,40-49,0,0,0,0,0,0,0,0,0,0,0,0,0,0,0,0,0,0,0,0,0,0,0,0,0,0,0
C5120ST,12,260,District-Anjaw,Urban,50-59,0,0,0,0,0,0,0,0,0,0,0,0,0,0,0,0,0,0,0,0,0,0,0,0,0,0,0
C5120ST,12,260,District-Anjaw,Urban,60-69,0,0,0,0,0,0,0,0,0,0,0,0,0,0,0,0,0,0,0,0,0,0,0,0,0,0,0
C5120ST,12,260,District-Anjaw,Urban,70-79,0,0,0,0,0,0,0,0,0,0,0,0,0,0,0,0,0,0,0,0,0,0,0,0,0,0,0
C5120ST,12,260,District-Anjaw,Urban,80-89,0,0,0,0,0,0,0,0,0,0,0,0,0,0,0,0,0,0,0,0,0,0,0,0,0,0,0
C5120ST,12,260,District-Anjaw,Urban,90+,0,0,0,0,0,0,0,0,0,0,0,0,0,0,0,0,0,0,0,0,0,0,0,0,0,0,0
C5120ST,12,260,District-Anjaw,Urban,Age Not Stated,0,0,0,0,0,0,0,0,0,0,0,0,0,0,0,0,0,0,0,0,0,0,0,0,0,0,0
C5120ST,13,0,State-NAGALAND,Total,Total,26309,14139,12170,3641,1831,1810,7972,4420,3552,2075,1130,945,3355,1920,1435,1077,555,522,900,492,408,4227,2167,2060,3062,1624,1438
C5120ST,13,0,State-NAGALAND,Total,0-4,963,514,449,110,49,61,359,197,162,21,14,7,69,41,28,25,17,8,3,3,0,309,158,151,67,35,32
C5120ST,13,0,State-NAGALAND,Total,5-9,1664,920,744,218,110,108,417,216,201,199,115,84,158,103,55,53,27,26,30,15,15,378,215,163,211,119,92
C5120ST,13,0,State-NAGALAND,Total,10-19,4163,2265,1898,555,291,264,1120,603,517,425,239,186,508,303,205,193,103,90,119,63,56,866,450,416,377,213,164
C5120ST,13,0,State-NAGALAND,Total,20-29,3693,1979,1714,408,194,214,912,467,445,333,187,146,501,291,210,218,117,101,191,115,76,723,366,357,407,242,165
C5120ST,13,0,State-NAGALAND,Total,30-39,3045,1634,1411,322,189,133,778,429,349,318,152,166,398,239,159,191,98,93,207,128,79,562,265,297,269,134,135
C5120ST,13,0,State-NAGALAND,Total,40-49,3247,1783,1464,380,210,170,926,536,390,339,178,161,370,236,134,162,81,81,159,78,81,522,259,263,389,205,184
C5120ST,13,0,State-NAGALAND,Total,50-59,2793,1551,1242,436,231,205,896,516,380,230,129,101,379,214,165,118,63,55,89,45,44,331,178,153,314,175,139
C5120ST,13,0,State-NAGALAND,Total,60-69,2659,1377,1282,497,234,263,950,508,442,137,78,59,375,202,173,68,32,36,57,25,32,266,146,120,309,152,157
C5120ST,13,0,State-NAGALAND,Total,70-79,2229,1106,1123,389,172,217,854,476,378,55,31,24,354,171,183,37,13,24,27,9,18,170,84,86,343,150,193
C5120ST,13,0,State-NAGALAND,Total,80-89,1308,696,612,243,107,136,543,334,209,14,6,8,169,80,89,8,2,6,15,8,7,72,34,38,244,125,119
C5120ST,13,0,State-NAGALAND,Total,90+,502,281,221,79,41,38,197,121,76,3,1,2,69,37,32,2,1,1,1,1,0,21,7,14,130,72,58
C5120ST,13,0,State-NAGALAND,Total,Age Not Stated,43,33,10,4,3,1,20,17,3,1,0,1,5,3,2,2,1,1,2,2,0,7,5,2,2,2,0
C5120ST,13,0,State-NAGALAND,Rural,Total,22114,11903,10211,3034,1549,1485,6877,3836,3041,1774,961,813,2744,1561,1183,877,448,429,740,404,336,3448,1750,1698,2620,1394,1226
C5120ST,13,0,State-NAGALAND,Rural,0-4,791,431,360,86,42,44,290,169,121,18,13,5,55,30,25,18,12,6,3,3,0,264,134,130,57,28,29
C5120ST,13,0,State-NAGALAND,Rural,5-9,1354,742,612,184,93,91,345,181,164,161,95,66,127,83,44,43,22,21,25,12,13,300,165,135,169,91,78
C5120ST,13,0,State-NAGALAND,Rural,10-19,3345,1826,1519,433,229,204,913,496,417,358,197,161,418,250,168,156,85,71,103,56,47,657,337,320,307,176,131
C5120ST,13,0,State-NAGALAND,Rural,20-29,2991,1612,1379,319,155,164,782,405,377,277,157,120,389,225,164,166,90,76,149,87,62,566,286,280,343,207,136
C5120ST,13,0,State-NAGALAND,Rural,30-39,2515,1351,1164,261,155,106,656,366,290,270,126,144,315,188,127,160,80,80,167,105,62,466,220,246,220,111,109
C5120ST,13,0,State-NAGALAND,Rural,40-49,2781,1524,1257,322,187,135,804,463,341,305,156,149,298,189,109,133,63,70,126,62,64,442,220,222,351,184,167
C5120ST,13,0,State-NAGALAND,Rural,50-59,2401,1330,1071,366,194,172,800,461,339,199,113,86,295,163,132,104,58,46,82,39,43,277,146,131,278,156,122
C5120ST,13,0,State-NAGALAND,Rural,60-69,2342,1199,1143,429,200,229,864,457,407,122,68,54,311,165,146,55,22,33,47,24,23,238,126,112,276,137,139
C5120ST,13,0,State-NAGALAND,Rural,70-79,1998,1007,991,345,157,188,778,434,344,51,30,21,317,157,160,35,13,22,25,7,18,151,76,75,296,133,163
C5120ST,13,0,State-NAGALAND,Rural,80-89,1130,606,524,219,98,121,462,284,178,12,6,6,151,73,78,4,2,2,11,7,4,61,29,32,210,107,103
C5120ST,13,0,State-NAGALAND,Rural,90+,428,245,183,66,36,30,165,104,61,1,0,1,63,35,28,1,0,1,1,1,0,20,7,13,111,62,49
C5120ST,13,0,State-NAGALAND,Rural,Age Not Stated,38,30,8,4,3,1,18,16,2,0,0,0,5,3,2,2,1,1,1,1,0,6,4,2,2,2,0
C5120ST,13,0,State-NAGALAND,Urban,Total,4195,2236,1959,607,282,325,1095,584,511,301,169,132,611,359,252,200,107,93,160,88,72,779,417,362,442,230,212
C5120ST,13,0,State-NAGALAND,Urban,0-4,172,83,89,24,7,17,69,28,41,3,1,2,14,11,3,7,5,2,0,0,0,45,24,21,10,7,3
C5120ST,13,0,State-NAGALAND,Urban,5-9,310,178,132,34,17,17,72,35,37,38,20,18,31,20,11,10,5,5,5,3,2,78,50,28,42,28,14
C5120ST,13,0,State-NAGALAND,Urban,10-19,818,439,379,122,62,60,207,107,100,67,42,25,90,53,37,37,18,19,16,7,9,209,113,96,70,37,33
C5120ST,13,0,State-NAGALAND,Urban,20-29,702,367,335,89,39,50,130,62,68,56,30,26,112,66,46,52,27,25,42,28,14,157,80,77,64,35,29
C5120ST,13,0,State-NAGALAND,Urban,30-39,530,283,247,61,34,27,122,63,59,48,26,22,83,51,32,31,18,13,40,23,17,96,45,51,49,23,26
C5120ST,13,0,State-NAGALAND,Urban,40-49,466,259,207,58,23,35,122,73,49,34,22,12,72,47,25,29,18,11,33,16,17,80,39,41,38,21,17
C5120ST,13,0,State-NAGALAND,Urban,50-59,392,221,171,70,37,33,96,55,41,31,16,15,84,51,33,14,5,9,7,6,1,54,32,22,36,19,17
C5120ST,13,0,State-NAGALAND,Urban,60-69,317,178,139,68,34,34,86,51,35,15,10,5,64,37,27,13,10,3,10,1,9,28,20,8,33,15,18
C5120ST,13,0,State-NAGALAND,Urban,70-79,231,99,132,44,15,29,76,42,34,4,1,3,37,14,23,2,0,2,2,2,0,19,8,11,47,17,30
C5120ST,13,0,State-NAGALAND,Urban,80-89,178,90,88,24,9,15,81,50,31,2,0,2,18,7,11,4,0,4,4,1,3,11,5,6,34,18,16
C5120ST,13,0,State-NAGALAND,Urban,90+,74,36,38,13,5,8,32,17,15,2,1,1,6,2,4,1,1,0,0,0,0,1,0,1,19,10,9
C5120ST,13,0,State-NAGALAND,Urban,Age Not Stated,5,3,2,0,0,0,2,1,1,1,0,1,0,0,0,0,0,0,1,1,0,1,1,0,0,0,0
C5120ST,13,261,District-Mon,Total,Total,5603,3025,2578,770,412,358,1964,1088,876,299,162,137,451,276,175,149,76,73,91,49,42,1441,735,706,438,227,211
C5120ST,13,261,District-Mon,Total,0-4,359,188,171,39,21,18,151,87,64,5,4,1,16,9,7,5,2,3,1,1,0,135,60,75,7,4,3
C5120ST,13,261,District-Mon,Total,5-9,440,225,215,56,27,29,145,73,72,19,11,8,23,16,7,7,1,6,8,3,5,165,88,77,17,6,11
C5120ST,13,261,District-Mon,Total,10-19,1121,602,519,152,79,73,399,213,186,65,35,30,61,34,27,25,19,6,15,11,4,348,183,165,56,28,28
C5120ST,13,261,District-Mon,Total,20-29,882,471,411,95,47,48,281,153,128,48,25,23,58,36,22,32,18,14,26,11,15,267,134,133,75,47,28
C5120ST,13,261,District-Mon,Total,30-39,571,297,274,82,52,30,171,90,81,46,23,23,59,36,23,21,9,12,12,8,4,141,62,79,39,17,22
C5120ST,13,261,District-Mon,Total,40-49,647,341,306,80,40,40,199,122,77,54,26,28,62,38,24,25,7,18,9,6,3,161,77,84,57,25,32
C5120ST,13,261,District-Mon,Total,50-59,514,311,203,75,39,36,188,122,66,40,22,18,46,31,15,14,11,3,9,4,5,93,53,40,49,29,20
C5120ST,13,261,District-Mon,Total,60-69,484,277,207,97,56,41,203,104,99,18,14,4,48,33,15,10,6,4,6,3,3,63,42,21,39,19,20
C5120ST,13,261,District-Mon,Total,70-79,366,185,181,64,33,31,151,77,74,4,2,2,45,24,21,8,2,6,3,1,2,40,20,20,51,26,25
C5120ST,13,261,District-Mon,Total,80-89,143,80,63,22,14,8,50,29,21,0,0,0,20,11,9,1,0,1,2,1,1,18,10,8,30,15,15
C5120ST,13,261,District-Mon,Total,90+,54,32,22,7,4,3,13,7,6,0,0,0,12,8,4,0,0,0,0,0,0,5,3,2,17,10,7
C5120ST,13,261,District-Mon,Total,Age Not Stated,22,16,6,1,0,1,13,11,2,0,0,0,1,0,1,1,1,0,0,0,0,5,3,2,1,1,0
C5120ST,13,261,District-Mon,Rural,Total,5058,2725,2333,679,369,310,1788,988,800,272,147,125,408,245,163,136,67,69,83,46,37,1273,646,627,419,217,202
C5120ST,13,261,District-Mon,Rural,0-4,319,169,150,34,18,16,135,83,52,4,3,1,14,7,7,3,0,3,1,1,0,122,53,69,6,4,2
C5120ST,13,261,District-Mon,Rural,5-9,381,195,186,48,23,25,125,64,61,18,11,7,21,14,7,7,1,6,8,3,5,139,74,65,15,5,10
C5120ST,13,261,District-Mon,Rural,10-19,961,517,444,122,68,54,344,182,162,57,29,28,54,31,23,23,18,5,15,11,4,292,151,141,54,27,27
C5120ST,13,261,District-Mon,Rural,20-29,793,422,371,86,42,44,259,140,119,45,24,21,51,31,20,28,15,13,21,9,12,235,118,117,68,43,25
C5120ST,13,261,District-Mon,Rural,30-39,514,266,248,69,45,24,155,81,74,41,21,20,54,31,23,20,9,11,11,8,3,126,55,71,38,16,22
C5120ST,13,261,District-Mon,Rural,40-49,597,315,282,70,36,34,188,115,73,50,24,26,52,32,20,24,7,17,8,5,3,150,72,78,55,24,31
C5120ST,13,261,District-Mon,Rural,50-59,469,279,190,70,37,33,170,108,62,38,21,17,40,26,14,12,9,3,9,4,5,82,46,36,48,28,20
C5120ST,13,261,District-Mon,Rural,60-69,461,258,203,90,50,40,194,97,97,16,13,3,46,31,15,9,5,4,6,3,3,62,41,21,38,18,20
C5120ST,13,261,District-Mon,Rural,70-79,357,180,177,63,33,30,145,73,72,3,1,2,44,24,20,8,2,6,3,1,2,40,20,20,51,26,25
C5120ST,13,261,District-Mon,Rural,80-89,135,77,58,20,13,7,49,28,21,0,0,0,19,10,9,1,0,1,1,1,0,15,10,5,30,15,15
C5120ST,13,261,District-Mon,Rural,90+,50,31,19,6,4,2,12,6,6,0,0,0,12,8,4,0,0,0,0,0,0,5,3,2,15,10,5
C5120ST,13,261,District-Mon,Rural,Age Not Stated,21,16,5,1,0,1,12,11,1,0,0,0,1,0,1,1,1,0,0,0,0,5,3,2,1,1,0
C5120ST,13,261,District-Mon,Urban,Total,545,300,245,91,43,48,176,100,76,27,15,12,43,31,12,13,9,4,8,3,5,168,89,79,19,10,9
C5120ST,13,261,District-Mon,Urban,0-4,40,19,21,5,3,2,16,4,12,1,1,0,2,2,0,2,2,0,0,0,0,13,7,6,1,0,1
C5120ST,13,261,District-Mon,Urban,5-9,59,30,29,8,4,4,20,9,11,1,0,1,2,2,0,0,0,0,0,0,0,26,14,12,2,1,1
C5120ST,13,261,District-Mon,Urban,10-19,160,85,75,30,11,19,55,31,24,8,6,2,7,3,4,2,1,1,0,0,0,56,32,24,2,1,1
C5120ST,13,261,District-Mon,Urban,20-29,89,49,40,9,5,4,22,13,9,3,1,2,7,5,2,4,3,1,5,2,3,32,16,16,7,4,3
C5120ST,13,261,District-Mon,Urban,30-39,57,31,26,13,7,6,16,9,7,5,2,3,5,5,0,1,0,1,1,0,1,15,7,8,1,1,0
C5120ST,13,261,District-Mon,Urban,40-49,50,26,24,10,4,6,11,7,4,4,2,2,10,6,4,1,0,1,1,1,0,11,5,6,2,1,1
C5120ST,13,261,District-Mon,Urban,50-59,45,32,13,5,2,3,18,14,4,2,1,1,6,5,1,2,2,0,0,0,0,11,7,4,1,1,0
C5120ST,13,261,District-Mon,Urban,60-69,23,19,4,7,6,1,9,7,2,2,1,1,2,2,0,1,1,0,0,0,0,1,1,0,1,1,0
C5120ST,13,261,District-Mon,Urban,70-79,9,5,4,1,0,1,6,4,2,1,1,0,1,0,1,0,0,0,0,0,0,0,0,0,0,0,0
C5120ST,13,261,District-Mon,Urban,80-89,8,3,5,2,1,1,1,1,0,0,0,0,1,1,0,0,0,0,1,0,1,3,0,3,0,0,0
C5120ST,13,261,District-Mon,Urban,90+,4,1,3,1,0,1,1,1,0,0,0,0,0,0,0,0,0,0,0,0,0,0,0,0,2,0,2
C5120ST,13,261,District-Mon,Urban,Age Not Stated,1,0,1,0,0,0,1,0,1,0,0,0,0,0,0,0,0,0,0,0,0,0,0,0,0,0,0
C5120ST,13,262,District-Mokokchung,Total,Total,2599,1432,1167,303,146,157,793,450,343,211,138,73,413,237,176,142,70,72,153,92,61,285,148,137,299,151,148
C5120ST,13,262,District-Mokokchung,Total,0-4,58,41,17,6,2,4,16,11,5,2,2,0,5,3,2,2,2,0,0,0,0,17,14,3,10,7,3
C5120ST,13,262,District-Mokokchung,Total,5-9,106,61,45,8,4,4,23,11,12,22,14,8,9,5,4,4,1,3,2,1,1,15,6,9,23,19,4
C5120ST,13,262,District-Mokokchung,Total,10-19,270,152,118,39,21,18,63,30,33,30,23,7,23,13,10,19,11,8,11,7,4,62,31,31,23,16,7
C5120ST,13,262,District-Mokokchung,Total,20-29,290,171,119,31,10,21,46,31,15,30,25,5,47,27,20,25,12,13,34,26,8,44,21,23,33,19,14
C5120ST,13,262,District-Mokokchung,Total,30-39,296,158,138,27,16,11,57,32,25,38,17,21,32,21,11,35,15,20,48,28,20,33,18,15,26,11,15
C5120ST,13,262,District-Mokokchung,Total,40-49,301,176,125,24,15,9,62,30,32,32,20,12,51,38,13,29,17,12,24,14,10,38,24,14,41,18,23
C5120ST,13,262,District-Mokokchung,Total,50-59,264,141,123,34,19,15,69,37,32,26,17,9,47,27,20,17,7,10,13,7,6,30,13,17,28,14,14
C5120ST,13,262,District-Mokokchung,Total,60-69,246,135,111,35,17,18,84,48,36,15,8,7,56,35,21,6,2,4,8,3,5,16,9,7,26,13,13
C5120ST,13,262,District-Mokokchung,Total,70-79,346,169,177,44,20,24,148,78,70,12,10,2,82,37,45,4,3,1,7,2,5,14,8,6,35,11,24
C5120ST,13,262,District-Mokokchung,Total,80-89,299,165,134,39,18,21,162,105,57,3,1,2,41,22,19,1,0,1,5,3,2,15,4,11,33,12,21
C5120ST,13,262,District-Mokokchung,Total,90+,118,59,59,15,3,12,63,37,26,1,1,0,17,7,10,0,0,0,0,0,0,1,0,1,21,11,10
C5120ST,13,262,District-Mokokchung,Total,Age Not Stated,5,4,1,1,1,0,0,0,0,0,0,0,3,2,1,0,0,0,1,1,0,0,0,0,0,0,0
C5120ST,13,262,District-Mokokchung,Rural,Total,1977,1114,863,227,116,111,612,358,254,169,111,58,319,181,138,103,53,50,113,65,48,205,109,96,229,121,108
C5120ST,13,262,District-Mokokchung,Rural,0-4,42,30,12,3,2,1,12,7,5,2,2,0,2,1,1,1,1,0,0,0,0,14,12,2,8,5,3
C5120ST,13,262,District-Mokokchung,Rural,5-9,80,50,30,7,4,3,16,8,8,16,11,5,6,3,3,2,1,1,2,1,1,10,4,6,21,18,3
C5120ST,13,262,District-Mokokchung,Rural,10-19,198,120,78,29,17,12,47,27,20,27,20,7,13,8,5,14,9,5,9,5,4,42,21,21,17,13,4
C5120ST,13,262,District-Mokokchung,Rural,20-29,215,130,85,27,10,17,33,24,9,24,20,4,36,21,15,17,8,9,22,16,6,30,17,13,26,14,12
C5120ST,13,262,District-Mokokchung,Rural,30-39,219,118,101,23,14,9,39,21,18,29,12,17,24,17,7,28,11,17,34,19,15,26,16,10,16,8,8
C5120ST,13,262,District-Mokokchung,Rural,40-49,232,135,97,21,14,7,47,24,23,28,17,11,39,27,12,18,11,7,17,9,8,26,17,9,36,16,20
C5120ST,13,262,District-Mokokchung,Rural,50-59,191,105,86,20,11,9,55,32,23,18,13,5,33,17,16,15,7,8,12,7,5,19,7,12,19,11,8
C5120ST,13,262,District-Mokokchung,Rural,60-69,192,104,88,24,11,13,68,38,30,11,5,6,42,27,15,5,2,3,6,3,3,14,7,7,22,11,11
C5120ST,13,262,District-Mokokchung,Rural,70-79,275,139,136,31,17,14,121,63,58,12,10,2,68,31,37,3,3,0,7,2,5,9,5,4,24,8,16
C5120ST,13,262,District-Mokokchung,Rural,80-89,240,134,106,30,13,17,127,84,43,2,1,1,37,20,17,0,0,0,4,3,1,14,3,11,26,10,16
C5120ST,13,262,District-Mokokchung,Rural,90+,89,46,43,11,2,9,47,30,17,0,0,0,16,7,9,0,0,0,0,0,0,1,0,1,14,7,7
C5120ST,13,262,District-Mokokchung,Rural,Age Not Stated,4,3,1,1,1,0,0,0,0,0,0,0,3,2,1,0,0,0,0,0,0,0,0,0,0,0,0
C5120ST,13,262,District-Mokokchung,Urban,Total,622,318,304,76,30,46,181,92,89,42,27,15,94,56,38,39,17,22,40,27,13,80,39,41,70,30,40
C5120ST,13,262,District-Mokokchung,Urban,0-4,16,11,5,3,0,3,4,4,0,0,0,0,3,2,1,1,1,0,0,0,0,3,2,1,2,2,0
C5120ST,13,262,District-Mokokchung,Urban,5-9,26,11,15,1,0,1,7,3,4,6,3,3,3,2,1,2,0,2,0,0,0,5,2,3,2,1,1
C5120ST,13,262,District-Mokokchung,Urban,10-19,72,32,40,10,4,6,16,3,13,3,3,0,10,5,5,5,2,3,2,2,0,20,10,10,6,3,3
C5120ST,13,262,District-Mokokchung,Urban,20-29,75,41,34,4,0,4,13,7,6,6,5,1,11,6,5,8,4,4,12,10,2,14,4,10,7,5,2
C5120ST,13,262,District-Mokokchung,Urban,30-39,77,40,37,4,2,2,18,11,7,9,5,4,8,4,4,7,4,3,14,9,5,7,2,5,10,3,7
C5120ST,13,262,District-Mokokchung,Urban,40-49,69,41,28,3,1,2,15,6,9,4,3,1,12,11,1,11,6,5,7,5,2,12,7,5,5,2,3
C5120ST,13,262,District-Mokokchung,Urban,50-59,73,36,37,14,8,6,14,5,9,8,4,4,14,10,4,2,0,2,1,0,1,11,6,5,9,3,6
C5120ST,13,262,District-Mokokchung,Urban,60-69,54,31,23,11,6,5,16,10,6,4,3,1,14,8,6,1,0,1,2,0,2,2,2,0,4,2,2
C5120ST,13,262,District-Mokokchung,Urban,70-79,71,30,41,13,3,10,27,15,12,0,0,0,14,6,8,1,0,1,0,0,0,5,3,2,11,3,8
C5120ST,13,262,District-Mokokchung,Urban,80-89,59,31,28,9,5,4,35,21,14,1,0,1,4,2,2,1,0,1,1,0,1,1,1,0,7,2,5
C5120ST,13,262,District-Mokokchung,Urban,90+,29,13,16,4,1,3,16,7,9,1,1,0,1,0,1,0,0,0,0,0,0,0,0,0,7,4,3
C5120ST,13,262,District-Mokokchung,Urban,Age Not Stated,1,1,0,0,0,0,0,0,0,0,0,0,0,0,0,0,0,0,1,1,0,0,0,0,0,0,0
C5120ST,13,263,District-Zunheboto,Total,Total,2492,1289,1203,305,152,153,829,434,395,219,115,104,291,138,153,118,64,54,106,59,47,272,135,137,352,192,160
C5120ST,13,263,District-Zunheboto,Total,0-4,68,36,32,6,2,4,41,21,20,0,0,0,2,2,0,2,2,0,0,0,0,12,6,6,5,3,2
C5120ST,13,263,District-Zunheboto,Total,5-9,125,69,56,20,12,8,38,20,18,17,7,10,9,5,4,5,4,1,2,2,0,21,12,9,13,7,6
C5120ST,13,263,District-Zunheboto,Total,10-19,330,171,159,41,22,19,93,49,44,38,19,19,37,18,19,18,8,10,10,5,5,49,25,24,44,25,19
C5120ST,13,263,District-Zunheboto,Total,20-29,331,175,156,39,20,19,102,47,55,30,15,15,53,26,27,23,15,8,15,10,5,33,19,14,36,23,13
C5120ST,13,263,District-Zunheboto,Total,30-39,276,147,129,24,15,9,85,44,41,29,16,13,35,14,21,16,8,8,26,17,9,34,16,18,27,17,10
C5120ST,13,263,District-Zunheboto,Total,40-49,343,199,144,27,18,9,116,71,45,39,21,18,34,20,14,20,11,9,30,12,18,30,16,14,47,30,17
C5120ST,13,263,District-Zunheboto,Total,50-59,298,148,150,38,20,18,97,44,53,31,21,10,26,13,13,25,14,11,10,4,6,24,12,12,47,20,27
C5120ST,13,263,District-Zunheboto,Total,60-69,332,142,190,43,14,29,130,59,71,26,12,14,38,15,23,8,2,6,9,6,3,37,16,21,41,18,23
C5120ST,13,263,District-Zunheboto,Total,70-79,245,126,119,45,19,26,80,49,31,7,4,3,33,14,19,0,0,0,1,1,0,27,12,15,52,27,25
C5120ST,13,263,District-Zunheboto,Total,80-89,102,55,47,14,6,8,34,23,11,2,0,2,21,9,12,1,0,1,2,1,1,4,1,3,24,15,9
C5120ST,13,263,District-Zunheboto,Total,90+,42,21,21,8,4,4,13,7,6,0,0,0,3,2,1,0,0,0,1,1,0,1,0,1,16,7,9
C5120ST,13,263,District-Zunheboto,Total,Age Not Stated,0,0,0,0,0,0,0,0,0,0,0,0,0,0,0,0,0,0,0,0,0,0,0,0,0,0,0
C5120ST,13,263,District-Zunheboto,Rural,Total,2309,1181,1128,273,132,141,779,408,371,201,106,95,271,120,151,105,58,47,94,53,41,248,119,129,338,185,153
C5120ST,13,263,District-Zunheboto,Rural,0-4,63,33,30,6,2,4,38,20,18,0,0,0,1,1,0,2,2,0,0,0,0,11,5,6,5,3,2
C5120ST,13,263,District-Zunheboto,Rural,5-9,111,61,50,17,10,7,35,19,16,13,5,8,8,4,4,4,4,0,2,2,0,19,10,9,13,7,6
C5120ST,13,263,District-Zunheboto,Rural,10-19,287,147,140,35,19,16,79,41,38,33,16,17,35,16,19,15,6,9,9,5,4,41,20,21,40,24,16
C5120ST,13,263,District-Zunheboto,Rural,20-29,303,155,148,33,14,19,93,42,51,28,14,14,51,24,27,20,13,7,15,10,5,30,17,13,33,21,12
C5120ST,13,263,District-Zunheboto,Rural,30-39,256,136,120,21,14,7,82,43,39,28,16,12,32,12,20,14,7,7,23,14,9,30,13,17,26,17,9
C5120ST,13,263,District-Zunheboto,Rural,40-49,311,180,131,23,16,7,107,65,42,36,20,16,27,13,14,18,10,8,25,11,14,28,15,13,47,30,17
C5120ST,13,263,District-Zunheboto,Rural,50-59,283,141,142,35,18,17,94,43,51,29,20,9,25,12,13,24,14,10,10,4,6,23,12,11,43,18,25
C5120ST,13,263,District-Zunheboto,Rural,60-69,318,132,186,40,12,28,129,58,71,25,11,14,35,13,22,8,2,6,7,5,2,34,14,20,40,17,23
C5120ST,13,263,District-Zunheboto,Rural,70-79,239,122,117,43,17,26,77,48,29,7,4,3,33,14,19,0,0,0,0,0,0,27,12,15,52,27,25
C5120ST,13,263,District-Zunheboto,Rural,80-89,98,54,44,13,6,7,33,23,10,2,0,2,21,9,12,0,0,0,2,1,1,4,1,3,23,14,9
C5120ST,13,263,District-Zunheboto,Rural,90+,40,20,20,7,4,3,12,6,6,0,0,0,3,2,1,0,0,0,1,1,0,1,0,1,16,7,9
C5120ST,13,263,District-Zunheboto,Rural,Age Not Stated,0,0,0,0,0,0,0,0,0,0,0,0,0,0,0,0,0,0,0,0,0,0,0,0,0,0,0
C5120ST,13,263,District-Zunheboto,Urban,Total,183,108,75,32,20,12,50,26,24,18,9,9,20,18,2,13,6,7,12,6,6,24,16,8,14,7,7
C5120ST,13,263,District-Zunheboto,Urban,0-4,5,3,2,0,0,0,3,1,2,0,0,0,1,1,0,0,0,0,0,0,0,1,1,0,0,0,0
C5120ST,13,263,District-Zunheboto,Urban,5-9,14,8,6,3,2,1,3,1,2,4,2,2,1,1,0,1,0,1,0,0,0,2,2,0,0,0,0
C5120ST,13,263,District-Zunheboto,Urban,10-19,43,24,19,6,3,3,14,8,6,5,3,2,2,2,0,3,2,1,1,0,1,8,5,3,4,1,3
C5120ST,13,263,District-Zunheboto,Urban,20-29,28,20,8,6,6,0,9,5,4,2,1,1,2,2,0,3,2,1,0,0,0,3,2,1,3,2,1
C5120ST,13,263,District-Zunheboto,Urban,30-39,20,11,9,3,1,2,3,1,2,1,0,1,3,2,1,2,1,1,3,3,0,4,3,1,1,0,1
C5120ST,13,263,District-Zunheboto,Urban,40-49,32,19,13,4,2,2,9,6,3,3,1,2,7,7,0,2,1,1,5,1,4,2,1,1,0,0,0
C5120ST,13,263,District-Zunheboto,Urban,50-59,15,7,8,3,2,1,3,1,2,2,1,1,1,1,0,1,0,1,0,0,0,1,0,1,4,2,2
C5120ST,13,263,District-Zunheboto,Urban,60-69,14,10,4,3,2,1,1,1,0,1,1,0,3,2,1,0,0,0,2,1,1,3,2,1,1,1,0
C5120ST,13,263,District-Zunheboto,Urban,70-79,6,4,2,2,2,0,3,1,2,0,0,0,0,0,0,0,0,0,1,1,0,0,0,0,0,0,0
C5120ST,13,263,District-Zunheboto,Urban,80-89,4,1,3,1,0,1,1,0,1,0,0,0,0,0,0,1,0,1,0,0,0,0,0,0,1,1,0
C5120ST,13,263,District-Zunheboto,Urban,90+,2,1,1,1,0,1,1,1,0,0,0,0,0,0,0,0,0,0,0,0,0,0,0,0,0,0,0
C5120ST,13,263,District-Zunheboto,Urban,Age Not Stated,0,0,0,0,0,0,0,0,0,0,0,0,0,0,0,0,0,0,0,0,0,0,0,0,0,0,0
C5120ST,13,264,District-Wokha,Total,Total,1983,1051,932,241,118,123,612,313,299,143,73,70,313,185,128,85,42,43,67,38,29,272,152,120,250,130,120
C5120ST,13,264,District-Wokha,Total,0-4,44,19,25,2,1,1,13,3,10,2,2,0,4,2,2,3,2,1,1,1,0,15,8,7,4,0,4
C5120ST,13,264,District-Wokha,Total,5-9,128,78,50,8,3,5,40,20,20,19,11,8,7,6,1,6,4,2,2,2,0,31,24,7,15,8,7
C5120ST,13,264,District-Wokha,Total,10-19,332,178,154,26,14,12,93,51,42,33,15,18,63,40,23,19,6,13,12,5,7,53,26,27,33,21,12
C5120ST,13,264,District-Wokha,Total,20-29,314,160,154,35,16,19,66,29,37,27,12,15,62,35,27,20,10,10,14,8,6,46,25,21,44,25,19
C5120ST,13,264,District-Wokha,Total,30-39,223,118,105,16,9,7,54,29,25,30,15,15,36,22,14,13,7,6,17,11,6,36,18,18,21,7,14
C5120ST,13,264,District-Wokha,Total,40-49,209,117,92,21,10,11,75,39,36,15,7,8,33,23,10,11,8,3,14,7,7,30,18,12,10,5,5
C5120ST,13,264,District-Wokha,Total,50-59,176,81,95,25,13,12,62,25,37,5,2,3,32,19,13,7,2,5,2,2,0,27,11,16,16,7,9
C5120ST,13,264,District-Wokha,Total,60-69,209,108,101,40,20,20,75,39,36,8,6,2,34,13,21,4,1,3,4,1,3,21,12,9,23,16,7
C5120ST,13,264,District-Wokha,Total,70-79,181,95,86,41,21,20,71,37,34,3,2,1,24,14,10,2,2,0,1,1,0,9,6,3,30,12,18
C5120ST,13,264,District-Wokha,Total,80-89,128,69,59,24,9,15,51,32,19,1,1,0,14,8,6,0,0,0,0,0,0,2,2,0,36,17,19
C5120ST,13,264,District-Wokha,Total,90+,38,27,11,3,2,1,12,9,3,0,0,0,3,2,1,0,0,0,0,0,0,2,2,0,18,12,6
C5120ST,13,264,District-Wokha,Total,Age Not Stated,1,1,0,0,0,0,0,0,0,0,0,0,1,1,0,0,0,0,0,0,0,0,0,0,0,0,0
C5120ST,13,264,District-Wokha,Rural,Total,1727,910,817,217,105,112,521,267,254,126,63,63,282,166,116,69,35,34,51,29,22,237,134,103,224,111,113
C5120ST,13,264,District-Wokha,Rural,0-4,34,14,20,2,1,1,7,0,7,2,2,0,3,1,2,1,1,0,1,1,0,14,8,6,4,0,4
C5120ST,13,264,District-Wokha,Rural,5-9,105,65,40,5,2,3,29,14,15,17,9,8,7,6,1,4,3,1,1,1,0,29,22,7,13,8,5
C5120ST,13,264,District-Wokha,Rural,10-19,289,162,127,25,13,12,79,48,31,29,14,15,57,37,20,17,6,11,10,3,7,44,24,20,28,17,11
C5120ST,13,264,District-Wokha,Rural,20-29,264,132,132,32,16,16,55,24,31,21,9,12,55,30,25,14,6,8,12,8,4,34,16,18,41,23,18
C5120ST,13,264,District-Wokha,Rural,30-39,187,95,92,14,7,7,43,25,18,26,11,15,34,20,14,12,7,5,13,8,5,29,14,15,16,3,13
C5120ST,13,264,District-Wokha,Rural,40-49,186,105,81,19,9,10,66,33,33,15,7,8,31,22,9,9,7,2,10,5,5,27,18,9,9,4,5
C5120ST,13,264,District-Wokha,Rural,50-59,158,70,88,21,10,11,54,21,33,4,2,2,27,15,12,7,2,5,2,2,0,27,11,16,16,7,9
C5120ST,13,264,District-Wokha,Rural,60-69,187,95,92,36,17,19,67,34,33,8,6,2,29,10,19,3,1,2,2,1,1,20,11,9,22,15,7
C5120ST,13,264,District-Wokha,Rural,70-79,168,86,82,38,19,19,66,32,34,3,2,1,23,14,9,2,2,0,0,0,0,9,6,3,27,11,16
C5120ST,13,264,District-Wokha,Rural,80-89,113,60,53,22,9,13,44,27,17,1,1,0,12,8,4,0,0,0,0,0,0,2,2,0,32,13,19
C5120ST,13,264,District-Wokha,Rural,90+,35,25,10,3,2,1,11,9,2,0,0,0,3,2,1,0,0,0,0,0,0,2,2,0,16,10,6
C5120ST,13,264,District-Wokha,Rural,Age Not Stated,1,1,0,0,0,0,0,0,0,0,0,0,1,1,0,0,0,0,0,0,0,0,0,0,0,0,0
C5120ST,13,264,District-Wokha,Urban,Total,256,141,115,24,13,11,91,46,45,17,10,7,31,19,12,16,7,9,16,9,7,35,18,17,26,19,7
C5120ST,13,264,District-Wokha,Urban,0-4,10,5,5,0,0,0,6,3,3,0,0,0,1,1,0,2,1,1,0,0,0,1,0,1,0,0,0
C5120ST,13,264,District-Wokha,Urban,5-9,23,13,10,3,1,2,11,6,5,2,2,0,0,0,0,2,1,1,1,1,0,2,2,0,2,0,2
C5120ST,13,264,District-Wokha,Urban,10-19,43,16,27,1,1,0,14,3,11,4,1,3,6,3,3,2,0,2,2,2,0,9,2,7,5,4,1
C5120ST,13,264,District-Wokha,Urban,20-29,50,28,22,3,0,3,11,5,6,6,3,3,7,5,2,6,4,2,2,0,2,12,9,3,3,2,1
C5120ST,13,264,District-Wokha,Urban,30-39,36,23,13,2,2,0,11,4,7,4,4,0,2,2,0,1,0,1,4,3,1,7,4,3,5,4,1
C5120ST,13,264,District-Wokha,Urban,40-49,23,12,11,2,1,1,9,6,3,0,0,0,2,1,1,2,1,1,4,2,2,3,0,3,1,1,0
C5120ST,13,264,District-Wokha,Urban,50-59,18,11,7,4,3,1,8,4,4,1,0,1,5,4,1,0,0,0,0,0,0,0,0,0,0,0,0
C5120ST,13,264,District-Wokha,Urban,60-69,22,13,9,4,3,1,8,5,3,0,0,0,5,3,2,1,0,1,2,0,2,1,1,0,1,1,0
C5120ST,13,264,District-Wokha,Urban,70-79,13,9,4,3,2,1,5,5,0,0,0,0,1,0,1,0,0,0,1,1,0,0,0,0,3,1,2
C5120ST,13,264,District-Wokha,Urban,80-89,15,9,6,2,0,2,7,5,2,0,0,0,2,0,2,0,0,0,0,0,0,0,0,0,4,4,0
C5120ST,13,264,District-Wokha,Urban,90+,3,2,1,0,0,0,1,0,1,0,0,0,0,0,0,0,0,0,0,0,0,0,0,0,2,2,0
C5120ST,13,264,District-Wokha,Urban,Age Not Stated,0,0,0,0,0,0,0,0,0,0,0,0,0,0,0,0,0,0,0,0,0,0,0,0,0,0,0
C5120ST,13,265,District-Dimapur ,Total,Total,2548,1346,1202,523,250,273,593,323,270,185,98,87,371,217,154,130,69,61,85,42,43,391,195,196,270,152,118
C5120ST,13,265,District-Dimapur ,Total,0-4,101,49,52,20,7,13,23,14,9,3,1,2,8,3,5,6,4,2,0,0,0,31,15,16,10,5,5
C5120ST,13,265,District-Dimapur ,Total,5-9,182,95,87,31,18,13,35,18,17,20,12,8,25,12,13,10,6,4,4,2,2,28,13,15,29,14,15
C5120ST,13,265,District-Dimapur ,Total,10-19,423,230,193,75,44,31,74,37,37,51,23,28,55,32,23,26,13,13,7,2,5,84,46,38,51,33,18
C5120ST,13,265,District-Dimapur ,Total,20-29,422,207,215,65,28,37,89,40,49,42,21,21,70,38,32,26,11,15,25,13,12,74,37,37,31,19,12
C5120ST,13,265,District-Dimapur ,Total,30-39,299,166,133,49,28,21,53,30,23,31,15,16,43,31,12,24,13,11,16,10,6,61,24,37,22,15,7
C5120ST,13,265,District-Dimapur ,Total,40-49,292,166,126,57,27,30,76,46,30,17,14,3,45,31,14,17,11,6,17,8,9,45,21,24,18,8,10
C5120ST,13,265,District-Dimapur ,Total,50-59,255,141,114,84,40,44,57,34,23,12,8,4,48,26,22,5,3,2,7,3,4,27,16,11,15,11,4
C5120ST,13,265,District-Dimapur ,Total,60-69,228,122,106,65,31,34,63,31,32,4,3,1,38,22,16,10,6,4,5,3,2,21,17,4,22,9,13
C5120ST,13,265,District-Dimapur ,Total,70-79,182,85,97,41,11,30,62,35,27,4,1,3,23,15,8,3,1,2,3,1,2,12,4,8,34,17,17
C5120ST,13,265,District-Dimapur ,Total,80-89,121,63,58,29,12,17,46,29,17,1,0,1,12,6,6,2,0,2,1,0,1,4,1,3,26,15,11
C5120ST,13,265,District-Dimapur ,Total,90+,40,20,20,7,4,3,13,8,5,0,0,0,4,1,3,1,1,0,0,0,0,3,0,3,12,6,6
C5120ST,13,265,District-Dimapur ,Total,Age Not Stated,3,2,1,0,0,0,2,1,1,0,0,0,0,0,0,0,0,0,0,0,0,1,1,0,0,0,0
C5120ST,13,265,District-Dimapur ,Rural,Total,1590,838,752,311,151,160,393,220,173,120,65,55,244,139,105,83,39,44,65,29,36,186,88,98,188,107,81
C5120ST,13,265,District-Dimapur ,Rural,0-4,56,30,26,7,4,3,11,9,2,3,1,2,6,3,3,4,3,1,0,0,0,19,7,12,6,3,3
C5120ST,13,265,District-Dimapur ,Rural,5-9,123,59,64,20,11,9,22,11,11,15,10,5,22,10,12,7,3,4,3,1,2,11,3,8,23,10,13
C5120ST,13,265,District-Dimapur ,Rural,10-19,266,143,123,48,26,22,40,20,20,38,18,20,40,23,17,17,7,10,6,2,4,43,24,19,34,23,11
C5120ST,13,265,District-Dimapur ,Rural,20-29,231,114,117,29,11,18,56,26,30,24,13,11,42,20,22,14,6,8,14,6,8,26,15,11,26,17,9
C5120ST,13,265,District-Dimapur ,Rural,30-39,158,91,67,22,11,11,28,19,9,17,7,10,20,16,4,18,10,8,14,8,6,27,11,16,12,9,3
C5120ST,13,265,District-Dimapur ,Rural,40-49,175,100,75,33,19,14,45,27,18,9,7,2,30,22,8,10,4,6,13,6,7,23,9,14,12,6,6
C5120ST,13,265,District-Dimapur ,Rural,50-59,171,97,74,53,27,26,44,28,16,9,6,3,32,17,15,4,3,1,6,2,4,11,6,5,12,8,4
C5120ST,13,265,District-Dimapur ,Rural,60-69,152,79,73,39,22,17,52,24,28,3,2,1,20,10,10,5,2,3,5,3,2,11,9,2,17,7,10
C5120ST,13,265,District-Dimapur ,Rural,70-79,131,63,68,28,6,22,48,29,19,2,1,1,19,13,6,3,1,2,3,1,2,9,3,6,19,9,10
C5120ST,13,265,District-Dimapur ,Rural,80-89,93,46,47,26,11,15,35,20,15,0,0,0,9,4,5,1,0,1,1,0,1,3,1,2,18,10,8
C5120ST,13,265,District-Dimapur ,Rural,90+,32,15,17,6,3,3,10,6,4,0,0,0,4,1,3,0,0,0,0,0,0,3,0,3,9,5,4
C5120ST,13,265,District-Dimapur ,Rural,Age Not Stated,2,1,1,0,0,0,2,1,1,0,0,0,0,0,0,0,0,0,0,0,0,0,0,0,0,0,0
C5120ST,13,265,District-Dimapur ,Urban,Total,958,508,450,212,99,113,200,103,97,65,33,32,127,78,49,47,30,17,20,13,7,205,107,98,82,45,37
C5120ST,13,265,District-Dimapur ,Urban,0-4,45,19,26,13,3,10,12,5,7,0,0,0,2,0,2,2,1,1,0,0,0,12,8,4,4,2,2
C5120ST,13,265,District-Dimapur ,Urban,5-9,59,36,23,11,7,4,13,7,6,5,2,3,3,2,1,3,3,0,1,1,0,17,10,7,6,4,2
C5120ST,13,265,District-Dimapur ,Urban,10-19,157,87,70,27,18,9,34,17,17,13,5,8,15,9,6,9,6,3,1,0,1,41,22,19,17,10,7
C5120ST,13,265,District-Dimapur ,Urban,20-29,191,93,98,36,17,19,33,14,19,18,8,10,28,18,10,12,5,7,11,7,4,48,22,26,5,2,3
C5120ST,13,265,District-Dimapur ,Urban,30-39,141,75,66,27,17,10,25,11,14,14,8,6,23,15,8,6,3,3,2,2,0,34,13,21,10,6,4
C5120ST,13,265,District-Dimapur ,Urban,40-49,117,66,51,24,8,16,31,19,12,8,7,1,15,9,6,7,7,0,4,2,2,22,12,10,6,2,4
C5120ST,13,265,District-Dimapur ,Urban,50-59,84,44,40,31,13,18,13,6,7,3,2,1,16,9,7,1,0,1,1,1,0,16,10,6,3,3,0
C5120ST,13,265,District-Dimapur ,Urban,60-69,76,43,33,26,9,17,11,7,4,1,1,0,18,12,6,5,4,1,0,0,0,10,8,2,5,2,3
C5120ST,13,265,District-Dimapur ,Urban,70-79,51,22,29,13,5,8,14,6,8,2,0,2,4,2,2,0,0,0,0,0,0,3,1,2,15,8,7
C5120ST,13,265,District-Dimapur ,Urban,80-89,28,17,11,3,1,2,11,9,2,1,0,1,3,2,1,1,0,1,0,0,0,1,0,1,8,5,3
C5120ST,13,265,District-Dimapur ,Urban,90+,8,5,3,1,1,0,3,2,1,0,0,0,0,0,0,1,1,0,0,0,0,0,0,0,3,1,2
C5120ST,13,265,District-Dimapur ,Urban,Age Not Stated,1,1,0,0,0,0,0,0,0,0,0,0,0,0,0,0,0,0,0,0,0,1,1,0,0,0,0
C5120ST,13,266,District-Phek,Total,Total,2297,1274,1023,309,150,159,571,338,233,213,118,95,326,203,123,111,61,50,130,72,58,252,131,121,385,201,184
C5120ST,13,266,District-Phek,Total,0-4,44,28,16,6,2,4,10,6,4,1,1,0,3,2,1,1,1,0,1,1,0,12,10,2,10,5,5
C5120ST,13,266,District-Phek,Total,5-9,151,85,66,19,8,11,23,14,9,23,14,9,16,9,7,5,3,2,3,1,2,19,13,6,43,23,20
C5120ST,13,266,District-Phek,Total,10-19,295,159,136,40,22,18,48,27,21,43,22,21,41,31,10,11,5,6,22,11,11,39,19,20,51,22,29
C5120ST,13,266,District-Phek,Total,20-29,278,159,119,25,16,9,52,28,24,27,17,10,33,24,9,30,14,16,23,10,13,40,19,21,48,31,17
C5120ST,13,266,District-Phek,Total,30-39,273,164,109,25,15,10,58,37,21,24,11,13,51,31,20,20,10,10,31,25,6,28,15,13,36,20,16
C5120ST,13,266,District-Phek,Total,40-49,289,163,126,38,20,18,58,36,22,37,19,18,24,16,8,21,13,8,25,15,10,37,18,19,49,26,23
C5120ST,13,266,District-Phek,Total,50-59,262,152,110,32,19,13,73,42,31,33,21,12,46,24,22,10,9,1,15,7,8,24,17,7,29,13,16
C5120ST,13,266,District-Phek,Total,60-69,284,149,135,44,20,24,95,57,38,16,9,7,43,23,20,9,5,4,5,1,4,25,7,18,47,27,20
C5120ST,13,266,District-Phek,Total,70-79,255,128,127,39,13,26,99,55,44,7,3,4,49,32,17,4,1,3,3,0,3,18,10,8,36,14,22
C5120ST,13,266,District-Phek,Total,80-89,118,58,60,32,12,20,38,24,14,2,1,1,16,8,8,0,0,0,1,0,1,8,3,5,21,10,11
C5120ST,13,266,District-Phek,Total,90+,47,28,19,9,3,6,17,12,5,0,0,0,4,3,1,0,0,0,0,0,0,2,0,2,15,10,5
C5120ST,13,266,District-Phek,Total,Age Not Stated,1,1,0,0,0,0,0,0,0,0,0,0,0,0,0,0,0,0,1,1,0,0,0,0,0,0,0
C5120ST,13,266,District-Phek,Rural,Total,2105,1178,927,286,142,144,540,325,215,192,102,90,295,187,108,98,56,42,121,67,54,219,114,105,354,185,169
C5120ST,13,266,District-Phek,Rural,0-4,41,26,15,6,2,4,8,5,3,1,1,0,3,2,1,1,1,0,1,1,0,11,9,2,10,5,5
C5120ST,13,266,District-Phek,Rural,5-9,126,68,58,17,8,9,18,12,6,21,12,9,13,7,6,4,2,2,2,1,1,13,8,5,38,18,20
C5120ST,13,266,District-Phek,Rural,10-19,253,139,114,32,18,14,39,23,16,37,17,20,37,28,9,10,5,5,21,11,10,32,16,16,45,21,24
C5120ST,13,266,District-Phek,Rural,20-29,253,147,106,22,14,8,52,28,24,23,16,7,29,21,8,26,13,13,22,9,13,37,18,19,42,28,14
C5120ST,13,266,District-Phek,Rural,30-39,251,151,100,24,14,10,54,35,19,23,10,13,47,28,19,16,8,8,29,23,6,24,14,10,34,19,15
C5120ST,13,266,District-Phek,Rural,40-49,271,152,119,36,19,17,55,35,20,35,17,18,24,16,8,19,12,7,23,14,9,32,15,17,47,24,23
C5120ST,13,266,District-Phek,Rural,50-59,243,142,101,31,19,12,71,41,30,28,17,11,39,21,18,10,9,1,14,6,8,22,16,6,28,13,15
C5120ST,13,266,District-Phek,Rural,60-69,267,145,122,43,20,23,91,56,35,15,8,7,40,23,17,9,5,4,4,1,3,24,7,17,41,25,16
C5120ST,13,266,District-Phek,Rural,70-79,243,123,120,37,13,24,98,54,44,7,3,4,45,31,14,3,1,2,3,0,3,15,8,7,35,13,22
C5120ST,13,266,District-Phek,Rural,80-89,113,58,55,30,12,18,37,24,13,2,1,1,15,8,7,0,0,0,1,0,1,7,3,4,21,10,11
C5120ST,13,266,District-Phek,Rural,90+,43,26,17,8,3,5,17,12,5,0,0,0,3,2,1,0,0,0,0,0,0,2,0,2,13,9,4
C5120ST,13,266,District-Phek,Rural,Age Not Stated,1,1,0,0,0,0,0,0,0,0,0,0,0,0,0,0,0,0,1,1,0,0,0,0,0,0,0
C5120ST,13,266,District-Phek,Urban,Total,192,96,96,23,8,15,31,13,18,21,16,5,31,16,15,13,5,8,9,5,4,33,17,16,31,16,15
C5120ST,13,266,District-Phek,Urban,0-4,3,2,1,0,0,0,2,1,1,0,0,0,0,0,0,0,0,0,0,0,0,1,1,0,0,0,0
C5120ST,13,266,District-Phek,Urban,5-9,25,17,8,2,0,2,5,2,3,2,2,0,3,2,1,1,1,0,1,0,1,6,5,1,5,5,0
C5120ST,13,266,District-Phek,Urban,10-19,42,20,22,8,4,4,9,4,5,6,5,1,4,3,1,1,0,1,1,0,1,7,3,4,6,1,5
C5120ST,13,266,District-Phek,Urban,20-29,25,12,13,3,2,1,0,0,0,4,1,3,4,3,1,4,1,3,1,1,0,3,1,2,6,3,3
C5120ST,13,266,District-Phek,Urban,30-39,22,13,9,1,1,0,4,2,2,1,1,0,4,3,1,4,2,2,2,2,0,4,1,3,2,1,1
C5120ST,13,266,District-Phek,Urban,40-49,18,11,7,2,1,1,3,1,2,2,2,0,0,0,0,2,1,1,2,1,1,5,3,2,2,2,0
C5120ST,13,266,District-Phek,Urban,50-59,19,10,9,1,0,1,2,1,1,5,4,1,7,3,4,0,0,0,1,1,0,2,1,1,1,0,1
C5120ST,13,266,District-Phek,Urban,60-69,17,4,13,1,0,1,4,1,3,1,1,0,3,0,3,0,0,0,1,0,1,1,0,1,6,2,4
C5120ST,13,266,District-Phek,Urban,70-79,12,5,7,2,0,2,1,1,0,0,0,0,4,1,3,1,0,1,0,0,0,3,2,1,1,1,0
C5120ST,13,266,District-Phek,Urban,80-89,5,0,5,2,0,2,1,0,1,0,0,0,1,0,1,0,0,0,0,0,0,1,0,1,0,0,0
C5120ST,13,266,District-Phek,Urban,90+,4,2,2,1,0,1,0,0,0,0,0,0,1,1,0,0,0,0,0,0,0,0,0,0,2,1,1
C5120ST,13,266,District-Phek,Urban,Age Not Stated,0,0,0,0,0,0,0,0,0,0,0,0,0,0,0,0,0,0,0,0,0,0,0,0,0,0,0
C5120ST,13,267,District-Tuensang,Total,Total,3289,1826,1463,359,183,176,1126,649,477,404,209,195,416,247,169,87,44,43,75,40,35,369,197,172,453,257,196
C5120ST,13,267,District-Tuensang,Total,0-4,121,62,59,10,5,5,50,23,27,2,0,2,12,8,4,2,1,1,0,0,0,37,20,17,8,5,3
C5120ST,13,267,District-Tuensang,Total,5-9,162,93,69,27,13,14,34,20,14,31,17,14,24,16,8,5,2,3,2,2,0,26,14,12,13,9,4
C5120ST,13,267,District-Tuensang,Total,10-19,471,283,188,52,29,23,129,75,54,69,44,25,84,54,30,21,12,9,9,7,2,67,38,29,40,24,16
C5120ST,13,267,District-Tuensang,Total,20-29,409,227,182,37,16,21,115,57,58,61,36,25,58,41,17,16,11,5,13,7,6,59,28,31,50,31,19
C5120ST,13,267,District-Tuensang,Total,30-39,395,205,190,29,16,13,138,74,64,62,28,34,42,24,18,12,7,5,14,6,8,54,25,29,44,25,19
C5120ST,13,267,District-Tuensang,Total,40-49,502,275,227,39,24,15,166,103,63,86,39,47,48,31,17,11,3,8,14,5,9,50,23,27,88,47,41
C5120ST,13,267,District-Tuensang,Total,50-59,406,234,172,39,18,21,161,100,61,50,23,27,42,25,17,11,5,6,12,5,7,26,18,8,65,40,25
C5120ST,13,267,District-Tuensang,Total,60-69,347,174,173,52,20,32,132,71,61,28,13,15,44,21,23,5,2,3,5,5,0,23,15,8,58,27,31
C5120ST,13,267,District-Tuensang,Total,70-79,264,142,122,42,20,22,106,65,41,11,6,5,30,13,17,4,1,3,4,2,2,18,11,7,49,24,25
C5120ST,13,267,District-Tuensang,Total,80-89,147,85,62,22,12,10,70,43,27,4,3,1,21,7,14,0,0,0,2,1,1,5,3,2,23,16,7
C5120ST,13,267,District-Tuensang,Total,90+,64,45,19,10,10,0,24,17,7,0,0,0,11,7,4,0,0,0,0,0,0,4,2,2,15,9,6
C5120ST,13,267,District-Tuensang,Total,Age Not Stated,1,1,0,0,0,0,1,1,0,0,0,0,0,0,0,0,0,0,0,0,0,0,0,0,0,0,0
C5120ST,13,267,District-Tuensang,Rural,Total,2927,1640,1287,329,170,159,990,582,408,377,196,181,355,215,140,83,43,40,65,37,28,321,170,151,407,227,180
C5120ST,13,267,District-Tuensang,Rural,0-4,95,51,44,10,5,5,30,16,14,2,0,2,9,5,4,2,1,1,0,0,0,34,19,15,8,5,3
C5120ST,13,267,District-Tuensang,Rural,5-9,141,79,62,25,12,13,28,17,11,30,16,14,20,14,6,5,2,3,2,2,0,21,10,11,10,6,4
C5120ST,13,267,District-Tuensang,Rural,10-19,398,238,160,42,22,20,111,64,47,61,38,23,70,47,23,19,12,7,8,7,1,52,29,23,35,19,16
C5120ST,13,267,District-Tuensang,Rural,20-29,356,203,153,32,15,17,95,51,44,58,35,23,47,34,13,16,11,5,10,5,5,51,24,27,47,28,19
C5120ST,13,267,District-Tuensang,Rural,30-39,340,178,162,28,15,13,112,61,51,59,28,31,33,19,14,11,6,5,11,6,5,50,22,28,36,21,15
C5120ST,13,267,District-Tuensang,Rural,40-49,455,252,203,36,24,12,150,95,55,81,36,45,42,28,14,10,3,7,12,4,8,45,21,24,79,41,38
C5120ST,13,267,District-Tuensang,Rural,50-59,373,217,156,37,17,20,151,94,57,46,21,25,35,22,13,11,5,6,12,5,7,23,16,7,58,37,21
C5120ST,13,267,District-Tuensang,Rural,60-69,323,167,156,47,20,27,126,67,59,26,13,13,39,20,19,5,2,3,5,5,0,22,15,7,53,25,28
C5120ST,13,267,District-Tuensang,Rural,70-79,250,136,114,42,20,22,100,62,38,10,6,4,30,13,17,4,1,3,4,2,2,15,10,5,45,22,23
C5120ST,13,267,District-Tuensang,Rural,80-89,138,79,59,22,12,10,64,39,25,4,3,1,21,7,14,0,0,0,1,1,0,4,2,2,22,15,7
C5120ST,13,267,District-Tuensang,Rural,90+,58,40,18,8,8,0,23,16,7,0,0,0,9,6,3,0,0,0,0,0,0,4,2,2,14,8,6
C5120ST,13,267,District-Tuensang,Rural,Age Not Stated,0,0,0,0,0,0,0,0,0,0,0,0,0,0,0,0,0,0,0,0,0,0,0,0,0,0,0
C5120ST,13,267,District-Tuensang,Urban,Total,362,186,176,30,13,17,136,67,69,27,13,14,61,32,29,4,1,3,10,3,7,48,27,21,46,30,16
C5120ST,13,267,District-Tuensang,Urban,0-4,26,11,15,0,0,0,20,7,13,0,0,0,3,3,0,0,0,0,0,0,0,3,1,2,0,0,0
C5120ST,13,267,District-Tuensang,Urban,5-9,21,14,7,2,1,1,6,3,3,1,1,0,4,2,2,0,0,0,0,0,0,5,4,1,3,3,0
C5120ST,13,267,District-Tuensang,Urban,10-19,73,45,28,10,7,3,18,11,7,8,6,2,14,7,7,2,0,2,1,0,1,15,9,6,5,5,0
C5120ST,13,267,District-Tuensang,Urban,20-29,53,24,29,5,1,4,20,6,14,3,1,2,11,7,4,0,0,0,3,2,1,8,4,4,3,3,0
C5120ST,13,267,District-Tuensang,Urban,30-39,55,27,28,1,1,0,26,13,13,3,0,3,9,5,4,1,1,0,3,0,3,4,3,1,8,4,4
C5120ST,13,267,District-Tuensang,Urban,40-49,47,23,24,3,0,3,16,8,8,5,3,2,6,3,3,1,0,1,2,1,1,5,2,3,9,6,3
C5120ST,13,267,District-Tuensang,Urban,50-59,33,17,16,2,1,1,10,6,4,4,2,2,7,3,4,0,0,0,0,0,0,3,2,1,7,3,4
C5120ST,13,267,District-Tuensang,Urban,60-69,24,7,17,5,0,5,6,4,2,2,0,2,5,1,4,0,0,0,0,0,0,1,0,1,5,2,3
C5120ST,13,267,District-Tuensang,Urban,70-79,14,6,8,0,0,0,6,3,3,1,0,1,0,0,0,0,0,0,0,0,0,3,1,2,4,2,2
C5120ST,13,267,District-Tuensang,Urban,80-89,9,6,3,0,0,0,6,4,2,0,0,0,0,0,0,0,0,0,1,0,1,1,1,0,1,1,0
C5120ST,13,267,District-Tuensang,Urban,90+,6,5,1,2,2,0,1,1,0,0,0,0,2,1,1,0,0,0,0,0,0,0,0,0,1,1,0
C5120ST,13,267,District-Tuensang,Urban,Age Not Stated,1,1,0,0,0,0,1,1,0,0,0,0,0,0,0,0,0,0,0,0,0,0,0,0,0,0,0
C5120ST,13,268,District-Longleng,Total,Total,976,553,423,137,71,66,373,215,158,52,32,20,97,66,31,36,18,18,28,15,13,151,82,69,102,54,48
C5120ST,13,268,District-Longleng,Total,0-4,37,26,11,4,1,3,14,11,3,1,1,0,4,4,0,1,1,0,0,0,0,11,8,3,2,0,2
C5120ST,13,268,District-Longleng,Total,5-9,75,48,27,8,5,3,21,9,12,9,7,2,5,4,1,3,1,2,2,1,1,21,15,6,6,6,0
C5120ST,13,268,District-Longleng,Total,10-19,138,76,62,25,13,12,35,19,16,15,9,6,21,14,7,8,4,4,5,2,3,24,11,13,5,4,1
C5120ST,13,268,District-Longleng,Total,20-29,112,67,45,8,4,4,28,14,14,10,8,2,24,15,9,4,2,2,4,4,0,20,12,8,14,8,6
C5120ST,13,268,District-Longleng,Total,30-39,96,54,42,7,4,3,43,23,20,7,2,5,5,4,1,7,6,1,3,2,1,16,7,9,8,6,2
C5120ST,13,268,District-Longleng,Total,40-49,102,48,54,18,9,9,39,16,23,2,2,0,8,4,4,3,0,3,6,4,2,16,9,7,10,4,6
C5120ST,13,268,District-Longleng,Total,50-59,116,69,47,13,8,5,61,38,23,3,1,2,9,8,1,4,3,1,3,2,1,10,1,9,13,8,5
C5120ST,13,268,District-Longleng,Total,60-69,125,68,57,20,9,11,62,40,22,4,2,2,6,5,1,1,0,1,3,0,3,15,8,7,14,4,10
C5120ST,13,268,District-Longleng,Total,70-79,94,44,50,15,6,9,39,22,17,1,0,1,11,5,6,3,0,3,2,0,2,9,5,4,14,6,8
C5120ST,13,268,District-Longleng,Total,80-89,56,35,21,13,8,5,20,13,7,0,0,0,2,1,1,1,1,0,0,0,0,8,6,2,12,6,6
C5120ST,13,268,District-Longleng,Total,90+,25,18,7,6,4,2,11,10,1,0,0,0,2,2,0,1,0,1,0,0,0,1,0,1,4,2,2
C5120ST,13,268,District-Longleng,Total,Age Not Stated,0,0,0,0,0,0,0,0,0,0,0,0,0,0,0,0,0,0,0,0,0,0,0,0,0,0,0
C5120ST,13,268,District-Longleng,Rural,Total,870,493,377,123,64,59,336,196,140,42,26,16,80,53,27,32,16,16,27,15,12,140,76,64,90,47,43
C5120ST,13,268,District-Longleng,Rural,0-4,34,24,10,4,1,3,13,11,2,1,1,0,3,3,0,1,1,0,0,0,0,10,7,3,2,0,2
C5120ST,13,268,District-Longleng,Rural,5-9,69,44,25,8,5,3,20,9,11,6,5,1,5,4,1,3,1,2,2,1,1,21,15,6,4,4,0
C5120ST,13,268,District-Longleng,Rural,10-19,118,64,54,21,10,11,31,17,14,12,7,5,17,10,7,6,3,3,4,2,2,22,11,11,5,4,1
C5120ST,13,268,District-Longleng,Rural,20-29,99,60,39,7,4,3,28,14,14,9,7,2,18,12,6,2,1,1,4,4,0,18,10,8,13,8,5
C5120ST,13,268,District-Longleng,Rural,30-39,92,53,39,6,4,2,42,23,19,6,2,4,4,3,1,7,6,1,3,2,1,16,7,9,8,6,2
C5120ST,13,268,District-Longleng,Rural,40-49,95,46,49,16,9,7,35,14,21,2,2,0,7,4,3,3,0,3,6,4,2,16,9,7,10,4,6
C5120ST,13,268,District-Longleng,Rural,50-59,102,63,39,12,7,5,52,35,17,3,1,2,8,7,1,4,3,1,3,2,1,9,1,8,11,7,4
C5120ST,13,268,District-Longleng,Rural,60-69,104,55,49,18,8,10,51,32,19,2,1,1,5,4,1,1,0,1,3,0,3,13,7,6,11,3,8
C5120ST,13,268,District-Longleng,Rural,70-79,82,37,45,13,5,8,35,20,15,1,0,1,9,3,6,3,0,3,2,0,2,8,5,3,11,4,7
C5120ST,13,268,District-Longleng,Rural,80-89,51,30,21,12,7,5,19,12,7,0,0,0,2,1,1,1,1,0,0,0,0,6,4,2,11,5,6
C5120ST,13,268,District-Longleng,Rural,90+,24,17,7,6,4,2,10,9,1,0,0,0,2,2,0,1,0,1,0,0,0,1,0,1,4,2,2
C5120ST,13,268,District-Longleng,Rural,Age Not Stated,0,0,0,0,0,0,0,0,0,0,0,0,0,0,0,0,0,0,0,0,0,0,0,0,0,0,0
C5120ST,13,268,District-Longleng,Urban,Total,106,60,46,14,7,7,37,19,18,10,6,4,17,13,4,4,2,2,1,0,1,11,6,5,12,7,5
C5120ST,13,268,District-Longleng,Urban,0-4,3,2,1,0,0,0,1,0,1,0,0,0,1,1,0,0,0,0,0,0,0,1,1,0,0,0,0
C5120ST,13,268,District-Longleng,Urban,5-9,6,4,2,0,0,0,1,0,1,3,2,1,0,0,0,0,0,0,0,0,0,0,0,0,2,2,0
C5120ST,13,268,District-Longleng,Urban,10-19,20,12,8,4,3,1,4,2,2,3,2,1,4,4,0,2,1,1,1,0,1,2,0,2,0,0,0
C5120ST,13,268,District-Longleng,Urban,20-29,13,7,6,1,0,1,0,0,0,1,1,0,6,3,3,2,1,1,0,0,0,2,2,0,1,0,1
C5120ST,13,268,District-Longleng,Urban,30-39,4,1,3,1,0,1,1,0,1,1,0,1,1,1,0,0,0,0,0,0,0,0,0,0,0,0,0
C5120ST,13,268,District-Longleng,Urban,40-49,7,2,5,2,0,2,4,2,2,0,0,0,1,0,1,0,0,0,0,0,0,0,0,0,0,0,0
C5120ST,13,268,District-Longleng,Urban,50-59,14,6,8,1,1,0,9,3,6,0,0,0,1,1,0,0,0,0,0,0,0,1,0,1,2,1,1
C5120ST,13,268,District-Longleng,Urban,60-69,21,13,8,2,1,1,11,8,3,2,1,1,1,1,0,0,0,0,0,0,0,2,1,1,3,1,2
C5120ST,13,268,District-Longleng,Urban,70-79,12,7,5,2,1,1,4,2,2,0,0,0,2,2,0,0,0,0,0,0,0,1,0,1,3,2,1
C5120ST,13,268,District-Longleng,Urban,80-89,5,5,0,1,1,0,1,1,0,0,0,0,0,0,0,0,0,0,0,0,0,2,2,0,1,1,0
C5120ST,13,268,District-Longleng,Urban,90+,1,1,0,0,0,0,1,1,0,0,0,0,0,0,0,0,0,0,0,0,0,0,0,0,0,0,0
C5120ST,13,268,District-Longleng,Urban,Age Not Stated,0,0,0,0,0,0,0,0,0,0,0,0,0,0,0,0,0,0,0,0,0,0,0,0,0,0,0
C5120ST,13,269,District-Kiphire,Total,Total,996,517,479,132,73,59,222,120,102,102,48,54,138,78,60,33,12,21,29,14,15,241,124,117,99,48,51
C5120ST,13,269,District-Kiphire,Total,0-4,27,17,10,6,5,1,7,4,3,0,0,0,4,3,1,0,0,0,0,0,0,7,4,3,3,1,2
C5120ST,13,269,District-Kiphire,Total,5-9,47,24,23,7,4,3,7,2,5,6,2,4,10,10,0,0,0,0,1,0,1,9,3,6,7,3,4
C5120ST,13,269,District-Kiphire,Total,10-19,150,77,73,21,8,13,30,18,12,18,7,11,29,13,16,7,2,5,6,3,3,26,17,9,13,9,4
C5120ST,13,269,District-Kiphire,Total,20-29,140,72,68,8,3,5,29,15,14,14,8,6,17,12,5,5,2,3,5,4,1,46,20,26,16,8,8
C5120ST,13,269,District-Kiphire,Total,30-39,146,72,74,7,3,4,15,11,4,17,6,11,11,7,4,6,3,3,9,2,7,71,38,33,10,2,8
C5120ST,13,269,District-Kiphire,Total,40-49,183,99,84,16,9,7,42,26,16,35,17,18,19,12,7,6,3,3,7,4,3,36,17,19,22,11,11
C5120ST,13,269,District-Kiphire,Total,50-59,132,75,57,23,16,7,36,17,19,9,6,3,21,11,10,6,2,4,1,1,0,26,15,11,10,7,3
C5120ST,13,269,District-Kiphire,Total,60-69,72,33,39,17,9,8,20,6,14,3,2,1,13,5,8,1,0,1,0,0,0,14,9,5,4,2,2
C5120ST,13,269,District-Kiphire,Total,70-79,61,24,37,15,9,6,20,11,9,0,0,0,11,2,9,2,0,2,0,0,0,4,0,4,9,2,7
C5120ST,13,269,District-Kiphire,Total,80-89,26,16,10,9,5,4,10,6,4,0,0,0,1,1,0,0,0,0,0,0,0,2,1,1,4,3,1
C5120ST,13,269,District-Kiphire,Total,90+,12,8,4,3,2,1,6,4,2,0,0,0,2,2,0,0,0,0,0,0,0,0,0,0,1,0,1
C5120ST,13,269,District-Kiphire,Total,Age Not Stated,0,0,0,0,0,0,0,0,0,0,0,0,0,0,0,0,0,0,0,0,0,0,0,0,0,0,0
C5120ST,13,269,District-Kiphire,Rural,Total,854,440,414,111,62,49,191,102,89,87,40,47,118,70,48,31,12,19,21,10,11,213,105,108,82,39,43
C5120ST,13,269,District-Kiphire,Rural,0-4,23,16,7,5,4,1,5,4,1,0,0,0,4,3,1,0,0,0,0,0,0,6,4,2,3,1,2
C5120ST,13,269,District-Kiphire,Rural,5-9,38,19,19,5,3,2,7,2,5,4,1,3,10,10,0,0,0,0,1,0,1,6,2,4,5,1,4
C5120ST,13,269,District-Kiphire,Rural,10-19,120,61,59,16,6,10,23,13,10,14,5,9,26,13,13,6,2,4,5,3,2,18,11,7,12,8,4
C5120ST,13,269,District-Kiphire,Rural,20-29,117,57,60,8,3,5,24,12,12,13,7,6,12,9,3,5,2,3,5,4,1,40,15,25,10,5,5
C5120ST,13,269,District-Kiphire,Rural,30-39,131,65,66,6,3,3,12,9,3,15,5,10,7,6,1,6,3,3,6,1,5,69,36,33,10,2,8
C5120ST,13,269,District-Kiphire,Rural,40-49,161,86,75,15,8,7,39,23,16,31,15,16,14,10,4,6,3,3,4,2,2,32,15,17,20,10,10
C5120ST,13,269,District-Kiphire,Rural,50-59,114,63,51,18,13,5,31,14,17,8,6,2,19,9,10,5,2,3,0,0,0,24,13,11,9,6,3
C5120ST,13,269,District-Kiphire,Rural,60-69,61,28,33,15,7,8,16,5,11,2,1,1,12,5,7,1,0,1,0,0,0,12,8,4,3,2,1
C5120ST,13,269,District-Kiphire,Rural,70-79,54,23,31,12,8,4,19,11,8,0,0,0,11,2,9,2,0,2,0,0,0,4,0,4,6,2,4
C5120ST,13,269,District-Kiphire,Rural,80-89,24,15,9,8,5,3,10,6,4,0,0,0,1,1,0,0,0,0,0,0,0,2,1,1,3,2,1
C5120ST,13,269,District-Kiphire,Rural,90+,11,7,4,3,2,1,5,3,2,0,0,0,2,2,0,0,0,0,0,0,0,0,0,0,1,0,1
C5120ST,13,269,District-Kiphire,Rural,Age Not Stated,0,0,0,0,0,0,0,0,0,0,0,0,0,0,0,0,0,0,0,0,0,0,0,0,0,0,0
C5120ST,13,269,District-Kiphire,Urban,Total,142,77,65,21,11,10,31,18,13,15,8,7,20,8,12,2,0,2,8,4,4,28,19,9,17,9,8
C5120ST,13,269,District-Kiphire,Urban,0-4,4,1,3,1,1,0,2,0,2,0,0,0,0,0,0,0,0,0,0,0,0,1,0,1,0,0,0
C5120ST,13,269,District-Kiphire,Urban,5-9,9,5,4,2,1,1,0,0,0,2,1,1,0,0,0,0,0,0,0,0,0,3,1,2,2,2,0
C5120ST,13,269,District-Kiphire,Urban,10-19,30,16,14,5,2,3,7,5,2,4,2,2,3,0,3,1,0,1,1,0,1,8,6,2,1,1,0
C5120ST,13,269,District-Kiphire,Urban,20-29,23,15,8,0,0,0,5,3,2,1,1,0,5,3,2,0,0,0,0,0,0,6,5,1,6,3,3
C5120ST,13,269,District-Kiphire,Urban,30-39,15,7,8,1,0,1,3,2,1,2,1,1,4,1,3,0,0,0,3,1,2,2,2,0,0,0,0
C5120ST,13,269,District-Kiphire,Urban,40-49,22,13,9,1,1,0,3,3,0,4,2,2,5,2,3,0,0,0,3,2,1,4,2,2,2,1,1
C5120ST,13,269,District-Kiphire,Urban,50-59,18,12,6,5,3,2,5,3,2,1,0,1,2,2,0,1,0,1,1,1,0,2,2,0,1,1,0
C5120ST,13,269,District-Kiphire,Urban,60-69,11,5,6,2,2,0,4,1,3,1,1,0,1,0,1,0,0,0,0,0,0,2,1,1,1,0,1
C5120ST,13,269,District-Kiphire,Urban,70-79,7,1,6,3,1,2,1,0,1,0,0,0,0,0,0,0,0,0,0,0,0,0,0,0,3,0,3
C5120ST,13,269,District-Kiphire,Urban,80-89,2,1,1,1,0,1,0,0,0,0,0,0,0,0,0,0,0,0,0,0,0,0,0,0,1,1,0
C5120ST,13,269,District-Kiphire,Urban,90+,1,1,0,0,0,0,1,1,0,0,0,0,0,0,0,0,0,0,0,0,0,0,0,0,0,0,0
C5120ST,13,269,District-Kiphire,Urban,Age Not Stated,0,0,0,0,0,0,0,0,0,0,0,0,0,0,0,0,0,0,0,0,0,0,0,0,0,0,0
C5120ST,13,270,District-Kohima,Total,Total,2336,1205,1131,338,158,180,571,320,251,175,94,81,391,200,191,110,55,55,99,49,50,369,187,182,283,142,141
C5120ST,13,270,District-Kohima,Total,0-4,68,31,37,7,1,6,16,11,5,3,1,2,7,4,3,2,1,1,0,0,0,26,9,17,7,4,3
C5120ST,13,270,District-Kohima,Total,5-9,165,91,74,18,7,11,27,12,15,26,13,13,19,11,8,4,3,1,2,1,1,31,22,9,38,22,16
C5120ST,13,270,District-Kohima,Total,10-19,402,215,187,49,23,26,91,51,40,39,26,13,63,41,22,20,9,11,13,5,8,84,39,45,43,21,22
C5120ST,13,270,District-Kohima,Total,20-29,351,184,167,41,21,20,59,30,29,31,15,16,62,29,33,25,13,12,24,18,6,65,35,30,44,23,21
C5120ST,13,270,District-Kohima,Total,30-39,296,166,130,26,15,11,67,41,26,21,12,9,63,36,27,19,11,8,27,16,11,48,27,21,25,8,17
C5120ST,13,270,District-Kohima,Total,40-49,244,121,123,35,22,13,63,31,32,18,11,7,35,16,19,14,5,9,9,0,9,41,20,21,29,16,13
C5120ST,13,270,District-Kohima,Total,50-59,245,138,107,38,20,18,61,40,21,18,7,11,48,26,22,11,5,6,12,5,7,28,15,13,29,20,9
C5120ST,13,270,District-Kohima,Total,60-69,216,111,105,54,21,33,53,33,20,9,6,3,39,23,16,9,6,3,8,1,7,24,10,14,20,11,9
C5120ST,13,270,District-Kohima,Total,70-79,172,74,98,36,17,19,59,32,27,6,3,3,32,9,23,3,1,2,2,1,1,14,6,8,20,5,15
C5120ST,13,270,District-Kohima,Total,80-89,123,52,71,25,6,19,51,27,24,1,0,1,15,4,11,2,1,1,2,2,0,5,3,2,22,9,13
C5120ST,13,270,District-Kohima,Total,90+,45,15,30,8,4,4,20,8,12,2,0,2,8,1,7,0,0,0,0,0,0,2,0,2,5,2,3
C5120ST,13,270,District-Kohima,Total,Age Not Stated,9,7,2,1,1,0,4,4,0,1,0,1,0,0,0,1,0,1,0,0,0,1,1,0,1,1,0
C5120ST,13,270,District-Kohima,Rural,Total,1596,813,783,264,125,139,428,230,198,124,67,57,235,119,116,69,31,38,71,37,34,231,112,119,174,92,82
C5120ST,13,270,District-Kohima,Rural,0-4,49,22,27,5,1,4,14,9,5,1,1,0,6,3,3,2,1,1,0,0,0,17,6,11,4,1,3
C5120ST,13,270,District-Kohima,Rural,5-9,102,54,48,16,6,10,22,9,13,14,8,6,5,3,2,3,3,0,1,0,1,19,12,7,22,13,9
C5120ST,13,270,District-Kohima,Rural,10-19,247,126,121,31,15,16,60,31,29,28,19,9,41,26,15,11,4,7,9,3,6,43,16,27,24,12,12
C5120ST,13,270,District-Kohima,Rural,20-29,210,110,100,20,13,7,43,21,22,23,9,14,33,15,18,14,7,7,17,13,4,38,20,18,22,12,10
C5120ST,13,270,District-Kohima,Rural,30-39,205,119,86,20,13,7,53,31,22,15,8,7,40,24,16,13,7,6,20,14,6,30,18,12,14,4,10
C5120ST,13,270,District-Kohima,Rural,40-49,172,81,91,29,18,11,45,18,27,14,9,5,22,9,13,11,3,8,5,0,5,28,14,14,18,10,8
C5120ST,13,270,District-Kohima,Rural,50-59,179,97,82,34,16,18,47,28,19,13,5,8,25,14,11,5,2,3,11,4,7,22,12,10,22,16,6
C5120ST,13,270,District-Kohima,Rural,60-69,169,84,85,50,18,32,40,28,12,8,5,3,27,15,12,5,2,3,5,1,4,19,6,13,15,9,6
C5120ST,13,270,District-Kohima,Rural,70-79,137,65,72,31,16,15,50,27,23,6,3,3,22,7,15,3,1,2,2,1,1,10,5,5,13,5,8
C5120ST,13,270,District-Kohima,Rural,80-89,87,37,50,22,5,17,37,19,18,1,0,1,8,2,6,1,1,0,1,1,0,3,2,1,14,7,7
C5120ST,13,270,District-Kohima,Rural,90+,31,11,20,5,3,2,13,5,8,1,0,1,6,1,5,0,0,0,0,0,0,1,0,1,5,2,3
C5120ST,13,270,District-Kohima,Rural,Age Not Stated,8,7,1,1,1,0,4,4,0,0,0,0,0,0,0,1,0,1,0,0,0,1,1,0,1,1,0
C5120ST,13,270,District-Kohima,Urban,Total,740,392,348,74,33,41,143,90,53,51,27,24,156,81,75,41,24,17,28,12,16,138,75,63,109,50,59
C5120ST,13,270,District-Kohima,Urban,0-4,19,9,10,2,0,2,2,2,0,2,0,2,1,1,0,0,0,0,0,0,0,9,3,6,3,3,0
C5120ST,13,270,District-Kohima,Urban,5-9,63,37,26,2,1,1,5,3,2,12,5,7,14,8,6,1,0,1,1,1,0,12,10,2,16,9,7
C5120ST,13,270,District-Kohima,Urban,10-19,155,89,66,18,8,10,31,20,11,11,7,4,22,15,7,9,5,4,4,2,2,41,23,18,19,9,10
C5120ST,13,270,District-Kohima,Urban,20-29,141,74,67,21,8,13,16,9,7,8,6,2,29,14,15,11,6,5,7,5,2,27,15,12,22,11,11
C5120ST,13,270,District-Kohima,Urban,30-39,91,47,44,6,2,4,14,10,4,6,4,2,23,12,11,6,4,2,7,2,5,18,9,9,11,4,7
C5120ST,13,270,District-Kohima,Urban,40-49,72,40,32,6,4,2,18,13,5,4,2,2,13,7,6,3,2,1,4,0,4,13,6,7,11,6,5
C5120ST,13,270,District-Kohima,Urban,50-59,66,41,25,4,4,0,14,12,2,5,2,3,23,12,11,6,3,3,1,1,0,6,3,3,7,4,3
C5120ST,13,270,District-Kohima,Urban,60-69,47,27,20,4,3,1,13,5,8,1,1,0,12,8,4,4,4,0,3,0,3,5,4,1,5,2,3
C5120ST,13,270,District-Kohima,Urban,70-79,35,9,26,5,1,4,9,5,4,0,0,0,10,2,8,0,0,0,0,0,0,4,1,3,7,0,7
C5120ST,13,270,District-Kohima,Urban,80-89,36,15,21,3,1,2,14,8,6,0,0,0,7,2,5,1,0,1,1,1,0,2,1,1,8,2,6
C5120ST,13,270,District-Kohima,Urban,90+,14,4,10,3,1,2,7,3,4,1,0,1,2,0,2,0,0,0,0,0,0,1,0,1,0,0,0
C5120ST,13,270,District-Kohima,Urban,Age Not Stated,1,0,1,0,0,0,0,0,0,1,0,1,0,0,0,0,0,0,0,0,0,0,0,0,0,0,0
C5120ST,13,271,District-Peren,Total,Total,1190,621,569,224,118,106,318,170,148,72,43,29,148,73,75,76,44,32,37,22,15,184,81,103,131,70,61
C5120ST,13,271,District-Peren,Total,0-4,36,17,19,4,2,2,18,6,12,2,2,0,4,1,3,1,1,0,0,0,0,6,4,2,1,1,0
C5120ST,13,271,District-Peren,Total,5-9,83,51,32,16,9,7,24,17,7,7,7,0,11,9,2,4,2,2,2,0,2,12,5,7,7,2,5
C5120ST,13,271,District-Peren,Total,10-19,231,122,109,35,16,19,65,33,32,24,16,8,31,13,18,19,14,5,9,5,4,30,15,15,18,10,8
C5120ST,13,271,District-Peren,Total,20-29,164,86,78,24,13,11,45,23,22,13,5,8,17,8,9,12,9,3,8,4,4,29,16,13,16,8,8
C5120ST,13,271,District-Peren,Total,30-39,174,87,87,30,16,14,37,18,19,13,7,6,21,13,8,18,9,9,4,3,1,40,15,25,11,6,5
C5120ST,13,271,District-Peren,Total,40-49,135,78,57,25,16,9,30,16,14,4,2,2,11,7,4,5,3,2,4,3,1,38,16,22,18,15,3
C5120ST,13,271,District-Peren,Total,50-59,125,61,64,35,19,16,31,17,14,3,1,2,14,4,10,8,2,6,5,5,0,16,7,9,13,6,7
C5120ST,13,271,District-Peren,Total,60-69,116,58,58,30,17,13,33,20,13,6,3,3,16,7,9,5,2,3,4,2,2,7,1,6,15,6,9
C5120ST,13,271,District-Peren,Total,70-79,63,34,29,7,3,4,19,15,4,0,0,0,14,6,8,4,2,2,1,0,1,5,2,3,13,6,7
C5120ST,13,271,District-Peren,Total,80-89,45,18,27,14,5,9,11,3,8,0,0,0,6,3,3,0,0,0,0,0,0,1,0,1,13,7,6
C5120ST,13,271,District-Peren,Total,90+,17,8,9,3,1,2,5,2,3,0,0,0,3,2,1,0,0,0,0,0,0,0,0,0,6,3,3
C5120ST,13,271,District-Peren,Total,Age Not Stated,1,1,0,1,1,0,0,0,0,0,0,0,0,0,0,0,0,0,0,0,0,0,0,0,0,0,0
C5120ST,13,271,District-Peren,Rural,Total,1101,571,530,214,113,101,299,160,139,64,38,26,137,66,71,68,38,30,29,16,13,175,77,98,115,63,52
C5120ST,13,271,District-Peren,Rural,0-4,35,16,19,4,2,2,17,5,12,2,2,0,4,1,3,1,1,0,0,0,0,6,4,2,1,1,0
C5120ST,13,271,District-Peren,Rural,5-9,78,48,30,16,9,7,23,16,7,7,7,0,10,8,2,4,2,2,1,0,1,12,5,7,5,1,4
C5120ST,13,271,District-Peren,Rural,10-19,208,109,99,32,15,17,60,30,30,22,14,8,28,11,17,18,13,5,7,4,3,28,14,14,13,8,5
C5120ST,13,271,District-Peren,Rural,20-29,150,82,68,23,13,10,44,23,21,9,3,6,15,8,7,10,8,2,7,3,4,27,16,11,15,8,7
C5120ST,13,271,District-Peren,Rural,30-39,162,79,83,28,15,13,36,18,18,11,6,5,20,12,8,15,6,9,3,2,1,39,14,25,10,6,4
C5120ST,13,271,District-Peren,Rural,40-49,126,72,54,24,15,9,27,14,13,4,2,2,10,6,4,5,3,2,3,2,1,35,15,20,18,15,3
C5120ST,13,271,District-Peren,Rural,50-59,118,56,62,35,19,16,31,17,14,3,1,2,12,3,9,7,2,5,3,3,0,15,6,9,12,5,7
C5120ST,13,271,District-Peren,Rural,60-69,108,52,56,27,15,12,30,18,12,6,3,3,16,7,9,4,1,3,4,2,2,7,1,6,14,5,9
C5120ST,13,271,District-Peren,Rural,70-79,62,33,29,7,3,4,19,15,4,0,0,0,13,5,8,4,2,2,1,0,1,5,2,3,13,6,7
C5120ST,13,271,District-Peren,Rural,80-89,38,16,22,14,5,9,7,2,5,0,0,0,6,3,3,0,0,0,0,0,0,1,0,1,10,6,4
C5120ST,13,271,District-Peren,Rural,90+,15,7,8,3,1,2,5,2,3,0,0,0,3,2,1,0,0,0,0,0,0,0,0,0,4,2,2
C5120ST,13,271,District-Peren,Rural,Age Not Stated,1,1,0,1,1,0,0,0,0,0,0,0,0,0,0,0,0,0,0,0,0,0,0,0,0,0,0
C5120ST,13,271,District-Peren,Urban,Total,89,50,39,10,5,5,19,10,9,8,5,3,11,7,4,8,6,2,8,6,2,9,4,5,16,7,9
C5120ST,13,271,District-Peren,Urban,0-4,1,1,0,0,0,0,1,1,0,0,0,0,0,0,0,0,0,0,0,0,0,0,0,0,0,0,0
C5120ST,13,271,District-Peren,Urban,5-9,5,3,2,0,0,0,1,1,0,0,0,0,1,1,0,0,0,0,1,0,1,0,0,0,2,1,1
C5120ST,13,271,District-Peren,Urban,10-19,23,13,10,3,1,2,5,3,2,2,2,0,3,2,1,1,1,0,2,1,1,2,1,1,5,2,3
C5120ST,13,271,District-Peren,Urban,20-29,14,4,10,1,0,1,1,0,1,4,2,2,2,0,2,2,1,1,1,1,0,2,0,2,1,0,1
C5120ST,13,271,District-Peren,Urban,30-39,12,8,4,2,1,1,1,0,1,2,1,1,1,1,0,3,3,0,1,1,0,1,1,0,1,0,1
C5120ST,13,271,District-Peren,Urban,40-49,9,6,3,1,1,0,3,2,1,0,0,0,1,1,0,0,0,0,1,1,0,3,1,2,0,0,0
C5120ST,13,271,District-Peren,Urban,50-59,7,5,2,0,0,0,0,0,0,0,0,0,2,1,1,1,0,1,2,2,0,1,1,0,1,1,0
C5120ST,13,271,District-Peren,Urban,60-69,8,6,2,3,2,1,3,2,1,0,0,0,0,0,0,1,1,0,0,0,0,0,0,0,1,1,0
C5120ST,13,271,District-Peren,Urban,70-79,1,1,0,0,0,0,0,0,0,0,0,0,1,1,0,0,0,0,0,0,0,0,0,0,0,0,0
C5120ST,13,271,District-Peren,Urban,80-89,7,2,5,0,0,0,4,1,3,0,0,0,0,0,0,0,0,0,0,0,0,0,0,0,3,1,2
C5120ST,13,271,District-Peren,Urban,90+,2,1,1,0,0,0,0,0,0,0,0,0,0,0,0,0,0,0,0,0,0,0,0,0,2,1,1
C5120ST,13,271,District-Peren,Urban,Age Not Stated,0,0,0,0,0,0,0,0,0,0,0,0,0,0,0,0,0,0,0,0,0,0,0,0,0,0,0
C5120ST,14,0,State-MANIPUR,Total,Total,23715,12385,11330,8424,4282,4142,6285,3275,3010,765,429,336,1672,970,702,1536,787,749,471,272,199,3199,1649,1550,1363,721,642
C5120ST,14,0,State-MANIPUR,Total,0-4,1496,776,720,634,315,319,414,223,191,9,2,7,42,24,18,100,53,47,7,6,1,243,128,115,47,25,22
C5120ST,14,0,State-MANIPUR,Total,5-9,1909,1014,895,745,367,378,462,263,199,101,57,44,81,47,34,115,69,46,17,12,5,298,155,143,90,44,46
C5120ST,14,0,State-MANIPUR,Total,10-19,4568,2360,2208,1724,871,853,1158,574,584,178,100,78,229,143,86,339,164,175,66,35,31,653,355,298,221,118,103
C5120ST,14,0,State-MANIPUR,Total,20-29,4243,2131,2112,1515,747,768,1041,497,544,143,81,62,324,187,137,299,148,151,112,69,43,640,314,326,169,88,81
C5120ST,14,0,State-MANIPUR,Total,30-39,3157,1679,1478,1081,553,528,811,422,389,117,69,48,214,121,93,271,149,122,95,61,34,439,222,217,129,82,47
C5120ST,14,0,State-MANIPUR,Total,40-49,2634,1406,1228,950,487,463,670,359,311,87,48,39,212,127,85,171,89,82,75,45,30,344,175,169,125,76,49
C5120ST,14,0,State-MANIPUR,Total,50-59,2160,1161,999,752,407,345,592,323,269,68,32,36,201,123,78,130,63,67,49,19,30,251,134,117,117,60,57
C5120ST,14,0,State-MANIPUR,Total,60-69,1725,906,819,544,290,254,542,295,247,41,26,15,164,87,77,67,34,33,34,16,18,156,79,77,177,79,98
C5120ST,14,0,State-MANIPUR,Total,70-79,1067,561,506,316,152,164,349,184,165,10,6,4,114,65,49,26,12,14,7,4,3,100,53,47,145,85,60
C5120ST,14,0,State-MANIPUR,Total,80-89,525,272,253,103,56,47,183,101,82,9,7,2,64,34,30,12,5,7,6,4,2,52,28,24,96,37,59
C5120ST,14,0,State-MANIPUR,Total,90+,170,85,85,30,18,12,52,29,23,0,0,0,26,11,15,1,0,1,1,0,1,17,3,14,43,24,19
C5120ST,14,0,State-MANIPUR,Total,Age Not Stated,61,34,27,30,19,11,11,5,6,2,1,1,1,1,0,5,1,4,2,1,1,6,3,3,4,3,1
C5120ST,14,0,State-MANIPUR,Rural,Total,21464,11258,10206,7529,3826,3703,5903,3086,2817,701,389,312,1500,879,621,1383,712,671,420,240,180,2826,1484,1342,1202,642,560
C5120ST,14,0,State-MANIPUR,Rural,0-4,1372,710,662,577,285,292,392,209,183,8,2,6,41,24,17,91,51,40,7,6,1,217,113,104,39,20,19
C5120ST,14,0,State-MANIPUR,Rural,5-9,1733,917,816,654,324,330,433,241,192,98,54,44,78,46,32,109,64,45,15,12,3,266,138,128,80,38,42
C5120ST,14,0,State-MANIPUR,Rural,10-19,4128,2130,1998,1527,772,755,1085,542,543,162,89,73,215,134,81,304,144,160,58,30,28,589,323,266,188,96,92
C5120ST,14,0,State-MANIPUR,Rural,20-29,3876,1955,1921,1381,684,697,992,475,517,129,72,57,295,177,118,263,129,134,97,57,40,568,284,284,151,77,74
C5120ST,14,0,State-MANIPUR,Rural,30-39,2844,1525,1319,962,491,471,759,399,360,107,65,42,192,107,85,238,136,102,83,53,30,384,197,187,119,77,42
C5120ST,14,0,State-MANIPUR,Rural,40-49,2411,1294,1117,855,440,415,634,339,295,81,44,37,186,113,73,161,84,77,71,43,28,304,160,144,119,71,48
C5120ST,14,0,State-MANIPUR,Rural,50-59,1941,1050,891,660,363,297,562,310,252,58,26,32,175,107,68,118,56,62,42,14,28,221,118,103,105,56,49
C5120ST,14,0,State-MANIPUR,Rural,60-69,1553,826,727,489,258,231,503,275,228,38,24,14,145,80,65,60,31,29,31,16,15,131,69,62,156,73,83
C5120ST,14,0,State-MANIPUR,Rural,70-79,958,512,446,283,134,149,321,173,148,9,5,4,99,56,43,23,11,12,7,4,3,87,51,36,129,78,51
C5120ST,14,0,State-MANIPUR,Rural,80-89,453,234,219,90,45,45,165,90,75,9,7,2,50,24,26,11,5,6,6,4,2,42,26,16,80,33,47
C5120ST,14,0,State-MANIPUR,Rural,90+,144,78,66,29,18,11,47,28,19,0,0,0,23,10,13,1,0,1,1,0,1,11,2,9,32,20,12
C5120ST,14,0,State-MANIPUR,Rural,Age Not Stated,51,27,24,22,12,10,10,5,5,2,1,1,1,1,0,4,1,3,2,1,1,6,3,3,4,3,1
C5120ST,14,0,State-MANIPUR,Urban,Total,2251,1127,1124,895,456,439,382,189,193,64,40,24,172,91,81,153,75,78,51,32,19,373,165,208,161,79,82
C5120ST,14,0,State-MANIPUR,Urban,0-4,124,66,58,57,30,27,22,14,8,1,0,1,1,0,1,9,2,7,0,0,0,26,15,11,8,5,3
C5120ST,14,0,State-MANIPUR,Urban,5-9,176,97,79,91,43,48,29,22,7,3,3,0,3,1,2,6,5,1,2,0,2,32,17,15,10,6,4
C5120ST,14,0,State-MANIPUR,Urban,10-19,440,230,210,197,99,98,73,32,41,16,11,5,14,9,5,35,20,15,8,5,3,64,32,32,33,22,11
C5120ST,14,0,State-MANIPUR,Urban,20-29,367,176,191,134,63,71,49,22,27,14,9,5,29,10,19,36,19,17,15,12,3,72,30,42,18,11,7
C5120ST,14,0,State-MANIPUR,Urban,30-39,313,154,159,119,62,57,52,23,29,10,4,6,22,14,8,33,13,20,12,8,4,55,25,30,10,5,5
C5120ST,14,0,State-MANIPUR,Urban,40-49,223,112,111,95,47,48,36,20,16,6,4,2,26,14,12,10,5,5,4,2,2,40,15,25,6,5,1
C5120ST,14,0,State-MANIPUR,Urban,50-59,219,111,108,92,44,48,30,13,17,10,6,4,26,16,10,12,7,5,7,5,2,30,16,14,12,4,8
C5120ST,14,0,State-MANIPUR,Urban,60-69,172,80,92,55,32,23,39,20,19,3,2,1,19,7,12,7,3,4,3,0,3,25,10,15,21,6,15
C5120ST,14,0,State-MANIPUR,Urban,70-79,109,49,60,33,18,15,28,11,17,1,1,0,15,9,6,3,1,2,0,0,0,13,2,11,16,7,9
C5120ST,14,0,State-MANIPUR,Urban,80-89,72,38,34,13,11,2,18,11,7,0,0,0,14,10,4,1,0,1,0,0,0,10,2,8,16,4,12
C5120ST,14,0,State-MANIPUR,Urban,90+,26,7,19,1,0,1,5,1,4,0,0,0,3,1,2,0,0,0,0,0,0,6,1,5,11,4,7
C5120ST,14,0,State-MANIPUR,Urban,Age Not Stated,10,7,3,8,7,1,1,0,1,0,0,0,0,0,0,1,0,1,0,0,0,0,0,0,0,0,0
C5120ST,14,272,District-Senapati,Total,Total,8394,4414,3980,2819,1451,1368,2847,1514,1333,277,153,124,424,260,164,541,285,256,107,51,56,988,500,488,391,200,191
C5120ST,14,272,District-Senapati,Total,0-4,563,299,264,210,113,97,199,105,94,7,1,6,11,4,7,39,26,13,2,1,1,74,39,35,21,10,11
C5120ST,14,272,District-Senapati,Total,5-9,743,392,351,257,127,130,243,132,111,44,24,20,23,15,8,40,25,15,2,1,1,104,55,49,30,13,17
C5120ST,14,272,District-Senapati,Total,10-19,1830,951,879,618,303,315,609,311,298,71,40,31,72,50,22,132,66,66,17,8,9,236,135,101,75,38,37
C5120ST,14,272,District-Senapati,Total,20-29,1606,816,790,554,280,274,524,270,254,61,32,29,86,50,36,103,51,52,28,16,12,198,91,107,52,26,26
C5120ST,14,272,District-Senapati,Total,30-39,1130,588,542,360,178,182,405,216,189,37,24,13,58,35,23,83,40,43,17,8,9,128,60,68,42,27,15
C5120ST,14,272,District-Senapati,Total,40-49,942,509,433,328,173,155,287,158,129,28,15,13,61,37,24,69,39,30,18,9,9,107,55,52,44,23,21
C5120ST,14,272,District-Senapati,Total,50-59,725,388,337,240,135,105,261,144,117,18,7,11,48,30,18,43,21,22,11,3,8,72,34,38,32,14,18
C5120ST,14,272,District-Senapati,Total,60-69,469,262,207,157,85,72,167,95,72,6,5,1,39,22,17,18,11,7,8,3,5,36,20,16,38,21,17
C5120ST,14,272,District-Senapati,Total,70-79,229,128,101,55,32,23,99,52,47,3,3,0,15,11,4,8,4,4,2,1,1,21,8,13,26,17,9
C5120ST,14,272,District-Senapati,Total,80-89,110,56,54,25,14,11,37,25,12,1,1,0,9,5,4,3,1,2,1,1,0,8,2,6,26,7,19
C5120ST,14,272,District-Senapati,Total,90+,32,18,14,10,9,1,12,5,7,0,0,0,2,1,1,1,0,1,0,0,0,3,0,3,4,3,1
C5120ST,14,272,District-Senapati,Total,Age Not Stated,15,7,8,5,2,3,4,1,3,1,1,0,0,0,0,2,1,1,1,0,1,1,1,0,1,1,0
C5120ST,14,272,District-Senapati,Rural,Total,8306,4369,3937,2775,1427,1348,2830,1506,1324,274,152,122,421,259,162,535,282,253,106,50,56,977,495,482,388,198,190
C5120ST,14,272,District-Senapati,Rural,0-4,554,295,259,204,111,93,199,105,94,6,1,5,11,4,7,38,25,13,2,1,1,73,38,35,21,10,11
C5120ST,14,272,District-Senapati,Rural,5-9,730,386,344,248,122,126,241,131,110,44,24,20,23,15,8,40,25,15,2,1,1,103,55,48,29,13,16
C5120ST,14,272,District-Senapati,Rural,10-19,1815,942,873,609,298,311,607,310,297,70,39,31,72,50,22,131,66,65,17,8,9,235,134,101,74,37,37
C5120ST,14,272,District-Senapati,Rural,20-29,1595,811,784,549,279,270,522,269,253,60,32,28,86,50,36,102,50,52,28,16,12,196,89,107,52,26,26
C5120ST,14,272,District-Senapati,Rural,30-39,1114,579,535,351,172,179,400,213,187,37,24,13,58,35,23,81,40,41,17,8,9,128,60,68,42,27,15
C5120ST,14,272,District-Senapati,Rural,40-49,935,504,431,325,170,155,286,158,128,28,15,13,60,37,23,68,38,30,18,9,9,107,55,52,43,22,21
C5120ST,14,272,District-Senapati,Rural,50-59,719,384,335,238,134,104,260,143,117,18,7,11,47,30,17,43,21,22,10,2,8,71,33,38,32,14,18
C5120ST,14,272,District-Senapati,Rural,60-69,465,260,205,156,84,72,164,94,70,6,5,1,39,22,17,18,11,7,8,3,5,36,20,16,38,21,17
C5120ST,14,272,District-Senapati,Rural,70-79,226,128,98,55,32,23,99,52,47,3,3,0,15,11,4,8,4,4,2,1,1,18,8,10,26,17,9
C5120ST,14,272,District-Senapati,Rural,80-89,106,55,51,25,14,11,36,25,11,1,1,0,8,4,4,3,1,2,1,1,0,6,2,4,26,7,19
C5120ST,14,272,District-Senapati,Rural,90+,32,18,14,10,9,1,12,5,7,0,0,0,2,1,1,1,0,1,0,0,0,3,0,3,4,3,1
C5120ST,14,272,District-Senapati,Rural,Age Not Stated,15,7,8,5,2,3,4,1,3,1,1,0,0,0,0,2,1,1,1,0,1,1,1,0,1,1,0
C5120ST,14,272,District-Senapati,Urban,Total,88,45,43,44,24,20,17,8,9,3,1,2,3,1,2,6,3,3,1,1,0,11,5,6,3,2,1
C5120ST,14,272,District-Senapati,Urban,0-4,9,4,5,6,2,4,0,0,0,1,0,1,0,0,0,1,1,0,0,0,0,1,1,0,0,0,0
C5120ST,14,272,District-Senapati,Urban,5-9,13,6,7,9,5,4,2,1,1,0,0,0,0,0,0,0,0,0,0,0,0,1,0,1,1,0,1
C5120ST,14,272,District-Senapati,Urban,10-19,15,9,6,9,5,4,2,1,1,1,1,0,0,0,0,1,0,1,0,0,0,1,1,0,1,1,0
C5120ST,14,272,District-Senapati,Urban,20-29,11,5,6,5,1,4,2,1,1,1,0,1,0,0,0,1,1,0,0,0,0,2,2,0,0,0,0
C5120ST,14,272,District-Senapati,Urban,30-39,16,9,7,9,6,3,5,3,2,0,0,0,0,0,0,2,0,2,0,0,0,0,0,0,0,0,0
C5120ST,14,272,District-Senapati,Urban,40-49,7,5,2,3,3,0,1,0,1,0,0,0,1,0,1,1,1,0,0,0,0,0,0,0,1,1,0
C5120ST,14,272,District-Senapati,Urban,50-59,6,4,2,2,1,1,1,1,0,0,0,0,1,0,1,0,0,0,1,1,0,1,1,0,0,0,0
C5120ST,14,272,District-Senapati,Urban,60-69,4,2,2,1,1,0,3,1,2,0,0,0,0,0,0,0,0,0,0,0,0,0,0,0,0,0,0
C5120ST,14,272,District-Senapati,Urban,70-79,3,0,3,0,0,0,0,0,0,0,0,0,0,0,0,0,0,0,0,0,0,3,0,3,0,0,0
C5120ST,14,272,District-Senapati,Urban,80-89,4,1,3,0,0,0,1,0,1,0,0,0,1,1,0,0,0,0,0,0,0,2,0,2,0,0,0
C5120ST,14,272,District-Senapati,Urban,90+,0,0,0,0,0,0,0,0,0,0,0,0,0,0,0,0,0,0,0,0,0,0,0,0,0,0,0
C5120ST,14,272,District-Senapati,Urban,Age Not Stated,0,0,0,0,0,0,0,0,0,0,0,0,0,0,0,0,0,0,0,0,0,0,0,0,0,0,0
C5120ST,14,273,District-Tamenglong ,Total,Total,2421,1310,1111,589,307,282,600,330,270,106,58,48,267,152,115,180,104,76,84,55,29,334,172,162,261,132,129
C5120ST,14,273,District-Tamenglong ,Total,0-4,105,55,50,25,14,11,25,12,13,0,0,0,8,7,1,12,4,8,0,0,0,28,12,16,7,6,1
C5120ST,14,273,District-Tamenglong ,Total,5-9,171,105,66,45,23,22,33,24,9,12,10,2,18,9,9,17,14,3,4,4,0,32,14,18,10,7,3
C5120ST,14,273,District-Tamenglong ,Total,10-19,398,203,195,104,54,50,85,45,40,26,12,14,35,20,15,42,18,24,15,10,5,62,30,32,29,14,15
C5120ST,14,273,District-Tamenglong ,Total,20-29,377,203,174,85,44,41,79,41,38,20,11,9,48,23,25,32,20,12,20,11,9,69,39,30,24,14,10
C5120ST,14,273,District-Tamenglong ,Total,30-39,251,152,99,63,38,25,53,30,23,9,5,4,21,12,9,28,20,8,22,16,6,44,25,19,11,6,5
C5120ST,14,273,District-Tamenglong ,Total,40-49,257,146,111,79,43,36,67,37,30,17,8,9,24,16,8,19,13,6,11,7,4,27,12,15,13,10,3
C5120ST,14,273,District-Tamenglong ,Total,50-59,227,115,112,69,35,34,56,32,24,10,4,6,29,16,13,16,8,8,5,2,3,25,13,12,17,5,12
C5120ST,14,273,District-Tamenglong ,Total,60-69,259,142,117,47,23,24,93,52,41,10,8,2,28,17,11,8,6,2,5,5,0,14,9,5,54,22,32
C5120ST,14,273,District-Tamenglong ,Total,70-79,215,111,104,46,20,26,62,30,32,2,0,2,26,18,8,4,1,3,1,0,1,14,9,5,60,33,27
C5120ST,14,273,District-Tamenglong ,Total,80-89,109,55,54,18,10,8,36,20,16,0,0,0,21,10,11,2,0,2,0,0,0,12,8,4,20,7,13
C5120ST,14,273,District-Tamenglong ,Total,90+,51,23,28,7,3,4,11,7,4,0,0,0,9,4,5,0,0,0,1,0,1,7,1,6,16,8,8
C5120ST,14,273,District-Tamenglong ,Total,Age Not Stated,1,0,1,1,0,1,0,0,0,0,0,0,0,0,0,0,0,0,0,0,0,0,0,0,0,0,0
C5120ST,14,273,District-Tamenglong ,Rural,Total,2021,1111,910,439,242,197,523,288,235,98,53,45,231,130,101,152,89,63,75,48,27,275,144,131,228,117,111
C5120ST,14,273,District-Tamenglong ,Rural,0-4,94,48,46,23,13,10,24,11,13,0,0,0,8,7,1,10,4,6,0,0,0,23,8,15,6,5,1
C5120ST,14,273,District-Tamenglong ,Rural,5-9,145,88,57,35,19,16,27,19,8,11,9,2,18,9,9,14,11,3,4,4,0,28,12,16,8,5,3
C5120ST,14,273,District-Tamenglong ,Rural,10-19,335,172,163,84,46,38,72,39,33,24,10,14,33,19,14,32,12,20,13,8,5,53,27,26,24,11,13
C5120ST,14,273,District-Tamenglong ,Rural,20-29,326,179,147,74,40,34,68,35,33,19,10,9,41,22,19,26,18,8,17,8,9,59,34,25,22,12,10
C5120ST,14,273,District-Tamenglong ,Rural,30-39,211,132,79,50,33,17,44,25,19,8,5,3,17,9,8,26,19,7,20,15,5,36,20,16,10,6,4
C5120ST,14,273,District-Tamenglong ,Rural,40-49,205,124,81,48,31,17,61,34,27,16,8,8,20,14,6,18,12,6,9,6,3,20,9,11,13,10,3
C5120ST,14,273,District-Tamenglong ,Rural,50-59,169,83,86,35,18,17,51,29,22,9,4,5,21,9,12,13,6,7,5,2,3,20,10,10,15,5,10
C5120ST,14,273,District-Tamenglong ,Rural,60-69,221,125,96,31,16,15,81,46,35,9,7,2,27,16,11,8,6,2,5,5,0,10,7,3,50,22,28
C5120ST,14,273,District-Tamenglong ,Rural,70-79,179,93,86,34,14,20,55,26,29,2,0,2,23,16,7,3,1,2,1,0,1,13,9,4,48,27,21
C5120ST,14,273,District-Tamenglong ,Rural,80-89,92,44,48,17,9,8,31,17,14,0,0,0,15,5,10,2,0,2,0,0,0,9,7,2,18,6,12
C5120ST,14,273,District-Tamenglong ,Rural,90+,43,23,20,7,3,4,9,7,2,0,0,0,8,4,4,0,0,0,1,0,1,4,1,3,14,8,6
C5120ST,14,273,District-Tamenglong ,Rural,Age Not Stated,1,0,1,1,0,1,0,0,0,0,0,0,0,0,0,0,0,0,0,0,0,0,0,0,0,0,0
C5120ST,14,273,District-Tamenglong ,Urban,Total,400,199,201,150,65,85,77,42,35,8,5,3,36,22,14,28,15,13,9,7,2,59,28,31,33,15,18
C5120ST,14,273,District-Tamenglong ,Urban,0-4,11,7,4,2,1,1,1,1,0,0,0,0,0,0,0,2,0,2,0,0,0,5,4,1,1,1,0
C5120ST,14,273,District-Tamenglong ,Urban,5-9,26,17,9,10,4,6,6,5,1,1,1,0,0,0,0,3,3,0,0,0,0,4,2,2,2,2,0
C5120ST,14,273,District-Tamenglong ,Urban,10-19,63,31,32,20,8,12,13,6,7,2,2,0,2,1,1,10,6,4,2,2,0,9,3,6,5,3,2
C5120ST,14,273,District-Tamenglong ,Urban,20-29,51,24,27,11,4,7,11,6,5,1,1,0,7,1,6,6,2,4,3,3,0,10,5,5,2,2,0
C5120ST,14,273,District-Tamenglong ,Urban,30-39,40,20,20,13,5,8,9,5,4,1,0,1,4,3,1,2,1,1,2,1,1,8,5,3,1,0,1
C5120ST,14,273,District-Tamenglong ,Urban,40-49,52,22,30,31,12,19,6,3,3,1,0,1,4,2,2,1,1,0,2,1,1,7,3,4,0,0,0
C5120ST,14,273,District-Tamenglong ,Urban,50-59,58,32,26,34,17,17,5,3,2,1,0,1,8,7,1,3,2,1,0,0,0,5,3,2,2,0,2
C5120ST,14,273,District-Tamenglong ,Urban,60-69,38,17,21,16,7,9,12,6,6,1,1,0,1,1,0,0,0,0,0,0,0,4,2,2,4,0,4
C5120ST,14,273,District-Tamenglong ,Urban,70-79,36,18,18,12,6,6,7,4,3,0,0,0,3,2,1,1,0,1,0,0,0,1,0,1,12,6,6
C5120ST,14,273,District-Tamenglong ,Urban,80-89,17,11,6,1,1,0,5,3,2,0,0,0,6,5,1,0,0,0,0,0,0,3,1,2,2,1,1
C5120ST,14,273,District-Tamenglong ,Urban,90+,8,0,8,0,0,0,2,0,2,0,0,0,1,0,1,0,0,0,0,0,0,3,0,3,2,0,2
C5120ST,14,273,District-Tamenglong ,Urban,Age Not Stated,0,0,0,0,0,0,0,0,0,0,0,0,0,0,0,0,0,0,0,0,0,0,0,0,0,0,0
C5120ST,14,274,District-Churachandpur,Total,Total,3745,1991,1754,740,381,359,1091,570,521,175,102,73,346,202,144,262,126,136,151,87,64,725,377,348,255,146,109
C5120ST,14,274,District-Churachandpur,Total,0-4,240,128,112,59,33,26,78,41,37,1,1,0,9,3,6,18,9,9,3,3,0,62,33,29,10,5,5
C5120ST,14,274,District-Churachandpur,Total,5-9,274,155,119,63,33,30,66,39,27,20,10,10,16,11,5,15,9,6,8,7,1,67,40,27,19,6,13
C5120ST,14,274,District-Churachandpur,Total,10-19,590,285,305,120,57,63,164,75,89,33,21,12,48,25,23,41,16,25,19,9,10,130,62,68,35,20,15
C5120ST,14,274,District-Churachandpur,Total,20-29,628,323,305,130,67,63,149,73,76,35,21,14,59,36,23,57,25,32,30,19,11,138,67,71,30,15,15
C5120ST,14,274,District-Churachandpur,Total,30-39,493,292,201,70,39,31,117,67,50,32,15,17,54,35,19,55,37,18,27,18,9,112,62,50,26,19,7
C5120ST,14,274,District-Churachandpur,Total,40-49,401,230,171,79,44,35,106,59,47,15,9,6,45,28,17,29,12,17,26,15,11,76,45,31,25,18,7
C5120ST,14,274,District-Churachandpur,Total,50-59,375,198,177,69,35,34,122,68,54,15,12,3,43,26,17,24,8,16,19,5,14,55,27,28,28,17,11
C5120ST,14,274,District-Churachandpur,Total,60-69,360,179,181,75,39,36,133,66,67,15,7,8,32,19,13,14,6,8,12,6,6,48,19,29,31,17,14
C5120ST,14,274,District-Churachandpur,Total,70-79,224,117,107,51,23,28,89,50,39,3,2,1,23,9,14,6,3,3,4,3,1,28,18,10,20,9,11
C5120ST,14,274,District-Churachandpur,Total,80-89,119,59,60,18,7,11,54,23,31,5,4,1,11,7,4,2,1,1,3,2,1,5,3,2,21,12,9
C5120ST,14,274,District-Churachandpur,Total,90+,33,19,14,5,3,2,10,6,4,0,0,0,6,3,3,0,0,0,0,0,0,4,1,3,8,6,2
C5120ST,14,274,District-Churachandpur,Total,Age Not Stated,8,6,2,1,1,0,3,3,0,1,0,1,0,0,0,1,0,1,0,0,0,0,0,0,2,2,0
C5120ST,14,274,District-Churachandpur,Rural,Total,3589,1915,1674,715,367,348,1049,554,495,167,99,68,326,191,135,251,120,131,140,81,59,704,367,337,237,136,101
C5120ST,14,274,District-Churachandpur,Rural,0-4,235,124,111,59,33,26,78,41,37,1,1,0,9,3,6,18,9,9,3,3,0,60,31,29,7,3,4
C5120ST,14,274,District-Churachandpur,Rural,5-9,268,152,116,59,32,27,66,39,27,20,10,10,16,11,5,14,8,6,8,7,1,66,39,27,19,6,13
C5120ST,14,274,District-Churachandpur,Rural,10-19,566,275,291,116,55,61,154,72,82,32,21,11,46,25,21,40,15,25,17,8,9,128,61,67,33,18,15
C5120ST,14,274,District-Churachandpur,Rural,20-29,606,311,295,125,62,63,146,72,74,33,20,13,57,36,21,54,24,30,27,17,10,136,66,70,28,14,14
C5120ST,14,274,District-Churachandpur,Rural,30-39,468,280,188,67,37,30,112,65,47,29,15,14,49,31,18,52,36,16,25,16,9,109,61,48,25,19,6
C5120ST,14,274,District-Churachandpur,Rural,40-49,385,221,164,75,42,33,100,56,44,15,9,6,43,27,16,28,11,17,26,15,11,76,45,31,22,16,6
C5120ST,14,274,District-Churachandpur,Rural,50-59,355,190,165,67,35,32,117,67,50,13,10,3,41,25,16,22,7,15,16,4,12,53,26,27,26,16,10
C5120ST,14,274,District-Churachandpur,Rural,60-69,346,171,175,74,38,36,129,64,65,15,7,8,29,17,12,14,6,8,11,6,5,45,17,28,29,16,13
C5120ST,14,274,District-Churachandpur,Rural,70-79,209,112,97,50,23,27,83,48,35,3,2,1,20,7,13,6,3,3,4,3,1,24,17,7,19,9,10
C5120ST,14,274,District-Churachandpur,Rural,80-89,112,54,58,17,6,11,52,21,31,5,4,1,10,6,4,2,1,1,3,2,1,4,3,1,19,11,8
C5120ST,14,274,District-Churachandpur,Rural,90+,31,19,12,5,3,2,9,6,3,0,0,0,6,3,3,0,0,0,0,0,0,3,1,2,8,6,2
C5120ST,14,274,District-Churachandpur,Rural,Age Not Stated,8,6,2,1,1,0,3,3,0,1,0,1,0,0,0,1,0,1,0,0,0,0,0,0,2,2,0
C5120ST,14,274,District-Churachandpur,Urban,Total,156,76,80,25,14,11,42,16,26,8,3,5,20,11,9,11,6,5,11,6,5,21,10,11,18,10,8
C5120ST,14,274,District-Churachandpur,Urban,0-4,5,4,1,0,0,0,0,0,0,0,0,0,0,0,0,0,0,0,0,0,0,2,2,0,3,2,1
C5120ST,14,274,District-Churachandpur,Urban,5-9,6,3,3,4,1,3,0,0,0,0,0,0,0,0,0,1,1,0,0,0,0,1,1,0,0,0,0
C5120ST,14,274,District-Churachandpur,Urban,10-19,24,10,14,4,2,2,10,3,7,1,0,1,2,0,2,1,1,0,2,1,1,2,1,1,2,2,0
C5120ST,14,274,District-Churachandpur,Urban,20-29,22,12,10,5,5,0,3,1,2,2,1,1,2,0,2,3,1,2,3,2,1,2,1,1,2,1,1
C5120ST,14,274,District-Churachandpur,Urban,30-39,25,12,13,3,2,1,5,2,3,3,0,3,5,4,1,3,1,2,2,2,0,3,1,2,1,0,1
C5120ST,14,274,District-Churachandpur,Urban,40-49,16,9,7,4,2,2,6,3,3,0,0,0,2,1,1,1,1,0,0,0,0,0,0,0,3,2,1
C5120ST,14,274,District-Churachandpur,Urban,50-59,20,8,12,2,0,2,5,1,4,2,2,0,2,1,1,2,1,1,3,1,2,2,1,1,2,1,1
C5120ST,14,274,District-Churachandpur,Urban,60-69,14,8,6,1,1,0,4,2,2,0,0,0,3,2,1,0,0,0,1,0,1,3,2,1,2,1,1
C5120ST,14,274,District-Churachandpur,Urban,70-79,15,5,10,1,0,1,6,2,4,0,0,0,3,2,1,0,0,0,0,0,0,4,1,3,1,0,1
C5120ST,14,274,District-Churachandpur,Urban,80-89,7,5,2,1,1,0,2,2,0,0,0,0,1,1,0,0,0,0,0,0,0,1,0,1,2,1,1
C5120ST,14,274,District-Churachandpur,Urban,90+,2,0,2,0,0,0,1,0,1,0,0,0,0,0,0,0,0,0,0,0,0,1,0,1,0,0,0
C5120ST,14,274,District-Churachandpur,Urban,Age Not Stated,0,0,0,0,0,0,0,0,0,0,0,0,0,0,0,0,0,0,0,0,0,0,0,0,0,0,0
C5120ST,14,275,District-Bishnupur,Total,Total,50,23,27,13,6,7,6,4,2,4,2,2,10,4,6,5,3,2,5,3,2,5,1,4,2,0,2
C5120ST,14,275,District-Bishnupur,Total,0-4,1,1,0,1,1,0,0,0,0,0,0,0,0,0,0,0,0,0,0,0,0,0,0,0,0,0,0
C5120ST,14,275,District-Bishnupur,Total,5-9,1,0,1,1,0,1,0,0,0,0,0,0,0,0,0,0,0,0,0,0,0,0,0,0,0,0,0
C5120ST,14,275,District-Bishnupur,Total,10-19,9,3,6,3,2,1,0,0,0,1,0,1,2,1,1,0,0,0,0,0,0,1,0,1,2,0,2
C5120ST,14,275,District-Bishnupur,Total,20-29,9,6,3,2,1,1,0,0,0,2,1,1,1,1,0,2,2,0,1,1,0,1,0,1,0,0,0
C5120ST,14,275,District-Bishnupur,Total,30-39,8,5,3,2,1,1,1,1,0,1,1,0,0,0,0,1,0,1,1,1,0,2,1,1,0,0,0
C5120ST,14,275,District-Bishnupur,Total,40-49,9,3,6,0,0,0,4,2,2,0,0,0,3,0,3,1,1,0,1,0,1,0,0,0,0,0,0
C5120ST,14,275,District-Bishnupur,Total,50-59,7,3,4,2,0,2,1,1,0,0,0,0,2,1,1,1,0,1,1,1,0,0,0,0,0,0,0
C5120ST,14,275,District-Bishnupur,Total,60-69,3,1,2,1,1,0,0,0,0,0,0,0,0,0,0,0,0,0,1,0,1,1,0,1,0,0,0
C5120ST,14,275,District-Bishnupur,Total,70-79,1,0,1,1,0,1,0,0,0,0,0,0,0,0,0,0,0,0,0,0,0,0,0,0,0,0,0
C5120ST,14,275,District-Bishnupur,Total,80-89,1,0,1,0,0,0,0,0,0,0,0,0,1,0,1,0,0,0,0,0,0,0,0,0,0,0,0
C5120ST,14,275,District-Bishnupur,Total,90+,1,1,0,0,0,0,0,0,0,0,0,0,1,1,0,0,0,0,0,0,0,0,0,0,0,0,0
C5120ST,14,275,District-Bishnupur,Total,Age Not Stated,0,0,0,0,0,0,0,0,0,0,0,0,0,0,0,0,0,0,0,0,0,0,0,0,0,0,0
C5120ST,14,275,District-Bishnupur,Rural,Total,27,13,14,10,5,5,5,4,1,2,1,1,4,2,2,2,1,1,1,0,1,1,0,1,2,0,2
C5120ST,14,275,District-Bishnupur,Rural,0-4,1,1,0,1,1,0,0,0,0,0,0,0,0,0,0,0,0,0,0,0,0,0,0,0,0,0,0
C5120ST,14,275,District-Bishnupur,Rural,5-9,0,0,0,0,0,0,0,0,0,0,0,0,0,0,0,0,0,0,0,0,0,0,0,0,0,0,0
C5120ST,14,275,District-Bishnupur,Rural,10-19,7,3,4,3,2,1,0,0,0,0,0,0,2,1,1,0,0,0,0,0,0,0,0,0,2,0,2
C5120ST,14,275,District-Bishnupur,Rural,20-29,4,2,2,2,1,1,0,0,0,2,1,1,0,0,0,0,0,0,0,0,0,0,0,0,0,0,0
C5120ST,14,275,District-Bishnupur,Rural,30-39,3,1,2,1,0,1,1,1,0,0,0,0,0,0,0,0,0,0,0,0,0,1,0,1,0,0,0
C5120ST,14,275,District-Bishnupur,Rural,40-49,4,3,1,0,0,0,3,2,1,0,0,0,0,0,0,1,1,0,0,0,0,0,0,0,0,0,0
C5120ST,14,275,District-Bishnupur,Rural,50-59,6,2,4,2,0,2,1,1,0,0,0,0,2,1,1,1,0,1,0,0,0,0,0,0,0,0,0
C5120ST,14,275,District-Bishnupur,Rural,60-69,2,1,1,1,1,0,0,0,0,0,0,0,0,0,0,0,0,0,1,0,1,0,0,0,0,0,0
C5120ST,14,275,District-Bishnupur,Rural,70-79,0,0,0,0,0,0,0,0,0,0,0,0,0,0,0,0,0,0,0,0,0,0,0,0,0,0,0
C5120ST,14,275,District-Bishnupur,Rural,80-89,0,0,0,0,0,0,0,0,0,0,0,0,0,0,0,0,0,0,0,0,0,0,0,0,0,0,0
C5120ST,14,275,District-Bishnupur,Rural,90+,0,0,0,0,0,0,0,0,0,0,0,0,0,0,0,0,0,0,0,0,0,0,0,0,0,0,0
C5120ST,14,275,District-Bishnupur,Rural,Age Not Stated,0,0,0,0,0,0,0,0,0,0,0,0,0,0,0,0,0,0,0,0,0,0,0,0,0,0,0
C5120ST,14,275,District-Bishnupur,Urban,Total,23,10,13,3,1,2,1,0,1,2,1,1,6,2,4,3,2,1,4,3,1,4,1,3,0,0,0
C5120ST,14,275,District-Bishnupur,Urban,0-4,0,0,0,0,0,0,0,0,0,0,0,0,0,0,0,0,0,0,0,0,0,0,0,0,0,0,0
C5120ST,14,275,District-Bishnupur,Urban,5-9,1,0,1,1,0,1,0,0,0,0,0,0,0,0,0,0,0,0,0,0,0,0,0,0,0,0,0
C5120ST,14,275,District-Bishnupur,Urban,10-19,2,0,2,0,0,0,0,0,0,1,0,1,0,0,0,0,0,0,0,0,0,1,0,1,0,0,0
C5120ST,14,275,District-Bishnupur,Urban,20-29,5,4,1,0,0,0,0,0,0,0,0,0,1,1,0,2,2,0,1,1,0,1,0,1,0,0,0
C5120ST,14,275,District-Bishnupur,Urban,30-39,5,4,1,1,1,0,0,0,0,1,1,0,0,0,0,1,0,1,1,1,0,1,1,0,0,0,0
C5120ST,14,275,District-Bishnupur,Urban,40-49,5,0,5,0,0,0,1,0,1,0,0,0,3,0,3,0,0,0,1,0,1,0,0,0,0,0,0
C5120ST,14,275,District-Bishnupur,Urban,50-59,1,1,0,0,0,0,0,0,0,0,0,0,0,0,0,0,0,0,1,1,0,0,0,0,0,0,0
C5120ST,14,275,District-Bishnupur,Urban,60-69,1,0,1,0,0,0,0,0,0,0,0,0,0,0,0,0,0,0,0,0,0,1,0,1,0,0,0
C5120ST,14,275,District-Bishnupur,Urban,70-79,1,0,1,1,0,1,0,0,0,0,0,0,0,0,0,0,0,0,0,0,0,0,0,0,0,0,0
C5120ST,14,275,District-Bishnupur,Urban,80-89,1,0,1,0,0,0,0,0,0,0,0,0,1,0,1,0,0,0,0,0,0,0,0,0,0,0,0
C5120ST,14,275,District-Bishnupur,Urban,90+,1,1,0,0,0,0,0,0,0,0,0,0,1,1,0,0,0,0,0,0,0,0,0,0,0,0,0
C5120ST,14,275,District-Bishnupur,Urban,Age Not Stated,0,0,0,0,0,0,0,0,0,0,0,0,0,0,0,0,0,0,0,0,0,0,0,0,0,0,0
C5120ST,14,276,District-Thoubal,Total,Total,30,19,11,3,1,2,4,4,0,1,1,0,7,4,3,0,0,0,0,0,0,9,5,4,6,4,2
C5120ST,14,276,District-Thoubal,Total,0-4,1,0,1,0,0,0,0,0,0,0,0,0,0,0,0,0,0,0,0,0,0,1,0,1,0,0,0
C5120ST,14,276,District-Thoubal,Total,5-9,0,0,0,0,0,0,0,0,0,0,0,0,0,0,0,0,0,0,0,0,0,0,0,0,0,0,0
C5120ST,14,276,District-Thoubal,Total,10-19,4,3,1,0,0,0,0,0,0,0,0,0,0,0,0,0,0,0,0,0,0,2,1,1,2,2,0
C5120ST,14,276,District-Thoubal,Total,20-29,12,10,2,1,1,0,1,1,0,1,1,0,3,3,0,0,0,0,0,0,0,4,3,1,2,1,1
C5120ST,14,276,District-Thoubal,Total,30-39,3,1,2,1,0,1,0,0,0,0,0,0,1,1,0,0,0,0,0,0,0,1,0,1,0,0,0
C5120ST,14,276,District-Thoubal,Total,40-49,2,2,0,0,0,0,1,1,0,0,0,0,0,0,0,0,0,0,0,0,0,1,1,0,0,0,0
C5120ST,14,276,District-Thoubal,Total,50-59,3,2,1,0,0,0,1,1,0,0,0,0,1,0,1,0,0,0,0,0,0,0,0,0,1,1,0
C5120ST,14,276,District-Thoubal,Total,60-69,2,0,2,0,0,0,0,0,0,0,0,0,1,0,1,0,0,0,0,0,0,0,0,0,1,0,1
C5120ST,14,276,District-Thoubal,Total,70-79,1,1,0,0,0,0,1,1,0,0,0,0,0,0,0,0,0,0,0,0,0,0,0,0,0,0,0
C5120ST,14,276,District-Thoubal,Total,80-89,2,0,2,1,0,1,0,0,0,0,0,0,1,0,1,0,0,0,0,0,0,0,0,0,0,0,0
C5120ST,14,276,District-Thoubal,Total,90+,0,0,0,0,0,0,0,0,0,0,0,0,0,0,0,0,0,0,0,0,0,0,0,0,0,0,0
C5120ST,14,276,District-Thoubal,Total,Age Not Stated,0,0,0,0,0,0,0,0,0,0,0,0,0,0,0,0,0,0,0,0,0,0,0,0,0,0,0
C5120ST,14,276,District-Thoubal,Rural,Total,16,10,6,1,0,1,1,1,0,0,0,0,6,3,3,0,0,0,0,0,0,2,2,0,6,4,2
C5120ST,14,276,District-Thoubal,Rural,0-4,0,0,0,0,0,0,0,0,0,0,0,0,0,0,0,0,0,0,0,0,0,0,0,0,0,0,0
C5120ST,14,276,District-Thoubal,Rural,5-9,0,0,0,0,0,0,0,0,0,0,0,0,0,0,0,0,0,0,0,0,0,0,0,0,0,0,0
C5120ST,14,276,District-Thoubal,Rural,10-19,3,3,0,0,0,0,0,0,0,0,0,0,0,0,0,0,0,0,0,0,0,1,1,0,2,2,0
C5120ST,14,276,District-Thoubal,Rural,20-29,6,5,1,0,0,0,0,0,0,0,0,0,3,3,0,0,0,0,0,0,0,1,1,0,2,1,1
C5120ST,14,276,District-Thoubal,Rural,30-39,0,0,0,0,0,0,0,0,0,0,0,0,0,0,0,0,0,0,0,0,0,0,0,0,0,0,0
C5120ST,14,276,District-Thoubal,Rural,40-49,0,0,0,0,0,0,0,0,0,0,0,0,0,0,0,0,0,0,0,0,0,0,0,0,0,0,0
C5120ST,14,276,District-Thoubal,Rural,50-59,3,2,1,0,0,0,1,1,0,0,0,0,1,0,1,0,0,0,0,0,0,0,0,0,1,1,0
C5120ST,14,276,District-Thoubal,Rural,60-69,2,0,2,0,0,0,0,0,0,0,0,0,1,0,1,0,0,0,0,0,0,0,0,0,1,0,1
C5120ST,14,276,District-Thoubal,Rural,70-79,0,0,0,0,0,0,0,0,0,0,0,0,0,0,0,0,0,0,0,0,0,0,0,0,0,0,0
C5120ST,14,276,District-Thoubal,Rural,80-89,2,0,2,1,0,1,0,0,0,0,0,0,1,0,1,0,0,0,0,0,0,0,0,0,0,0,0
C5120ST,14,276,District-Thoubal,Rural,90+,0,0,0,0,0,0,0,0,0,0,0,0,0,0,0,0,0,0,0,0,0,0,0,0,0,0,0
C5120ST,14,276,District-Thoubal,Rural,Age Not Stated,0,0,0,0,0,0,0,0,0,0,0,0,0,0,0,0,0,0,0,0,0,0,0,0,0,0,0
C5120ST,14,276,District-Thoubal,Urban,Total,14,9,5,2,1,1,3,3,0,1,1,0,1,1,0,0,0,0,0,0,0,7,3,4,0,0,0
C5120ST,14,276,District-Thoubal,Urban,0-4,1,0,1,0,0,0,0,0,0,0,0,0,0,0,0,0,0,0,0,0,0,1,0,1,0,0,0
C5120ST,14,276,District-Thoubal,Urban,5-9,0,0,0,0,0,0,0,0,0,0,0,0,0,0,0,0,0,0,0,0,0,0,0,0,0,0,0
C5120ST,14,276,District-Thoubal,Urban,10-19,1,0,1,0,0,0,0,0,0,0,0,0,0,0,0,0,0,0,0,0,0,1,0,1,0,0,0
C5120ST,14,276,District-Thoubal,Urban,20-29,6,5,1,1,1,0,1,1,0,1,1,0,0,0,0,0,0,0,0,0,0,3,2,1,0,0,0
C5120ST,14,276,District-Thoubal,Urban,30-39,3,1,2,1,0,1,0,0,0,0,0,0,1,1,0,0,0,0,0,0,0,1,0,1,0,0,0
C5120ST,14,276,District-Thoubal,Urban,40-49,2,2,0,0,0,0,1,1,0,0,0,0,0,0,0,0,0,0,0,0,0,1,1,0,0,0,0
C5120ST,14,276,District-Thoubal,Urban,50-59,0,0,0,0,0,0,0,0,0,0,0,0,0,0,0,0,0,0,0,0,0,0,0,0,0,0,0
C5120ST,14,276,District-Thoubal,Urban,60-69,0,0,0,0,0,0,0,0,0,0,0,0,0,0,0,0,0,0,0,0,0,0,0,0,0,0,0
C5120ST,14,276,District-Thoubal,Urban,70-79,1,1,0,0,0,0,1,1,0,0,0,0,0,0,0,0,0,0,0,0,0,0,0,0,0,0,0
C5120ST,14,276,District-Thoubal,Urban,80-89,0,0,0,0,0,0,0,0,0,0,0,0,0,0,0,0,0,0,0,0,0,0,0,0,0,0,0
C5120ST,14,276,District-Thoubal,Urban,90+,0,0,0,0,0,0,0,0,0,0,0,0,0,0,0,0,0,0,0,0,0,0,0,0,0,0,0
C5120ST,14,276,District-Thoubal,Urban,Age Not Stated,0,0,0,0,0,0,0,0,0,0,0,0,0,0,0,0,0,0,0,0,0,0,0,0,0,0,0
C5120ST,14,277,District-Imphal West,Total,Total,472,225,247,112,59,53,80,34,46,11,9,2,52,27,25,53,23,30,6,3,3,132,57,75,26,13,13
C5120ST,14,277,District-Imphal West,Total,0-4,26,13,13,9,6,3,4,1,3,0,0,0,1,1,0,3,0,3,0,0,0,7,4,3,2,1,1
C5120ST,14,277,District-Imphal West,Total,5-9,42,21,21,11,2,9,9,5,4,2,2,0,2,1,1,2,1,1,0,0,0,13,7,6,3,3,0
C5120ST,14,277,District-Imphal West,Total,10-19,76,35,41,15,6,9,12,2,10,3,2,1,7,4,3,12,6,6,0,0,0,25,13,12,2,2,0
C5120ST,14,277,District-Imphal West,Total,20-29,91,37,54,23,11,12,13,3,10,1,1,0,7,2,5,12,6,6,2,2,0,26,9,17,7,3,4
C5120ST,14,277,District-Imphal West,Total,30-39,75,33,42,17,10,7,11,5,6,1,1,0,5,2,3,14,4,10,2,0,2,21,9,12,4,2,2
C5120ST,14,277,District-Imphal West,Total,40-49,55,34,21,12,7,5,9,8,1,2,2,0,12,9,3,2,0,2,0,0,0,17,7,10,1,1,0
C5120ST,14,277,District-Imphal West,Total,50-59,55,30,25,12,8,4,13,6,7,2,1,1,8,4,4,3,3,0,1,1,0,13,6,7,3,1,2
C5120ST,14,277,District-Imphal West,Total,60-69,25,13,12,7,6,1,4,2,2,0,0,0,6,2,4,2,2,0,1,0,1,2,1,1,3,0,3
C5120ST,14,277,District-Imphal West,Total,70-79,15,5,10,3,1,2,5,2,3,0,0,0,2,1,1,2,1,1,0,0,0,2,0,2,1,0,1
C5120ST,14,277,District-Imphal West,Total,80-89,9,4,5,3,2,1,0,0,0,0,0,0,1,1,0,1,0,1,0,0,0,4,1,3,0,0,0
C5120ST,14,277,District-Imphal West,Total,90+,2,0,2,0,0,0,0,0,0,0,0,0,1,0,1,0,0,0,0,0,0,1,0,1,0,0,0
C5120ST,14,277,District-Imphal West,Total,Age Not Stated,1,0,1,0,0,0,0,0,0,0,0,0,0,0,0,0,0,0,0,0,0,1,0,1,0,0,0
C5120ST,14,277,District-Imphal West,Rural,Total,60,37,23,12,8,4,20,12,8,4,3,1,12,6,6,3,1,2,0,0,0,6,5,1,3,2,1
C5120ST,14,277,District-Imphal West,Rural,0-4,5,4,1,1,1,0,2,1,1,0,0,0,1,1,0,0,0,0,0,0,0,1,1,0,0,0,0
C5120ST,14,277,District-Imphal West,Rural,5-9,7,5,2,1,0,1,3,2,1,2,2,0,0,0,0,0,0,0,0,0,0,0,0,0,1,1,0
C5120ST,14,277,District-Imphal West,Rural,10-19,10,6,4,1,1,0,1,1,0,2,1,1,2,0,2,1,0,1,0,0,0,3,3,0,0,0,0
C5120ST,14,277,District-Imphal West,Rural,20-29,10,4,6,2,1,1,4,1,3,0,0,0,2,1,1,0,0,0,0,0,0,0,0,0,2,1,1
C5120ST,14,277,District-Imphal West,Rural,30-39,7,2,5,2,1,1,1,0,1,0,0,0,2,0,2,2,1,1,0,0,0,0,0,0,0,0,0
C5120ST,14,277,District-Imphal West,Rural,40-49,11,8,3,2,1,1,6,5,1,0,0,0,3,2,1,0,0,0,0,0,0,0,0,0,0,0,0
C5120ST,14,277,District-Imphal West,Rural,50-59,6,5,1,1,1,0,2,1,1,0,0,0,2,2,0,0,0,0,0,0,0,1,1,0,0,0,0
C5120ST,14,277,District-Imphal West,Rural,60-69,2,2,0,2,2,0,0,0,0,0,0,0,0,0,0,0,0,0,0,0,0,0,0,0,0,0,0
C5120ST,14,277,District-Imphal West,Rural,70-79,1,1,0,0,0,0,1,1,0,0,0,0,0,0,0,0,0,0,0,0,0,0,0,0,0,0,0
C5120ST,14,277,District-Imphal West,Rural,80-89,0,0,0,0,0,0,0,0,0,0,0,0,0,0,0,0,0,0,0,0,0,0,0,0,0,0,0
C5120ST,14,277,District-Imphal West,Rural,90+,0,0,0,0,0,0,0,0,0,0,0,0,0,0,0,0,0,0,0,0,0,0,0,0,0,0,0
C5120ST,14,277,District-Imphal West,Rural,Age Not Stated,1,0,1,0,0,0,0,0,0,0,0,0,0,0,0,0,0,0,0,0,0,1,0,1,0,0,0
C5120ST,14,277,District-Imphal West,Urban,Total,412,188,224,100,51,49,60,22,38,7,6,1,40,21,19,50,22,28,6,3,3,126,52,74,23,11,12
C5120ST,14,277,District-Imphal West,Urban,0-4,21,9,12,8,5,3,2,0,2,0,0,0,0,0,0,3,0,3,0,0,0,6,3,3,2,1,1
C5120ST,14,277,District-Imphal West,Urban,5-9,35,16,19,10,2,8,6,3,3,0,0,0,2,1,1,2,1,1,0,0,0,13,7,6,2,2,0
C5120ST,14,277,District-Imphal West,Urban,10-19,66,29,37,14,5,9,11,1,10,1,1,0,5,4,1,11,6,5,0,0,0,22,10,12,2,2,0
C5120ST,14,277,District-Imphal West,Urban,20-29,81,33,48,21,10,11,9,2,7,1,1,0,5,1,4,12,6,6,2,2,0,26,9,17,5,2,3
C5120ST,14,277,District-Imphal West,Urban,30-39,68,31,37,15,9,6,10,5,5,1,1,0,3,2,1,12,3,9,2,0,2,21,9,12,4,2,2
C5120ST,14,277,District-Imphal West,Urban,40-49,44,26,18,10,6,4,3,3,0,2,2,0,9,7,2,2,0,2,0,0,0,17,7,10,1,1,0
C5120ST,14,277,District-Imphal West,Urban,50-59,49,25,24,11,7,4,11,5,6,2,1,1,6,2,4,3,3,0,1,1,0,12,5,7,3,1,2
C5120ST,14,277,District-Imphal West,Urban,60-69,23,11,12,5,4,1,4,2,2,0,0,0,6,2,4,2,2,0,1,0,1,2,1,1,3,0,3
C5120ST,14,277,District-Imphal West,Urban,70-79,14,4,10,3,1,2,4,1,3,0,0,0,2,1,1,2,1,1,0,0,0,2,0,2,1,0,1
C5120ST,14,277,District-Imphal West,Urban,80-89,9,4,5,3,2,1,0,0,0,0,0,0,1,1,0,1,0,1,0,0,0,4,1,3,0,0,0
C5120ST,14,277,District-Imphal West,Urban,90+,2,0,2,0,0,0,0,0,0,0,0,0,1,0,1,0,0,0,0,0,0,1,0,1,0,0,0
C5120ST,14,277,District-Imphal West,Urban,Age Not Stated,0,0,0,0,0,0,0,0,0,0,0,0,0,0,0,0,0,0,0,0,0,0,0,0,0,0,0
C5120ST,14,278,District-Imphal East,Total,Total,422,223,199,160,87,73,84,41,43,15,8,7,33,23,10,30,13,17,13,8,5,55,25,30,32,18,14
C5120ST,14,278,District-Imphal East,Total,0-4,20,8,12,12,3,9,6,4,2,0,0,0,0,0,0,0,0,0,0,0,0,1,0,1,1,1,0
C5120ST,14,278,District-Imphal East,Total,5-9,28,16,12,15,7,8,6,4,2,2,2,0,0,0,0,0,0,0,1,0,1,2,2,0,2,1,1
C5120ST,14,278,District-Imphal East,Total,10-19,70,40,30,30,16,14,11,6,5,2,1,1,2,2,0,6,3,3,2,1,1,8,5,3,9,6,3
C5120ST,14,278,District-Imphal East,Total,20-29,83,45,38,22,15,7,14,6,8,3,2,1,12,8,4,6,2,4,5,3,2,16,6,10,5,3,2
C5120ST,14,278,District-Imphal East,Total,30-39,66,33,33,25,10,15,10,6,4,1,0,1,5,4,1,8,4,4,3,3,0,11,5,6,3,1,2
C5120ST,14,278,District-Imphal East,Total,40-49,46,22,24,19,12,7,9,2,7,2,1,1,5,3,2,2,1,1,0,0,0,8,2,6,1,1,0
C5120ST,14,278,District-Imphal East,Total,50-59,34,20,14,14,9,5,5,2,3,3,1,2,2,2,0,3,2,1,1,1,0,4,2,2,2,1,1
C5120ST,14,278,District-Imphal East,Total,60-69,41,20,21,13,7,6,7,4,3,1,0,1,4,2,2,5,1,4,1,0,1,5,3,2,5,3,2
C5120ST,14,278,District-Imphal East,Total,70-79,17,9,8,4,2,2,9,4,5,1,1,0,2,1,1,0,0,0,0,0,0,0,0,0,1,1,0
C5120ST,14,278,District-Imphal East,Total,80-89,13,10,3,6,6,0,5,3,2,0,0,0,1,1,0,0,0,0,0,0,0,0,0,0,1,0,1
C5120ST,14,278,District-Imphal East,Total,90+,4,0,4,0,0,0,2,0,2,0,0,0,0,0,0,0,0,0,0,0,0,0,0,0,2,0,2
C5120ST,14,278,District-Imphal East,Total,Age Not Stated,0,0,0,0,0,0,0,0,0,0,0,0,0,0,0,0,0,0,0,0,0,0,0,0,0,0,0
C5120ST,14,278,District-Imphal East,Rural,Total,184,94,90,91,45,46,40,17,23,3,1,2,14,13,1,15,6,9,5,4,1,8,4,4,8,4,4
C5120ST,14,278,District-Imphal East,Rural,0-4,15,7,8,9,3,6,4,3,1,0,0,0,0,0,0,0,0,0,0,0,0,1,0,1,1,1,0
C5120ST,14,278,District-Imphal East,Rural,5-9,14,5,9,11,4,7,2,0,2,1,1,0,0,0,0,0,0,0,0,0,0,0,0,0,0,0,0
C5120ST,14,278,District-Imphal East,Rural,10-19,31,15,16,16,8,8,6,3,3,1,0,1,1,1,0,4,1,3,0,0,0,1,1,0,2,1,1
C5120ST,14,278,District-Imphal East,Rural,20-29,37,19,18,10,7,3,9,2,7,0,0,0,6,6,0,4,1,3,3,2,1,2,0,2,3,1,2
C5120ST,14,278,District-Imphal East,Rural,30-39,32,15,17,16,5,11,5,3,2,0,0,0,2,2,0,4,2,2,2,2,0,2,1,1,1,0,1
C5120ST,14,278,District-Imphal East,Rural,40-49,19,11,8,10,7,3,3,0,3,1,0,1,2,1,1,1,1,0,0,0,0,1,1,0,1,1,0
C5120ST,14,278,District-Imphal East,Rural,50-59,15,10,5,10,6,4,3,2,1,0,0,0,1,1,0,1,1,0,0,0,0,0,0,0,0,0,0
C5120ST,14,278,District-Imphal East,Rural,60-69,13,8,5,6,3,3,3,2,1,0,0,0,2,2,0,1,0,1,0,0,0,1,1,0,0,0,0
C5120ST,14,278,District-Imphal East,Rural,70-79,6,3,3,2,1,1,4,2,2,0,0,0,0,0,0,0,0,0,0,0,0,0,0,0,0,0,0
C5120ST,14,278,District-Imphal East,Rural,80-89,1,1,0,1,1,0,0,0,0,0,0,0,0,0,0,0,0,0,0,0,0,0,0,0,0,0,0
C5120ST,14,278,District-Imphal East,Rural,90+,1,0,1,0,0,0,1,0,1,0,0,0,0,0,0,0,0,0,0,0,0,0,0,0,0,0,0
C5120ST,14,278,District-Imphal East,Rural,Age Not Stated,0,0,0,0,0,0,0,0,0,0,0,0,0,0,0,0,0,0,0,0,0,0,0,0,0,0,0
C5120ST,14,278,District-Imphal East,Urban,Total,238,129,109,69,42,27,44,24,20,12,7,5,19,10,9,15,7,8,8,4,4,47,21,26,24,14,10
C5120ST,14,278,District-Imphal East,Urban,0-4,5,1,4,3,0,3,2,1,1,0,0,0,0,0,0,0,0,0,0,0,0,0,0,0,0,0,0
C5120ST,14,278,District-Imphal East,Urban,5-9,14,11,3,4,3,1,4,4,0,1,1,0,0,0,0,0,0,0,1,0,1,2,2,0,2,1,1
C5120ST,14,278,District-Imphal East,Urban,10-19,39,25,14,14,8,6,5,3,2,1,1,0,1,1,0,2,2,0,2,1,1,7,4,3,7,5,2
C5120ST,14,278,District-Imphal East,Urban,20-29,46,26,20,12,8,4,5,4,1,3,2,1,6,2,4,2,1,1,2,1,1,14,6,8,2,2,0
C5120ST,14,278,District-Imphal East,Urban,30-39,34,18,16,9,5,4,5,3,2,1,0,1,3,2,1,4,2,2,1,1,0,9,4,5,2,1,1
C5120ST,14,278,District-Imphal East,Urban,40-49,27,11,16,9,5,4,6,2,4,1,1,0,3,2,1,1,0,1,0,0,0,7,1,6,0,0,0
C5120ST,14,278,District-Imphal East,Urban,50-59,19,10,9,4,3,1,2,0,2,3,1,2,1,1,0,2,1,1,1,1,0,4,2,2,2,1,1
C5120ST,14,278,District-Imphal East,Urban,60-69,28,12,16,7,4,3,4,2,2,1,0,1,2,0,2,4,1,3,1,0,1,4,2,2,5,3,2
C5120ST,14,278,District-Imphal East,Urban,70-79,11,6,5,2,1,1,5,2,3,1,1,0,2,1,1,0,0,0,0,0,0,0,0,0,1,1,0
C5120ST,14,278,District-Imphal East,Urban,80-89,12,9,3,5,5,0,5,3,2,0,0,0,1,1,0,0,0,0,0,0,0,0,0,0,1,0,1
C5120ST,14,278,District-Imphal East,Urban,90+,3,0,3,0,0,0,1,0,1,0,0,0,0,0,0,0,0,0,0,0,0,0,0,0,2,0,2
C5120ST,14,278,District-Imphal East,Urban,Age Not Stated,0,0,0,0,0,0,0,0,0,0,0,0,0,0,0,0,0,0,0,0,0,0,0,0,0,0,0
C5120ST,14,279,District-Ukhrul,Total,Total,4282,2241,2041,1699,867,832,921,462,459,94,50,44,338,191,147,261,133,128,79,51,28,625,346,279,265,141,124
C5120ST,14,279,District-Ukhrul,Total,0-4,272,143,129,130,63,67,60,33,27,1,0,1,8,5,3,19,9,10,1,1,0,48,30,18,5,2,3
C5120ST,14,279,District-Ukhrul,Total,5-9,340,181,159,150,77,73,72,41,31,11,7,4,14,8,6,22,11,11,1,0,1,55,27,28,15,10,5
C5120ST,14,279,District-Ukhrul,Total,10-19,896,462,434,405,202,203,177,81,96,23,12,11,39,26,13,63,34,29,9,5,4,134,75,59,46,27,19
C5120ST,14,279,District-Ukhrul,Total,20-29,704,349,355,286,136,150,130,48,82,6,2,4,64,40,24,52,29,23,20,14,6,119,65,54,27,15,12
C5120ST,14,279,District-Ukhrul,Total,30-39,531,289,242,198,110,88,113,54,59,18,11,7,44,21,23,43,23,20,18,13,5,64,36,28,33,21,12
C5120ST,14,279,District-Ukhrul,Total,40-49,481,255,226,174,88,86,109,64,45,17,11,6,43,23,20,28,12,16,14,11,3,69,32,37,27,14,13
C5120ST,14,279,District-Ukhrul,Total,50-59,376,203,173,152,81,71,69,35,34,13,4,9,40,24,16,17,7,10,9,4,5,56,37,19,20,11,9
C5120ST,14,279,District-Ukhrul,Total,60-69,303,159,144,102,56,46,79,45,34,4,2,2,34,17,17,10,5,5,5,2,3,35,20,15,34,12,22
C5120ST,14,279,District-Ukhrul,Total,70-79,197,103,94,63,33,30,52,25,27,0,0,0,31,16,15,3,1,2,0,0,0,23,12,11,25,16,9
C5120ST,14,279,District-Ukhrul,Total,80-89,122,66,56,19,10,9,42,25,17,1,1,0,16,9,7,2,2,0,2,1,1,17,9,8,23,9,14
C5120ST,14,279,District-Ukhrul,Total,90+,32,16,16,3,0,3,15,10,5,0,0,0,4,1,3,0,0,0,0,0,0,1,1,0,9,4,5
C5120ST,14,279,District-Ukhrul,Total,Age Not Stated,28,15,13,17,11,6,3,1,2,0,0,0,1,1,0,2,0,2,0,0,0,4,2,2,1,0,1
C5120ST,14,279,District-Ukhrul,Rural,Total,3668,1916,1752,1387,697,690,827,410,417,82,42,40,307,177,130,230,119,111,68,43,25,546,308,238,221,120,101
C5120ST,14,279,District-Ukhrul,Rural,0-4,226,117,109,108,48,60,49,27,22,1,0,1,7,5,2,16,8,8,1,1,0,41,27,14,3,1,2
C5120ST,14,279,District-Ukhrul,Rural,5-9,295,155,140,122,62,60,64,34,30,11,7,4,14,8,6,22,11,11,1,0,1,46,23,23,15,10,5
C5120ST,14,279,District-Ukhrul,Rural,10-19,722,366,356,305,151,154,156,69,87,16,7,9,35,23,12,54,30,24,7,4,3,116,63,53,33,19,14
C5120ST,14,279,District-Ukhrul,Rural,20-29,605,300,305,236,113,123,115,41,74,6,2,4,58,36,22,45,25,20,16,11,5,108,61,47,21,11,10
C5120ST,14,279,District-Ukhrul,Rural,30-39,456,252,204,160,89,71,103,52,51,17,11,6,40,20,20,36,19,17,14,10,4,55,32,23,31,19,12
C5120ST,14,279,District-Ukhrul,Rural,40-49,436,232,204,152,78,74,99,57,42,15,10,5,42,23,19,25,11,14,13,10,3,63,29,34,27,14,13
C5120ST,14,279,District-Ukhrul,Rural,50-59,335,181,154,128,68,60,66,33,33,12,3,9,35,22,13,16,7,9,9,4,5,50,33,17,19,11,8
C5120ST,14,279,District-Ukhrul,Rural,60-69,268,142,126,93,51,42,72,40,32,3,1,2,30,15,15,10,5,5,5,2,3,25,17,8,30,11,19
C5120ST,14,279,District-Ukhrul,Rural,70-79,181,94,87,55,25,30,50,25,25,0,0,0,28,15,13,3,1,2,0,0,0,21,12,9,24,16,8
C5120ST,14,279,District-Ukhrul,Rural,80-89,101,58,43,16,8,8,37,22,15,1,1,0,13,8,5,2,2,0,2,1,1,17,9,8,13,7,6
C5120ST,14,279,District-Ukhrul,Rural,90+,25,11,14,3,0,3,14,9,5,0,0,0,4,1,3,0,0,0,0,0,0,0,0,0,4,1,3
C5120ST,14,279,District-Ukhrul,Rural,Age Not Stated,18,8,10,9,4,5,2,1,1,0,0,0,1,1,0,1,0,1,0,0,0,4,2,2,1,0,1
C5120ST,14,279,District-Ukhrul,Urban,Total,614,325,289,312,170,142,94,52,42,12,8,4,31,14,17,31,14,17,11,8,3,79,38,41,44,21,23
C5120ST,14,279,District-Ukhrul,Urban,0-4,46,26,20,22,15,7,11,6,5,0,0,0,1,0,1,3,1,2,0,0,0,7,3,4,2,1,1
C5120ST,14,279,District-Ukhrul,Urban,5-9,45,26,19,28,15,13,8,7,1,0,0,0,0,0,0,0,0,0,0,0,0,9,4,5,0,0,0
C5120ST,14,279,District-Ukhrul,Urban,10-19,174,96,78,100,51,49,21,12,9,7,5,2,4,3,1,9,4,5,2,1,1,18,12,6,13,8,5
C5120ST,14,279,District-Ukhrul,Urban,20-29,99,49,50,50,23,27,15,7,8,0,0,0,6,4,2,7,4,3,4,3,1,11,4,7,6,4,2
C5120ST,14,279,District-Ukhrul,Urban,30-39,75,37,38,38,21,17,10,2,8,1,0,1,4,1,3,7,4,3,4,3,1,9,4,5,2,2,0
C5120ST,14,279,District-Ukhrul,Urban,40-49,45,23,22,22,10,12,10,7,3,2,1,1,1,0,1,3,1,2,1,1,0,6,3,3,0,0,0
C5120ST,14,279,District-Ukhrul,Urban,50-59,41,22,19,24,13,11,3,2,1,1,1,0,5,2,3,1,0,1,0,0,0,6,4,2,1,0,1
C5120ST,14,279,District-Ukhrul,Urban,60-69,35,17,18,9,5,4,7,5,2,1,1,0,4,2,2,0,0,0,0,0,0,10,3,7,4,1,3
C5120ST,14,279,District-Ukhrul,Urban,70-79,16,9,7,8,8,0,2,0,2,0,0,0,3,1,2,0,0,0,0,0,0,2,0,2,1,0,1
C5120ST,14,279,District-Ukhrul,Urban,80-89,21,8,13,3,2,1,5,3,2,0,0,0,3,1,2,0,0,0,0,0,0,0,0,0,10,2,8
C5120ST,14,279,District-Ukhrul,Urban,90+,7,5,2,0,0,0,1,1,0,0,0,0,0,0,0,0,0,0,0,0,0,1,1,0,5,3,2
C5120ST,14,279,District-Ukhrul,Urban,Age Not Stated,10,7,3,8,7,1,1,0,1,0,0,0,0,0,0,1,0,1,0,0,0,0,0,0,0,0,0
C5120ST,14,280,District-Chandel,Total,Total,3899,1939,1960,2289,1123,1166,652,316,336,82,46,36,195,107,88,204,100,104,26,14,12,326,166,160,125,67,58
C5120ST,14,280,District-Chandel,Total,0-4,268,129,139,188,82,106,42,27,15,0,0,0,5,4,1,9,5,4,1,1,0,22,10,12,1,0,1
C5120ST,14,280,District-Chandel,Total,5-9,310,144,166,203,98,105,33,18,15,10,2,8,8,3,5,19,9,10,1,0,1,25,10,15,11,4,7
C5120ST,14,280,District-Chandel,Total,10-19,695,378,317,429,231,198,100,54,46,19,12,7,24,15,9,43,21,22,4,2,2,55,34,21,21,9,12
C5120ST,14,280,District-Chandel,Total,20-29,733,342,391,412,192,220,131,55,76,14,10,4,44,24,20,35,13,22,6,3,3,69,34,35,22,11,11
C5120ST,14,280,District-Chandel,Total,30-39,600,286,314,345,167,178,101,43,58,18,12,6,26,11,15,39,21,18,5,2,3,56,24,32,10,6,4
C5120ST,14,280,District-Chandel,Total,40-49,441,205,236,259,120,139,78,28,50,6,2,4,19,11,8,21,11,10,5,3,2,39,21,18,14,9,5
C5120ST,14,280,District-Chandel,Total,50-59,358,202,156,194,104,90,64,34,30,7,3,4,28,20,8,23,14,9,2,2,0,26,15,11,14,10,4
C5120ST,14,280,District-Chandel,Total,60-69,263,130,133,142,73,69,59,31,28,5,4,1,20,8,12,10,3,7,1,0,1,15,7,8,11,4,7
C5120ST,14,280,District-Chandel,Total,70-79,168,87,81,93,41,52,32,20,12,1,0,1,15,9,6,3,2,1,0,0,0,12,6,6,12,9,3
C5120ST,14,280,District-Chandel,Total,80-89,40,22,18,13,7,6,9,5,4,2,1,1,3,1,2,2,1,1,0,0,0,6,5,1,5,2,3
C5120ST,14,280,District-Chandel,Total,90+,15,8,7,5,3,2,2,1,1,0,0,0,3,1,2,0,0,0,0,0,0,1,0,1,4,3,1
C5120ST,14,280,District-Chandel,Total,Age Not Stated,8,6,2,6,5,1,1,0,1,0,0,0,0,0,0,0,0,0,1,1,0,0,0,0,0,0,0
C5120ST,14,280,District-Chandel,Rural,Total,3593,1793,1800,2099,1035,1064,608,294,314,71,38,33,179,98,81,195,94,101,25,14,11,307,159,148,109,61,48
C5120ST,14,280,District-Chandel,Rural,0-4,242,114,128,172,75,97,36,21,15,0,0,0,5,4,1,9,5,4,1,1,0,18,8,10,1,0,1
C5120ST,14,280,District-Chandel,Rural,5-9,274,126,148,178,85,93,30,16,14,9,1,8,7,3,4,19,9,10,0,0,0,23,9,14,8,3,5
C5120ST,14,280,District-Chandel,Rural,10-19,639,348,291,393,211,182,89,48,41,17,11,6,24,15,9,42,20,22,4,2,2,52,33,19,18,8,10
C5120ST,14,280,District-Chandel,Rural,20-29,687,324,363,383,181,202,128,55,73,9,7,2,42,23,19,32,11,21,6,3,3,66,33,33,21,11,10
C5120ST,14,280,District-Chandel,Rural,30-39,553,264,289,315,154,161,93,40,53,16,10,6,24,10,14,37,19,18,5,2,3,53,23,30,10,6,4
C5120ST,14,280,District-Chandel,Rural,40-49,416,191,225,243,111,132,76,27,49,6,2,4,16,9,7,20,10,10,5,3,2,37,21,16,13,8,5
C5120ST,14,280,District-Chandel,Rural,50-59,333,193,140,179,101,78,61,33,28,6,2,4,25,17,8,22,14,8,2,2,0,26,15,11,12,9,3
C5120ST,14,280,District-Chandel,Rural,60-69,234,117,117,126,63,63,54,29,25,5,4,1,17,8,9,9,3,6,1,0,1,14,7,7,8,3,5
C5120ST,14,280,District-Chandel,Rural,70-79,156,81,75,87,39,48,29,19,10,1,0,1,13,7,6,3,2,1,0,0,0,11,5,6,12,9,3
C5120ST,14,280,District-Chandel,Rural,80-89,39,22,17,13,7,6,9,5,4,2,1,1,3,1,2,2,1,1,0,0,0,6,5,1,4,2,2
C5120ST,14,280,District-Chandel,Rural,90+,12,7,5,4,3,1,2,1,1,0,0,0,3,1,2,0,0,0,0,0,0,1,0,1,2,2,0
C5120ST,14,280,District-Chandel,Rural,Age Not Stated,8,6,2,6,5,1,1,0,1,0,0,0,0,0,0,0,0,0,1,1,0,0,0,0,0,0,0
C5120ST,14,280,District-Chandel,Urban,Total,306,146,160,190,88,102,44,22,22,11,8,3,16,9,7,9,6,3,1,0,1,19,7,12,16,6,10
C5120ST,14,280,District-Chandel,Urban,0-4,26,15,11,16,7,9,6,6,0,0,0,0,0,0,0,0,0,0,0,0,0,4,2,2,0,0,0
C5120ST,14,280,District-Chandel,Urban,5-9,36,18,18,25,13,12,3,2,1,1,1,0,1,0,1,0,0,0,1,0,1,2,1,1,3,1,2
C5120ST,14,280,District-Chandel,Urban,10-19,56,30,26,36,20,16,11,6,5,2,1,1,0,0,0,1,1,0,0,0,0,3,1,2,3,1,2
C5120ST,14,280,District-Chandel,Urban,20-29,46,18,28,29,11,18,3,0,3,5,3,2,2,1,1,3,2,1,0,0,0,3,1,2,1,0,1
C5120ST,14,280,District-Chandel,Urban,30-39,47,22,25,30,13,17,8,3,5,2,2,0,2,1,1,2,2,0,0,0,0,3,1,2,0,0,0
C5120ST,14,280,District-Chandel,Urban,40-49,25,14,11,16,9,7,2,1,1,0,0,0,3,2,1,1,1,0,0,0,0,2,0,2,1,1,0
C5120ST,14,280,District-Chandel,Urban,50-59,25,9,16,15,3,12,3,1,2,1,1,0,3,3,0,1,0,1,0,0,0,0,0,0,2,1,1
C5120ST,14,280,District-Chandel,Urban,60-69,29,13,16,16,10,6,5,2,3,0,0,0,3,0,3,1,0,1,0,0,0,1,0,1,3,1,2
C5120ST,14,280,District-Chandel,Urban,70-79,12,6,6,6,2,4,3,1,2,0,0,0,2,2,0,0,0,0,0,0,0,1,1,0,0,0,0
C5120ST,14,280,District-Chandel,Urban,80-89,1,0,1,0,0,0,0,0,0,0,0,0,0,0,0,0,0,0,0,0,0,0,0,0,1,0,1
C5120ST,14,280,District-Chandel,Urban,90+,3,1,2,1,0,1,0,0,0,0,0,0,0,0,0,0,0,0,0,0,0,0,0,0,2,1,1
C5120ST,14,280,District-Chandel,Urban,Age Not Stated,0,0,0,0,0,0,0,0,0,0,0,0,0,0,0,0,0,0,0,0,0,0,0,0,0,0,0
C5120ST,15,0,State-MIZORAM,Total,Total,14345,7647,6698,1964,1032,932,3200,1719,1481,1107,570,537,1911,1116,795,1529,813,716,777,383,394,1818,950,868,2039,1064,975
C5120ST,15,0,State-MIZORAM,Total,0-4,519,271,248,80,36,44,85,48,37,15,6,9,62,37,25,31,16,15,5,4,1,178,91,87,63,33,30
C5120ST,15,0,State-MIZORAM,Total,5-9,958,544,414,156,90,66,151,83,68,108,60,48,92,51,41,89,59,30,37,19,18,168,93,75,157,89,68
C5120ST,15,0,State-MIZORAM,Total,10-19,2133,1169,964,312,171,141,344,186,158,206,125,81,245,136,109,293,159,134,122,60,62,292,157,135,319,175,144
C5120ST,15,0,State-MIZORAM,Total,20-29,2058,1071,987,246,127,119,334,169,165,166,83,83,298,167,131,311,168,143,130,79,51,304,135,169,269,143,126
C5120ST,15,0,State-MIZORAM,Total,30-39,1995,1081,914,239,131,108,369,185,184,162,79,83,294,189,105,270,156,114,155,82,73,254,127,127,252,132,120
C5120ST,15,0,State-MIZORAM,Total,40-49,1994,1062,932,235,132,103,426,219,207,162,81,81,295,180,115,226,108,118,143,62,81,229,131,98,278,149,129
C5120ST,15,0,State-MIZORAM,Total,50-59,1876,1006,870,245,141,104,499,259,240,168,86,82,239,146,93,167,79,88,100,43,57,176,101,75,282,151,131
C5120ST,15,0,State-MIZORAM,Total,60-69,1348,713,635,208,103,105,412,234,178,77,35,42,200,122,78,90,47,43,55,23,32,112,58,54,194,91,103
C5120ST,15,0,State-MIZORAM,Total,70-79,905,451,454,145,60,85,338,196,142,32,9,23,122,59,63,35,11,24,21,7,14,78,44,34,134,65,69
C5120ST,15,0,State-MIZORAM,Total,80-89,457,234,223,84,33,51,193,118,75,10,6,4,59,27,32,13,6,7,7,3,4,23,11,12,68,30,38
C5120ST,15,0,State-MIZORAM,Total,90+,91,38,53,11,6,5,49,22,27,0,0,0,4,1,3,1,1,0,1,1,0,3,1,2,22,6,16
C5120ST,15,0,State-MIZORAM,Total,Age Not Stated,11,7,4,3,2,1,0,0,0,1,0,1,1,1,0,3,3,0,1,0,1,1,1,0,1,0,1
C5120ST,15,0,State-MIZORAM,Rural,Total,8424,4446,3978,1199,639,560,1930,1017,913,715,387,328,1120,637,483,759,399,360,417,194,223,1091,568,523,1193,605,588
C5120ST,15,0,State-MIZORAM,Rural,0-4,296,157,139,42,16,26,47,26,21,11,4,7,38,25,13,17,9,8,3,2,1,100,56,44,38,19,19
C5120ST,15,0,State-MIZORAM,Rural,5-9,559,316,243,88,48,40,89,48,41,62,36,26,63,36,27,47,31,16,24,10,14,109,60,49,77,47,30
C5120ST,15,0,State-MIZORAM,Rural,10-19,1253,701,552,180,103,77,207,116,91,143,88,55,160,92,68,149,79,70,69,38,31,172,95,77,173,90,83
C5120ST,15,0,State-MIZORAM,Rural,20-29,1202,601,601,131,70,61,209,98,111,115,63,52,172,90,82,166,85,81,71,40,31,186,76,110,152,79,73
C5120ST,15,0,State-MIZORAM,Rural,30-39,1112,592,520,156,89,67,222,109,113,101,53,48,133,83,50,130,74,56,76,36,40,143,70,73,151,78,73
C5120ST,15,0,State-MIZORAM,Rural,40-49,1142,609,533,145,83,62,248,128,120,100,53,47,167,96,71,104,51,53,76,32,44,136,77,59,166,89,77
C5120ST,15,0,State-MIZORAM,Rural,50-59,1113,586,527,156,92,64,299,146,153,109,58,51,149,89,60,74,36,38,48,18,30,111,65,46,167,82,85
C5120ST,15,0,State-MIZORAM,Rural,60-69,838,445,393,146,70,76,257,150,107,49,22,27,124,76,48,44,24,20,34,13,21,69,36,33,115,54,61
C5120ST,15,0,State-MIZORAM,Rural,70-79,571,276,295,94,42,52,214,120,94,19,6,13,77,35,42,19,5,14,12,4,8,47,24,23,89,40,49
C5120ST,15,0,State-MIZORAM,Rural,80-89,279,139,140,53,22,31,111,64,47,6,4,2,35,14,21,7,3,4,3,1,2,16,8,8,48,23,25
C5120ST,15,0,State-MIZORAM,Rural,90+,53,20,33,6,3,3,27,12,15,0,0,0,2,1,1,0,0,0,0,0,0,1,0,1,17,4,13
C5120ST,15,0,State-MIZORAM,Rural,Age Not Stated,6,4,2,2,1,1,0,0,0,0,0,0,0,0,0,2,2,0,1,0,1,1,1,0,0,0,0
C5120ST,15,0,State-MIZORAM,Urban,Total,5921,3201,2720,765,393,372,1270,702,568,392,183,209,791,479,312,770,414,356,360,189,171,727,382,345,846,459,387
C5120ST,15,0,State-MIZORAM,Urban,0-4,223,114,109,38,20,18,38,22,16,4,2,2,24,12,12,14,7,7,2,2,0,78,35,43,25,14,11
C5120ST,15,0,State-MIZORAM,Urban,5-9,399,228,171,68,42,26,62,35,27,46,24,22,29,15,14,42,28,14,13,9,4,59,33,26,80,42,38
C5120ST,15,0,State-MIZORAM,Urban,10-19,880,468,412,132,68,64,137,70,67,63,37,26,85,44,41,144,80,64,53,22,31,120,62,58,146,85,61
C5120ST,15,0,State-MIZORAM,Urban,20-29,856,470,386,115,57,58,125,71,54,51,20,31,126,77,49,145,83,62,59,39,20,118,59,59,117,64,53
C5120ST,15,0,State-MIZORAM,Urban,30-39,883,489,394,83,42,41,147,76,71,61,26,35,161,106,55,140,82,58,79,46,33,111,57,54,101,54,47
C5120ST,15,0,State-MIZORAM,Urban,40-49,852,453,399,90,49,41,178,91,87,62,28,34,128,84,44,122,57,65,67,30,37,93,54,39,112,60,52
C5120ST,15,0,State-MIZORAM,Urban,50-59,763,420,343,89,49,40,200,113,87,59,28,31,90,57,33,93,43,50,52,25,27,65,36,29,115,69,46
C5120ST,15,0,State-MIZORAM,Urban,60-69,510,268,242,62,33,29,155,84,71,28,13,15,76,46,30,46,23,23,21,10,11,43,22,21,79,37,42
C5120ST,15,0,State-MIZORAM,Urban,70-79,334,175,159,51,18,33,124,76,48,13,3,10,45,24,21,16,6,10,9,3,6,31,20,11,45,25,20
C5120ST,15,0,State-MIZORAM,Urban,80-89,178,95,83,31,11,20,82,54,28,4,2,2,24,13,11,6,3,3,4,2,2,7,3,4,20,7,13
C5120ST,15,0,State-MIZORAM,Urban,90+,38,18,20,5,3,2,22,10,12,0,0,0,2,0,2,1,1,0,1,1,0,2,1,1,5,2,3
C5120ST,15,0,State-MIZORAM,Urban,Age Not Stated,5,3,2,1,1,0,0,0,0,1,0,1,1,1,0,1,1,0,0,0,0,0,0,0,1,0,1
C5120ST,15,281,District-Mamit,Total,Total,1267,683,584,194,103,91,284,158,126,98,51,47,193,108,85,110,54,56,64,33,31,177,95,82,147,81,66
C5120ST,15,281,District-Mamit,Total,0-4,44,28,16,6,4,2,7,5,2,3,1,2,6,4,2,3,1,2,0,0,0,14,9,5,5,4,1
C5120ST,15,281,District-Mamit,Total,5-9,90,43,47,19,9,10,17,8,9,13,5,8,14,6,8,6,5,1,2,1,1,11,4,7,8,5,3
C5120ST,15,281,District-Mamit,Total,10-19,218,128,90,34,19,15,40,30,10,20,14,6,29,13,16,24,12,12,14,9,5,29,20,9,28,11,17
C5120ST,15,281,District-Mamit,Total,20-29,198,94,104,21,13,8,38,19,19,15,5,10,35,17,18,20,5,15,12,7,5,38,18,20,19,10,9
C5120ST,15,281,District-Mamit,Total,30-39,179,98,81,15,7,8,30,19,11,20,12,8,27,15,12,22,10,12,16,8,8,22,9,13,27,18,9
C5120ST,15,281,District-Mamit,Total,40-49,136,76,60,21,13,8,23,12,11,8,3,5,26,15,11,12,8,4,7,3,4,24,12,12,15,10,5
C5120ST,15,281,District-Mamit,Total,50-59,160,85,75,26,15,11,47,20,27,14,9,5,21,14,7,16,8,8,7,3,4,15,7,8,14,9,5
C5120ST,15,281,District-Mamit,Total,60-69,113,65,48,24,11,13,28,15,13,3,2,1,20,14,6,5,5,0,4,1,3,15,9,6,14,8,6
C5120ST,15,281,District-Mamit,Total,70-79,74,39,35,14,5,9,32,19,13,2,0,2,9,7,2,2,0,2,2,1,1,5,4,1,8,3,5
C5120ST,15,281,District-Mamit,Total,80-89,47,23,24,11,4,7,19,10,9,0,0,0,6,3,3,0,0,0,0,0,0,4,3,1,7,3,4
C5120ST,15,281,District-Mamit,Total,90+,8,4,4,3,3,0,3,1,2,0,0,0,0,0,0,0,0,0,0,0,0,0,0,0,2,0,2
C5120ST,15,281,District-Mamit,Total,Age Not Stated,0,0,0,0,0,0,0,0,0,0,0,0,0,0,0,0,0,0,0,0,0,0,0,0,0,0,0
C5120ST,15,281,District-Mamit,Rural,Total,1017,552,465,145,83,62,224,129,95,86,46,40,156,84,72,93,44,49,42,21,21,150,78,72,121,67,54
C5120ST,15,281,District-Mamit,Rural,0-4,38,24,14,4,3,1,6,5,1,3,1,2,6,4,2,3,1,2,0,0,0,12,7,5,4,3,1
C5120ST,15,281,District-Mamit,Rural,5-9,77,36,41,12,6,6,15,7,8,13,5,8,13,6,7,5,4,1,2,1,1,9,2,7,8,5,3
C5120ST,15,281,District-Mamit,Rural,10-19,173,103,70,23,15,8,30,23,7,16,11,5,25,11,14,20,9,11,12,9,3,24,16,8,23,9,14
C5120ST,15,281,District-Mamit,Rural,20-29,169,76,93,18,11,7,34,16,18,14,5,9,28,12,16,17,3,14,7,4,3,34,15,19,17,10,7
C5120ST,15,281,District-Mamit,Rural,30-39,146,80,66,13,7,6,27,17,10,18,12,6,21,11,10,19,8,11,9,4,5,17,7,10,22,14,8
C5120ST,15,281,District-Mamit,Rural,40-49,109,59,50,18,11,7,20,11,9,7,3,4,18,9,9,11,8,3,3,0,3,22,11,11,10,6,4
C5120ST,15,281,District-Mamit,Rural,50-59,118,62,56,18,12,6,35,14,21,11,7,4,17,11,6,11,6,5,4,1,3,11,4,7,11,7,4
C5120ST,15,281,District-Mamit,Rural,60-69,96,59,37,20,8,12,22,14,8,3,2,1,16,12,4,5,5,0,4,1,3,14,9,5,12,8,4
C5120ST,15,281,District-Mamit,Rural,70-79,53,31,22,9,3,6,24,16,8,1,0,1,6,5,1,2,0,2,1,1,0,4,4,0,6,2,4
C5120ST,15,281,District-Mamit,Rural,80-89,33,19,14,7,4,3,10,6,4,0,0,0,6,3,3,0,0,0,0,0,0,3,3,0,7,3,4
C5120ST,15,281,District-Mamit,Rural,90+,5,3,2,3,3,0,1,0,1,0,0,0,0,0,0,0,0,0,0,0,0,0,0,0,1,0,1
C5120ST,15,281,District-Mamit,Rural,Age Not Stated,0,0,0,0,0,0,0,0,0,0,0,0,0,0,0,0,0,0,0,0,0,0,0,0,0,0,0
C5120ST,15,281,District-Mamit,Urban,Total,250,131,119,49,20,29,60,29,31,12,5,7,37,24,13,17,10,7,22,12,10,27,17,10,26,14,12
C5120ST,15,281,District-Mamit,Urban,0-4,6,4,2,2,1,1,1,0,1,0,0,0,0,0,0,0,0,0,0,0,0,2,2,0,1,1,0
C5120ST,15,281,District-Mamit,Urban,5-9,13,7,6,7,3,4,2,1,1,0,0,0,1,0,1,1,1,0,0,0,0,2,2,0,0,0,0
C5120ST,15,281,District-Mamit,Urban,10-19,45,25,20,11,4,7,10,7,3,4,3,1,4,2,2,4,3,1,2,0,2,5,4,1,5,2,3
C5120ST,15,281,District-Mamit,Urban,20-29,29,18,11,3,2,1,4,3,1,1,0,1,7,5,2,3,2,1,5,3,2,4,3,1,2,0,2
C5120ST,15,281,District-Mamit,Urban,30-39,33,18,15,2,0,2,3,2,1,2,0,2,6,4,2,3,2,1,7,4,3,5,2,3,5,4,1
C5120ST,15,281,District-Mamit,Urban,40-49,27,17,10,3,2,1,3,1,2,1,0,1,8,6,2,1,0,1,4,3,1,2,1,1,5,4,1
C5120ST,15,281,District-Mamit,Urban,50-59,42,23,19,8,3,5,12,6,6,3,2,1,4,3,1,5,2,3,3,2,1,4,3,1,3,2,1
C5120ST,15,281,District-Mamit,Urban,60-69,17,6,11,4,3,1,6,1,5,0,0,0,4,2,2,0,0,0,0,0,0,1,0,1,2,0,2
C5120ST,15,281,District-Mamit,Urban,70-79,21,8,13,5,2,3,8,3,5,1,0,1,3,2,1,0,0,0,1,0,1,1,0,1,2,1,1
C5120ST,15,281,District-Mamit,Urban,80-89,14,4,10,4,0,4,9,4,5,0,0,0,0,0,0,0,0,0,0,0,0,1,0,1,0,0,0
C5120ST,15,281,District-Mamit,Urban,90+,3,1,2,0,0,0,2,1,1,0,0,0,0,0,0,0,0,0,0,0,0,0,0,0,1,0,1
C5120ST,15,281,District-Mamit,Urban,Age Not Stated,0,0,0,0,0,0,0,0,0,0,0,0,0,0,0,0,0,0,0,0,0,0,0,0,0,0,0
C5120ST,15,282,District-Kolasib,Total,Total,1235,661,574,281,156,125,317,167,150,69,28,41,128,73,55,108,62,46,61,33,28,151,85,66,120,57,63
C5120ST,15,282,District-Kolasib,Total,0-4,68,35,33,6,3,3,16,11,5,0,0,0,4,2,2,1,0,1,0,0,0,32,14,18,9,5,4
C5120ST,15,282,District-Kolasib,Total,5-9,81,44,37,14,9,5,16,11,5,6,0,6,9,4,5,3,2,1,1,0,1,16,10,6,16,8,8
C5120ST,15,282,District-Kolasib,Total,10-19,161,85,76,32,16,16,29,17,12,14,5,9,16,10,6,19,12,7,12,5,7,20,12,8,19,8,11
C5120ST,15,282,District-Kolasib,Total,20-29,151,85,66,36,23,13,32,19,13,8,6,2,18,11,7,22,11,11,7,4,3,18,7,11,10,4,6
C5120ST,15,282,District-Kolasib,Total,30-39,191,101,90,59,33,26,43,21,22,7,3,4,15,8,7,21,11,10,9,5,4,29,15,14,8,5,3
C5120ST,15,282,District-Kolasib,Total,40-49,169,84,85,46,26,20,39,17,22,10,4,6,17,6,11,16,8,8,10,6,4,14,9,5,17,8,9
C5120ST,15,282,District-Kolasib,Total,50-59,201,111,90,51,31,20,60,28,32,15,5,10,21,13,8,19,14,5,8,4,4,13,10,3,14,6,8
C5120ST,15,282,District-Kolasib,Total,60-69,128,68,60,28,15,13,46,21,25,8,5,3,17,11,6,5,2,3,11,7,4,3,2,1,10,5,5
C5120ST,15,282,District-Kolasib,Total,70-79,54,33,21,7,0,7,24,15,9,0,0,0,9,7,2,1,1,0,2,1,1,4,4,0,7,5,2
C5120ST,15,282,District-Kolasib,Total,80-89,23,12,11,2,0,2,8,5,3,0,0,0,2,1,1,1,1,0,1,1,0,1,1,0,8,3,5
C5120ST,15,282,District-Kolasib,Total,90+,6,2,4,0,0,0,4,2,2,0,0,0,0,0,0,0,0,0,0,0,0,0,0,0,2,0,2
C5120ST,15,282,District-Kolasib,Total,Age Not Stated,2,1,1,0,0,0,0,0,0,1,0,1,0,0,0,0,0,0,0,0,0,1,1,0,0,0,0
C5120ST,15,282,District-Kolasib,Rural,Total,645,334,311,189,105,84,142,73,69,35,17,18,63,35,28,39,18,21,30,15,15,74,43,31,73,28,45
C5120ST,15,282,District-Kolasib,Rural,0-4,18,8,10,4,1,3,4,3,1,0,0,0,1,0,1,0,0,0,0,0,0,6,4,2,3,0,3
C5120ST,15,282,District-Kolasib,Rural,5-9,36,20,16,3,1,2,6,4,2,2,0,2,3,2,1,1,1,0,0,0,0,12,8,4,9,4,5
C5120ST,15,282,District-Kolasib,Rural,10-19,71,34,37,10,4,6,12,9,3,7,3,4,10,5,5,5,2,3,4,2,2,11,5,6,12,4,8
C5120ST,15,282,District-Kolasib,Rural,20-29,77,36,41,21,12,9,14,8,6,6,5,1,6,2,4,11,3,8,4,1,3,11,3,8,4,2,2
C5120ST,15,282,District-Kolasib,Rural,30-39,110,58,52,52,31,21,18,6,12,4,3,1,6,2,4,8,3,5,4,3,1,13,7,6,5,3,2
C5120ST,15,282,District-Kolasib,Rural,40-49,97,48,49,38,21,17,18,8,10,6,2,4,9,4,5,6,3,3,7,4,3,6,4,2,7,2,5
C5120ST,15,282,District-Kolasib,Rural,50-59,119,64,55,36,23,13,32,13,19,6,1,5,15,9,6,6,4,2,4,3,1,10,8,2,10,3,7
C5120ST,15,282,District-Kolasib,Rural,60-69,68,37,31,21,12,9,22,11,11,4,3,1,7,6,1,1,1,0,6,2,4,1,0,1,6,2,4
C5120ST,15,282,District-Kolasib,Rural,70-79,31,20,11,3,0,3,11,7,4,0,0,0,6,5,1,1,1,0,1,0,1,2,2,0,7,5,2
C5120ST,15,282,District-Kolasib,Rural,80-89,13,7,6,1,0,1,3,3,0,0,0,0,0,0,0,0,0,0,0,0,0,1,1,0,8,3,5
C5120ST,15,282,District-Kolasib,Rural,90+,4,1,3,0,0,0,2,1,1,0,0,0,0,0,0,0,0,0,0,0,0,0,0,0,2,0,2
C5120ST,15,282,District-Kolasib,Rural,Age Not Stated,1,1,0,0,0,0,0,0,0,0,0,0,0,0,0,0,0,0,0,0,0,1,1,0,0,0,0
C5120ST,15,282,District-Kolasib,Urban,Total,590,327,263,92,51,41,175,94,81,34,11,23,65,38,27,69,44,25,31,18,13,77,42,35,47,29,18
C5120ST,15,282,District-Kolasib,Urban,0-4,50,27,23,2,2,0,12,8,4,0,0,0,3,2,1,1,0,1,0,0,0,26,10,16,6,5,1
C5120ST,15,282,District-Kolasib,Urban,5-9,45,24,21,11,8,3,10,7,3,4,0,4,6,2,4,2,1,1,1,0,1,4,2,2,7,4,3
C5120ST,15,282,District-Kolasib,Urban,10-19,90,51,39,22,12,10,17,8,9,7,2,5,6,5,1,14,10,4,8,3,5,9,7,2,7,4,3
C5120ST,15,282,District-Kolasib,Urban,20-29,74,49,25,15,11,4,18,11,7,2,1,1,12,9,3,11,8,3,3,3,0,7,4,3,6,2,4
C5120ST,15,282,District-Kolasib,Urban,30-39,81,43,38,7,2,5,25,15,10,3,0,3,9,6,3,13,8,5,5,2,3,16,8,8,3,2,1
C5120ST,15,282,District-Kolasib,Urban,40-49,72,36,36,8,5,3,21,9,12,4,2,2,8,2,6,10,5,5,3,2,1,8,5,3,10,6,4
C5120ST,15,282,District-Kolasib,Urban,50-59,82,47,35,15,8,7,28,15,13,9,4,5,6,4,2,13,10,3,4,1,3,3,2,1,4,3,1
C5120ST,15,282,District-Kolasib,Urban,60-69,60,31,29,7,3,4,24,10,14,4,2,2,10,5,5,4,1,3,5,5,0,2,2,0,4,3,1
C5120ST,15,282,District-Kolasib,Urban,70-79,23,13,10,4,0,4,13,8,5,0,0,0,3,2,1,0,0,0,1,1,0,2,2,0,0,0,0
C5120ST,15,282,District-Kolasib,Urban,80-89,10,5,5,1,0,1,5,2,3,0,0,0,2,1,1,1,1,0,1,1,0,0,0,0,0,0,0
C5120ST,15,282,District-Kolasib,Urban,90+,2,1,1,0,0,0,2,1,1,0,0,0,0,0,0,0,0,0,0,0,0,0,0,0,0,0,0
C5120ST,15,282,District-Kolasib,Urban,Age Not Stated,1,0,1,0,0,0,0,0,0,1,0,1,0,0,0,0,0,0,0,0,0,0,0,0,0,0,0
C5120ST,15,283,District-Aizawl,Total,Total,4938,2657,2281,611,316,295,1086,607,479,325,166,159,680,409,271,621,325,296,283,140,143,581,282,299,751,412,339
C5120ST,15,283,District-Aizawl,Total,0-4,141,69,72,23,8,15,21,12,9,4,2,2,20,10,10,8,4,4,2,1,1,41,21,20,22,11,11
C5120ST,15,283,District-Aizawl,Total,5-9,303,176,127,39,26,13,42,25,17,31,22,9,24,14,10,37,24,13,8,4,4,54,25,29,68,36,32
C5120ST,15,283,District-Aizawl,Total,10-19,697,355,342,102,49,53,100,45,55,61,40,21,61,35,26,117,58,59,38,17,21,87,37,50,131,74,57
C5120ST,15,283,District-Aizawl,Total,20-29,691,359,332,84,42,42,102,51,51,37,15,22,105,56,49,121,71,50,36,20,16,106,45,61,100,59,41
C5120ST,15,283,District-Aizawl,Total,30-39,736,411,325,80,44,36,122,63,59,51,21,30,139,90,49,109,63,46,60,38,22,84,42,42,91,50,41
C5120ST,15,283,District-Aizawl,Total,40-49,703,388,315,68,39,29,147,81,66,51,24,27,104,72,32,92,39,53,70,30,40,84,52,32,87,51,36
C5120ST,15,283,District-Aizawl,Total,50-59,643,355,288,70,36,34,172,102,70,48,26,22,80,45,35,72,35,37,39,19,20,57,32,25,105,60,45
C5120ST,15,283,District-Aizawl,Total,60-69,462,250,212,65,31,34,146,86,60,23,11,12,72,49,23,39,20,19,17,5,12,36,15,21,64,33,31
C5120ST,15,283,District-Aizawl,Total,70-79,328,176,152,47,25,22,124,77,47,14,3,11,44,25,19,17,6,11,9,4,5,25,11,14,48,25,23
C5120ST,15,283,District-Aizawl,Total,80-89,195,100,95,29,12,17,90,58,32,5,2,3,28,12,16,6,2,4,3,1,2,5,1,4,29,12,17
C5120ST,15,283,District-Aizawl,Total,90+,34,14,20,3,3,0,20,7,13,0,0,0,2,0,2,1,1,0,1,1,0,2,1,1,5,1,4
C5120ST,15,283,District-Aizawl,Total,Age Not Stated,5,4,1,1,1,0,0,0,0,0,0,0,1,1,0,2,2,0,0,0,0,0,0,0,1,0,1
C5120ST,15,283,District-Aizawl,Rural,Total,1710,908,802,218,104,114,413,233,180,129,71,58,234,125,109,171,98,73,89,37,52,189,91,98,267,149,118
C5120ST,15,283,District-Aizawl,Rural,0-4,41,22,19,4,1,3,3,2,1,0,0,0,8,5,3,0,0,0,1,0,1,18,10,8,7,4,3
C5120ST,15,283,District-Aizawl,Rural,5-9,90,50,40,14,7,7,10,8,2,10,6,4,9,4,5,6,4,2,1,0,1,22,10,12,18,11,7
C5120ST,15,283,District-Aizawl,Rural,10-19,227,113,114,41,19,22,33,13,20,30,20,10,23,12,11,34,19,15,9,3,6,22,8,14,35,19,16
C5120ST,15,283,District-Aizawl,Rural,20-29,211,106,105,18,9,9,34,14,20,15,7,8,37,15,22,37,26,11,9,5,4,32,13,19,29,17,12
C5120ST,15,283,District-Aizawl,Rural,30-39,243,141,102,25,14,11,47,29,18,15,6,9,30,18,12,32,21,11,22,13,9,29,14,15,43,26,17
C5120ST,15,283,District-Aizawl,Rural,40-49,237,126,111,20,11,9,54,29,25,22,11,11,33,19,14,24,8,16,28,11,17,24,16,8,32,21,11
C5120ST,15,283,District-Aizawl,Rural,50-59,239,129,110,29,12,17,64,37,27,23,15,8,35,21,14,20,12,8,7,1,6,18,12,6,43,19,24
C5120ST,15,283,District-Aizawl,Rural,60-69,185,101,84,30,12,18,65,40,25,7,4,3,27,17,10,11,6,5,7,2,5,14,4,10,24,16,8
C5120ST,15,283,District-Aizawl,Rural,70-79,143,75,68,25,14,11,56,35,21,5,1,4,21,11,10,4,1,3,5,2,3,8,3,5,19,8,11
C5120ST,15,283,District-Aizawl,Rural,80-89,81,41,40,12,5,7,38,23,15,2,1,1,11,3,8,2,0,2,0,0,0,2,1,1,14,8,6
C5120ST,15,283,District-Aizawl,Rural,90+,12,3,9,0,0,0,9,3,6,0,0,0,0,0,0,0,0,0,0,0,0,0,0,0,3,0,3
C5120ST,15,283,District-Aizawl,Rural,Age Not Stated,1,1,0,0,0,0,0,0,0,0,0,0,0,0,0,1,1,0,0,0,0,0,0,0,0,0,0
C5120ST,15,283,District-Aizawl,Urban,Total,3228,1749,1479,393,212,181,673,374,299,196,95,101,446,284,162,450,227,223,194,103,91,392,191,201,484,263,221
C5120ST,15,283,District-Aizawl,Urban,0-4,100,47,53,19,7,12,18,10,8,4,2,2,12,5,7,8,4,4,1,1,0,23,11,12,15,7,8
C5120ST,15,283,District-Aizawl,Urban,5-9,213,126,87,25,19,6,32,17,15,21,16,5,15,10,5,31,20,11,7,4,3,32,15,17,50,25,25
C5120ST,15,283,District-Aizawl,Urban,10-19,470,242,228,61,30,31,67,32,35,31,20,11,38,23,15,83,39,44,29,14,15,65,29,36,96,55,41
C5120ST,15,283,District-Aizawl,Urban,20-29,480,253,227,66,33,33,68,37,31,22,8,14,68,41,27,84,45,39,27,15,12,74,32,42,71,42,29
C5120ST,15,283,District-Aizawl,Urban,30-39,493,270,223,55,30,25,75,34,41,36,15,21,109,72,37,77,42,35,38,25,13,55,28,27,48,24,24
C5120ST,15,283,District-Aizawl,Urban,40-49,466,262,204,48,28,20,93,52,41,29,13,16,71,53,18,68,31,37,42,19,23,60,36,24,55,30,25
C5120ST,15,283,District-Aizawl,Urban,50-59,404,226,178,41,24,17,108,65,43,25,11,14,45,24,21,52,23,29,32,18,14,39,20,19,62,41,21
C5120ST,15,283,District-Aizawl,Urban,60-69,277,149,128,35,19,16,81,46,35,16,7,9,45,32,13,28,14,14,10,3,7,22,11,11,40,17,23
C5120ST,15,283,District-Aizawl,Urban,70-79,185,101,84,22,11,11,68,42,26,9,2,7,23,14,9,13,5,8,4,2,2,17,8,9,29,17,12
C5120ST,15,283,District-Aizawl,Urban,80-89,114,59,55,17,7,10,52,35,17,3,1,2,17,9,8,4,2,2,3,1,2,3,0,3,15,4,11
C5120ST,15,283,District-Aizawl,Urban,90+,22,11,11,3,3,0,11,4,7,0,0,0,2,0,2,1,1,0,1,1,0,2,1,1,2,1,1
C5120ST,15,283,District-Aizawl,Urban,Age Not Stated,4,3,1,1,1,0,0,0,0,0,0,0,1,1,0,1,1,0,0,0,0,0,0,0,1,0,1
C5120ST,15,284,District-Champhai,Total,Total,1817,908,909,175,87,88,415,215,200,187,88,99,227,128,99,206,105,101,91,40,51,218,112,106,298,133,165
C5120ST,15,284,District-Champhai,Total,0-4,70,30,40,10,5,5,10,5,5,3,1,2,5,3,2,2,1,1,0,0,0,31,11,20,9,4,5
C5120ST,15,284,District-Champhai,Total,5-9,112,64,48,13,6,7,18,8,10,15,9,6,13,10,3,9,7,2,4,1,3,25,14,11,15,9,6
C5120ST,15,284,District-Champhai,Total,10-19,228,114,114,28,14,14,41,24,17,22,8,14,28,13,15,35,22,13,10,2,8,32,17,15,32,14,18
C5120ST,15,284,District-Champhai,Total,20-29,279,141,138,18,9,9,48,19,29,32,18,14,44,27,17,41,20,21,18,14,4,40,21,19,38,13,25
C5120ST,15,284,District-Champhai,Total,30-39,221,116,105,13,7,6,43,22,21,22,7,15,32,20,12,33,21,12,18,10,8,22,11,11,38,18,20
C5120ST,15,284,District-Champhai,Total,40-49,292,138,154,21,9,12,66,34,32,31,14,17,43,23,20,36,16,20,15,5,10,23,12,11,57,25,32
C5120ST,15,284,District-Champhai,Total,50-59,269,132,137,22,15,7,64,26,38,41,21,20,23,15,8,31,11,20,16,6,10,16,10,6,56,28,28
C5120ST,15,284,District-Champhai,Total,60-69,172,86,86,18,11,7,58,34,24,16,7,9,20,10,10,8,3,5,7,2,5,16,8,8,29,11,18
C5120ST,15,284,District-Champhai,Total,70-79,115,58,57,21,9,12,43,28,15,2,0,2,12,4,8,5,0,5,2,0,2,10,7,3,20,10,10
C5120ST,15,284,District-Champhai,Total,80-89,46,24,22,7,2,5,20,12,8,3,3,0,5,2,3,5,3,2,1,0,1,2,1,1,3,1,2
C5120ST,15,284,District-Champhai,Total,90+,11,4,7,3,0,3,4,3,1,0,0,0,2,1,1,0,0,0,0,0,0,1,0,1,1,0,1
C5120ST,15,284,District-Champhai,Total,Age Not Stated,2,1,1,1,0,1,0,0,0,0,0,0,0,0,0,1,1,0,0,0,0,0,0,0,0,0,0
C5120ST,15,284,District-Champhai,Rural,Total,1331,673,658,136,74,62,325,173,152,140,70,70,170,98,72,128,64,64,64,29,35,151,75,76,217,90,127
C5120ST,15,284,District-Champhai,Rural,0-4,50,21,29,7,2,5,9,5,4,3,1,2,5,3,2,0,0,0,0,0,0,18,6,12,8,4,4
C5120ST,15,284,District-Champhai,Rural,5-9,81,45,36,12,6,6,13,5,8,10,7,3,10,9,1,6,4,2,3,0,3,17,9,8,10,5,5
C5120ST,15,284,District-Champhai,Rural,10-19,169,85,84,22,13,9,35,18,17,18,7,11,18,10,8,23,12,11,6,2,4,23,13,10,24,10,14
C5120ST,15,284,District-Champhai,Rural,20-29,195,101,94,15,9,6,36,13,23,21,13,8,29,19,10,23,12,11,11,9,2,34,18,16,26,8,18
C5120ST,15,284,District-Champhai,Rural,30-39,157,81,76,10,7,3,32,17,15,16,4,12,22,14,8,21,13,8,15,8,7,14,7,7,27,11,16
C5120ST,15,284,District-Champhai,Rural,40-49,214,105,109,15,6,9,51,29,22,21,11,10,34,18,16,21,10,11,9,3,6,18,9,9,45,19,26
C5120ST,15,284,District-Champhai,Rural,50-59,198,96,102,17,12,5,48,20,28,33,19,14,18,10,8,19,7,12,12,5,7,10,6,4,41,17,24
C5120ST,15,284,District-Champhai,Rural,60-69,131,68,63,15,9,6,43,28,15,15,6,9,17,8,9,6,2,4,5,2,3,10,5,5,20,8,12
C5120ST,15,284,District-Champhai,Rural,70-79,86,45,41,16,8,8,36,25,11,1,0,1,10,4,6,4,0,4,2,0,2,4,1,3,13,7,6
C5120ST,15,284,District-Champhai,Rural,80-89,40,21,19,5,2,3,18,10,8,2,2,0,5,2,3,4,3,1,1,0,1,2,1,1,3,1,2
C5120ST,15,284,District-Champhai,Rural,90+,8,4,4,1,0,1,4,3,1,0,0,0,2,1,1,0,0,0,0,0,0,1,0,1,0,0,0
C5120ST,15,284,District-Champhai,Rural,Age Not Stated,2,1,1,1,0,1,0,0,0,0,0,0,0,0,0,1,1,0,0,0,0,0,0,0,0,0,0
C5120ST,15,284,District-Champhai,Urban,Total,486,235,251,39,13,26,90,42,48,47,18,29,57,30,27,78,41,37,27,11,16,67,37,30,81,43,38
C5120ST,15,284,District-Champhai,Urban,0-4,20,9,11,3,3,0,1,0,1,0,0,0,0,0,0,2,1,1,0,0,0,13,5,8,1,0,1
C5120ST,15,284,District-Champhai,Urban,5-9,31,19,12,1,0,1,5,3,2,5,2,3,3,1,2,3,3,0,1,1,0,8,5,3,5,4,1
C5120ST,15,284,District-Champhai,Urban,10-19,59,29,30,6,1,5,6,6,0,4,1,3,10,3,7,12,10,2,4,0,4,9,4,5,8,4,4
C5120ST,15,284,District-Champhai,Urban,20-29,84,40,44,3,0,3,12,6,6,11,5,6,15,8,7,18,8,10,7,5,2,6,3,3,12,5,7
C5120ST,15,284,District-Champhai,Urban,30-39,64,35,29,3,0,3,11,5,6,6,3,3,10,6,4,12,8,4,3,2,1,8,4,4,11,7,4
C5120ST,15,284,District-Champhai,Urban,40-49,78,33,45,6,3,3,15,5,10,10,3,7,9,5,4,15,6,9,6,2,4,5,3,2,12,6,6
C5120ST,15,284,District-Champhai,Urban,50-59,71,36,35,5,3,2,16,6,10,8,2,6,5,5,0,12,4,8,4,1,3,6,4,2,15,11,4
C5120ST,15,284,District-Champhai,Urban,60-69,41,18,23,3,2,1,15,6,9,1,1,0,3,2,1,2,1,1,2,0,2,6,3,3,9,3,6
C5120ST,15,284,District-Champhai,Urban,70-79,29,13,16,5,1,4,7,3,4,1,0,1,2,0,2,1,0,1,0,0,0,6,6,0,7,3,4
C5120ST,15,284,District-Champhai,Urban,80-89,6,3,3,2,0,2,2,2,0,1,1,0,0,0,0,1,0,1,0,0,0,0,0,0,0,0,0
C5120ST,15,284,District-Champhai,Urban,90+,3,0,3,2,0,2,0,0,0,0,0,0,0,0,0,0,0,0,0,0,0,0,0,0,1,0,1
C5120ST,15,284,District-Champhai,Urban,Age Not Stated,0,0,0,0,0,0,0,0,0,0,0,0,0,0,0,0,0,0,0,0,0,0,0,0,0,0,0
C5120ST,15,285,District-Serchhip,Total,Total,965,479,486,132,70,62,214,102,112,70,31,39,153,77,76,95,49,46,31,15,16,98,51,47,172,84,88
C5120ST,15,285,District-Serchhip,Total,0-4,33,19,14,3,2,1,6,3,3,0,0,0,8,4,4,0,0,0,0,0,0,12,9,3,4,1,3
C5120ST,15,285,District-Serchhip,Total,5-9,66,26,40,18,8,10,6,3,3,7,2,5,6,1,5,5,1,4,0,0,0,8,2,6,16,9,7
C5120ST,15,285,District-Serchhip,Total,10-19,120,60,60,32,18,14,14,5,9,9,5,4,15,8,7,21,11,10,2,1,1,13,6,7,14,6,8
C5120ST,15,285,District-Serchhip,Total,20-29,111,61,50,14,4,10,17,7,10,8,6,2,18,11,7,13,8,5,9,6,3,9,5,4,23,14,9
C5120ST,15,285,District-Serchhip,Total,30-39,114,57,57,2,2,0,20,4,16,8,6,2,22,13,9,17,10,7,6,2,4,18,8,10,21,12,9
C5120ST,15,285,District-Serchhip,Total,40-49,153,73,80,15,10,5,35,14,21,18,7,11,23,12,11,18,10,8,6,1,5,12,6,6,26,13,13
C5120ST,15,285,District-Serchhip,Total,50-59,147,74,73,15,10,5,48,25,23,13,3,10,21,12,9,10,3,7,6,3,3,11,6,5,23,12,11
C5120ST,15,285,District-Serchhip,Total,60-69,108,54,54,15,7,8,31,19,12,5,2,3,17,5,12,10,6,4,2,2,0,8,5,3,20,8,12
C5120ST,15,285,District-Serchhip,Total,70-79,76,35,41,15,8,7,24,12,12,1,0,1,15,6,9,1,0,1,0,0,0,6,4,2,14,5,9
C5120ST,15,285,District-Serchhip,Total,80-89,33,18,15,3,1,2,10,8,2,1,0,1,8,5,3,0,0,0,0,0,0,1,0,1,10,4,6
C5120ST,15,285,District-Serchhip,Total,90+,4,2,2,0,0,0,3,2,1,0,0,0,0,0,0,0,0,0,0,0,0,0,0,0,1,0,1
C5120ST,15,285,District-Serchhip,Total,Age Not Stated,0,0,0,0,0,0,0,0,0,0,0,0,0,0,0,0,0,0,0,0,0,0,0,0,0,0,0
C5120ST,15,285,District-Serchhip,Rural,Total,597,282,315,79,43,36,148,63,85,51,22,29,82,39,43,59,27,32,19,10,9,55,29,26,104,49,55
C5120ST,15,285,District-Serchhip,Rural,0-4,20,12,8,2,1,1,5,2,3,0,0,0,3,2,1,0,0,0,0,0,0,6,6,0,4,1,3
C5120ST,15,285,District-Serchhip,Rural,5-9,42,19,23,9,6,3,2,0,2,5,2,3,5,1,4,3,0,3,0,0,0,7,2,5,11,8,3
C5120ST,15,285,District-Serchhip,Rural,10-19,71,34,37,18,9,9,6,2,4,7,5,2,7,3,4,16,8,8,2,1,1,6,3,3,9,3,6
C5120ST,15,285,District-Serchhip,Rural,20-29,69,34,35,6,1,5,14,4,10,5,4,1,12,8,4,6,2,4,6,4,2,5,1,4,15,10,5
C5120ST,15,285,District-Serchhip,Rural,30-39,68,30,38,2,2,0,16,3,13,7,5,2,11,6,5,11,6,5,2,0,2,9,4,5,10,4,6
C5120ST,15,285,District-Serchhip,Rural,40-49,88,44,44,7,5,2,24,10,14,10,3,7,13,7,6,12,7,5,2,1,1,7,4,3,13,7,6
C5120ST,15,285,District-Serchhip,Rural,50-59,95,44,51,12,8,4,35,18,17,10,1,9,9,3,6,5,1,4,6,3,3,7,4,3,11,6,5
C5120ST,15,285,District-Serchhip,Rural,60-69,66,33,33,10,5,5,23,13,10,5,2,3,9,4,5,5,3,2,1,1,0,3,3,0,10,2,8
C5120ST,15,285,District-Serchhip,Rural,70-79,50,18,32,10,5,5,14,5,9,1,0,1,8,2,6,1,0,1,0,0,0,4,2,2,12,4,8
C5120ST,15,285,District-Serchhip,Rural,80-89,25,13,12,3,1,2,7,5,2,1,0,1,5,3,2,0,0,0,0,0,0,1,0,1,8,4,4
C5120ST,15,285,District-Serchhip,Rural,90+,3,1,2,0,0,0,2,1,1,0,0,0,0,0,0,0,0,0,0,0,0,0,0,0,1,0,1
C5120ST,15,285,District-Serchhip,Rural,Age Not Stated,0,0,0,0,0,0,0,0,0,0,0,0,0,0,0,0,0,0,0,0,0,0,0,0,0,0,0
C5120ST,15,285,District-Serchhip,Urban,Total,368,197,171,53,27,26,66,39,27,19,9,10,71,38,33,36,22,14,12,5,7,43,22,21,68,35,33
C5120ST,15,285,District-Serchhip,Urban,0-4,13,7,6,1,1,0,1,1,0,0,0,0,5,2,3,0,0,0,0,0,0,6,3,3,0,0,0
C5120ST,15,285,District-Serchhip,Urban,5-9,24,7,17,9,2,7,4,3,1,2,0,2,1,0,1,2,1,1,0,0,0,1,0,1,5,1,4
C5120ST,15,285,District-Serchhip,Urban,10-19,49,26,23,14,9,5,8,3,5,2,0,2,8,5,3,5,3,2,0,0,0,7,3,4,5,3,2
C5120ST,15,285,District-Serchhip,Urban,20-29,42,27,15,8,3,5,3,3,0,3,2,1,6,3,3,7,6,1,3,2,1,4,4,0,8,4,4
C5120ST,15,285,District-Serchhip,Urban,30-39,46,27,19,0,0,0,4,1,3,1,1,0,11,7,4,6,4,2,4,2,2,9,4,5,11,8,3
C5120ST,15,285,District-Serchhip,Urban,40-49,65,29,36,8,5,3,11,4,7,8,4,4,10,5,5,6,3,3,4,0,4,5,2,3,13,6,7
C5120ST,15,285,District-Serchhip,Urban,50-59,52,30,22,3,2,1,13,7,6,3,2,1,12,9,3,5,2,3,0,0,0,4,2,2,12,6,6
C5120ST,15,285,District-Serchhip,Urban,60-69,42,21,21,5,2,3,8,6,2,0,0,0,8,1,7,5,3,2,1,1,0,5,2,3,10,6,4
C5120ST,15,285,District-Serchhip,Urban,70-79,26,17,9,5,3,2,10,7,3,0,0,0,7,4,3,0,0,0,0,0,0,2,2,0,2,1,1
C5120ST,15,285,District-Serchhip,Urban,80-89,8,5,3,0,0,0,3,3,0,0,0,0,3,2,1,0,0,0,0,0,0,0,0,0,2,0,2
C5120ST,15,285,District-Serchhip,Urban,90+,1,1,0,0,0,0,1,1,0,0,0,0,0,0,0,0,0,0,0,0,0,0,0,0,0,0,0
C5120ST,15,285,District-Serchhip,Urban,Age Not Stated,0,0,0,0,0,0,0,0,0,0,0,0,0,0,0,0,0,0,0,0,0,0,0,0,0,0,0
C5120ST,15,286,District-Lunglei,Total,Total,1778,986,792,220,117,103,411,220,191,172,94,78,196,121,75,170,107,63,100,45,55,217,118,99,292,164,128
C5120ST,15,286,District-Lunglei,Total,0-4,54,25,29,12,5,7,11,5,6,2,0,2,6,4,2,4,1,3,0,0,0,14,6,8,5,4,1
C5120ST,15,286,District-Lunglei,Total,5-9,118,79,39,16,11,5,17,10,7,20,13,7,11,7,4,11,10,1,8,5,3,22,13,9,13,10,3
C5120ST,15,286,District-Lunglei,Total,10-19,251,156,95,30,19,11,43,21,22,20,11,9,31,20,11,32,23,9,14,10,4,40,24,16,41,28,13
C5120ST,15,286,District-Lunglei,Total,20-29,256,138,118,27,13,14,35,21,14,32,17,15,30,18,12,37,24,13,20,9,11,39,15,24,36,21,15
C5120ST,15,286,District-Lunglei,Total,30-39,254,124,130,21,11,10,45,16,29,27,12,15,28,18,10,34,22,12,20,5,15,33,20,13,46,20,26
C5120ST,15,286,District-Lunglei,Total,40-49,256,147,109,30,16,14,66,37,29,27,18,9,23,15,8,24,14,10,14,6,8,29,17,12,43,24,19
C5120ST,15,286,District-Lunglei,Total,50-59,229,133,96,23,15,8,58,36,22,19,12,7,31,20,11,13,6,7,13,6,7,24,13,11,48,25,23
C5120ST,15,286,District-Lunglei,Total,60-69,167,96,71,27,14,13,50,32,18,16,6,10,19,13,6,8,5,3,7,4,3,9,5,4,31,17,14
C5120ST,15,286,District-Lunglei,Total,70-79,118,51,67,14,4,10,53,25,28,8,4,4,15,5,10,6,2,4,2,0,2,4,3,1,16,8,8
C5120ST,15,286,District-Lunglei,Total,80-89,57,31,26,19,9,10,24,14,10,1,1,0,2,1,1,1,0,1,1,0,1,3,2,1,6,4,2
C5120ST,15,286,District-Lunglei,Total,90+,17,6,11,1,0,1,9,3,6,0,0,0,0,0,0,0,0,0,0,0,0,0,0,0,7,3,4
C5120ST,15,286,District-Lunglei,Total,Age Not Stated,1,0,1,0,0,0,0,0,0,0,0,0,0,0,0,0,0,0,1,0,1,0,0,0,0,0,0
C5120ST,15,286,District-Lunglei,Rural,Total,1281,702,579,163,91,72,315,160,155,131,71,60,139,90,49,108,65,43,64,29,35,154,80,74,207,116,91
C5120ST,15,286,District-Lunglei,Rural,0-4,40,19,21,8,2,6,10,5,5,2,0,2,4,3,1,3,1,2,0,0,0,9,4,5,4,4,0
C5120ST,15,286,District-Lunglei,Rural,5-9,84,52,32,9,5,4,16,9,7,12,8,4,8,5,3,10,9,1,6,3,3,17,9,8,6,4,2
C5120ST,15,286,District-Lunglei,Rural,10-19,184,114,70,25,17,8,33,17,16,16,8,8,26,18,8,16,11,5,11,8,3,30,17,13,27,18,9
C5120ST,15,286,District-Lunglei,Rural,20-29,179,91,88,19,10,9,24,14,10,28,16,12,19,11,8,26,15,11,12,4,8,24,8,16,27,13,14
C5120ST,15,286,District-Lunglei,Rural,30-39,179,87,92,17,10,7,36,11,25,21,10,11,18,12,6,21,14,7,12,3,9,24,13,11,30,14,16
C5120ST,15,286,District-Lunglei,Rural,40-49,171,102,69,21,13,8,44,23,21,20,14,6,14,12,2,13,7,6,10,4,6,19,12,7,30,17,13
C5120ST,15,286,District-Lunglei,Rural,50-59,167,100,67,16,11,5,47,29,18,13,7,6,22,14,8,8,4,4,6,3,3,19,10,9,36,22,14
C5120ST,15,286,District-Lunglei,Rural,60-69,131,73,58,24,13,11,39,22,17,12,4,8,16,11,5,5,2,3,5,4,1,7,4,3,23,13,10
C5120ST,15,286,District-Lunglei,Rural,70-79,91,40,51,9,4,5,42,18,24,6,3,3,11,3,8,5,2,3,0,0,0,4,3,1,14,7,7
C5120ST,15,286,District-Lunglei,Rural,80-89,43,21,22,14,6,8,20,11,9,1,1,0,1,1,0,1,0,1,1,0,1,1,0,1,4,2,2
C5120ST,15,286,District-Lunglei,Rural,90+,11,3,8,1,0,1,4,1,3,0,0,0,0,0,0,0,0,0,0,0,0,0,0,0,6,2,4
C5120ST,15,286,District-Lunglei,Rural,Age Not Stated,1,0,1,0,0,0,0,0,0,0,0,0,0,0,0,0,0,0,1,0,1,0,0,0,0,0,0
C5120ST,15,286,District-Lunglei,Urban,Total,497,284,213,57,26,31,96,60,36,41,23,18,57,31,26,62,42,20,36,16,20,63,38,25,85,48,37
C5120ST,15,286,District-Lunglei,Urban,0-4,14,6,8,4,3,1,1,0,1,0,0,0,2,1,1,1,0,1,0,0,0,5,2,3,1,0,1
C5120ST,15,286,District-Lunglei,Urban,5-9,34,27,7,7,6,1,1,1,0,8,5,3,3,2,1,1,1,0,2,2,0,5,4,1,7,6,1
C5120ST,15,286,District-Lunglei,Urban,10-19,67,42,25,5,2,3,10,4,6,4,3,1,5,2,3,16,12,4,3,2,1,10,7,3,14,10,4
C5120ST,15,286,District-Lunglei,Urban,20-29,77,47,30,8,3,5,11,7,4,4,1,3,11,7,4,11,9,2,8,5,3,15,7,8,9,8,1
C5120ST,15,286,District-Lunglei,Urban,30-39,75,37,38,4,1,3,9,5,4,6,2,4,10,6,4,13,8,5,8,2,6,9,7,2,16,6,10
C5120ST,15,286,District-Lunglei,Urban,40-49,85,45,40,9,3,6,22,14,8,7,4,3,9,3,6,11,7,4,4,2,2,10,5,5,13,7,6
C5120ST,15,286,District-Lunglei,Urban,50-59,62,33,29,7,4,3,11,7,4,6,5,1,9,6,3,5,2,3,7,3,4,5,3,2,12,3,9
C5120ST,15,286,District-Lunglei,Urban,60-69,36,23,13,3,1,2,11,10,1,4,2,2,3,2,1,3,3,0,2,0,2,2,1,1,8,4,4
C5120ST,15,286,District-Lunglei,Urban,70-79,27,11,16,5,0,5,11,7,4,2,1,1,4,2,2,1,0,1,2,0,2,0,0,0,2,1,1
C5120ST,15,286,District-Lunglei,Urban,80-89,14,10,4,5,3,2,4,3,1,0,0,0,1,0,1,0,0,0,0,0,0,2,2,0,2,2,0
C5120ST,15,286,District-Lunglei,Urban,90+,6,3,3,0,0,0,5,2,3,0,0,0,0,0,0,0,0,0,0,0,0,0,0,0,1,1,0
C5120ST,15,286,District-Lunglei,Urban,Age Not Stated,0,0,0,0,0,0,0,0,0,0,0,0,0,0,0,0,0,0,0,0,0,0,0,0,0,0,0
C5120ST,15,287,District-Lawngtlai,Total,Total,1459,813,646,227,123,104,294,167,127,119,74,45,232,144,88,138,70,68,86,46,40,207,116,91,156,73,83
C5120ST,15,287,District-Lawngtlai,Total,0-4,77,48,29,13,7,6,11,6,5,3,2,1,7,6,1,12,8,4,2,2,0,23,15,8,6,2,4
C5120ST,15,287,District-Lawngtlai,Total,5-9,117,73,44,20,14,6,23,12,11,10,7,3,6,4,2,16,9,7,11,6,5,20,15,5,11,6,5
C5120ST,15,287,District-Lawngtlai,Total,10-19,294,183,111,35,26,9,46,30,16,39,27,12,42,27,15,26,12,14,20,11,9,52,31,21,34,19,15
C5120ST,15,287,District-Lawngtlai,Total,20-29,236,128,108,33,18,15,40,22,18,25,12,13,33,18,15,37,19,18,16,10,6,27,14,13,25,15,10
C5120ST,15,287,District-Lawngtlai,Total,30-39,183,105,78,33,15,18,47,27,20,16,11,5,22,18,4,19,10,9,13,8,5,22,11,11,11,5,6
C5120ST,15,287,District-Lawngtlai,Total,40-49,183,103,80,26,16,10,31,17,14,9,6,3,44,29,15,18,8,10,15,7,8,24,13,11,16,7,9
C5120ST,15,287,District-Lawngtlai,Total,50-59,124,63,61,26,12,14,28,14,14,9,6,3,28,17,11,3,1,2,4,0,4,16,9,7,10,4,6
C5120ST,15,287,District-Lawngtlai,Total,60-69,117,56,61,18,8,10,30,17,13,3,1,2,26,17,9,6,2,4,3,1,2,13,5,8,18,5,13
C5120ST,15,287,District-Lawngtlai,Total,70-79,89,34,55,16,4,12,22,12,10,5,2,3,16,5,11,1,1,0,1,0,1,10,3,7,18,7,11
C5120ST,15,287,District-Lawngtlai,Total,80-89,30,15,15,6,3,3,11,6,5,0,0,0,8,3,5,0,0,0,1,1,0,0,0,0,4,2,2
C5120ST,15,287,District-Lawngtlai,Total,90+,9,5,4,1,0,1,5,4,1,0,0,0,0,0,0,0,0,0,0,0,0,0,0,0,3,1,2
C5120ST,15,287,District-Lawngtlai,Total,Age Not Stated,0,0,0,0,0,0,0,0,0,0,0,0,0,0,0,0,0,0,0,0,0,0,0,0,0,0,0
C5120ST,15,287,District-Lawngtlai,Rural,Total,1221,683,538,184,101,83,245,140,105,92,57,35,195,120,75,112,58,54,71,37,34,186,104,82,136,66,70
C5120ST,15,287,District-Lawngtlai,Rural,0-4,65,39,26,9,5,4,8,4,4,3,2,1,6,5,1,11,7,4,1,1,0,22,14,8,5,1,4
C5120ST,15,287,District-Lawngtlai,Rural,5-9,99,66,33,17,12,5,18,11,7,7,6,1,6,4,2,15,8,7,10,5,5,18,14,4,8,6,2
C5120ST,15,287,District-Lawngtlai,Rural,10-19,253,158,95,27,20,7,39,26,13,33,22,11,35,24,11,23,11,12,19,11,8,47,27,20,30,17,13
C5120ST,15,287,District-Lawngtlai,Rural,20-29,210,115,95,27,15,12,38,21,17,20,10,10,29,16,13,33,17,16,14,8,6,25,13,12,24,15,9
C5120ST,15,287,District-Lawngtlai,Rural,30-39,134,75,59,26,11,15,37,21,16,11,7,4,18,14,4,10,5,5,8,4,4,16,8,8,8,5,3
C5120ST,15,287,District-Lawngtlai,Rural,40-49,149,86,63,20,14,6,27,15,12,6,4,2,34,21,13,11,6,5,13,7,6,23,12,11,15,7,8
C5120ST,15,287,District-Lawngtlai,Rural,50-59,102,53,49,22,11,11,22,10,12,6,4,2,22,14,8,3,1,2,3,0,3,16,9,7,8,4,4
C5120ST,15,287,District-Lawngtlai,Rural,60-69,97,46,51,14,6,8,26,16,10,1,0,1,24,15,9,5,2,3,2,0,2,10,4,6,15,3,12
C5120ST,15,287,District-Lawngtlai,Rural,70-79,79,30,49,15,4,11,19,10,9,5,2,3,14,5,9,1,1,0,0,0,0,9,3,6,16,5,11
C5120ST,15,287,District-Lawngtlai,Rural,80-89,25,11,14,6,3,3,7,3,4,0,0,0,7,2,5,0,0,0,1,1,0,0,0,0,4,2,2
C5120ST,15,287,District-Lawngtlai,Rural,90+,8,4,4,1,0,1,4,3,1,0,0,0,0,0,0,0,0,0,0,0,0,0,0,0,3,1,2
C5120ST,15,287,District-Lawngtlai,Rural,Age Not Stated,0,0,0,0,0,0,0,0,0,0,0,0,0,0,0,0,0,0,0,0,0,0,0,0,0,0,0
C5120ST,15,287,District-Lawngtlai,Urban,Total,238,130,108,43,22,21,49,27,22,27,17,10,37,24,13,26,12,14,15,9,6,21,12,9,20,7,13
C5120ST,15,287,District-Lawngtlai,Urban,0-4,12,9,3,4,2,2,3,2,1,0,0,0,1,1,0,1,1,0,1,1,0,1,1,0,1,1,0
C5120ST,15,287,District-Lawngtlai,Urban,5-9,18,7,11,3,2,1,5,1,4,3,1,2,0,0,0,1,1,0,1,1,0,2,1,1,3,0,3
C5120ST,15,287,District-Lawngtlai,Urban,10-19,41,25,16,8,6,2,7,4,3,6,5,1,7,3,4,3,1,2,1,0,1,5,4,1,4,2,2
C5120ST,15,287,District-Lawngtlai,Urban,20-29,26,13,13,6,3,3,2,1,1,5,2,3,4,2,2,4,2,2,2,2,0,2,1,1,1,0,1
C5120ST,15,287,District-Lawngtlai,Urban,30-39,49,30,19,7,4,3,10,6,4,5,4,1,4,4,0,9,5,4,5,4,1,6,3,3,3,0,3
C5120ST,15,287,District-Lawngtlai,Urban,40-49,34,17,17,6,2,4,4,2,2,3,2,1,10,8,2,7,2,5,2,0,2,1,1,0,1,0,1
C5120ST,15,287,District-Lawngtlai,Urban,50-59,22,10,12,4,1,3,6,4,2,3,2,1,6,3,3,0,0,0,1,0,1,0,0,0,2,0,2
C5120ST,15,287,District-Lawngtlai,Urban,60-69,20,10,10,4,2,2,4,1,3,2,1,1,2,2,0,1,0,1,1,1,0,3,1,2,3,2,1
C5120ST,15,287,District-Lawngtlai,Urban,70-79,10,4,6,1,0,1,3,2,1,0,0,0,2,0,2,0,0,0,1,0,1,1,0,1,2,2,0
C5120ST,15,287,District-Lawngtlai,Urban,80-89,5,4,1,0,0,0,4,3,1,0,0,0,1,1,0,0,0,0,0,0,0,0,0,0,0,0,0
C5120ST,15,287,District-Lawngtlai,Urban,90+,1,1,0,0,0,0,1,1,0,0,0,0,0,0,0,0,0,0,0,0,0,0,0,0,0,0,0
C5120ST,15,287,District-Lawngtlai,Urban,Age Not Stated,0,0,0,0,0,0,0,0,0,0,0,0,0,0,0,0,0,0,0,0,0,0,0,0,0,0,0
C5120ST,15,288,District-Saiha,Total,Total,886,460,426,124,60,64,179,83,96,67,38,29,102,56,46,81,41,40,61,31,30,169,91,78,103,60,43
C5120ST,15,288,District-Saiha,Total,0-4,32,17,15,7,2,5,3,1,2,0,0,0,6,4,2,1,1,0,1,1,0,11,6,5,3,2,1
C5120ST,15,288,District-Saiha,Total,5-9,71,39,32,17,7,10,12,6,6,6,2,4,9,5,4,2,1,1,3,2,1,12,10,2,10,6,4
C5120ST,15,288,District-Saiha,Total,10-19,164,88,76,19,10,9,31,14,17,21,15,6,23,10,13,19,9,10,12,5,7,19,10,9,20,15,5
C5120ST,15,288,District-Saiha,Total,20-29,136,65,71,13,5,8,22,11,11,9,4,5,15,9,6,20,10,10,12,9,3,27,10,17,18,7,11
C5120ST,15,288,District-Saiha,Total,30-39,117,69,48,16,12,4,19,13,6,11,7,4,9,7,2,15,9,6,13,6,7,24,11,13,10,4,6
C5120ST,15,288,District-Saiha,Total,40-49,102,53,49,8,3,5,19,7,12,8,5,3,15,8,7,10,5,5,6,4,2,19,10,9,17,11,6
C5120ST,15,288,District-Saiha,Total,50-59,103,53,50,12,7,5,22,8,14,9,4,5,14,10,4,3,1,2,7,2,5,24,14,10,12,7,5
C5120ST,15,288,District-Saiha,Total,60-69,81,38,43,13,6,7,23,10,13,3,1,2,9,3,6,9,4,5,4,1,3,12,9,3,8,4,4
C5120ST,15,288,District-Saiha,Total,70-79,51,25,26,11,5,6,16,8,8,0,0,0,2,0,2,2,1,1,3,1,2,14,8,6,3,2,1
C5120ST,15,288,District-Saiha,Total,80-89,26,11,15,7,2,5,11,5,6,0,0,0,0,0,0,0,0,0,0,0,0,7,3,4,1,1,0
C5120ST,15,288,District-Saiha,Total,90+,2,1,1,0,0,0,1,0,1,0,0,0,0,0,0,0,0,0,0,0,0,0,0,0,1,1,0
C5120ST,15,288,District-Saiha,Total,Age Not Stated,1,1,0,1,1,0,0,0,0,0,0,0,0,0,0,0,0,0,0,0,0,0,0,0,0,0,0
C5120ST,15,288,District-Saiha,Rural,Total,622,312,310,85,38,47,118,46,72,51,33,18,81,46,35,49,25,24,38,16,22,132,68,64,68,40,28
C5120ST,15,288,District-Saiha,Rural,0-4,24,12,12,4,1,3,2,0,2,0,0,0,5,3,2,0,0,0,1,1,0,9,5,4,3,2,1
C5120ST,15,288,District-Saiha,Rural,5-9,50,28,22,12,5,7,9,4,5,3,2,1,9,5,4,1,1,0,2,1,1,7,6,1,7,4,3
C5120ST,15,288,District-Saiha,Rural,10-19,105,60,45,14,6,8,19,8,11,16,12,4,16,9,7,12,7,5,6,2,4,9,6,3,13,10,3
C5120ST,15,288,District-Saiha,Rural,20-29,92,42,50,7,3,4,15,8,7,6,3,3,12,7,5,13,7,6,8,5,3,21,5,16,10,4,6
C5120ST,15,288,District-Saiha,Rural,30-39,75,40,35,11,7,4,9,5,4,9,6,3,7,6,1,8,4,4,4,1,3,21,10,11,6,1,5
C5120ST,15,288,District-Saiha,Rural,40-49,77,39,38,6,2,4,10,3,7,8,5,3,12,6,6,6,2,4,4,2,2,17,9,8,14,10,4
C5120ST,15,288,District-Saiha,Rural,50-59,75,38,37,6,3,3,16,5,11,7,4,3,11,7,4,2,1,1,6,2,4,20,12,8,7,4,3
C5120ST,15,288,District-Saiha,Rural,60-69,64,28,36,12,5,7,17,6,11,2,1,1,8,3,5,6,3,3,4,1,3,10,7,3,5,2,3
C5120ST,15,288,District-Saiha,Rural,70-79,38,17,21,7,4,3,12,4,8,0,0,0,1,0,1,1,0,1,3,1,2,12,6,6,2,2,0
C5120ST,15,288,District-Saiha,Rural,80-89,19,6,13,5,1,4,8,3,5,0,0,0,0,0,0,0,0,0,0,0,0,6,2,4,0,0,0
C5120ST,15,288,District-Saiha,Rural,90+,2,1,1,0,0,0,1,0,1,0,0,0,0,0,0,0,0,0,0,0,0,0,0,0,1,1,0
C5120ST,15,288,District-Saiha,Rural,Age Not Stated,1,1,0,1,1,0,0,0,0,0,0,0,0,0,0,0,0,0,0,0,0,0,0,0,0,0,0
C5120ST,15,288,District-Saiha,Urban,Total,264,148,116,39,22,17,61,37,24,16,5,11,21,10,11,32,16,16,23,15,8,37,23,14,35,20,15
C5120ST,15,288,District-Saiha,Urban,0-4,8,5,3,3,1,2,1,1,0,0,0,0,1,1,0,1,1,0,0,0,0,2,1,1,0,0,0
C5120ST,15,288,District-Saiha,Urban,5-9,21,11,10,5,2,3,3,2,1,3,0,3,0,0,0,1,0,1,1,1,0,5,4,1,3,2,1
C5120ST,15,288,District-Saiha,Urban,10-19,59,28,31,5,4,1,12,6,6,5,3,2,7,1,6,7,2,5,6,3,3,10,4,6,7,5,2
C5120ST,15,288,District-Saiha,Urban,20-29,44,23,21,6,2,4,7,3,4,3,1,2,3,2,1,7,3,4,4,4,0,6,5,1,8,3,5
C5120ST,15,288,District-Saiha,Urban,30-39,42,29,13,5,5,0,10,8,2,2,1,1,2,1,1,7,5,2,9,5,4,3,1,2,4,3,1
C5120ST,15,288,District-Saiha,Urban,40-49,25,14,11,2,1,1,9,4,5,0,0,0,3,2,1,4,3,1,2,2,0,2,1,1,3,1,2
C5120ST,15,288,District-Saiha,Urban,50-59,28,15,13,6,4,2,6,3,3,2,0,2,3,3,0,1,0,1,1,0,1,4,2,2,5,3,2
C5120ST,15,288,District-Saiha,Urban,60-69,17,10,7,1,1,0,6,4,2,1,0,1,1,0,1,3,1,2,0,0,0,2,2,0,3,2,1
C5120ST,15,288,District-Saiha,Urban,70-79,13,8,5,4,1,3,4,4,0,0,0,0,1,0,1,1,1,0,0,0,0,2,2,0,1,0,1
C5120ST,15,288,District-Saiha,Urban,80-89,7,5,2,2,1,1,3,2,1,0,0,0,0,0,0,0,0,0,0,0,0,1,1,0,1,1,0
C5120ST,15,288,District-Saiha,Urban,90+,0,0,0,0,0,0,0,0,0,0,0,0,0,0,0,0,0,0,0,0,0,0,0,0,0,0,0
C5120ST,15,288,District-Saiha,Urban,Age Not Stated,0,0,0,0,0,0,0,0,0,0,0,0,0,0,0,0,0,0,0,0,0,0,0,0,0,0,0
C5120ST,16,0,State-TRIPURA,Total,Total,16508,8684,7824,2688,1396,1292,3716,1933,1783,986,510,476,2385,1365,1020,1325,683,642,640,327,313,3436,1803,1633,1332,667,665
C5120ST,16,0,State-TRIPURA,Total,0-4,885,440,445,123,61,62,228,109,119,17,8,9,64,36,28,72,43,29,12,5,7,316,149,167,53,29,24
C5120ST,16,0,State-TRIPURA,Total,5-9,1251,699,552,173,95,78,247,129,118,121,69,52,120,76,44,93,53,40,25,10,15,366,205,161,106,62,44
C5120ST,16,0,State-TRIPURA,Total,10-19,2875,1491,1384,367,189,178,560,288,272,264,130,134,388,218,170,278,137,141,91,43,48,690,350,340,237,136,101
C5120ST,16,0,State-TRIPURA,Total,20-29,2650,1386,1264,314,155,159,576,314,262,217,103,114,357,201,156,282,140,142,115,55,60,630,333,297,159,85,74
C5120ST,16,0,State-TRIPURA,Total,30-39,2130,1193,937,271,151,120,476,277,199,137,72,65,288,186,102,229,120,109,111,71,40,489,256,233,129,60,69
C5120ST,16,0,State-TRIPURA,Total,40-49,1803,985,818,291,177,114,392,203,189,105,53,52,281,166,115,174,95,79,121,60,61,336,182,154,103,49,54
C5120ST,16,0,State-TRIPURA,Total,50-59,1426,792,634,303,157,146,340,188,152,57,33,24,249,166,83,96,43,53,50,24,26,243,133,110,88,48,40
C5120ST,16,0,State-TRIPURA,Total,60-69,1439,723,716,364,165,199,383,184,199,42,27,15,249,131,118,75,39,36,44,25,19,180,99,81,102,53,49
C5120ST,16,0,State-TRIPURA,Total,70-79,1088,538,550,265,131,134,294,140,154,17,12,5,213,112,101,12,7,5,33,16,17,119,64,55,135,56,79
C5120ST,16,0,State-TRIPURA,Total,80-89,618,294,324,145,77,68,154,71,83,6,1,5,116,50,66,8,4,4,25,16,9,42,21,21,122,54,68
C5120ST,16,0,State-TRIPURA,Total,90+,330,136,194,68,35,33,64,28,36,3,2,1,60,23,37,5,2,3,11,2,9,23,10,13,96,34,62
C5120ST,16,0,State-TRIPURA,Total,Age Not Stated,13,7,6,4,3,1,2,2,0,0,0,0,0,0,0,1,0,1,2,0,2,2,1,1,2,1,1
C5120ST,16,0,State-TRIPURA,Rural,Total,15726,8273,7453,2576,1341,1235,3558,1836,1722,898,469,429,2279,1302,977,1272,658,614,591,303,288,3279,1726,1553,1273,638,635
C5120ST,16,0,State-TRIPURA,Rural,0-4,862,425,437,122,60,62,221,105,116,16,8,8,63,35,28,71,43,28,12,5,7,305,141,164,52,28,24
C5120ST,16,0,State-TRIPURA,Rural,5-9,1212,684,528,168,95,73,243,126,117,117,69,48,116,73,43,93,53,40,24,10,14,349,198,151,102,60,42
C5120ST,16,0,State-TRIPURA,Rural,10-19,2725,1415,1310,350,177,173,534,271,263,240,114,126,380,215,165,267,132,135,85,42,43,647,335,312,222,129,93
C5120ST,16,0,State-TRIPURA,Rural,20-29,2505,1310,1195,302,150,152,538,289,249,199,98,101,341,194,147,269,135,134,104,48,56,602,316,286,150,80,70
C5120ST,16,0,State-TRIPURA,Rural,30-39,2010,1120,890,257,143,114,445,256,189,123,64,59,276,174,102,216,112,104,97,64,33,473,250,223,123,57,66
C5120ST,16,0,State-TRIPURA,Rural,40-49,1687,930,757,264,164,100,371,194,177,91,47,44,266,158,108,166,92,74,115,56,59,317,173,144,97,46,51
C5120ST,16,0,State-TRIPURA,Rural,50-59,1362,749,613,294,153,141,332,181,151,48,27,21,233,153,80,93,42,51,46,23,23,229,123,106,87,47,40
C5120ST,16,0,State-TRIPURA,Rural,60-69,1381,687,694,348,155,193,377,181,196,39,27,12,237,122,115,71,36,35,41,22,19,174,96,78,94,48,46
C5120ST,16,0,State-TRIPURA,Rural,70-79,1053,523,530,260,130,130,284,135,149,17,12,5,198,106,92,12,7,5,32,15,17,118,63,55,132,55,77
C5120ST,16,0,State-TRIPURA,Rural,80-89,601,291,310,142,77,65,150,70,80,5,1,4,113,49,64,8,4,4,24,16,8,42,21,21,117,53,64
C5120ST,16,0,State-TRIPURA,Rural,90+,317,132,185,65,34,31,61,26,35,3,2,1,56,23,33,5,2,3,11,2,9,21,9,12,95,34,61
C5120ST,16,0,State-TRIPURA,Rural,Age Not Stated,11,7,4,4,3,1,2,2,0,0,0,0,0,0,0,1,0,1,0,0,0,2,1,1,2,1,1
C5120ST,16,0,State-TRIPURA,Urban,Total,782,411,371,112,55,57,158,97,61,88,41,47,106,63,43,53,25,28,49,24,25,157,77,80,59,29,30
C5120ST,16,0,State-TRIPURA,Urban,0-4,23,15,8,1,1,0,7,4,3,1,0,1,1,1,0,1,0,1,0,0,0,11,8,3,1,1,0
C5120ST,16,0,State-TRIPURA,Urban,5-9,39,15,24,5,0,5,4,3,1,4,0,4,4,3,1,0,0,0,1,0,1,17,7,10,4,2,2
C5120ST,16,0,State-TRIPURA,Urban,10-19,150,76,74,17,12,5,26,17,9,24,16,8,8,3,5,11,5,6,6,1,5,43,15,28,15,7,8
C5120ST,16,0,State-TRIPURA,Urban,20-29,145,76,69,12,5,7,38,25,13,18,5,13,16,7,9,13,5,8,11,7,4,28,17,11,9,5,4
C5120ST,16,0,State-TRIPURA,Urban,30-39,120,73,47,14,8,6,31,21,10,14,8,6,12,12,0,13,8,5,14,7,7,16,6,10,6,3,3
C5120ST,16,0,State-TRIPURA,Urban,40-49,116,55,61,27,13,14,21,9,12,14,6,8,15,8,7,8,3,5,6,4,2,19,9,10,6,3,3
C5120ST,16,0,State-TRIPURA,Urban,50-59,64,43,21,9,4,5,8,7,1,9,6,3,16,13,3,3,1,2,4,1,3,14,10,4,1,1,0
C5120ST,16,0,State-TRIPURA,Urban,60-69,58,36,22,16,10,6,6,3,3,3,0,3,12,9,3,4,3,1,3,3,0,6,3,3,8,5,3
C5120ST,16,0,State-TRIPURA,Urban,70-79,35,15,20,5,1,4,10,5,5,0,0,0,15,6,9,0,0,0,1,1,0,1,1,0,3,1,2
C5120ST,16,0,State-TRIPURA,Urban,80-89,17,3,14,3,0,3,4,1,3,1,0,1,3,1,2,0,0,0,1,0,1,0,0,0,5,1,4
C5120ST,16,0,State-TRIPURA,Urban,90+,13,4,9,3,1,2,3,2,1,0,0,0,4,0,4,0,0,0,0,0,0,2,1,1,1,0,1
C5120ST,16,0,State-TRIPURA,Urban,Age Not Stated,2,0,2,0,0,0,0,0,0,0,0,0,0,0,0,0,0,0,2,0,2,0,0,0,0,0,0
C5120ST,16,289,District-West Tripura ,Total,Total,6537,3437,3100,1071,542,529,1420,731,689,394,203,191,871,503,368,470,239,231,272,139,133,1535,833,702,504,247,257
C5120ST,16,289,District-West Tripura ,Total,0-4,314,152,162,28,12,16,76,36,40,6,2,4,22,13,9,10,6,4,3,2,1,149,70,79,20,11,9
C5120ST,16,289,District-West Tripura ,Total,5-9,407,218,189,50,25,25,69,39,30,41,23,18,27,16,11,25,12,13,5,1,4,149,82,67,41,20,21
C5120ST,16,289,District-West Tripura ,Total,10-19,1025,542,483,133,71,62,205,109,96,111,58,53,111,65,46,86,41,45,28,12,16,272,139,133,79,47,32
C5120ST,16,289,District-West Tripura ,Total,20-29,1017,535,482,111,60,51,208,106,102,94,43,51,115,68,47,106,53,53,46,23,23,281,154,127,56,28,28
C5120ST,16,289,District-West Tripura ,Total,30-39,871,498,373,111,60,51,172,101,71,51,28,23,113,74,39,92,46,46,53,37,16,233,132,101,46,20,26
C5120ST,16,289,District-West Tripura ,Total,40-49,771,420,351,119,76,43,162,82,80,40,20,20,108,63,45,67,36,31,60,32,28,168,92,76,47,19,28
C5120ST,16,289,District-West Tripura ,Total,50-59,609,334,275,129,56,73,139,76,63,29,16,13,104,67,37,38,18,20,26,11,15,111,69,42,33,21,12
C5120ST,16,289,District-West Tripura ,Total,60-69,569,294,275,157,72,85,143,71,72,16,9,7,85,44,41,35,21,14,18,8,10,78,48,30,37,21,16
C5120ST,16,289,District-West Tripura ,Total,70-79,477,227,250,125,55,70,133,60,73,5,4,1,101,53,48,3,2,1,14,7,7,62,28,34,34,18,16
C5120ST,16,289,District-West Tripura ,Total,80-89,285,136,149,72,35,37,70,31,39,1,0,1,54,27,27,5,3,2,9,4,5,17,11,6,57,25,32
C5120ST,16,289,District-West Tripura ,Total,90+,185,75,110,33,17,16,41,18,23,0,0,0,31,13,18,2,1,1,10,2,8,15,8,7,53,16,37
C5120ST,16,289,District-West Tripura ,Total,Age Not Stated,7,6,1,3,3,0,2,2,0,0,0,0,0,0,0,1,0,1,0,0,0,0,0,0,1,1,0
C5120ST,16,289,District-West Tripura ,Rural,Total,6048,3174,2874,1004,507,497,1319,675,644,332,173,159,815,471,344,436,222,214,240,120,120,1433,778,655,469,228,241
C5120ST,16,289,District-West Tripura ,Rural,0-4,299,142,157,27,11,16,71,32,39,5,2,3,22,13,9,9,6,3,3,2,1,142,65,77,20,11,9
C5120ST,16,289,District-West Tripura ,Rural,5-9,386,208,178,49,25,24,66,37,29,40,23,17,24,14,10,25,12,13,4,1,3,140,78,62,38,18,20
C5120ST,16,289,District-West Tripura ,Rural,10-19,939,491,448,120,62,58,187,98,89,95,47,48,107,64,43,81,39,42,25,11,14,253,128,125,71,42,29
C5120ST,16,289,District-West Tripura ,Rural,20-29,931,493,438,103,57,46,195,100,95,80,39,41,107,63,44,98,50,48,38,17,21,259,141,118,51,26,25
C5120ST,16,289,District-West Tripura ,Rural,30-39,792,454,338,103,55,48,150,87,63,42,23,19,110,71,39,82,40,42,44,32,12,219,128,91,42,18,24
C5120ST,16,289,District-West Tripura ,Rural,40-49,690,379,311,102,66,36,146,77,69,29,15,14,99,57,42,62,34,28,54,28,26,156,86,70,42,16,26
C5120ST,16,289,District-West Tripura ,Rural,50-59,566,304,262,126,55,71,134,71,63,22,11,11,93,59,34,37,17,20,23,10,13,99,61,38,32,20,12
C5120ST,16,289,District-West Tripura ,Rural,60-69,536,277,259,149,68,81,139,69,70,14,9,5,80,41,39,31,18,13,17,7,10,74,46,28,32,19,13
C5120ST,16,289,District-West Tripura ,Rural,70-79,452,216,236,121,54,67,124,56,68,5,4,1,92,50,42,3,2,1,13,6,7,61,27,34,33,17,16
C5120ST,16,289,District-West Tripura ,Rural,80-89,274,133,141,70,35,35,67,30,37,0,0,0,52,26,26,5,3,2,9,4,5,17,11,6,54,24,30
C5120ST,16,289,District-West Tripura ,Rural,90+,176,71,105,31,16,15,38,16,22,0,0,0,29,13,16,2,1,1,10,2,8,13,7,6,53,16,37
C5120ST,16,289,District-West Tripura ,Rural,Age Not Stated,7,6,1,3,3,0,2,2,0,0,0,0,0,0,0,1,0,1,0,0,0,0,0,0,1,1,0
C5120ST,16,289,District-West Tripura ,Urban,Total,489,263,226,67,35,32,101,56,45,62,30,32,56,32,24,34,17,17,32,19,13,102,55,47,35,19,16
C5120ST,16,289,District-West Tripura ,Urban,0-4,15,10,5,1,1,0,5,4,1,1,0,1,0,0,0,1,0,1,0,0,0,7,5,2,0,0,0
C5120ST,16,289,District-West Tripura ,Urban,5-9,21,10,11,1,0,1,3,2,1,1,0,1,3,2,1,0,0,0,1,0,1,9,4,5,3,2,1
C5120ST,16,289,District-West Tripura ,Urban,10-19,86,51,35,13,9,4,18,11,7,16,11,5,4,1,3,5,2,3,3,1,2,19,11,8,8,5,3
C5120ST,16,289,District-West Tripura ,Urban,20-29,86,42,44,8,3,5,13,6,7,14,4,10,8,5,3,8,3,5,8,6,2,22,13,9,5,2,3
C5120ST,16,289,District-West Tripura ,Urban,30-39,79,44,35,8,5,3,22,14,8,9,5,4,3,3,0,10,6,4,9,5,4,14,4,10,4,2,2
C5120ST,16,289,District-West Tripura ,Urban,40-49,81,41,40,17,10,7,16,5,11,11,5,6,9,6,3,5,2,3,6,4,2,12,6,6,5,3,2
C5120ST,16,289,District-West Tripura ,Urban,50-59,43,30,13,3,1,2,5,5,0,7,5,2,11,8,3,1,1,0,3,1,2,12,8,4,1,1,0
C5120ST,16,289,District-West Tripura ,Urban,60-69,33,17,16,8,4,4,4,2,2,2,0,2,5,3,2,4,3,1,1,1,0,4,2,2,5,2,3
C5120ST,16,289,District-West Tripura ,Urban,70-79,25,11,14,4,1,3,9,4,5,0,0,0,9,3,6,0,0,0,1,1,0,1,1,0,1,1,0
C5120ST,16,289,District-West Tripura ,Urban,80-89,11,3,8,2,0,2,3,1,2,1,0,1,2,1,1,0,0,0,0,0,0,0,0,0,3,1,2
C5120ST,16,289,District-West Tripura ,Urban,90+,9,4,5,2,1,1,3,2,1,0,0,0,2,0,2,0,0,0,0,0,0,2,1,1,0,0,0
C5120ST,16,289,District-West Tripura ,Urban,Age Not Stated,0,0,0,0,0,0,0,0,0,0,0,0,0,0,0,0,0,0,0,0,0,0,0,0,0,0,0
C5120ST,16,290,District-South Tripura ,Total,Total,4393,2313,2080,718,381,337,933,470,463,280,142,138,718,414,304,425,222,203,180,92,88,719,372,347,420,220,200
C5120ST,16,290,District-South Tripura ,Total,0-4,242,118,124,33,18,15,67,27,40,6,3,3,20,11,9,30,19,11,3,0,3,66,31,35,17,9,8
C5120ST,16,290,District-South Tripura ,Total,5-9,353,210,143,54,28,26,71,39,32,35,18,17,38,28,10,29,18,11,10,3,7,85,53,32,31,23,8
C5120ST,16,290,District-South Tripura ,Total,10-19,799,419,380,114,54,60,141,75,66,62,27,35,137,77,60,92,45,47,27,18,9,141,72,69,85,51,34
C5120ST,16,290,District-South Tripura ,Total,20-29,729,377,352,94,44,50,145,79,66,59,31,28,111,56,55,89,43,46,42,21,21,137,72,65,52,31,21
C5120ST,16,290,District-South Tripura ,Total,30-39,582,306,276,71,42,29,121,63,58,46,24,22,91,56,35,77,41,36,28,15,13,97,40,57,51,25,26
C5120ST,16,290,District-South Tripura ,Total,40-49,471,259,212,68,45,23,106,55,51,34,14,20,88,53,35,57,30,27,30,13,17,67,38,29,21,11,10
C5120ST,16,290,District-South Tripura ,Total,50-59,378,217,161,80,49,31,81,43,38,14,7,7,80,55,25,24,13,11,12,6,6,60,32,28,27,12,15
C5120ST,16,290,District-South Tripura ,Total,60-69,388,195,193,98,45,53,89,43,46,16,11,5,80,45,35,20,9,11,9,5,4,33,18,15,43,19,24
C5120ST,16,290,District-South Tripura ,Total,70-79,243,117,126,52,28,24,65,27,38,5,5,0,42,21,21,4,3,1,11,7,4,18,9,9,46,17,29
C5120ST,16,290,District-South Tripura ,Total,80-89,149,74,75,38,19,19,33,14,19,2,1,1,22,12,10,2,1,1,5,4,1,12,6,6,35,17,18
C5120ST,16,290,District-South Tripura ,Total,90+,56,21,35,15,9,6,14,5,9,1,1,0,9,0,9,1,0,1,1,0,1,3,1,2,12,5,7
C5120ST,16,290,District-South Tripura ,Total,Age Not Stated,3,0,3,1,0,1,0,0,0,0,0,0,0,0,0,0,0,0,2,0,2,0,0,0,0,0,0
C5120ST,16,290,District-South Tripura ,Rural,Total,4319,2271,2048,708,376,332,919,462,457,272,140,132,702,403,299,420,220,200,176,91,85,709,363,346,413,216,197
C5120ST,16,290,District-South Tripura ,Rural,0-4,240,118,122,33,18,15,65,27,38,6,3,3,20,11,9,30,19,11,3,0,3,66,31,35,17,9,8
C5120ST,16,290,District-South Tripura ,Rural,5-9,349,209,140,53,28,25,71,39,32,33,18,15,38,28,10,29,18,11,10,3,7,84,52,32,31,23,8
C5120ST,16,290,District-South Tripura ,Rural,10-19,785,412,373,113,54,59,139,74,65,58,26,32,135,76,59,90,44,46,27,18,9,139,70,69,84,50,34
C5120ST,16,290,District-South Tripura ,Rural,20-29,716,370,346,94,44,50,142,77,65,59,31,28,107,55,52,87,43,44,42,21,21,135,70,65,50,29,21
C5120ST,16,290,District-South Tripura ,Rural,30-39,570,299,271,69,41,28,117,61,56,44,23,21,89,54,35,77,41,36,26,14,12,97,40,57,51,25,26
C5120ST,16,290,District-South Tripura ,Rural,40-49,465,254,211,68,45,23,105,54,51,34,14,20,87,52,35,56,29,27,30,13,17,64,36,28,21,11,10
C5120ST,16,290,District-South Tripura ,Rural,50-59,370,211,159,77,48,29,80,42,38,14,7,7,78,53,25,24,13,11,12,6,6,58,30,28,27,12,15
C5120ST,16,290,District-South Tripura ,Rural,60-69,380,187,193,95,42,53,88,42,46,16,11,5,77,42,35,20,9,11,9,5,4,33,18,15,42,18,24
C5120ST,16,290,District-South Tripura ,Rural,70-79,241,116,125,52,28,24,65,27,38,5,5,0,41,20,21,4,3,1,11,7,4,18,9,9,45,17,28
C5120ST,16,290,District-South Tripura ,Rural,80-89,148,74,74,38,19,19,33,14,19,2,1,1,22,12,10,2,1,1,5,4,1,12,6,6,34,17,17
C5120ST,16,290,District-South Tripura ,Rural,90+,54,21,33,15,9,6,14,5,9,1,1,0,8,0,8,1,0,1,1,0,1,3,1,2,11,5,6
C5120ST,16,290,District-South Tripura ,Rural,Age Not Stated,1,0,1,1,0,1,0,0,0,0,0,0,0,0,0,0,0,0,0,0,0,0,0,0,0,0,0
C5120ST,16,290,District-South Tripura ,Urban,Total,74,42,32,10,5,5,14,8,6,8,2,6,16,11,5,5,2,3,4,1,3,10,9,1,7,4,3
C5120ST,16,290,District-South Tripura ,Urban,0-4,2,0,2,0,0,0,2,0,2,0,0,0,0,0,0,0,0,0,0,0,0,0,0,0,0,0,0
C5120ST,16,290,District-South Tripura ,Urban,5-9,4,1,3,1,0,1,0,0,0,2,0,2,0,0,0,0,0,0,0,0,0,1,1,0,0,0,0
C5120ST,16,290,District-South Tripura ,Urban,10-19,14,7,7,1,0,1,2,1,1,4,1,3,2,1,1,2,1,1,0,0,0,2,2,0,1,1,0
C5120ST,16,290,District-South Tripura ,Urban,20-29,13,7,6,0,0,0,3,2,1,0,0,0,4,1,3,2,0,2,0,0,0,2,2,0,2,2,0
C5120ST,16,290,District-South Tripura ,Urban,30-39,12,7,5,2,1,1,4,2,2,2,1,1,2,2,0,0,0,0,2,1,1,0,0,0,0,0,0
C5120ST,16,290,District-South Tripura ,Urban,40-49,6,5,1,0,0,0,1,1,0,0,0,0,1,1,0,1,1,0,0,0,0,3,2,1,0,0,0
C5120ST,16,290,District-South Tripura ,Urban,50-59,8,6,2,3,1,2,1,1,0,0,0,0,2,2,0,0,0,0,0,0,0,2,2,0,0,0,0
C5120ST,16,290,District-South Tripura ,Urban,60-69,8,8,0,3,3,0,1,1,0,0,0,0,3,3,0,0,0,0,0,0,0,0,0,0,1,1,0
C5120ST,16,290,District-South Tripura ,Urban,70-79,2,1,1,0,0,0,0,0,0,0,0,0,1,1,0,0,0,0,0,0,0,0,0,0,1,0,1
C5120ST,16,290,District-South Tripura ,Urban,80-89,1,0,1,0,0,0,0,0,0,0,0,0,0,0,0,0,0,0,0,0,0,0,0,0,1,0,1
C5120ST,16,290,District-South Tripura ,Urban,90+,2,0,2,0,0,0,0,0,0,0,0,0,1,0,1,0,0,0,0,0,0,0,0,0,1,0,1
C5120ST,16,290,District-South Tripura ,Urban,Age Not Stated,2,0,2,0,0,0,0,0,0,0,0,0,0,0,0,0,0,0,2,0,2,0,0,0,0,0,0
C5120ST,16,291,District-Dhalai,Total,Total,3457,1789,1668,507,266,241,780,403,377,181,94,87,514,285,229,262,142,120,107,51,56,861,430,431,245,118,127
C5120ST,16,291,District-Dhalai,Total,0-4,187,95,92,33,13,20,38,23,15,3,2,1,10,6,4,19,14,5,2,2,0,73,32,41,9,3,6
C5120ST,16,291,District-Dhalai,Total,5-9,303,169,134,34,24,10,71,34,37,28,18,10,33,17,16,22,14,8,7,3,4,86,46,40,22,13,9
C5120ST,16,291,District-Dhalai,Total,10-19,646,320,326,60,25,35,133,64,69,53,25,28,94,47,47,61,30,31,20,7,13,183,97,86,42,25,17
C5120ST,16,291,District-Dhalai,Total,20-29,546,283,263,59,25,34,110,59,51,34,15,19,87,54,33,51,29,22,11,4,7,162,81,81,32,16,16
C5120ST,16,291,District-Dhalai,Total,30-39,400,225,175,45,28,17,92,50,42,24,11,13,44,29,15,33,22,11,17,11,6,129,65,64,16,9,7
C5120ST,16,291,District-Dhalai,Total,40-49,351,182,169,57,28,29,64,30,34,21,12,9,51,34,17,33,16,17,17,6,11,81,41,40,27,15,12
C5120ST,16,291,District-Dhalai,Total,50-59,276,150,126,62,36,26,77,45,32,8,5,3,41,26,15,21,8,13,6,2,4,52,22,30,9,6,3
C5120ST,16,291,District-Dhalai,Total,60-69,314,154,160,69,35,34,95,43,52,5,3,2,58,30,28,15,6,9,14,9,5,51,25,26,7,3,4
C5120ST,16,291,District-Dhalai,Total,70-79,236,121,115,50,27,23,62,37,25,3,2,1,52,26,26,5,2,3,6,1,5,26,16,10,32,10,22
C5120ST,16,291,District-Dhalai,Total,80-89,123,55,68,23,18,5,29,13,16,1,0,1,28,7,21,1,0,1,7,6,1,11,3,8,23,8,15
C5120ST,16,291,District-Dhalai,Total,90+,72,34,38,15,7,8,9,5,4,1,1,0,16,9,7,1,1,0,0,0,0,5,1,4,25,10,15
C5120ST,16,291,District-Dhalai,Total,Age Not Stated,3,1,2,0,0,0,0,0,0,0,0,0,0,0,0,0,0,0,0,0,0,2,1,1,1,0,1
C5120ST,16,291,District-Dhalai,Rural,Total,3387,1757,1630,500,262,238,767,396,371,170,89,81,496,275,221,256,140,116,104,50,54,852,427,425,242,118,124
C5120ST,16,291,District-Dhalai,Rural,0-4,186,94,92,33,13,20,38,23,15,3,2,1,9,5,4,19,14,5,2,2,0,73,32,41,9,3,6
C5120ST,16,291,District-Dhalai,Rural,5-9,296,166,130,34,24,10,70,33,37,27,18,9,32,16,16,22,14,8,7,3,4,83,45,38,21,13,8
C5120ST,16,291,District-Dhalai,Rural,10-19,637,315,322,60,25,35,130,62,68,51,23,28,93,47,46,60,29,31,20,7,13,181,97,84,42,25,17
C5120ST,16,291,District-Dhalai,Rural,20-29,533,278,255,58,24,34,104,56,48,33,15,18,84,53,31,50,29,21,11,4,7,161,81,80,32,16,16
C5120ST,16,291,District-Dhalai,Rural,30-39,393,221,172,45,28,17,92,50,42,22,10,12,42,27,15,32,21,11,15,11,4,129,65,64,16,9,7
C5120ST,16,291,District-Dhalai,Rural,40-49,340,180,160,55,28,27,63,30,33,19,11,8,49,34,15,32,16,16,17,6,11,79,40,39,26,15,11
C5120ST,16,291,District-Dhalai,Rural,50-59,268,146,122,61,35,26,75,44,31,6,4,2,40,25,15,19,8,11,6,2,4,52,22,30,9,6,3
C5120ST,16,291,District-Dhalai,Rural,60-69,306,147,159,67,33,34,95,43,52,4,3,1,55,27,28,15,6,9,13,8,5,50,24,26,7,3,4
C5120ST,16,291,District-Dhalai,Rural,70-79,233,120,113,50,27,23,62,37,25,3,2,1,49,25,24,5,2,3,6,1,5,26,16,10,32,10,22
C5120ST,16,291,District-Dhalai,Rural,80-89,122,55,67,23,18,5,29,13,16,1,0,1,28,7,21,1,0,1,7,6,1,11,3,8,22,8,14
C5120ST,16,291,District-Dhalai,Rural,90+,70,34,36,14,7,7,9,5,4,1,1,0,15,9,6,1,1,0,0,0,0,5,1,4,25,10,15
C5120ST,16,291,District-Dhalai,Rural,Age Not Stated,3,1,2,0,0,0,0,0,0,0,0,0,0,0,0,0,0,0,0,0,0,2,1,1,1,0,1
C5120ST,16,291,District-Dhalai,Urban,Total,70,32,38,7,4,3,13,7,6,11,5,6,18,10,8,6,2,4,3,1,2,9,3,6,3,0,3
C5120ST,16,291,District-Dhalai,Urban,0-4,1,1,0,0,0,0,0,0,0,0,0,0,1,1,0,0,0,0,0,0,0,0,0,0,0,0,0
C5120ST,16,291,District-Dhalai,Urban,5-9,7,3,4,0,0,0,1,1,0,1,0,1,1,1,0,0,0,0,0,0,0,3,1,2,1,0,1
C5120ST,16,291,District-Dhalai,Urban,10-19,9,5,4,0,0,0,3,2,1,2,2,0,1,0,1,1,1,0,0,0,0,2,0,2,0,0,0
C5120ST,16,291,District-Dhalai,Urban,20-29,13,5,8,1,1,0,6,3,3,1,0,1,3,1,2,1,0,1,0,0,0,1,0,1,0,0,0
C5120ST,16,291,District-Dhalai,Urban,30-39,7,4,3,0,0,0,0,0,0,2,1,1,2,2,0,1,1,0,2,0,2,0,0,0,0,0,0
C5120ST,16,291,District-Dhalai,Urban,40-49,11,2,9,2,0,2,1,0,1,2,1,1,2,0,2,1,0,1,0,0,0,2,1,1,1,0,1
C5120ST,16,291,District-Dhalai,Urban,50-59,8,4,4,1,1,0,2,1,1,2,1,1,1,1,0,2,0,2,0,0,0,0,0,0,0,0,0
C5120ST,16,291,District-Dhalai,Urban,60-69,8,7,1,2,2,0,0,0,0,1,0,1,3,3,0,0,0,0,1,1,0,1,1,0,0,0,0
C5120ST,16,291,District-Dhalai,Urban,70-79,3,1,2,0,0,0,0,0,0,0,0,0,3,1,2,0,0,0,0,0,0,0,0,0,0,0,0
C5120ST,16,291,District-Dhalai,Urban,80-89,1,0,1,0,0,0,0,0,0,0,0,0,0,0,0,0,0,0,0,0,0,0,0,0,1,0,1
C5120ST,16,291,District-Dhalai,Urban,90+,2,0,2,1,0,1,0,0,0,0,0,0,1,0,1,0,0,0,0,0,0,0,0,0,0,0,0
C5120ST,16,291,District-Dhalai,Urban,Age Not Stated,0,0,0,0,0,0,0,0,0,0,0,0,0,0,0,0,0,0,0,0,0,0,0,0,0,0,0
C5120ST,16,292,District-North Tripura,Total,Total,2121,1145,976,392,207,185,583,329,254,131,71,60,282,163,119,168,80,88,81,45,36,321,168,153,163,82,81
C5120ST,16,292,District-North Tripura,Total,0-4,142,75,67,29,18,11,47,23,24,2,1,1,12,6,6,13,4,9,4,1,3,28,16,12,7,6,1
C5120ST,16,292,District-North Tripura,Total,5-9,188,102,86,35,18,17,36,17,19,17,10,7,22,15,7,17,9,8,3,3,0,46,24,22,12,6,6
C5120ST,16,292,District-North Tripura,Total,10-19,405,210,195,60,39,21,81,40,41,38,20,18,46,29,17,39,21,18,16,6,10,94,42,52,31,13,18
C5120ST,16,292,District-North Tripura,Total,20-29,358,191,167,50,26,24,113,70,43,30,14,16,44,23,21,36,15,21,16,7,9,50,26,24,19,10,9
C5120ST,16,292,District-North Tripura,Total,30-39,277,164,113,44,21,23,91,63,28,16,9,7,40,27,13,27,11,16,13,8,5,30,19,11,16,6,10
C5120ST,16,292,District-North Tripura,Total,40-49,210,124,86,47,28,19,60,36,24,10,7,3,34,16,18,17,13,4,14,9,5,20,11,9,8,4,4
C5120ST,16,292,District-North Tripura,Total,50-59,163,91,72,32,16,16,43,24,19,6,5,1,24,18,6,13,4,9,6,5,1,20,10,10,19,9,10
C5120ST,16,292,District-North Tripura,Total,60-69,168,80,88,40,13,27,56,27,29,5,4,1,26,12,14,5,3,2,3,3,0,18,8,10,15,10,5
C5120ST,16,292,District-North Tripura,Total,70-79,132,73,59,38,21,17,34,16,18,4,1,3,18,12,6,0,0,0,2,1,1,13,11,2,23,11,12
C5120ST,16,292,District-North Tripura,Total,80-89,61,29,32,12,5,7,22,13,9,2,0,2,12,4,8,0,0,0,4,2,2,2,1,1,7,4,3
C5120ST,16,292,District-North Tripura,Total,90+,17,6,11,5,2,3,0,0,0,1,0,1,4,1,3,1,0,1,0,0,0,0,0,0,6,3,3
C5120ST,16,292,District-North Tripura,Total,Age Not Stated,0,0,0,0,0,0,0,0,0,0,0,0,0,0,0,0,0,0,0,0,0,0,0,0,0,0,0
C5120ST,16,292,District-North Tripura,Rural,Total,1972,1071,901,364,196,168,553,303,250,124,67,57,266,153,113,160,76,84,71,42,29,285,158,127,149,76,73
C5120ST,16,292,District-North Tripura,Rural,0-4,137,71,66,29,18,11,47,23,24,2,1,1,12,6,6,13,4,9,4,1,3,24,13,11,6,5,1
C5120ST,16,292,District-North Tripura,Rural,5-9,181,101,80,32,18,14,36,17,19,17,10,7,22,15,7,17,9,8,3,3,0,42,23,19,12,6,6
C5120ST,16,292,District-North Tripura,Rural,10-19,364,197,167,57,36,21,78,37,41,36,18,18,45,28,17,36,20,16,13,6,7,74,40,34,25,12,13
C5120ST,16,292,District-North Tripura,Rural,20-29,325,169,156,47,25,22,97,56,41,27,13,14,43,23,20,34,13,21,13,6,7,47,24,23,17,9,8
C5120ST,16,292,District-North Tripura,Rural,30-39,255,146,109,40,19,21,86,58,28,15,8,7,35,22,13,25,10,15,12,7,5,28,17,11,14,5,9
C5120ST,16,292,District-North Tripura,Rural,40-49,192,117,75,39,25,14,57,33,24,9,7,2,31,15,16,16,13,3,14,9,5,18,11,7,8,4,4
C5120ST,16,292,District-North Tripura,Rural,50-59,158,88,70,30,15,15,43,24,19,6,5,1,22,16,6,13,4,9,5,5,0,20,10,10,19,9,10
C5120ST,16,292,District-North Tripura,Rural,60-69,159,76,83,37,12,25,55,27,28,5,4,1,25,12,13,5,3,2,2,2,0,17,8,9,13,8,5
C5120ST,16,292,District-North Tripura,Rural,70-79,127,71,56,37,21,16,33,15,18,4,1,3,16,11,5,0,0,0,2,1,1,13,11,2,22,11,11
C5120ST,16,292,District-North Tripura,Rural,80-89,57,29,28,11,5,6,21,13,8,2,0,2,11,4,7,0,0,0,3,2,1,2,1,1,7,4,3
C5120ST,16,292,District-North Tripura,Rural,90+,17,6,11,5,2,3,0,0,0,1,0,1,4,1,3,1,0,1,0,0,0,0,0,0,6,3,3
C5120ST,16,292,District-North Tripura,Rural,Age Not Stated,0,0,0,0,0,0,0,0,0,0,0,0,0,0,0,0,0,0,0,0,0,0,0,0,0,0,0
C5120ST,16,292,District-North Tripura,Urban,Total,149,74,75,28,11,17,30,26,4,7,4,3,16,10,6,8,4,4,10,3,7,36,10,26,14,6,8
C5120ST,16,292,District-North Tripura,Urban,0-4,5,4,1,0,0,0,0,0,0,0,0,0,0,0,0,0,0,0,0,0,0,4,3,1,1,1,0
C5120ST,16,292,District-North Tripura,Urban,5-9,7,1,6,3,0,3,0,0,0,0,0,0,0,0,0,0,0,0,0,0,0,4,1,3,0,0,0
C5120ST,16,292,District-North Tripura,Urban,10-19,41,13,28,3,3,0,3,3,0,2,2,0,1,1,0,3,1,2,3,0,3,20,2,18,6,1,5
C5120ST,16,292,District-North Tripura,Urban,20-29,33,22,11,3,1,2,16,14,2,3,1,2,1,0,1,2,2,0,3,1,2,3,2,1,2,1,1
C5120ST,16,292,District-North Tripura,Urban,30-39,22,18,4,4,2,2,5,5,0,1,1,0,5,5,0,2,1,1,1,1,0,2,2,0,2,1,1
C5120ST,16,292,District-North Tripura,Urban,40-49,18,7,11,8,3,5,3,3,0,1,0,1,3,1,2,1,0,1,0,0,0,2,0,2,0,0,0
C5120ST,16,292,District-North Tripura,Urban,50-59,5,3,2,2,1,1,0,0,0,0,0,0,2,2,0,0,0,0,1,0,1,0,0,0,0,0,0
C5120ST,16,292,District-North Tripura,Urban,60-69,9,4,5,3,1,2,1,0,1,0,0,0,1,0,1,0,0,0,1,1,0,1,0,1,2,2,0
C5120ST,16,292,District-North Tripura,Urban,70-79,5,2,3,1,0,1,1,1,0,0,0,0,2,1,1,0,0,0,0,0,0,0,0,0,1,0,1
C5120ST,16,292,District-North Tripura,Urban,80-89,4,0,4,1,0,1,1,0,1,0,0,0,1,0,1,0,0,0,1,0,1,0,0,0,0,0,0
C5120ST,16,292,District-North Tripura,Urban,90+,0,0,0,0,0,0,0,0,0,0,0,0,0,0,0,0,0,0,0,0,0,0,0,0,0,0,0
C5120ST,16,292,District-North Tripura,Urban,Age Not Stated,0,0,0,0,0,0,0,0,0,0,0,0,0,0,0,0,0,0,0,0,0,0,0,0,0,0,0
C5120ST,17,0,State-MEGHALAYA,Total,Total,38116,19662,18454,6013,2980,3033,10521,5368,5153,2391,1238,1153,4626,2555,2071,2000,1042,958,1994,977,1017,7422,3840,3582,3149,1662,1487
C5120ST,17,0,State-MEGHALAYA,Total,0-4,3015,1557,1458,439,220,219,894,447,447,62,29,33,335,172,163,73,33,40,45,29,16,935,485,450,232,142,90
C5120ST,17,0,State-MEGHALAYA,Total,5-9,4016,2227,1789,573,314,259,1073,593,480,391,201,190,463,271,192,148,81,67,117,70,47,868,465,403,383,232,151
C5120ST,17,0,State-MEGHALAYA,Total,10-19,8566,4485,4081,1180,608,572,2333,1211,1122,674,362,312,985,554,431,572,289,283,464,244,220,1601,822,779,757,395,362
C5120ST,17,0,State-MEGHALAYA,Total,20-29,6269,3213,3056,743,377,366,1619,812,807,452,225,227,829,443,386,467,260,207,421,219,202,1262,633,629,476,244,232
C5120ST,17,0,State-MEGHALAYA,Total,30-39,4483,2295,2188,544,261,283,1196,605,591,352,180,172,508,285,223,312,176,136,380,170,210,891,448,443,300,170,130
C5120ST,17,0,State-MEGHALAYA,Total,40-49,4101,2116,1985,685,341,344,1072,558,514,238,125,113,506,294,212,201,98,103,295,140,155,811,419,392,293,141,152
C5120ST,17,0,State-MEGHALAYA,Total,50-59,2909,1481,1428,663,335,328,820,411,409,114,59,55,373,212,161,131,61,70,143,52,91,481,262,219,184,89,95
C5120ST,17,0,State-MEGHALAYA,Total,60-69,2498,1249,1249,650,286,364,731,371,360,65,39,26,337,192,145,59,29,30,81,36,45,356,192,164,219,104,115
C5120ST,17,0,State-MEGHALAYA,Total,70-79,1362,636,726,344,153,191,431,195,236,31,14,17,195,97,98,23,9,14,35,10,25,136,76,60,167,82,85
C5120ST,17,0,State-MEGHALAYA,Total,80-89,537,238,299,135,56,79,177,86,91,6,1,5,67,26,41,8,4,4,6,3,3,47,24,23,91,38,53
C5120ST,17,0,State-MEGHALAYA,Total,90+,201,84,117,46,23,23,65,23,42,5,3,2,21,6,15,1,1,0,4,1,3,22,9,13,37,18,19
C5120ST,17,0,State-MEGHALAYA,Total,Age Not Stated,159,81,78,11,6,5,110,56,54,1,0,1,7,3,4,5,1,4,3,3,0,12,5,7,10,7,3
C5120ST,17,0,State-MEGHALAYA,Rural,Total,33753,17485,16268,5411,2699,2712,9570,4935,4635,2120,1111,1009,4062,2253,1809,1598,817,781,1640,782,858,6589,3425,3164,2763,1463,1300
C5120ST,17,0,State-MEGHALAYA,Rural,0-4,2775,1442,1333,405,205,200,838,414,424,55,27,28,293,155,138,61,27,34,41,27,14,870,456,414,212,131,81
C5120ST,17,0,State-MEGHALAYA,Rural,5-9,3629,2031,1598,527,292,235,993,560,433,346,177,169,412,242,170,130,73,57,106,63,43,791,428,363,324,196,128
C5120ST,17,0,State-MEGHALAYA,Rural,10-19,7524,3955,3569,1029,533,496,2114,1111,1003,587,319,268,863,479,384,465,240,225,384,196,188,1417,733,684,665,344,321
C5120ST,17,0,State-MEGHALAYA,Rural,20-29,5397,2757,2640,651,328,323,1436,717,719,410,206,204,726,396,330,345,181,164,341,176,165,1075,540,535,413,213,200
C5120ST,17,0,State-MEGHALAYA,Rural,30-39,3906,1995,1911,479,230,249,1088,556,532,312,164,148,444,250,194,241,130,111,308,129,179,773,386,387,261,150,111
C5120ST,17,0,State-MEGHALAYA,Rural,40-49,3609,1886,1723,613,317,296,960,507,453,211,115,96,433,253,180,168,82,86,233,108,125,732,376,356,259,128,131
C5120ST,17,0,State-MEGHALAYA,Rural,50-59,2624,1328,1296,615,311,304,758,384,374,100,53,47,330,186,144,107,46,61,119,39,80,435,234,201,160,75,85
C5120ST,17,0,State-MEGHALAYA,Rural,60-69,2256,1139,1117,601,264,337,673,349,324,58,33,25,303,174,129,52,27,25,69,30,39,305,167,138,195,95,100
C5120ST,17,0,State-MEGHALAYA,Rural,70-79,1222,578,644,313,138,175,388,182,206,30,13,17,177,87,90,18,6,12,30,8,22,118,71,47,148,73,75
C5120ST,17,0,State-MEGHALAYA,Rural,80-89,472,213,259,123,53,70,155,77,78,5,1,4,58,22,36,5,3,2,4,3,1,41,20,21,81,34,47
C5120ST,17,0,State-MEGHALAYA,Rural,90+,182,81,101,44,22,22,57,22,35,5,3,2,17,6,11,1,1,0,3,1,2,20,9,11,35,17,18
C5120ST,17,0,State-MEGHALAYA,Rural,Age Not Stated,157,80,77,11,6,5,110,56,54,1,0,1,6,3,3,5,1,4,2,2,0,12,5,7,10,7,3
C5120ST,17,0,State-MEGHALAYA,Urban,Total,4363,2177,2186,602,281,321,951,433,518,271,127,144,564,302,262,402,225,177,354,195,159,833,415,418,386,199,187
C5120ST,17,0,State-MEGHALAYA,Urban,0-4,240,115,125,34,15,19,56,33,23,7,2,5,42,17,25,12,6,6,4,2,2,65,29,36,20,11,9
C5120ST,17,0,State-MEGHALAYA,Urban,5-9,387,196,191,46,22,24,80,33,47,45,24,21,51,29,22,18,8,10,11,7,4,77,37,40,59,36,23
C5120ST,17,0,State-MEGHALAYA,Urban,10-19,1042,530,512,151,75,76,219,100,119,87,43,44,122,75,47,107,49,58,80,48,32,184,89,95,92,51,41
C5120ST,17,0,State-MEGHALAYA,Urban,20-29,872,456,416,92,49,43,183,95,88,42,19,23,103,47,56,122,79,43,80,43,37,187,93,94,63,31,32
C5120ST,17,0,State-MEGHALAYA,Urban,30-39,577,300,277,65,31,34,108,49,59,40,16,24,64,35,29,71,46,25,72,41,31,118,62,56,39,20,19
C5120ST,17,0,State-MEGHALAYA,Urban,40-49,492,230,262,72,24,48,112,51,61,27,10,17,73,41,32,33,16,17,62,32,30,79,43,36,34,13,21
C5120ST,17,0,State-MEGHALAYA,Urban,50-59,285,153,132,48,24,24,62,27,35,14,6,8,43,26,17,24,15,9,24,13,11,46,28,18,24,14,10
C5120ST,17,0,State-MEGHALAYA,Urban,60-69,242,110,132,49,22,27,58,22,36,7,6,1,34,18,16,7,2,5,12,6,6,51,25,26,24,9,15
C5120ST,17,0,State-MEGHALAYA,Urban,70-79,140,58,82,31,15,16,43,13,30,1,1,0,18,10,8,5,3,2,5,2,3,18,5,13,19,9,10
C5120ST,17,0,State-MEGHALAYA,Urban,80-89,65,25,40,12,3,9,22,9,13,1,0,1,9,4,5,3,1,2,2,0,2,6,4,2,10,4,6
C5120ST,17,0,State-MEGHALAYA,Urban,90+,19,3,16,2,1,1,8,1,7,0,0,0,4,0,4,0,0,0,1,0,1,2,0,2,2,1,1
C5120ST,17,0,State-MEGHALAYA,Urban,Age Not Stated,2,1,1,0,0,0,0,0,0,0,0,0,1,0,1,0,0,0,1,1,0,0,0,0,0,0,0
C5120ST,17,293,District-West Garo Hills,Total,Total,8328,4270,4058,1387,672,715,2152,1059,1093,478,250,228,868,496,372,425,215,210,369,182,187,1962,1047,915,687,349,338
C5120ST,17,293,District-West Garo Hills,Total,0-4,552,292,260,69,34,35,156,72,84,11,7,4,42,23,19,21,14,7,6,6,0,204,109,95,43,27,16
C5120ST,17,293,District-West Garo Hills,Total,5-9,654,376,278,72,41,31,180,95,85,40,28,12,59,37,22,30,17,13,22,15,7,186,103,83,65,40,25
C5120ST,17,293,District-West Garo Hills,Total,10-19,1606,804,802,193,100,93,397,185,212,125,65,60,148,86,62,125,57,68,85,42,43,402,206,196,131,63,68
C5120ST,17,293,District-West Garo Hills,Total,20-29,1263,643,620,138,64,74,286,141,145,95,46,49,148,87,61,89,47,42,75,39,36,333,170,163,99,49,50
C5120ST,17,293,District-West Garo Hills,Total,30-39,965,492,473,123,54,69,221,98,123,90,47,43,86,48,38,70,39,31,68,33,35,241,130,111,66,43,23
C5120ST,17,293,District-West Garo Hills,Total,40-49,1040,512,528,168,81,87,276,134,142,63,31,32,119,73,46,40,17,23,61,24,37,242,123,119,71,29,42
C5120ST,17,293,District-West Garo Hills,Total,50-59,877,449,428,247,123,124,235,124,111,27,15,12,88,48,40,30,14,16,29,12,17,158,91,67,63,22,41
C5120ST,17,293,District-West Garo Hills,Total,60-69,807,427,380,232,103,129,239,132,107,15,7,8,98,59,39,11,7,4,18,9,9,130,77,53,64,33,31
C5120ST,17,293,District-West Garo Hills,Total,70-79,356,172,184,93,43,50,107,49,58,9,3,6,48,24,24,6,2,4,4,1,3,42,26,16,47,24,23
C5120ST,17,293,District-West Garo Hills,Total,80-89,146,71,75,40,19,21,38,21,17,0,0,0,25,8,17,3,1,2,1,1,0,14,8,6,25,13,12
C5120ST,17,293,District-West Garo Hills,Total,90+,55,30,25,12,10,2,15,8,7,2,1,1,6,2,4,0,0,0,0,0,0,9,4,5,11,5,6
C5120ST,17,293,District-West Garo Hills,Total,Age Not Stated,7,2,5,0,0,0,2,0,2,1,0,1,1,1,0,0,0,0,0,0,0,1,0,1,2,1,1
C5120ST,17,293,District-West Garo Hills,Rural,Total,7745,3982,3763,1320,635,685,2021,1000,1021,437,233,204,810,462,348,378,192,186,322,158,164,1832,987,845,625,315,310
C5120ST,17,293,District-West Garo Hills,Rural,0-4,530,282,248,67,33,34,149,68,81,11,7,4,41,22,19,19,13,6,6,6,0,196,108,88,41,25,16
C5120ST,17,293,District-West Garo Hills,Rural,5-9,619,352,267,71,40,31,174,94,80,39,27,12,54,33,21,29,16,13,22,15,7,175,95,80,55,32,23
C5120ST,17,293,District-West Garo Hills,Rural,10-19,1471,738,733,180,95,85,366,167,199,107,58,49,137,79,58,113,54,59,80,38,42,373,193,180,115,54,61
C5120ST,17,293,District-West Garo Hills,Rural,20-29,1151,591,560,129,59,70,265,133,132,88,43,45,142,85,57,75,39,36,64,34,30,297,153,144,91,45,46
C5120ST,17,293,District-West Garo Hills,Rural,30-39,898,458,440,115,49,66,209,94,115,87,46,41,84,47,37,62,33,29,57,29,28,222,121,101,62,39,23
C5120ST,17,293,District-West Garo Hills,Rural,40-49,956,479,477,159,78,81,254,127,127,57,31,26,106,65,41,35,16,19,47,18,29,233,118,115,65,26,39
C5120ST,17,293,District-West Garo Hills,Rural,50-59,825,421,404,239,119,120,221,117,104,23,12,11,83,44,39,27,12,15,24,8,16,152,89,63,56,20,36
C5120ST,17,293,District-West Garo Hills,Rural,60-69,768,407,361,223,96,127,231,128,103,13,5,8,91,56,35,10,7,3,18,9,9,123,75,48,59,31,28
C5120ST,17,293,District-West Garo Hills,Rural,70-79,332,159,173,89,40,49,100,45,55,9,3,6,44,22,22,5,1,4,3,0,3,38,24,14,44,24,20
C5120ST,17,293,District-West Garo Hills,Rural,80-89,136,64,72,38,17,21,35,19,16,0,0,0,21,6,15,3,1,2,1,1,0,13,7,6,25,13,12
C5120ST,17,293,District-West Garo Hills,Rural,90+,52,29,23,10,9,1,15,8,7,2,1,1,6,2,4,0,0,0,0,0,0,9,4,5,10,5,5
C5120ST,17,293,District-West Garo Hills,Rural,Age Not Stated,7,2,5,0,0,0,2,0,2,1,0,1,1,1,0,0,0,0,0,0,0,1,0,1,2,1,1
C5120ST,17,293,District-West Garo Hills,Urban,Total,583,288,295,67,37,30,131,59,72,41,17,24,58,34,24,47,23,24,47,24,23,130,60,70,62,34,28
C5120ST,17,293,District-West Garo Hills,Urban,0-4,22,10,12,2,1,1,7,4,3,0,0,0,1,1,0,2,1,1,0,0,0,8,1,7,2,2,0
C5120ST,17,293,District-West Garo Hills,Urban,5-9,35,24,11,1,1,0,6,1,5,1,1,0,5,4,1,1,1,0,0,0,0,11,8,3,10,8,2
C5120ST,17,293,District-West Garo Hills,Urban,10-19,135,66,69,13,5,8,31,18,13,18,7,11,11,7,4,12,3,9,5,4,1,29,13,16,16,9,7
C5120ST,17,293,District-West Garo Hills,Urban,20-29,112,52,60,9,5,4,21,8,13,7,3,4,6,2,4,14,8,6,11,5,6,36,17,19,8,4,4
C5120ST,17,293,District-West Garo Hills,Urban,30-39,67,34,33,8,5,3,12,4,8,3,1,2,2,1,1,8,6,2,11,4,7,19,9,10,4,4,0
C5120ST,17,293,District-West Garo Hills,Urban,40-49,84,33,51,9,3,6,22,7,15,6,0,6,13,8,5,5,1,4,14,6,8,9,5,4,6,3,3
C5120ST,17,293,District-West Garo Hills,Urban,50-59,52,28,24,8,4,4,14,7,7,4,3,1,5,4,1,3,2,1,5,4,1,6,2,4,7,2,5
C5120ST,17,293,District-West Garo Hills,Urban,60-69,39,20,19,9,7,2,8,4,4,2,2,0,7,3,4,1,0,1,0,0,0,7,2,5,5,2,3
C5120ST,17,293,District-West Garo Hills,Urban,70-79,24,13,11,4,3,1,7,4,3,0,0,0,4,2,2,1,1,0,1,1,0,4,2,2,3,0,3
C5120ST,17,293,District-West Garo Hills,Urban,80-89,10,7,3,2,2,0,3,2,1,0,0,0,4,2,2,0,0,0,0,0,0,1,1,0,0,0,0
C5120ST,17,293,District-West Garo Hills,Urban,90+,3,1,2,2,1,1,0,0,0,0,0,0,0,0,0,0,0,0,0,0,0,0,0,0,1,0,1
C5120ST,17,293,District-West Garo Hills,Urban,Age Not Stated,0,0,0,0,0,0,0,0,0,0,0,0,0,0,0,0,0,0,0,0,0,0,0,0,0,0,0
C5120ST,17,294,District-East Garo Hills,Total,Total,4238,2271,1967,539,271,268,1627,856,771,274,137,137,510,303,207,168,87,81,146,74,72,585,327,258,389,216,173
C5120ST,17,294,District-East Garo Hills,Total,0-4,297,158,139,31,17,14,147,77,70,1,1,0,28,17,11,5,1,4,5,2,3,53,27,26,27,16,11
C5120ST,17,294,District-East Garo Hills,Total,5-9,398,209,189,41,22,19,153,83,70,48,19,29,29,17,12,12,6,6,10,7,3,64,32,32,41,23,18
C5120ST,17,294,District-East Garo Hills,Total,10-19,930,494,436,82,39,43,383,202,181,75,37,38,94,54,40,47,24,23,43,24,19,116,63,53,90,51,39
C5120ST,17,294,District-East Garo Hills,Total,20-29,771,403,368,82,41,41,298,150,148,53,26,27,84,48,36,44,23,21,34,19,15,119,65,54,57,31,26
C5120ST,17,294,District-East Garo Hills,Total,30-39,539,295,244,68,35,33,200,106,94,41,20,21,71,43,28,23,12,11,20,8,12,78,50,28,38,21,17
C5120ST,17,294,District-East Garo Hills,Total,40-49,456,260,196,64,36,28,145,81,64,30,18,12,65,39,26,16,7,9,22,11,11,70,43,27,44,25,19
C5120ST,17,294,District-East Garo Hills,Total,50-59,328,169,159,63,36,27,115,51,64,13,8,5,55,34,21,7,3,4,8,2,6,38,18,20,29,17,12
C5120ST,17,294,District-East Garo Hills,Total,60-69,280,157,123,52,25,27,106,58,48,8,6,2,41,30,11,9,7,2,2,0,2,31,19,12,31,12,19
C5120ST,17,294,District-East Garo Hills,Total,70-79,170,87,83,41,13,28,62,33,29,2,1,1,33,16,17,3,3,0,2,1,1,10,8,2,17,12,5
C5120ST,17,294,District-East Garo Hills,Total,80-89,45,23,22,7,2,5,13,10,3,1,0,1,7,3,4,1,1,0,0,0,0,6,2,4,10,5,5
C5120ST,17,294,District-East Garo Hills,Total,90+,16,11,5,2,1,1,5,5,0,2,1,1,3,2,1,0,0,0,0,0,0,0,0,0,4,2,2
C5120ST,17,294,District-East Garo Hills,Total,Age Not Stated,8,5,3,6,4,2,0,0,0,0,0,0,0,0,0,1,0,1,0,0,0,0,0,0,1,1,0
C5120ST,17,294,District-East Garo Hills,Rural,Total,3783,2028,1755,477,244,233,1526,805,721,243,122,121,448,263,185,134,70,64,113,57,56,507,282,225,335,185,150
C5120ST,17,294,District-East Garo Hills,Rural,0-4,279,151,128,22,13,9,146,76,70,1,1,0,25,17,8,3,1,2,4,2,2,51,25,26,27,16,11
C5120ST,17,294,District-East Garo Hills,Rural,5-9,348,189,159,32,20,12,140,76,64,39,14,25,25,15,10,11,6,5,10,7,3,55,31,24,36,20,16
C5120ST,17,294,District-East Garo Hills,Rural,10-19,830,441,389,73,38,35,361,192,169,66,32,34,85,47,38,36,19,17,31,17,14,99,52,47,79,44,35
C5120ST,17,294,District-East Garo Hills,Rural,20-29,680,349,331,71,35,36,276,135,141,49,24,25,75,42,33,37,19,18,23,12,11,101,55,46,48,27,21
C5120ST,17,294,District-East Garo Hills,Rural,30-39,482,265,217,61,32,29,189,101,88,38,19,19,62,39,23,17,9,8,18,7,11,67,42,25,30,16,14
C5120ST,17,294,District-East Garo Hills,Rural,40-49,406,232,174,57,30,27,137,78,59,26,17,9,55,32,23,13,5,8,17,9,8,62,39,23,39,22,17
C5120ST,17,294,District-East Garo Hills,Rural,50-59,299,150,149,58,33,25,111,50,61,13,8,5,47,29,18,6,2,4,7,2,5,34,14,20,23,12,11
C5120ST,17,294,District-East Garo Hills,Rural,60-69,251,141,110,50,24,26,95,53,42,7,5,2,36,25,11,8,7,1,2,0,2,26,16,10,27,11,16
C5120ST,17,294,District-East Garo Hills,Rural,70-79,148,74,74,39,12,27,56,31,25,2,1,1,28,12,16,1,1,0,1,1,0,7,6,1,14,10,4
C5120ST,17,294,District-East Garo Hills,Rural,80-89,36,20,16,6,2,4,10,8,2,0,0,0,7,3,4,1,1,0,0,0,0,5,2,3,7,4,3
C5120ST,17,294,District-East Garo Hills,Rural,90+,16,11,5,2,1,1,5,5,0,2,1,1,3,2,1,0,0,0,0,0,0,0,0,0,4,2,2
C5120ST,17,294,District-East Garo Hills,Rural,Age Not Stated,8,5,3,6,4,2,0,0,0,0,0,0,0,0,0,1,0,1,0,0,0,0,0,0,1,1,0
C5120ST,17,294,District-East Garo Hills,Urban,Total,455,243,212,62,27,35,101,51,50,31,15,16,62,40,22,34,17,17,33,17,16,78,45,33,54,31,23
C5120ST,17,294,District-East Garo Hills,Urban,0-4,18,7,11,9,4,5,1,1,0,0,0,0,3,0,3,2,0,2,1,0,1,2,2,0,0,0,0
C5120ST,17,294,District-East Garo Hills,Urban,5-9,50,20,30,9,2,7,13,7,6,9,5,4,4,2,2,1,0,1,0,0,0,9,1,8,5,3,2
C5120ST,17,294,District-East Garo Hills,Urban,10-19,100,53,47,9,1,8,22,10,12,9,5,4,9,7,2,11,5,6,12,7,5,17,11,6,11,7,4
C5120ST,17,294,District-East Garo Hills,Urban,20-29,91,54,37,11,6,5,22,15,7,4,2,2,9,6,3,7,4,3,11,7,4,18,10,8,9,4,5
C5120ST,17,294,District-East Garo Hills,Urban,30-39,57,30,27,7,3,4,11,5,6,3,1,2,9,4,5,6,3,3,2,1,1,11,8,3,8,5,3
C5120ST,17,294,District-East Garo Hills,Urban,40-49,50,28,22,7,6,1,8,3,5,4,1,3,10,7,3,3,2,1,5,2,3,8,4,4,5,3,2
C5120ST,17,294,District-East Garo Hills,Urban,50-59,29,19,10,5,3,2,4,1,3,0,0,0,8,5,3,1,1,0,1,0,1,4,4,0,6,5,1
C5120ST,17,294,District-East Garo Hills,Urban,60-69,29,16,13,2,1,1,11,5,6,1,1,0,5,5,0,1,0,1,0,0,0,5,3,2,4,1,3
C5120ST,17,294,District-East Garo Hills,Urban,70-79,22,13,9,2,1,1,6,2,4,0,0,0,5,4,1,2,2,0,1,0,1,3,2,1,3,2,1
C5120ST,17,294,District-East Garo Hills,Urban,80-89,9,3,6,1,0,1,3,2,1,1,0,1,0,0,0,0,0,0,0,0,0,1,0,1,3,1,2
C5120ST,17,294,District-East Garo Hills,Urban,90+,0,0,0,0,0,0,0,0,0,0,0,0,0,0,0,0,0,0,0,0,0,0,0,0,0,0,0
C5120ST,17,294,District-East Garo Hills,Urban,Age Not Stated,0,0,0,0,0,0,0,0,0,0,0,0,0,0,0,0,0,0,0,0,0,0,0,0,0,0,0
C5120ST,17,295,District-South Garo Hills,Total,Total,2482,1292,1190,357,180,177,846,439,407,155,79,76,221,121,100,168,84,84,99,50,49,472,259,213,164,80,84
C5120ST,17,295,District-South Garo Hills,Total,0-4,190,95,95,17,7,10,97,47,50,6,3,3,8,1,7,12,3,9,3,3,0,37,25,12,10,6,4
C5120ST,17,295,District-South Garo Hills,Total,5-9,237,133,104,28,20,8,87,44,43,24,13,11,22,13,9,15,8,7,7,4,3,40,26,14,14,5,9
C5120ST,17,295,District-South Garo Hills,Total,10-19,491,271,220,47,24,23,171,86,85,41,26,15,43,29,14,44,27,17,26,13,13,83,49,34,36,17,19
C5120ST,17,295,District-South Garo Hills,Total,20-29,432,215,217,40,20,20,145,71,74,30,12,18,38,22,16,39,20,19,21,10,11,84,42,42,35,18,17
C5120ST,17,295,District-South Garo Hills,Total,30-39,290,140,150,25,12,13,106,56,50,20,8,12,24,12,12,23,10,13,20,8,12,55,23,32,17,11,6
C5120ST,17,295,District-South Garo Hills,Total,40-49,295,157,138,46,24,22,81,42,39,16,9,7,33,17,16,19,12,7,11,5,6,70,40,30,19,8,11
C5120ST,17,295,District-South Garo Hills,Total,50-59,204,100,104,56,27,29,56,32,24,10,3,7,22,10,12,12,2,10,6,3,3,37,18,19,5,5,0
C5120ST,17,295,District-South Garo Hills,Total,60-69,193,99,94,62,26,36,53,31,22,3,2,1,14,9,5,3,2,1,3,2,1,45,23,22,10,4,6
C5120ST,17,295,District-South Garo Hills,Total,70-79,100,52,48,27,14,13,29,16,13,5,3,2,12,6,6,1,0,1,1,1,0,15,9,6,10,3,7
C5120ST,17,295,District-South Garo Hills,Total,80-89,33,18,15,6,4,2,15,10,5,0,0,0,4,1,3,0,0,0,0,0,0,2,1,1,6,2,4
C5120ST,17,295,District-South Garo Hills,Total,90+,15,10,5,3,2,1,5,3,2,0,0,0,1,1,0,0,0,0,1,1,0,3,2,1,2,1,1
C5120ST,17,295,District-South Garo Hills,Total,Age Not Stated,2,2,0,0,0,0,1,1,0,0,0,0,0,0,0,0,0,0,0,0,0,1,1,0,0,0,0
C5120ST,17,295,District-South Garo Hills,Rural,Total,2314,1211,1103,344,172,172,795,414,381,146,74,72,207,116,91,118,59,59,98,49,49,458,252,206,148,75,73
C5120ST,17,295,District-South Garo Hills,Rural,0-4,174,89,85,16,7,9,91,44,47,5,3,2,7,1,6,6,0,6,3,3,0,36,25,11,10,6,4
C5120ST,17,295,District-South Garo Hills,Rural,5-9,218,125,93,27,19,8,81,43,38,21,12,9,21,12,9,8,5,3,7,4,3,39,25,14,14,5,9
C5120ST,17,295,District-South Garo Hills,Rural,10-19,454,249,205,45,22,23,162,81,81,39,24,15,39,27,12,27,16,11,26,13,13,82,49,33,34,17,17
C5120ST,17,295,District-South Garo Hills,Rural,20-29,406,203,203,39,19,20,139,68,71,29,11,18,36,21,15,30,18,12,20,9,11,80,40,40,33,17,16
C5120ST,17,295,District-South Garo Hills,Rural,30-39,268,130,138,22,11,11,99,53,46,20,8,12,22,11,11,16,8,8,20,8,12,53,21,32,16,10,6
C5120ST,17,295,District-South Garo Hills,Rural,40-49,280,152,128,45,24,21,76,39,37,16,9,7,32,17,15,17,10,7,11,5,6,67,40,27,16,8,8
C5120ST,17,295,District-South Garo Hills,Rural,50-59,192,95,97,54,26,28,52,30,22,9,3,6,19,10,9,12,2,10,6,3,3,37,18,19,3,3,0
C5120ST,17,295,District-South Garo Hills,Rural,60-69,185,93,92,62,26,36,50,29,21,3,2,1,14,9,5,1,0,1,3,2,1,43,21,22,9,4,5
C5120ST,17,295,District-South Garo Hills,Rural,70-79,92,48,44,25,12,13,26,15,11,4,2,2,12,6,6,1,0,1,1,1,0,15,9,6,8,3,5
C5120ST,17,295,District-South Garo Hills,Rural,80-89,28,15,13,6,4,2,13,8,5,0,0,0,4,1,3,0,0,0,0,0,0,2,1,1,3,1,2
C5120ST,17,295,District-South Garo Hills,Rural,90+,15,10,5,3,2,1,5,3,2,0,0,0,1,1,0,0,0,0,1,1,0,3,2,1,2,1,1
C5120ST,17,295,District-South Garo Hills,Rural,Age Not Stated,2,2,0,0,0,0,1,1,0,0,0,0,0,0,0,0,0,0,0,0,0,1,1,0,0,0,0
C5120ST,17,295,District-South Garo Hills,Urban,Total,168,81,87,13,8,5,51,25,26,9,5,4,14,5,9,50,25,25,1,1,0,14,7,7,16,5,11
C5120ST,17,295,District-South Garo Hills,Urban,0-4,16,6,10,1,0,1,6,3,3,1,0,1,1,0,1,6,3,3,0,0,0,1,0,1,0,0,0
C5120ST,17,295,District-South Garo Hills,Urban,5-9,19,8,11,1,1,0,6,1,5,3,1,2,1,1,0,7,3,4,0,0,0,1,1,0,0,0,0
C5120ST,17,295,District-South Garo Hills,Urban,10-19,37,22,15,2,2,0,9,5,4,2,2,0,4,2,2,17,11,6,0,0,0,1,0,1,2,0,2
C5120ST,17,295,District-South Garo Hills,Urban,20-29,26,12,14,1,1,0,6,3,3,1,1,0,2,1,1,9,2,7,1,1,0,4,2,2,2,1,1
C5120ST,17,295,District-South Garo Hills,Urban,30-39,22,10,12,3,1,2,7,3,4,0,0,0,2,1,1,7,2,5,0,0,0,2,2,0,1,1,0
C5120ST,17,295,District-South Garo Hills,Urban,40-49,15,5,10,1,0,1,5,3,2,0,0,0,1,0,1,2,2,0,0,0,0,3,0,3,3,0,3
C5120ST,17,295,District-South Garo Hills,Urban,50-59,12,5,7,2,1,1,4,2,2,1,0,1,3,0,3,0,0,0,0,0,0,0,0,0,2,2,0
C5120ST,17,295,District-South Garo Hills,Urban,60-69,8,6,2,0,0,0,3,2,1,0,0,0,0,0,0,2,2,0,0,0,0,2,2,0,1,0,1
C5120ST,17,295,District-South Garo Hills,Urban,70-79,8,4,4,2,2,0,3,1,2,1,1,0,0,0,0,0,0,0,0,0,0,0,0,0,2,0,2
C5120ST,17,295,District-South Garo Hills,Urban,80-89,5,3,2,0,0,0,2,2,0,0,0,0,0,0,0,0,0,0,0,0,0,0,0,0,3,1,2
C5120ST,17,295,District-South Garo Hills,Urban,90+,0,0,0,0,0,0,0,0,0,0,0,0,0,0,0,0,0,0,0,0,0,0,0,0,0,0,0
C5120ST,17,295,District-South Garo Hills,Urban,Age Not Stated,0,0,0,0,0,0,0,0,0,0,0,0,0,0,0,0,0,0,0,0,0,0,0,0,0,0,0
C5120ST,17,296,District-West Khasi Hills,Total,Total,6095,3229,2866,876,447,429,1775,923,852,355,206,149,775,443,332,247,134,113,322,152,170,1323,689,634,422,235,187
C5120ST,17,296,District-West Khasi Hills,Total,0-4,647,340,307,72,41,31,177,88,89,10,4,6,71,40,31,6,3,3,10,5,5,266,133,133,35,26,9
C5120ST,17,296,District-West Khasi Hills,Total,5-9,745,421,324,83,36,47,219,127,92,74,38,36,93,56,37,28,16,12,25,14,11,171,104,67,52,30,22
C5120ST,17,296,District-West Khasi Hills,Total,10-19,1428,768,660,197,101,96,381,205,176,110,61,49,188,113,75,82,49,33,62,31,31,301,146,155,107,62,45
C5120ST,17,296,District-West Khasi Hills,Total,20-29,911,471,440,102,57,45,261,128,133,60,38,22,119,63,56,55,28,27,68,36,32,176,91,85,70,30,40
C5120ST,17,296,District-West Khasi Hills,Total,30-39,652,337,315,68,37,31,171,82,89,42,27,15,93,56,37,30,13,17,64,25,39,147,77,70,37,20,17
C5120ST,17,296,District-West Khasi Hills,Total,40-49,541,291,250,109,59,50,141,76,65,30,18,12,55,34,21,21,12,9,47,22,25,106,51,55,32,19,13
C5120ST,17,296,District-West Khasi Hills,Total,50-59,409,225,184,88,44,44,124,69,55,15,10,5,54,30,24,15,9,6,17,7,10,76,44,32,20,12,8
C5120ST,17,296,District-West Khasi Hills,Total,60-69,311,164,147,68,34,34,92,48,44,12,8,4,54,28,26,5,1,4,18,10,8,33,19,14,29,16,13
C5120ST,17,296,District-West Khasi Hills,Total,70-79,220,101,119,56,24,32,72,31,41,2,2,0,33,17,16,3,2,1,9,2,7,28,15,13,17,8,9
C5120ST,17,296,District-West Khasi Hills,Total,80-89,84,41,43,26,11,15,27,14,13,0,0,0,10,5,5,0,0,0,0,0,0,8,4,4,13,7,6
C5120ST,17,296,District-West Khasi Hills,Total,90+,34,11,23,7,3,4,13,4,9,0,0,0,3,0,3,0,0,0,2,0,2,4,2,2,5,2,3
C5120ST,17,296,District-West Khasi Hills,Total,Age Not Stated,113,59,54,0,0,0,97,51,46,0,0,0,2,1,1,2,1,1,0,0,0,7,3,4,5,3,2
C5120ST,17,296,District-West Khasi Hills,Rural,Total,5648,3000,2648,820,418,402,1674,876,798,313,188,125,707,401,306,225,122,103,291,136,155,1237,643,594,381,216,165
C5120ST,17,296,District-West Khasi Hills,Rural,0-4,607,324,283,66,38,28,168,86,82,7,3,4,65,35,30,6,3,3,9,5,4,256,131,125,30,23,7
C5120ST,17,296,District-West Khasi Hills,Rural,5-9,680,385,295,79,34,45,207,120,87,61,30,31,85,52,33,25,14,11,23,12,11,157,95,62,43,28,15
C5120ST,17,296,District-West Khasi Hills,Rural,10-19,1314,705,609,183,94,89,356,193,163,98,57,41,169,99,70,74,45,29,56,28,28,279,133,146,99,56,43
C5120ST,17,296,District-West Khasi Hills,Rural,20-29,839,431,408,94,52,42,242,117,125,53,35,18,111,59,52,48,23,25,63,35,28,161,81,80,67,29,38
C5120ST,17,296,District-West Khasi Hills,Rural,30-39,595,309,286,59,32,27,160,77,83,38,26,12,83,52,31,27,12,15,55,18,37,140,74,66,33,18,15
C5120ST,17,296,District-West Khasi Hills,Rural,40-49,503,273,230,103,57,46,135,74,61,27,17,10,48,27,21,21,12,9,41,20,21,99,47,52,29,19,10
C5120ST,17,296,District-West Khasi Hills,Rural,50-59,390,214,176,87,44,43,116,65,51,15,10,5,51,28,23,14,9,5,16,6,10,72,41,31,19,11,8
C5120ST,17,296,District-West Khasi Hills,Rural,60-69,291,153,138,63,31,32,87,45,42,12,8,4,51,27,24,5,1,4,18,10,8,31,18,13,24,13,11
C5120ST,17,296,District-West Khasi Hills,Rural,70-79,208,99,109,53,22,31,69,31,38,2,2,0,31,17,14,3,2,1,8,2,6,26,15,11,16,8,8
C5120ST,17,296,District-West Khasi Hills,Rural,80-89,78,38,40,26,11,15,25,13,12,0,0,0,9,4,5,0,0,0,0,0,0,6,3,3,12,7,5
C5120ST,17,296,District-West Khasi Hills,Rural,90+,30,10,20,7,3,4,12,4,8,0,0,0,2,0,2,0,0,0,2,0,2,3,2,1,4,1,3
C5120ST,17,296,District-West Khasi Hills,Rural,Age Not Stated,113,59,54,0,0,0,97,51,46,0,0,0,2,1,1,2,1,1,0,0,0,7,3,4,5,3,2
C5120ST,17,296,District-West Khasi Hills,Urban,Total,447,229,218,56,29,27,101,47,54,42,18,24,68,42,26,22,12,10,31,16,15,86,46,40,41,19,22
C5120ST,17,296,District-West Khasi Hills,Urban,0-4,40,16,24,6,3,3,9,2,7,3,1,2,6,5,1,0,0,0,1,0,1,10,2,8,5,3,2
C5120ST,17,296,District-West Khasi Hills,Urban,5-9,65,36,29,4,2,2,12,7,5,13,8,5,8,4,4,3,2,1,2,2,0,14,9,5,9,2,7
C5120ST,17,296,District-West Khasi Hills,Urban,10-19,114,63,51,14,7,7,25,12,13,12,4,8,19,14,5,8,4,4,6,3,3,22,13,9,8,6,2
C5120ST,17,296,District-West Khasi Hills,Urban,20-29,72,40,32,8,5,3,19,11,8,7,3,4,8,4,4,7,5,2,5,1,4,15,10,5,3,1,2
C5120ST,17,296,District-West Khasi Hills,Urban,30-39,57,28,29,9,5,4,11,5,6,4,1,3,10,4,6,3,1,2,9,7,2,7,3,4,4,2,2
C5120ST,17,296,District-West Khasi Hills,Urban,40-49,38,18,20,6,2,4,6,2,4,3,1,2,7,7,0,0,0,0,6,2,4,7,4,3,3,0,3
C5120ST,17,296,District-West Khasi Hills,Urban,50-59,19,11,8,1,0,1,8,4,4,0,0,0,3,2,1,1,0,1,1,1,0,4,3,1,1,1,0
C5120ST,17,296,District-West Khasi Hills,Urban,60-69,20,11,9,5,3,2,5,3,2,0,0,0,3,1,2,0,0,0,0,0,0,2,1,1,5,3,2
C5120ST,17,296,District-West Khasi Hills,Urban,70-79,12,2,10,3,2,1,3,0,3,0,0,0,2,0,2,0,0,0,1,0,1,2,0,2,1,0,1
C5120ST,17,296,District-West Khasi Hills,Urban,80-89,6,3,3,0,0,0,2,1,1,0,0,0,1,1,0,0,0,0,0,0,0,2,1,1,1,0,1
C5120ST,17,296,District-West Khasi Hills,Urban,90+,4,1,3,0,0,0,1,0,1,0,0,0,1,0,1,0,0,0,0,0,0,1,0,1,1,1,0
C5120ST,17,296,District-West Khasi Hills,Urban,Age Not Stated,0,0,0,0,0,0,0,0,0,0,0,0,0,0,0,0,0,0,0,0,0,0,0,0,0,0,0
C5120ST,17,297,District-Ribhoi,Total,Total,3698,1953,1745,445,252,193,834,446,388,278,148,130,507,273,234,211,111,100,212,95,117,865,445,420,346,183,163
C5120ST,17,297,District-Ribhoi,Total,0-4,280,160,120,30,17,13,55,35,20,5,3,2,45,24,21,7,4,3,4,3,1,109,61,48,25,13,12
C5120ST,17,297,District-Ribhoi,Total,5-9,443,238,205,52,31,21,85,48,37,36,15,21,58,31,27,18,12,6,10,5,5,132,62,70,52,34,18
C5120ST,17,297,District-Ribhoi,Total,10-19,862,456,406,100,54,46,181,96,85,63,42,21,114,61,53,65,31,34,52,28,24,184,94,90,103,50,53
C5120ST,17,297,District-Ribhoi,Total,20-29,597,295,302,56,31,25,95,45,50,65,34,31,91,45,46,50,30,20,50,19,31,139,65,74,51,26,25
C5120ST,17,297,District-Ribhoi,Total,30-39,461,240,221,38,17,21,125,69,56,46,28,18,68,37,31,30,17,13,32,13,19,94,42,52,28,17,11
C5120ST,17,297,District-Ribhoi,Total,40-49,400,221,179,49,32,17,105,61,44,36,16,20,51,25,26,16,7,9,29,15,14,95,53,42,19,12,7
C5120ST,17,297,District-Ribhoi,Total,50-59,243,132,111,31,16,15,67,34,33,11,5,6,30,21,9,13,5,8,18,5,13,62,39,23,11,7,4
C5120ST,17,297,District-Ribhoi,Total,60-69,239,128,111,48,27,21,62,33,29,12,5,7,30,18,12,10,5,5,13,5,8,36,24,12,28,11,17
C5120ST,17,297,District-Ribhoi,Total,70-79,113,61,52,28,19,9,39,18,21,1,0,1,15,9,6,2,0,2,4,2,2,9,4,5,15,9,6
C5120ST,17,297,District-Ribhoi,Total,80-89,42,18,24,8,6,2,15,7,8,3,0,3,3,2,1,0,0,0,0,0,0,2,1,1,11,2,9
C5120ST,17,297,District-Ribhoi,Total,90+,15,4,11,4,2,2,4,0,4,0,0,0,2,0,2,0,0,0,0,0,0,2,0,2,3,2,1
C5120ST,17,297,District-Ribhoi,Total,Age Not Stated,3,0,3,1,0,1,1,0,1,0,0,0,0,0,0,0,0,0,0,0,0,1,0,1,0,0,0
C5120ST,17,297,District-Ribhoi,Rural,Total,3364,1776,1588,416,241,175,783,425,358,262,140,122,471,254,217,191,99,92,183,76,107,731,368,363,327,173,154
C5120ST,17,297,District-Ribhoi,Rural,0-4,264,150,114,28,17,11,53,33,20,5,3,2,44,23,21,7,4,3,3,2,1,100,55,45,24,13,11
C5120ST,17,297,District-Ribhoi,Rural,5-9,419,227,192,51,31,20,81,47,34,34,15,19,53,28,25,17,11,6,9,4,5,126,60,66,48,31,17
C5120ST,17,297,District-Ribhoi,Rural,10-19,803,428,375,99,53,46,171,92,79,57,37,20,109,59,50,59,28,31,45,24,21,166,87,79,97,48,49
C5120ST,17,297,District-Ribhoi,Rural,20-29,534,261,273,53,31,22,90,42,48,64,34,30,82,42,40,45,26,19,42,14,28,110,48,62,48,24,24
C5120ST,17,297,District-Ribhoi,Rural,30-39,416,216,200,34,16,18,118,64,54,41,25,16,63,35,28,26,15,11,27,10,17,79,34,45,28,17,11
C5120ST,17,297,District-Ribhoi,Rural,40-49,354,195,159,44,29,15,95,56,39,35,16,19,46,23,23,14,6,8,26,12,14,75,41,34,19,12,7
C5120ST,17,297,District-Ribhoi,Rural,50-59,213,113,100,26,13,13,66,34,32,11,5,6,28,19,9,11,4,7,17,5,12,44,26,18,10,7,3
C5120ST,17,297,District-Ribhoi,Rural,60-69,209,110,99,43,25,18,60,33,27,11,5,6,27,15,12,10,5,5,10,3,7,22,14,8,26,10,16
C5120ST,17,297,District-Ribhoi,Rural,70-79,98,56,42,25,18,7,34,18,16,1,0,1,14,8,6,2,0,2,4,2,2,5,3,2,13,7,6
C5120ST,17,297,District-Ribhoi,Rural,80-89,37,16,21,8,6,2,11,6,5,3,0,3,3,2,1,0,0,0,0,0,0,1,0,1,11,2,9
C5120ST,17,297,District-Ribhoi,Rural,90+,14,4,10,4,2,2,3,0,3,0,0,0,2,0,2,0,0,0,0,0,0,2,0,2,3,2,1
C5120ST,17,297,District-Ribhoi,Rural,Age Not Stated,3,0,3,1,0,1,1,0,1,0,0,0,0,0,0,0,0,0,0,0,0,1,0,1,0,0,0
C5120ST,17,297,District-Ribhoi,Urban,Total,334,177,157,29,11,18,51,21,30,16,8,8,36,19,17,20,12,8,29,19,10,134,77,57,19,10,9
C5120ST,17,297,District-Ribhoi,Urban,0-4,16,10,6,2,0,2,2,2,0,0,0,0,1,1,0,0,0,0,1,1,0,9,6,3,1,0,1
C5120ST,17,297,District-Ribhoi,Urban,5-9,24,11,13,1,0,1,4,1,3,2,0,2,5,3,2,1,1,0,1,1,0,6,2,4,4,3,1
C5120ST,17,297,District-Ribhoi,Urban,10-19,59,28,31,1,1,0,10,4,6,6,5,1,5,2,3,6,3,3,7,4,3,18,7,11,6,2,4
C5120ST,17,297,District-Ribhoi,Urban,20-29,63,34,29,3,0,3,5,3,2,1,0,1,9,3,6,5,4,1,8,5,3,29,17,12,3,2,1
C5120ST,17,297,District-Ribhoi,Urban,30-39,45,24,21,4,1,3,7,5,2,5,3,2,5,2,3,4,2,2,5,3,2,15,8,7,0,0,0
C5120ST,17,297,District-Ribhoi,Urban,40-49,46,26,20,5,3,2,10,5,5,1,0,1,5,2,3,2,1,1,3,3,0,20,12,8,0,0,0
C5120ST,17,297,District-Ribhoi,Urban,50-59,30,19,11,5,3,2,1,0,1,0,0,0,2,2,0,2,1,1,1,0,1,18,13,5,1,0,1
C5120ST,17,297,District-Ribhoi,Urban,60-69,30,18,12,5,2,3,2,0,2,1,0,1,3,3,0,0,0,0,3,2,1,14,10,4,2,1,1
C5120ST,17,297,District-Ribhoi,Urban,70-79,15,5,10,3,1,2,5,0,5,0,0,0,1,1,0,0,0,0,0,0,0,4,1,3,2,2,0
C5120ST,17,297,District-Ribhoi,Urban,80-89,5,2,3,0,0,0,4,1,3,0,0,0,0,0,0,0,0,0,0,0,0,1,1,0,0,0,0
C5120ST,17,297,District-Ribhoi,Urban,90+,1,0,1,0,0,0,1,0,1,0,0,0,0,0,0,0,0,0,0,0,0,0,0,0,0,0,0
C5120ST,17,297,District-Ribhoi,Urban,Age Not Stated,0,0,0,0,0,0,0,0,0,0,0,0,0,0,0,0,0,0,0,0,0,0,0,0,0,0,0
C5120ST,17,298,District-East Khasi Hills,Total,Total,8323,4195,4128,1661,791,870,1892,968,924,509,257,252,1218,644,574,492,263,229,583,295,288,1286,620,666,682,357,325
C5120ST,17,298,District-East Khasi Hills,Total,0-4,587,286,301,135,63,72,122,62,60,13,3,10,110,55,55,9,4,5,4,4,0,141,64,77,53,31,22
C5120ST,17,298,District-East Khasi Hills,Total,5-9,945,531,414,197,112,85,208,117,91,98,53,45,142,89,53,20,10,10,27,15,12,156,78,78,97,57,40
C5120ST,17,298,District-East Khasi Hills,Total,10-19,2006,1041,965,381,195,186,462,247,215,156,83,73,285,147,138,132,58,74,127,70,57,296,153,143,167,88,79
C5120ST,17,298,District-East Khasi Hills,Total,20-29,1456,771,685,218,109,109,293,163,130,91,43,48,241,118,123,131,82,49,121,70,51,255,126,129,106,60,46
C5120ST,17,298,District-East Khasi Hills,Total,30-39,993,515,478,153,71,82,215,122,93,66,28,38,118,66,52,86,55,31,122,59,63,159,78,81,74,36,38
C5120ST,17,298,District-East Khasi Hills,Total,40-49,875,421,454,170,74,96,191,96,95,36,19,17,120,67,53,57,26,31,102,51,51,133,58,75,66,30,36
C5120ST,17,298,District-East Khasi Hills,Total,50-59,549,269,280,128,61,67,150,67,83,30,17,13,83,46,37,34,21,13,40,15,25,59,29,30,25,13,12
C5120ST,17,298,District-East Khasi Hills,Total,60-69,449,181,268,141,58,83,113,40,73,7,5,2,65,34,31,13,4,9,20,5,15,53,19,34,37,16,21
C5120ST,17,298,District-East Khasi Hills,Total,70-79,270,110,160,81,32,49,74,31,43,9,4,5,30,15,15,5,1,4,12,2,10,22,7,15,37,18,19
C5120ST,17,298,District-East Khasi Hills,Total,80-89,133,51,82,39,10,29,47,20,27,2,1,1,14,5,9,4,2,2,5,2,3,8,6,2,14,5,9
C5120ST,17,298,District-East Khasi Hills,Total,90+,47,13,34,16,4,12,15,3,12,1,1,0,6,1,5,0,0,0,1,0,1,2,1,1,6,3,3
C5120ST,17,298,District-East Khasi Hills,Total,Age Not Stated,13,6,7,2,2,0,2,0,2,0,0,0,4,1,3,1,0,1,2,2,0,2,1,1,0,0,0
C5120ST,17,298,District-East Khasi Hills,Rural,Total,6193,3148,3045,1328,635,693,1447,762,685,395,201,194,920,501,419,275,134,141,389,187,202,927,458,469,512,270,242
C5120ST,17,298,District-East Khasi Hills,Rural,0-4,469,226,243,123,57,66,92,42,50,10,2,8,82,46,36,7,2,5,3,3,0,110,48,62,42,26,16
C5120ST,17,298,District-East Khasi Hills,Rural,5-9,770,443,327,170,96,74,173,104,69,84,45,39,117,75,42,16,9,7,20,12,8,121,62,59,69,40,29
C5120ST,17,298,District-East Khasi Hills,Rural,10-19,1477,774,703,275,138,137,361,202,159,123,66,57,218,109,109,82,37,45,83,44,39,208,113,95,127,65,62
C5120ST,17,298,District-East Khasi Hills,Rural,20-29,988,528,460,161,78,83,197,113,84,71,34,37,177,92,85,52,26,26,79,48,31,179,93,86,72,44,28
C5120ST,17,298,District-East Khasi Hills,Rural,30-39,707,363,344,127,60,67,166,97,69,43,20,23,86,45,41,47,27,20,84,35,49,100,50,50,54,29,25
C5120ST,17,298,District-East Khasi Hills,Rural,40-49,647,311,336,135,65,70,137,68,69,26,12,14,86,52,34,38,17,21,69,32,37,102,41,61,54,24,30
C5120ST,17,298,District-East Khasi Hills,Rural,50-59,420,204,216,105,50,55,123,56,67,22,14,8,62,34,28,18,10,8,25,7,18,47,24,23,18,9,9
C5120ST,17,298,District-East Khasi Hills,Rural,60-69,343,148,195,116,50,66,87,34,53,4,2,2,51,29,22,10,4,6,12,2,10,33,13,20,30,14,16
C5120ST,17,298,District-East Khasi Hills,Rural,70-79,215,89,126,65,26,39,58,25,33,9,4,5,24,12,12,3,1,2,10,1,9,17,7,10,29,13,16
C5120ST,17,298,District-East Khasi Hills,Rural,80-89,108,45,63,33,9,24,40,19,21,2,1,1,11,5,6,1,1,0,3,2,1,7,5,2,11,3,8
C5120ST,17,298,District-East Khasi Hills,Rural,90+,38,12,26,16,4,12,11,2,9,1,1,0,3,1,2,0,0,0,0,0,0,1,1,0,6,3,3
C5120ST,17,298,District-East Khasi Hills,Rural,Age Not Stated,11,5,6,2,2,0,2,0,2,0,0,0,3,1,2,1,0,1,1,1,0,2,1,1,0,0,0
C5120ST,17,298,District-East Khasi Hills,Urban,Total,2130,1047,1083,333,156,177,445,206,239,114,56,58,298,143,155,217,129,88,194,108,86,359,162,197,170,87,83
C5120ST,17,298,District-East Khasi Hills,Urban,0-4,118,60,58,12,6,6,30,20,10,3,1,2,28,9,19,2,2,0,1,1,0,31,16,15,11,5,6
C5120ST,17,298,District-East Khasi Hills,Urban,5-9,175,88,87,27,16,11,35,13,22,14,8,6,25,14,11,4,1,3,7,3,4,35,16,19,28,17,11
C5120ST,17,298,District-East Khasi Hills,Urban,10-19,529,267,262,106,57,49,101,45,56,33,17,16,67,38,29,50,21,29,44,26,18,88,40,48,40,23,17
C5120ST,17,298,District-East Khasi Hills,Urban,20-29,468,243,225,57,31,26,96,50,46,20,9,11,64,26,38,79,56,23,42,22,20,76,33,43,34,16,18
C5120ST,17,298,District-East Khasi Hills,Urban,30-39,286,152,134,26,11,15,49,25,24,23,8,15,32,21,11,39,28,11,38,24,14,59,28,31,20,7,13
C5120ST,17,298,District-East Khasi Hills,Urban,40-49,228,110,118,35,9,26,54,28,26,10,7,3,34,15,19,19,9,10,33,19,14,31,17,14,12,6,6
C5120ST,17,298,District-East Khasi Hills,Urban,50-59,129,65,64,23,11,12,27,11,16,8,3,5,21,12,9,16,11,5,15,8,7,12,5,7,7,4,3
C5120ST,17,298,District-East Khasi Hills,Urban,60-69,106,33,73,25,8,17,26,6,20,3,3,0,14,5,9,3,0,3,8,3,5,20,6,14,7,2,5
C5120ST,17,298,District-East Khasi Hills,Urban,70-79,55,21,34,16,6,10,16,6,10,0,0,0,6,3,3,2,0,2,2,1,1,5,0,5,8,5,3
C5120ST,17,298,District-East Khasi Hills,Urban,80-89,25,6,19,6,1,5,7,1,6,0,0,0,3,0,3,3,1,2,2,0,2,1,1,0,3,2,1
C5120ST,17,298,District-East Khasi Hills,Urban,90+,9,1,8,0,0,0,4,1,3,0,0,0,3,0,3,0,0,0,1,0,1,1,0,1,0,0,0
C5120ST,17,298,District-East Khasi Hills,Urban,Age Not Stated,2,1,1,0,0,0,0,0,0,0,0,0,1,0,1,0,0,0,1,1,0,0,0,0,0,0,0
C5120ST,17,299,District-Jaintia Hills,Total,Total,4952,2452,2500,748,367,381,1395,677,718,342,161,181,527,275,252,289,148,141,263,129,134,929,453,476,459,242,217
C5120ST,17,299,District-Jaintia Hills,Total,0-4,462,226,236,85,41,44,140,66,74,16,8,8,31,12,19,13,4,9,13,6,7,125,66,59,39,23,16
C5120ST,17,299,District-Jaintia Hills,Total,5-9,594,319,275,100,52,48,141,79,62,71,35,36,60,28,32,25,12,13,16,10,6,119,60,59,62,43,19
C5120ST,17,299,District-Jaintia Hills,Total,10-19,1243,651,592,180,95,85,358,190,168,104,48,56,113,64,49,77,43,34,69,36,33,219,111,108,123,64,59
C5120ST,17,299,District-Jaintia Hills,Total,20-29,839,415,424,107,55,52,241,114,127,58,26,32,108,60,48,59,30,29,52,26,26,156,74,82,58,30,28
C5120ST,17,299,District-Jaintia Hills,Total,30-39,583,276,307,69,35,34,158,72,86,47,22,25,48,23,25,50,30,20,54,24,30,117,48,69,40,22,18
C5120ST,17,299,District-Jaintia Hills,Total,40-49,494,254,240,79,35,44,133,68,65,27,14,13,63,39,24,32,17,15,23,12,11,95,51,44,42,18,24
C5120ST,17,299,District-Jaintia Hills,Total,50-59,299,137,162,50,28,22,73,34,39,8,1,7,41,23,18,20,7,13,25,8,17,51,23,28,31,13,18
C5120ST,17,299,District-Jaintia Hills,Total,60-69,219,93,126,47,13,34,66,29,37,8,6,2,35,14,21,8,3,5,7,5,2,28,11,17,20,12,8
C5120ST,17,299,District-Jaintia Hills,Total,70-79,133,53,80,18,8,10,48,17,31,3,1,2,24,10,14,3,1,2,3,1,2,10,7,3,24,8,16
C5120ST,17,299,District-Jaintia Hills,Total,80-89,54,16,38,9,4,5,22,4,18,0,0,0,4,2,2,0,0,0,0,0,0,7,2,5,12,4,8
C5120ST,17,299,District-Jaintia Hills,Total,90+,19,5,14,2,1,1,8,0,8,0,0,0,0,0,0,1,1,0,0,0,0,2,0,2,6,3,3
C5120ST,17,299,District-Jaintia Hills,Total,Age Not Stated,13,7,6,2,0,2,7,4,3,0,0,0,0,0,0,1,0,1,1,1,0,0,0,0,2,2,0
C5120ST,17,299,District-Jaintia Hills,Rural,Total,4706,2340,2366,706,354,352,1324,653,671,324,153,171,499,256,243,277,141,136,244,119,125,897,435,462,435,229,206
C5120ST,17,299,District-Jaintia Hills,Rural,0-4,452,220,232,83,40,43,139,65,74,16,8,8,29,11,18,13,4,9,13,6,7,121,64,57,38,22,16
C5120ST,17,299,District-Jaintia Hills,Rural,5-9,575,310,265,97,52,45,137,76,61,68,34,34,57,27,30,24,12,12,15,9,6,118,60,58,59,40,19
C5120ST,17,299,District-Jaintia Hills,Rural,10-19,1175,620,555,174,93,81,337,184,153,97,45,52,106,59,47,74,41,33,63,32,31,210,106,104,114,60,54
C5120ST,17,299,District-Jaintia Hills,Rural,20-29,799,394,405,104,54,50,227,109,118,56,25,31,103,55,48,58,30,28,50,24,26,147,70,77,54,27,27
C5120ST,17,299,District-Jaintia Hills,Rural,30-39,540,254,286,61,30,31,147,70,77,45,20,25,44,21,23,46,26,20,47,22,25,112,44,68,38,21,17
C5120ST,17,299,District-Jaintia Hills,Rural,40-49,463,244,219,70,34,36,126,65,61,24,13,11,60,37,23,30,16,14,22,12,10,94,50,44,37,17,20
C5120ST,17,299,District-Jaintia Hills,Rural,50-59,285,131,154,46,26,20,69,32,37,7,1,6,40,22,18,19,7,12,24,8,16,49,22,27,31,13,18
C5120ST,17,299,District-Jaintia Hills,Rural,60-69,209,87,122,44,12,32,63,27,36,8,6,2,33,13,20,8,3,5,6,4,2,27,10,17,20,12,8
C5120ST,17,299,District-Jaintia Hills,Rural,70-79,129,53,76,17,8,9,45,17,28,3,1,2,24,10,14,3,1,2,3,1,2,10,7,3,24,8,16
C5120ST,17,299,District-Jaintia Hills,Rural,80-89,49,15,34,6,4,2,21,4,17,0,0,0,3,1,2,0,0,0,0,0,0,7,2,5,12,4,8
C5120ST,17,299,District-Jaintia Hills,Rural,90+,17,5,12,2,1,1,6,0,6,0,0,0,0,0,0,1,1,0,0,0,0,2,0,2,6,3,3
C5120ST,17,299,District-Jaintia Hills,Rural,Age Not Stated,13,7,6,2,0,2,7,4,3,0,0,0,0,0,0,1,0,1,1,1,0,0,0,0,2,2,0
C5120ST,17,299,District-Jaintia Hills,Urban,Total,246,112,134,42,13,29,71,24,47,18,8,10,28,19,9,12,7,5,19,10,9,32,18,14,24,13,11
C5120ST,17,299,District-Jaintia Hills,Urban,0-4,10,6,4,2,1,1,1,1,0,0,0,0,2,1,1,0,0,0,0,0,0,4,2,2,1,1,0
C5120ST,17,299,District-Jaintia Hills,Urban,5-9,19,9,10,3,0,3,4,3,1,3,1,2,3,1,2,1,0,1,1,1,0,1,0,1,3,3,0
C5120ST,17,299,District-Jaintia Hills,Urban,10-19,68,31,37,6,2,4,21,6,15,7,3,4,7,5,2,3,2,1,6,4,2,9,5,4,9,4,5
C5120ST,17,299,District-Jaintia Hills,Urban,20-29,40,21,19,3,1,2,14,5,9,2,1,1,5,5,0,1,0,1,2,2,0,9,4,5,4,3,1
C5120ST,17,299,District-Jaintia Hills,Urban,30-39,43,22,21,8,5,3,11,2,9,2,2,0,4,2,2,4,4,0,7,2,5,5,4,1,2,1,1
C5120ST,17,299,District-Jaintia Hills,Urban,40-49,31,10,21,9,1,8,7,3,4,3,1,2,3,2,1,2,1,1,1,0,1,1,1,0,5,1,4
C5120ST,17,299,District-Jaintia Hills,Urban,50-59,14,6,8,4,2,2,4,2,2,1,0,1,1,1,0,1,0,1,1,0,1,2,1,1,0,0,0
C5120ST,17,299,District-Jaintia Hills,Urban,60-69,10,6,4,3,1,2,3,2,1,0,0,0,2,1,1,0,0,0,1,1,0,1,1,0,0,0,0
C5120ST,17,299,District-Jaintia Hills,Urban,70-79,4,0,4,1,0,1,3,0,3,0,0,0,0,0,0,0,0,0,0,0,0,0,0,0,0,0,0
C5120ST,17,299,District-Jaintia Hills,Urban,80-89,5,1,4,3,0,3,1,0,1,0,0,0,1,1,0,0,0,0,0,0,0,0,0,0,0,0,0
C5120ST,17,299,District-Jaintia Hills,Urban,90+,2,0,2,0,0,0,2,0,2,0,0,0,0,0,0,0,0,0,0,0,0,0,0,0,0,0,0
C5120ST,17,299,District-Jaintia Hills,Urban,Age Not Stated,0,0,0,0,0,0,0,0,0,0,0,0,0,0,0,0,0,0,0,0,0,0,0,0,0,0,0
C5120ST,18,0,State-ASSAM,Total,Total,53667,28106,25561,8750,4410,4340,13187,6840,6347,3641,1932,1709,7568,4293,3275,2729,1439,1290,1517,838,679,11460,5930,5530,4815,2424,2391
C5120ST,18,0,State-ASSAM,Total,0-4,2415,1275,1140,364,191,173,602,312,290,44,26,18,193,111,82,135,71,64,14,10,4,915,474,441,148,80,68
C5120ST,18,0,State-ASSAM,Total,5-9,3608,1882,1726,510,258,252,890,452,438,397,225,172,317,167,150,186,95,91,33,16,17,955,493,462,320,176,144
C5120ST,18,0,State-ASSAM,Total,10-19,8418,4433,3985,1128,554,574,1953,1008,945,887,490,397,895,510,385,511,269,242,195,104,91,2123,1095,1028,726,403,323
C5120ST,18,0,State-ASSAM,Total,20-29,7978,4110,3868,956,495,461,1766,894,872,800,386,414,978,575,403,578,296,282,286,158,128,1995,973,1022,619,333,286
C5120ST,18,0,State-ASSAM,Total,30-39,7153,3909,3244,931,502,429,1618,858,760,587,321,266,956,580,376,501,277,224,360,205,155,1759,928,831,441,238,203
C5120ST,18,0,State-ASSAM,Total,40-49,6435,3644,2791,1014,576,438,1606,864,742,412,215,197,956,614,342,402,219,183,282,167,115,1380,770,610,383,219,164
C5120ST,18,0,State-ASSAM,Total,50-59,5399,2859,2540,1091,521,570,1386,733,653,256,127,129,958,559,399,220,116,104,177,90,87,920,516,404,391,197,194
C5120ST,18,0,State-ASSAM,Total,60-69,5579,2726,2853,1338,627,711,1557,754,803,152,85,67,1024,556,468,111,52,59,97,51,46,710,329,381,590,272,318
C5120ST,18,0,State-ASSAM,Total,70-79,4101,2005,2096,952,466,486,1102,573,529,70,40,30,790,398,392,64,35,29,48,23,25,468,230,238,607,240,367
C5120ST,18,0,State-ASSAM,Total,80-89,1798,870,928,342,158,184,501,275,226,28,13,15,349,152,197,14,6,8,16,9,7,150,77,73,398,180,218
C5120ST,18,0,State-ASSAM,Total,90+,703,351,352,115,58,57,162,95,67,8,4,4,145,67,78,6,2,4,7,4,3,70,36,34,190,85,105
C5120ST,18,0,State-ASSAM,Total,Age Not Stated,80,42,38,9,4,5,44,22,22,0,0,0,7,4,3,1,1,0,2,1,1,15,9,6,2,1,1
C5120ST,18,0,State-ASSAM,Rural,Total,50879,26648,24231,8281,4198,4083,12563,6515,6048,3379,1782,1597,7270,4113,3157,2569,1354,1215,1431,784,647,10766,5584,5182,4620,2318,2302
C5120ST,18,0,State-ASSAM,Rural,0-4,2294,1215,1079,346,184,162,572,298,274,38,24,14,184,103,81,130,69,61,13,9,4,867,451,416,144,77,67
C5120ST,18,0,State-ASSAM,Rural,5-9,3416,1770,1646,480,244,236,838,424,414,376,208,168,303,158,145,175,90,85,31,15,16,909,467,442,304,164,140
C5120ST,18,0,State-ASSAM,Rural,10-19,7892,4152,3740,1034,512,522,1823,938,885,813,446,367,863,492,371,473,243,230,186,97,89,2006,1039,967,694,385,309
C5120ST,18,0,State-ASSAM,Rural,20-29,7442,3824,3618,896,460,436,1660,836,824,740,355,385,933,556,377,532,269,263,267,146,121,1834,895,939,580,307,273
C5120ST,18,0,State-ASSAM,Rural,30-39,6736,3690,3046,861,465,396,1514,803,711,548,296,252,913,549,364,480,269,211,341,193,148,1655,882,773,424,233,191
C5120ST,18,0,State-ASSAM,Rural,40-49,6080,3452,2628,954,549,405,1541,830,711,379,198,181,916,586,330,379,206,173,262,152,110,1287,722,565,362,209,153
C5120ST,18,0,State-ASSAM,Rural,50-59,5142,2725,2417,1039,506,533,1341,712,629,236,119,117,914,528,386,213,113,100,169,86,83,854,473,381,376,188,188
C5120ST,18,0,State-ASSAM,Rural,60-69,5395,2635,2760,1297,606,691,1510,730,780,145,79,66,988,537,451,106,52,54,92,50,42,681,315,366,576,266,310
C5120ST,18,0,State-ASSAM,Rural,70-79,3995,1960,2035,928,459,469,1076,561,515,69,40,29,769,387,382,62,34,28,47,23,24,451,222,229,593,234,359
C5120ST,18,0,State-ASSAM,Rural,80-89,1725,841,884,327,152,175,483,266,217,27,13,14,338,149,189,12,6,6,14,8,6,141,74,67,383,173,210
C5120ST,18,0,State-ASSAM,Rural,90+,685,344,341,110,57,53,161,95,66,8,4,4,144,66,78,6,2,4,7,4,3,67,35,32,182,81,101
C5120ST,18,0,State-ASSAM,Rural,Age Not Stated,77,40,37,9,4,5,44,22,22,0,0,0,5,2,3,1,1,0,2,1,1,14,9,5,2,1,1
C5120ST,18,0,State-ASSAM,Urban,Total,2788,1458,1330,469,212,257,624,325,299,262,150,112,298,180,118,160,85,75,86,54,32,694,346,348,195,106,89
C5120ST,18,0,State-ASSAM,Urban,0-4,121,60,61,18,7,11,30,14,16,6,2,4,9,8,1,5,2,3,1,1,0,48,23,25,4,3,1
C5120ST,18,0,State-ASSAM,Urban,5-9,192,112,80,30,14,16,52,28,24,21,17,4,14,9,5,11,5,6,2,1,1,46,26,20,16,12,4
C5120ST,18,0,State-ASSAM,Urban,10-19,526,281,245,94,42,52,130,70,60,74,44,30,32,18,14,38,26,12,9,7,2,117,56,61,32,18,14
C5120ST,18,0,State-ASSAM,Urban,20-29,536,286,250,60,35,25,106,58,48,60,31,29,45,19,26,46,27,19,19,12,7,161,78,83,39,26,13
C5120ST,18,0,State-ASSAM,Urban,30-39,417,219,198,70,37,33,104,55,49,39,25,14,43,31,12,21,8,13,19,12,7,104,46,58,17,5,12
C5120ST,18,0,State-ASSAM,Urban,40-49,355,192,163,60,27,33,65,34,31,33,17,16,40,28,12,23,13,10,20,15,5,93,48,45,21,10,11
C5120ST,18,0,State-ASSAM,Urban,50-59,257,134,123,52,15,37,45,21,24,20,8,12,44,31,13,7,3,4,8,4,4,66,43,23,15,9,6
C5120ST,18,0,State-ASSAM,Urban,60-69,184,91,93,41,21,20,47,24,23,7,6,1,36,19,17,5,0,5,5,1,4,29,14,15,14,6,8
C5120ST,18,0,State-ASSAM,Urban,70-79,106,45,61,24,7,17,26,12,14,1,0,1,21,11,10,2,1,1,1,0,1,17,8,9,14,6,8
C5120ST,18,0,State-ASSAM,Urban,80-89,73,29,44,15,6,9,18,9,9,1,0,1,11,3,8,2,0,2,2,1,1,9,3,6,15,7,8
C5120ST,18,0,State-ASSAM,Urban,90+,18,7,11,5,1,4,1,0,1,0,0,0,1,1,0,0,0,0,0,0,0,3,1,2,8,4,4
C5120ST,18,0,State-ASSAM,Urban,Age Not Stated,3,2,1,0,0,0,0,0,0,0,0,0,2,2,0,0,0,0,0,0,0,1,0,1,0,0,0
C5120ST,18,300,District-Kokrajhar,Total,Total,3202,1689,1513,434,205,229,762,428,334,244,136,108,465,254,211,199,118,81,92,44,48,773,390,383,233,114,119
C5120ST,18,300,District-Kokrajhar,Total,0-4,117,57,60,13,6,7,29,11,18,0,0,0,11,5,6,6,2,4,2,1,1,50,28,22,6,4,2
C5120ST,18,300,District-Kokrajhar,Total,5-9,158,79,79,30,9,21,30,15,15,28,15,13,14,7,7,8,3,5,0,0,0,36,22,14,12,8,4
C5120ST,18,300,District-Kokrajhar,Total,10-19,552,269,283,69,34,35,103,52,51,72,37,35,60,33,27,48,25,23,25,8,17,128,59,69,47,21,26
C5120ST,18,300,District-Kokrajhar,Total,20-29,519,274,245,58,32,26,102,56,46,39,23,16,78,47,31,40,27,13,14,9,5,155,67,88,33,13,20
C5120ST,18,300,District-Kokrajhar,Total,30-39,509,266,243,50,27,23,106,57,49,39,22,17,54,25,29,37,16,21,23,12,11,181,97,84,19,10,9
C5120ST,18,300,District-Kokrajhar,Total,40-49,438,269,169,56,30,26,135,93,42,21,10,11,62,33,29,32,28,4,9,4,5,99,58,41,24,13,11
C5120ST,18,300,District-Kokrajhar,Total,50-59,314,166,148,43,14,29,76,45,31,25,16,9,66,39,27,17,10,7,10,5,5,53,25,28,24,12,12
C5120ST,18,300,District-Kokrajhar,Total,60-69,278,144,134,65,25,40,75,39,36,14,10,4,56,32,24,6,5,1,8,5,3,35,17,18,19,11,8
C5120ST,18,300,District-Kokrajhar,Total,70-79,211,108,103,41,23,18,66,37,29,4,2,2,41,22,19,4,2,2,1,0,1,29,13,16,25,9,16
C5120ST,18,300,District-Kokrajhar,Total,80-89,77,41,36,8,4,4,33,18,15,2,1,1,13,7,6,1,0,1,0,0,0,6,3,3,14,8,6
C5120ST,18,300,District-Kokrajhar,Total,90+,27,15,12,1,1,0,6,4,2,0,0,0,9,4,5,0,0,0,0,0,0,1,1,0,10,5,5
C5120ST,18,300,District-Kokrajhar,Total,Age Not Stated,2,1,1,0,0,0,1,1,0,0,0,0,1,0,1,0,0,0,0,0,0,0,0,0,0,0,0
C5120ST,18,300,District-Kokrajhar,Rural,Total,2968,1585,1383,312,156,156,737,419,318,239,135,104,454,247,207,171,104,67,84,37,47,745,375,370,226,112,114
C5120ST,18,300,District-Kokrajhar,Rural,0-4,102,50,52,5,2,3,26,10,16,0,0,0,11,5,6,5,2,3,2,1,1,47,26,21,6,4,2
C5120ST,18,300,District-Kokrajhar,Rural,5-9,147,77,70,22,7,15,29,15,14,27,15,12,14,7,7,8,3,5,0,0,0,35,22,13,12,8,4
C5120ST,18,300,District-Kokrajhar,Rural,10-19,505,250,255,44,24,20,98,51,47,71,36,35,59,32,27,39,22,17,24,7,17,123,57,66,47,21,26
C5120ST,18,300,District-Kokrajhar,Rural,20-29,478,247,231,41,22,19,98,55,43,39,23,16,75,45,30,34,22,12,11,6,5,150,62,88,30,12,18
C5120ST,18,300,District-Kokrajhar,Rural,30-39,468,249,219,30,20,10,99,53,46,38,22,16,52,24,28,33,14,19,22,11,11,175,95,80,19,10,9
C5120ST,18,300,District-Kokrajhar,Rural,40-49,403,250,153,35,19,16,133,92,41,20,10,10,62,33,29,27,24,3,8,3,5,96,56,40,22,13,9
C5120ST,18,300,District-Kokrajhar,Rural,50-59,293,161,132,31,13,18,74,44,30,24,16,8,63,37,26,16,10,6,10,5,5,52,25,27,23,11,12
C5120ST,18,300,District-Kokrajhar,Rural,60-69,265,140,125,59,23,36,74,39,35,14,10,4,55,32,23,5,5,0,6,4,2,33,16,17,19,11,8
C5120ST,18,300,District-Kokrajhar,Rural,70-79,207,107,100,39,22,17,66,37,29,4,2,2,41,22,19,3,2,1,1,0,1,28,13,15,25,9,16
C5120ST,18,300,District-Kokrajhar,Rural,80-89,72,39,33,5,3,2,33,18,15,2,1,1,13,7,6,1,0,1,0,0,0,5,2,3,13,8,5
C5120ST,18,300,District-Kokrajhar,Rural,90+,26,14,12,1,1,0,6,4,2,0,0,0,8,3,5,0,0,0,0,0,0,1,1,0,10,5,5
C5120ST,18,300,District-Kokrajhar,Rural,Age Not Stated,2,1,1,0,0,0,1,1,0,0,0,0,1,0,1,0,0,0,0,0,0,0,0,0,0,0,0
C5120ST,18,300,District-Kokrajhar,Urban,Total,234,104,130,122,49,73,25,9,16,5,1,4,11,7,4,28,14,14,8,7,1,28,15,13,7,2,5
C5120ST,18,300,District-Kokrajhar,Urban,0-4,15,7,8,8,4,4,3,1,2,0,0,0,0,0,0,1,0,1,0,0,0,3,2,1,0,0,0
C5120ST,18,300,District-Kokrajhar,Urban,5-9,11,2,9,8,2,6,1,0,1,1,0,1,0,0,0,0,0,0,0,0,0,1,0,1,0,0,0
C5120ST,18,300,District-Kokrajhar,Urban,10-19,47,19,28,25,10,15,5,1,4,1,1,0,1,1,0,9,3,6,1,1,0,5,2,3,0,0,0
C5120ST,18,300,District-Kokrajhar,Urban,20-29,41,27,14,17,10,7,4,1,3,0,0,0,3,2,1,6,5,1,3,3,0,5,5,0,3,1,2
C5120ST,18,300,District-Kokrajhar,Urban,30-39,41,17,24,20,7,13,7,4,3,1,0,1,2,1,1,4,2,2,1,1,0,6,2,4,0,0,0
C5120ST,18,300,District-Kokrajhar,Urban,40-49,35,19,16,21,11,10,2,1,1,1,0,1,0,0,0,5,4,1,1,1,0,3,2,1,2,0,2
C5120ST,18,300,District-Kokrajhar,Urban,50-59,21,5,16,12,1,11,2,1,1,1,0,1,3,2,1,1,0,1,0,0,0,1,0,1,1,1,0
C5120ST,18,300,District-Kokrajhar,Urban,60-69,13,4,9,6,2,4,1,0,1,0,0,0,1,0,1,1,0,1,2,1,1,2,1,1,0,0,0
C5120ST,18,300,District-Kokrajhar,Urban,70-79,4,1,3,2,1,1,0,0,0,0,0,0,0,0,0,1,0,1,0,0,0,1,0,1,0,0,0
C5120ST,18,300,District-Kokrajhar,Urban,80-89,5,2,3,3,1,2,0,0,0,0,0,0,0,0,0,0,0,0,0,0,0,1,1,0,1,0,1
C5120ST,18,300,District-Kokrajhar,Urban,90+,1,1,0,0,0,0,0,0,0,0,0,0,1,1,0,0,0,0,0,0,0,0,0,0,0,0,0
C5120ST,18,300,District-Kokrajhar,Urban,Age Not Stated,0,0,0,0,0,0,0,0,0,0,0,0,0,0,0,0,0,0,0,0,0,0,0,0,0,0,0
C5120ST,18,301,District-Dhubri,Total,Total,122,61,61,19,8,11,20,11,9,5,2,3,23,12,11,6,3,3,7,4,3,23,11,12,19,10,9
C5120ST,18,301,District-Dhubri,Total,0-4,5,5,0,0,0,0,2,2,0,0,0,0,0,0,0,0,0,0,0,0,0,1,1,0,2,2,0
C5120ST,18,301,District-Dhubri,Total,5-9,1,1,0,0,0,0,0,0,0,0,0,0,1,1,0,0,0,0,0,0,0,0,0,0,0,0,0
C5120ST,18,301,District-Dhubri,Total,10-19,9,8,1,2,1,1,1,1,0,0,0,0,2,2,0,1,1,0,0,0,0,1,1,0,2,2,0
C5120ST,18,301,District-Dhubri,Total,20-29,16,8,8,1,1,0,2,0,2,2,2,0,4,2,2,1,0,1,2,1,1,2,1,1,2,1,1
C5120ST,18,301,District-Dhubri,Total,30-39,10,4,6,2,1,1,2,1,1,1,0,1,3,1,2,1,1,0,0,0,0,0,0,0,1,0,1
C5120ST,18,301,District-Dhubri,Total,40-49,13,7,6,5,3,2,2,1,1,0,0,0,1,0,1,1,0,1,0,0,0,4,3,1,0,0,0
C5120ST,18,301,District-Dhubri,Total,50-59,16,6,10,5,1,4,2,1,1,2,0,2,1,1,0,1,1,0,1,1,0,3,1,2,1,0,1
C5120ST,18,301,District-Dhubri,Total,60-69,21,8,13,3,0,3,6,3,3,0,0,0,2,1,1,0,0,0,1,0,1,8,3,5,1,1,0
C5120ST,18,301,District-Dhubri,Total,70-79,17,9,8,1,1,0,2,2,0,0,0,0,7,3,4,0,0,0,0,0,0,2,0,2,5,3,2
C5120ST,18,301,District-Dhubri,Total,80-89,8,2,6,0,0,0,1,0,1,0,0,0,2,1,1,1,0,1,1,1,0,0,0,0,3,0,3
C5120ST,18,301,District-Dhubri,Total,90+,6,3,3,0,0,0,0,0,0,0,0,0,0,0,0,0,0,0,2,1,1,2,1,1,2,1,1
C5120ST,18,301,District-Dhubri,Total,Age Not Stated,0,0,0,0,0,0,0,0,0,0,0,0,0,0,0,0,0,0,0,0,0,0,0,0,0,0,0
C5120ST,18,301,District-Dhubri,Rural,Total,118,60,58,17,7,10,20,11,9,4,2,2,23,12,11,6,3,3,7,4,3,22,11,11,19,10,9
C5120ST,18,301,District-Dhubri,Rural,0-4,5,5,0,0,0,0,2,2,0,0,0,0,0,0,0,0,0,0,0,0,0,1,1,0,2,2,0
C5120ST,18,301,District-Dhubri,Rural,5-9,1,1,0,0,0,0,0,0,0,0,0,0,1,1,0,0,0,0,0,0,0,0,0,0,0,0,0
C5120ST,18,301,District-Dhubri,Rural,10-19,9,8,1,2,1,1,1,1,0,0,0,0,2,2,0,1,1,0,0,0,0,1,1,0,2,2,0
C5120ST,18,301,District-Dhubri,Rural,20-29,16,8,8,1,1,0,2,0,2,2,2,0,4,2,2,1,0,1,2,1,1,2,1,1,2,1,1
C5120ST,18,301,District-Dhubri,Rural,30-39,9,4,5,1,1,0,2,1,1,1,0,1,3,1,2,1,1,0,0,0,0,0,0,0,1,0,1
C5120ST,18,301,District-Dhubri,Rural,40-49,12,6,6,4,2,2,2,1,1,0,0,0,1,0,1,1,0,1,0,0,0,4,3,1,0,0,0
C5120ST,18,301,District-Dhubri,Rural,50-59,14,6,8,5,1,4,2,1,1,1,0,1,1,1,0,1,1,0,1,1,0,2,1,1,1,0,1
C5120ST,18,301,District-Dhubri,Rural,60-69,21,8,13,3,0,3,6,3,3,0,0,0,2,1,1,0,0,0,1,0,1,8,3,5,1,1,0
C5120ST,18,301,District-Dhubri,Rural,70-79,17,9,8,1,1,0,2,2,0,0,0,0,7,3,4,0,0,0,0,0,0,2,0,2,5,3,2
C5120ST,18,301,District-Dhubri,Rural,80-89,8,2,6,0,0,0,1,0,1,0,0,0,2,1,1,1,0,1,1,1,0,0,0,0,3,0,3
C5120ST,18,301,District-Dhubri,Rural,90+,6,3,3,0,0,0,0,0,0,0,0,0,0,0,0,0,0,0,2,1,1,2,1,1,2,1,1
C5120ST,18,301,District-Dhubri,Rural,Age Not Stated,0,0,0,0,0,0,0,0,0,0,0,0,0,0,0,0,0,0,0,0,0,0,0,0,0,0,0
C5120ST,18,301,District-Dhubri,Urban,Total,4,1,3,2,1,1,0,0,0,1,0,1,0,0,0,0,0,0,0,0,0,1,0,1,0,0,0
C5120ST,18,301,District-Dhubri,Urban,0-4,0,0,0,0,0,0,0,0,0,0,0,0,0,0,0,0,0,0,0,0,0,0,0,0,0,0,0
C5120ST,18,301,District-Dhubri,Urban,5-9,0,0,0,0,0,0,0,0,0,0,0,0,0,0,0,0,0,0,0,0,0,0,0,0,0,0,0
C5120ST,18,301,District-Dhubri,Urban,10-19,0,0,0,0,0,0,0,0,0,0,0,0,0,0,0,0,0,0,0,0,0,0,0,0,0,0,0
C5120ST,18,301,District-Dhubri,Urban,20-29,0,0,0,0,0,0,0,0,0,0,0,0,0,0,0,0,0,0,0,0,0,0,0,0,0,0,0
C5120ST,18,301,District-Dhubri,Urban,30-39,1,0,1,1,0,1,0,0,0,0,0,0,0,0,0,0,0,0,0,0,0,0,0,0,0,0,0
C5120ST,18,301,District-Dhubri,Urban,40-49,1,1,0,1,1,0,0,0,0,0,0,0,0,0,0,0,0,0,0,0,0,0,0,0,0,0,0
C5120ST,18,301,District-Dhubri,Urban,50-59,2,0,2,0,0,0,0,0,0,1,0,1,0,0,0,0,0,0,0,0,0,1,0,1,0,0,0
C5120ST,18,301,District-Dhubri,Urban,60-69,0,0,0,0,0,0,0,0,0,0,0,0,0,0,0,0,0,0,0,0,0,0,0,0,0,0,0
C5120ST,18,301,District-Dhubri,Urban,70-79,0,0,0,0,0,0,0,0,0,0,0,0,0,0,0,0,0,0,0,0,0,0,0,0,0,0,0
C5120ST,18,301,District-Dhubri,Urban,80-89,0,0,0,0,0,0,0,0,0,0,0,0,0,0,0,0,0,0,0,0,0,0,0,0,0,0,0
C5120ST,18,301,District-Dhubri,Urban,90+,0,0,0,0,0,0,0,0,0,0,0,0,0,0,0,0,0,0,0,0,0,0,0,0,0,0,0
C5120ST,18,301,District-Dhubri,Urban,Age Not Stated,0,0,0,0,0,0,0,0,0,0,0,0,0,0,0,0,0,0,0,0,0,0,0,0,0,0,0
C5120ST,18,302,District-Goalpara,Total,Total,3565,1752,1813,592,280,312,782,364,418,185,98,87,526,282,244,218,104,114,91,52,39,797,389,408,374,183,191
C5120ST,18,302,District-Goalpara,Total,0-4,139,65,74,14,8,6,23,7,16,4,2,2,14,7,7,8,3,5,0,0,0,66,33,33,10,5,5
C5120ST,18,302,District-Goalpara,Total,5-9,190,94,96,19,6,13,48,23,25,23,13,10,12,7,5,14,8,6,2,2,0,53,26,27,19,9,10
C5120ST,18,302,District-Goalpara,Total,10-19,500,277,223,37,24,13,102,52,50,54,31,23,44,29,15,47,25,22,11,6,5,143,71,72,62,39,23
C5120ST,18,302,District-Goalpara,Total,20-29,498,258,240,44,24,20,111,57,54,30,15,15,47,22,25,50,25,25,19,14,5,152,74,78,45,27,18
C5120ST,18,302,District-Goalpara,Total,30-39,426,219,207,43,20,23,98,43,55,29,13,16,52,34,18,42,18,24,20,11,9,115,60,55,27,20,7
C5120ST,18,302,District-Goalpara,Total,40-49,396,205,191,80,36,44,88,39,49,19,12,7,54,35,19,30,16,14,20,11,9,86,47,39,19,9,10
C5120ST,18,302,District-Goalpara,Total,50-59,395,191,204,106,48,58,77,40,37,15,8,7,81,46,35,14,6,8,13,6,7,62,24,38,27,13,14
C5120ST,18,302,District-Goalpara,Total,60-69,440,193,247,125,56,69,105,38,67,5,2,3,96,53,43,4,2,2,2,0,2,55,22,33,48,20,28
C5120ST,18,302,District-Goalpara,Total,70-79,323,140,183,88,43,45,70,34,36,1,1,0,67,30,37,6,1,5,1,0,1,43,18,25,47,13,34
C5120ST,18,302,District-Goalpara,Total,80-89,182,78,104,32,14,18,43,22,21,3,1,2,45,13,32,1,0,1,2,1,1,15,9,6,41,18,23
C5120ST,18,302,District-Goalpara,Total,90+,74,30,44,4,1,3,16,8,8,2,0,2,14,6,8,2,0,2,1,1,0,7,5,2,28,9,19
C5120ST,18,302,District-Goalpara,Total,Age Not Stated,2,2,0,0,0,0,1,1,0,0,0,0,0,0,0,0,0,0,0,0,0,0,0,0,1,1,0
C5120ST,18,302,District-Goalpara,Rural,Total,3421,1687,1734,569,270,299,763,358,405,170,91,79,492,264,228,210,103,107,89,51,38,772,377,395,356,173,183
C5120ST,18,302,District-Goalpara,Rural,0-4,133,62,71,14,8,6,22,7,15,3,1,2,11,5,6,8,3,5,0,0,0,65,33,32,10,5,5
C5120ST,18,302,District-Goalpara,Rural,5-9,183,89,94,19,6,13,44,20,24,22,12,10,12,7,5,14,8,6,2,2,0,51,25,26,19,9,10
C5120ST,18,302,District-Goalpara,Rural,10-19,481,266,215,35,23,12,99,51,48,49,28,21,43,28,15,47,25,22,10,6,4,138,67,71,60,38,22
C5120ST,18,302,District-Goalpara,Rural,20-29,474,250,224,41,22,19,111,57,54,27,14,13,42,22,20,47,24,23,19,14,5,147,72,75,40,25,15
C5120ST,18,302,District-Goalpara,Rural,30-39,405,208,197,36,16,20,96,43,53,28,13,15,47,29,18,40,18,22,20,11,9,113,59,54,25,19,6
C5120ST,18,302,District-Goalpara,Rural,40-49,386,201,185,80,36,44,86,39,47,17,11,6,50,32,18,28,16,12,20,11,9,86,47,39,19,9,10
C5120ST,18,302,District-Goalpara,Rural,50-59,381,184,197,105,48,57,76,40,36,14,8,6,78,44,34,14,6,8,12,5,7,58,22,36,24,11,13
C5120ST,18,302,District-Goalpara,Rural,60-69,425,187,238,122,55,67,102,37,65,4,2,2,92,52,40,4,2,2,2,0,2,52,20,32,47,19,28
C5120ST,18,302,District-Goalpara,Rural,70-79,306,132,174,83,41,42,69,34,35,1,1,0,60,26,34,6,1,5,1,0,1,41,18,23,45,11,34
C5120ST,18,302,District-Goalpara,Rural,80-89,173,76,97,30,14,16,41,21,20,3,1,2,43,13,30,0,0,0,2,1,1,14,9,5,40,17,23
C5120ST,18,302,District-Goalpara,Rural,90+,72,30,42,4,1,3,16,8,8,2,0,2,14,6,8,2,0,2,1,1,0,7,5,2,26,9,17
C5120ST,18,302,District-Goalpara,Rural,Age Not Stated,2,2,0,0,0,0,1,1,0,0,0,0,0,0,0,0,0,0,0,0,0,0,0,0,1,1,0
C5120ST,18,302,District-Goalpara,Urban,Total,144,65,79,23,10,13,19,6,13,15,7,8,34,18,16,8,1,7,2,1,1,25,12,13,18,10,8
C5120ST,18,302,District-Goalpara,Urban,0-4,6,3,3,0,0,0,1,0,1,1,1,0,3,2,1,0,0,0,0,0,0,1,0,1,0,0,0
C5120ST,18,302,District-Goalpara,Urban,5-9,7,5,2,0,0,0,4,3,1,1,1,0,0,0,0,0,0,0,0,0,0,2,1,1,0,0,0
C5120ST,18,302,District-Goalpara,Urban,10-19,19,11,8,2,1,1,3,1,2,5,3,2,1,1,0,0,0,0,1,0,1,5,4,1,2,1,1
C5120ST,18,302,District-Goalpara,Urban,20-29,24,8,16,3,2,1,0,0,0,3,1,2,5,0,5,3,1,2,0,0,0,5,2,3,5,2,3
C5120ST,18,302,District-Goalpara,Urban,30-39,21,11,10,7,4,3,2,0,2,1,0,1,5,5,0,2,0,2,0,0,0,2,1,1,2,1,1
C5120ST,18,302,District-Goalpara,Urban,40-49,10,4,6,0,0,0,2,0,2,2,1,1,4,3,1,2,0,2,0,0,0,0,0,0,0,0,0
C5120ST,18,302,District-Goalpara,Urban,50-59,14,7,7,1,0,1,1,0,1,1,0,1,3,2,1,0,0,0,1,1,0,4,2,2,3,2,1
C5120ST,18,302,District-Goalpara,Urban,60-69,15,6,9,3,1,2,3,1,2,1,0,1,4,1,3,0,0,0,0,0,0,3,2,1,1,1,0
C5120ST,18,302,District-Goalpara,Urban,70-79,17,8,9,5,2,3,1,0,1,0,0,0,7,4,3,0,0,0,0,0,0,2,0,2,2,2,0
C5120ST,18,302,District-Goalpara,Urban,80-89,9,2,7,2,0,2,2,1,1,0,0,0,2,0,2,1,0,1,0,0,0,1,0,1,1,1,0
C5120ST,18,302,District-Goalpara,Urban,90+,2,0,2,0,0,0,0,0,0,0,0,0,0,0,0,0,0,0,0,0,0,0,0,0,2,0,2
C5120ST,18,302,District-Goalpara,Urban,Age Not Stated,0,0,0,0,0,0,0,0,0,0,0,0,0,0,0,0,0,0,0,0,0,0,0,0,0,0,0
C5120ST,18,303,District-Barpeta,Total,Total,269,143,126,43,20,23,61,28,33,20,9,11,44,29,15,16,10,6,11,8,3,51,29,22,23,10,13
C5120ST,18,303,District-Barpeta,Total,0-4,10,6,4,3,1,2,2,1,1,0,0,0,1,1,0,0,0,0,0,0,0,3,2,1,1,1,0
C5120ST,18,303,District-Barpeta,Total,5-9,17,6,11,2,1,1,4,1,3,4,1,3,0,0,0,0,0,0,0,0,0,5,3,2,2,0,2
C5120ST,18,303,District-Barpeta,Total,10-19,48,24,24,6,2,4,12,3,9,6,4,2,9,6,3,3,2,1,1,1,0,9,4,5,2,2,0
C5120ST,18,303,District-Barpeta,Total,20-29,41,24,17,3,3,0,6,3,3,2,1,1,8,6,2,5,3,2,3,2,1,9,4,5,5,2,3
C5120ST,18,303,District-Barpeta,Total,30-39,46,30,16,7,4,3,7,3,4,4,2,2,10,8,2,3,3,0,4,3,1,9,7,2,2,0,2
C5120ST,18,303,District-Barpeta,Total,40-49,26,13,13,7,4,3,6,3,3,2,0,2,3,2,1,1,0,1,2,1,1,5,3,2,0,0,0
C5120ST,18,303,District-Barpeta,Total,50-59,31,13,18,6,1,5,7,1,6,1,1,0,6,1,5,3,2,1,1,1,0,4,4,0,3,2,1
C5120ST,18,303,District-Barpeta,Total,60-69,17,10,7,0,0,0,6,4,2,1,0,1,4,3,1,0,0,0,0,0,0,3,1,2,3,2,1
C5120ST,18,303,District-Barpeta,Total,70-79,22,11,11,7,3,4,6,5,1,0,0,0,3,2,1,1,0,1,0,0,0,3,1,2,2,0,2
C5120ST,18,303,District-Barpeta,Total,80-89,9,4,5,1,0,1,4,3,1,0,0,0,0,0,0,0,0,0,0,0,0,1,0,1,3,1,2
C5120ST,18,303,District-Barpeta,Total,90+,2,2,0,1,1,0,1,1,0,0,0,0,0,0,0,0,0,0,0,0,0,0,0,0,0,0,0
C5120ST,18,303,District-Barpeta,Total,Age Not Stated,0,0,0,0,0,0,0,0,0,0,0,0,0,0,0,0,0,0,0,0,0,0,0,0,0,0,0
C5120ST,18,303,District-Barpeta,Rural,Total,257,137,120,41,19,22,59,27,32,19,9,10,43,28,15,15,9,6,11,8,3,46,27,19,23,10,13
C5120ST,18,303,District-Barpeta,Rural,0-4,8,4,4,3,1,2,1,0,1,0,0,0,1,1,0,0,0,0,0,0,0,2,1,1,1,1,0
C5120ST,18,303,District-Barpeta,Rural,5-9,17,6,11,2,1,1,4,1,3,4,1,3,0,0,0,0,0,0,0,0,0,5,3,2,2,0,2
C5120ST,18,303,District-Barpeta,Rural,10-19,46,23,23,6,2,4,11,3,8,6,4,2,9,6,3,2,1,1,1,1,0,9,4,5,2,2,0
C5120ST,18,303,District-Barpeta,Rural,20-29,38,24,14,3,3,0,6,3,3,1,1,0,8,6,2,5,3,2,3,2,1,7,4,3,5,2,3
C5120ST,18,303,District-Barpeta,Rural,30-39,45,29,16,7,4,3,7,3,4,4,2,2,10,8,2,3,3,0,4,3,1,8,6,2,2,0,2
C5120ST,18,303,District-Barpeta,Rural,40-49,23,11,12,6,3,3,6,3,3,2,0,2,2,1,1,1,0,1,2,1,1,4,3,1,0,0,0
C5120ST,18,303,District-Barpeta,Rural,50-59,31,13,18,6,1,5,7,1,6,1,1,0,6,1,5,3,2,1,1,1,0,4,4,0,3,2,1
C5120ST,18,303,District-Barpeta,Rural,60-69,17,10,7,0,0,0,6,4,2,1,0,1,4,3,1,0,0,0,0,0,0,3,1,2,3,2,1
C5120ST,18,303,District-Barpeta,Rural,70-79,22,11,11,7,3,4,6,5,1,0,0,0,3,2,1,1,0,1,0,0,0,3,1,2,2,0,2
C5120ST,18,303,District-Barpeta,Rural,80-89,8,4,4,0,0,0,4,3,1,0,0,0,0,0,0,0,0,0,0,0,0,1,0,1,3,1,2
C5120ST,18,303,District-Barpeta,Rural,90+,2,2,0,1,1,0,1,1,0,0,0,0,0,0,0,0,0,0,0,0,0,0,0,0,0,0,0
C5120ST,18,303,District-Barpeta,Rural,Age Not Stated,0,0,0,0,0,0,0,0,0,0,0,0,0,0,0,0,0,0,0,0,0,0,0,0,0,0,0
C5120ST,18,303,District-Barpeta,Urban,Total,12,6,6,2,1,1,2,1,1,1,0,1,1,1,0,1,1,0,0,0,0,5,2,3,0,0,0
C5120ST,18,303,District-Barpeta,Urban,0-4,2,2,0,0,0,0,1,1,0,0,0,0,0,0,0,0,0,0,0,0,0,1,1,0,0,0,0
C5120ST,18,303,District-Barpeta,Urban,5-9,0,0,0,0,0,0,0,0,0,0,0,0,0,0,0,0,0,0,0,0,0,0,0,0,0,0,0
C5120ST,18,303,District-Barpeta,Urban,10-19,2,1,1,0,0,0,1,0,1,0,0,0,0,0,0,1,1,0,0,0,0,0,0,0,0,0,0
C5120ST,18,303,District-Barpeta,Urban,20-29,3,0,3,0,0,0,0,0,0,1,0,1,0,0,0,0,0,0,0,0,0,2,0,2,0,0,0
C5120ST,18,303,District-Barpeta,Urban,30-39,1,1,0,0,0,0,0,0,0,0,0,0,0,0,0,0,0,0,0,0,0,1,1,0,0,0,0
C5120ST,18,303,District-Barpeta,Urban,40-49,3,2,1,1,1,0,0,0,0,0,0,0,1,1,0,0,0,0,0,0,0,1,0,1,0,0,0
C5120ST,18,303,District-Barpeta,Urban,50-59,0,0,0,0,0,0,0,0,0,0,0,0,0,0,0,0,0,0,0,0,0,0,0,0,0,0,0
C5120ST,18,303,District-Barpeta,Urban,60-69,0,0,0,0,0,0,0,0,0,0,0,0,0,0,0,0,0,0,0,0,0,0,0,0,0,0,0
C5120ST,18,303,District-Barpeta,Urban,70-79,0,0,0,0,0,0,0,0,0,0,0,0,0,0,0,0,0,0,0,0,0,0,0,0,0,0,0
C5120ST,18,303,District-Barpeta,Urban,80-89,1,0,1,1,0,1,0,0,0,0,0,0,0,0,0,0,0,0,0,0,0,0,0,0,0,0,0
C5120ST,18,303,District-Barpeta,Urban,90+,0,0,0,0,0,0,0,0,0,0,0,0,0,0,0,0,0,0,0,0,0,0,0,0,0,0,0
C5120ST,18,303,District-Barpeta,Urban,Age Not Stated,0,0,0,0,0,0,0,0,0,0,0,0,0,0,0,0,0,0,0,0,0,0,0,0,0,0,0
C5120ST,18,304,District-Morigaon,Total,Total,2209,1123,1086,345,183,162,686,349,337,131,65,66,266,147,119,110,48,62,60,26,34,299,167,132,312,138,174
C5120ST,18,304,District-Morigaon,Total,0-4,95,52,43,12,6,6,40,21,19,0,0,0,9,4,5,4,2,2,0,0,0,25,17,8,5,2,3
C5120ST,18,304,District-Morigaon,Total,5-9,150,90,60,24,18,6,48,27,21,12,7,5,10,6,4,8,4,4,1,0,1,27,18,9,20,10,10
C5120ST,18,304,District-Morigaon,Total,10-19,326,180,146,47,26,21,115,61,54,31,18,13,37,21,16,18,9,9,5,3,2,44,25,19,29,17,12
C5120ST,18,304,District-Morigaon,Total,20-29,313,160,153,25,15,10,110,54,56,35,15,20,34,22,12,25,9,16,6,2,4,57,34,23,21,9,12
C5120ST,18,304,District-Morigaon,Total,30-39,287,136,151,26,14,12,93,45,48,15,7,8,38,20,18,21,12,9,19,7,12,49,21,28,26,10,16
C5120ST,18,304,District-Morigaon,Total,40-49,277,141,136,59,28,31,74,43,31,16,8,8,28,15,13,18,5,13,15,9,6,39,21,18,28,12,16
C5120ST,18,304,District-Morigaon,Total,50-59,207,110,97,43,20,23,56,29,27,10,2,8,36,26,10,9,5,4,9,3,6,15,11,4,29,14,15
C5120ST,18,304,District-Morigaon,Total,60-69,217,99,118,48,28,20,52,22,30,7,6,1,26,10,16,2,0,2,4,2,2,21,8,13,57,23,34
C5120ST,18,304,District-Morigaon,Total,70-79,203,94,109,50,22,28,44,21,23,1,0,1,31,15,16,5,2,3,1,0,1,16,7,9,55,27,28
C5120ST,18,304,District-Morigaon,Total,80-89,66,28,38,6,2,4,13,6,7,4,2,2,13,6,7,0,0,0,0,0,0,1,1,0,29,11,18
C5120ST,18,304,District-Morigaon,Total,90+,31,14,17,5,4,1,7,3,4,0,0,0,4,2,2,0,0,0,0,0,0,2,2,0,13,3,10
C5120ST,18,304,District-Morigaon,Total,Age Not Stated,37,19,18,0,0,0,34,17,17,0,0,0,0,0,0,0,0,0,0,0,0,3,2,1,0,0,0
C5120ST,18,304,District-Morigaon,Rural,Total,2096,1067,1029,312,171,141,656,332,324,125,63,62,254,141,113,107,46,61,57,24,33,281,158,123,304,132,172
C5120ST,18,304,District-Morigaon,Rural,0-4,93,50,43,12,6,6,39,20,19,0,0,0,9,4,5,4,2,2,0,0,0,24,16,8,5,2,3
C5120ST,18,304,District-Morigaon,Rural,5-9,146,88,58,22,17,5,46,26,20,12,7,5,10,6,4,8,4,4,1,0,1,27,18,9,20,10,10
C5120ST,18,304,District-Morigaon,Rural,10-19,308,169,139,44,24,20,110,59,51,28,16,12,34,19,15,18,9,9,5,3,2,42,24,18,27,15,12
C5120ST,18,304,District-Morigaon,Rural,20-29,295,149,146,21,12,9,105,49,56,33,15,18,33,21,12,24,8,16,6,2,4,52,33,19,21,9,12
C5120ST,18,304,District-Morigaon,Rural,30-39,274,130,144,26,14,12,90,43,47,15,7,8,35,19,16,19,11,8,17,6,11,47,20,27,25,10,15
C5120ST,18,304,District-Morigaon,Rural,40-49,259,132,127,53,27,26,72,42,30,16,8,8,27,15,12,18,5,13,14,8,6,35,18,17,24,9,15
C5120ST,18,304,District-Morigaon,Rural,50-59,189,105,84,34,19,15,52,28,24,10,2,8,34,25,9,9,5,4,9,3,6,13,10,3,28,13,15
C5120ST,18,304,District-Morigaon,Rural,60-69,207,94,113,45,26,19,48,20,28,7,6,1,24,9,15,2,0,2,4,2,2,20,8,12,57,23,34
C5120ST,18,304,District-Morigaon,Rural,70-79,194,89,105,45,20,25,41,19,22,1,0,1,31,15,16,5,2,3,1,0,1,15,6,9,55,27,28
C5120ST,18,304,District-Morigaon,Rural,80-89,64,28,36,5,2,3,13,6,7,3,2,1,13,6,7,0,0,0,0,0,0,1,1,0,29,11,18
C5120ST,18,304,District-Morigaon,Rural,90+,30,14,16,5,4,1,6,3,3,0,0,0,4,2,2,0,0,0,0,0,0,2,2,0,13,3,10
C5120ST,18,304,District-Morigaon,Rural,Age Not Stated,37,19,18,0,0,0,34,17,17,0,0,0,0,0,0,0,0,0,0,0,0,3,2,1,0,0,0
C5120ST,18,304,District-Morigaon,Urban,Total,113,56,57,33,12,21,30,17,13,6,2,4,12,6,6,3,2,1,3,2,1,18,9,9,8,6,2
C5120ST,18,304,District-Morigaon,Urban,0-4,2,2,0,0,0,0,1,1,0,0,0,0,0,0,0,0,0,0,0,0,0,1,1,0,0,0,0
C5120ST,18,304,District-Morigaon,Urban,5-9,4,2,2,2,1,1,2,1,1,0,0,0,0,0,0,0,0,0,0,0,0,0,0,0,0,0,0
C5120ST,18,304,District-Morigaon,Urban,10-19,18,11,7,3,2,1,5,2,3,3,2,1,3,2,1,0,0,0,0,0,0,2,1,1,2,2,0
C5120ST,18,304,District-Morigaon,Urban,20-29,18,11,7,4,3,1,5,5,0,2,0,2,1,1,0,1,1,0,0,0,0,5,1,4,0,0,0
C5120ST,18,304,District-Morigaon,Urban,30-39,13,6,7,0,0,0,3,2,1,0,0,0,3,1,2,2,1,1,2,1,1,2,1,1,1,0,1
C5120ST,18,304,District-Morigaon,Urban,40-49,18,9,9,6,1,5,2,1,1,0,0,0,1,0,1,0,0,0,1,1,0,4,3,1,4,3,1
C5120ST,18,304,District-Morigaon,Urban,50-59,18,5,13,9,1,8,4,1,3,0,0,0,2,1,1,0,0,0,0,0,0,2,1,1,1,1,0
C5120ST,18,304,District-Morigaon,Urban,60-69,10,5,5,3,2,1,4,2,2,0,0,0,2,1,1,0,0,0,0,0,0,1,0,1,0,0,0
C5120ST,18,304,District-Morigaon,Urban,70-79,9,5,4,5,2,3,3,2,1,0,0,0,0,0,0,0,0,0,0,0,0,1,1,0,0,0,0
C5120ST,18,304,District-Morigaon,Urban,80-89,2,0,2,1,0,1,0,0,0,1,0,1,0,0,0,0,0,0,0,0,0,0,0,0,0,0,0
C5120ST,18,304,District-Morigaon,Urban,90+,1,0,1,0,0,0,1,0,1,0,0,0,0,0,0,0,0,0,0,0,0,0,0,0,0,0,0
C5120ST,18,304,District-Morigaon,Urban,Age Not Stated,0,0,0,0,0,0,0,0,0,0,0,0,0,0,0,0,0,0,0,0,0,0,0,0,0,0,0
C5120ST,18,305,District-Nagaon,Total,Total,1665,847,818,325,149,176,414,216,198,130,71,59,273,143,130,61,38,23,48,27,21,190,98,92,224,105,119
C5120ST,18,305,District-Nagaon,Total,0-4,47,22,25,7,4,3,10,3,7,4,2,2,7,3,4,2,2,0,0,0,0,12,5,7,5,3,2
C5120ST,18,305,District-Nagaon,Total,5-9,115,55,60,13,6,7,29,13,16,18,10,8,13,6,7,2,1,1,0,0,0,22,12,10,18,7,11
C5120ST,18,305,District-Nagaon,Total,10-19,237,122,115,36,17,19,66,31,35,29,13,16,31,18,13,13,6,7,7,4,3,34,21,13,21,12,9
C5120ST,18,305,District-Nagaon,Total,20-29,213,102,111,34,15,19,53,26,27,22,12,10,30,13,17,11,6,5,12,5,7,32,16,16,19,9,10
C5120ST,18,305,District-Nagaon,Total,30-39,202,105,97,24,11,13,59,29,30,18,10,8,39,22,17,10,8,2,10,5,5,25,11,14,17,9,8
C5120ST,18,305,District-Nagaon,Total,40-49,190,109,81,33,18,15,42,22,20,23,14,9,39,25,14,9,8,1,7,6,1,21,7,14,16,9,7
C5120ST,18,305,District-Nagaon,Total,50-59,173,82,91,49,21,28,47,21,26,6,2,4,21,13,8,5,3,2,8,5,3,17,9,8,20,8,12
C5120ST,18,305,District-Nagaon,Total,60-69,227,112,115,76,34,42,44,29,15,5,4,1,37,16,21,4,0,4,4,2,2,15,8,7,42,19,23
C5120ST,18,305,District-Nagaon,Total,70-79,156,82,74,33,15,18,40,24,16,5,4,1,30,16,14,3,3,0,0,0,0,10,8,2,35,12,23
C5120ST,18,305,District-Nagaon,Total,80-89,75,42,33,14,5,9,14,13,1,0,0,0,18,7,11,1,1,0,0,0,0,1,0,1,27,16,11
C5120ST,18,305,District-Nagaon,Total,90+,30,14,16,6,3,3,10,5,5,0,0,0,8,4,4,1,0,1,0,0,0,1,1,0,4,1,3
C5120ST,18,305,District-Nagaon,Total,Age Not Stated,0,0,0,0,0,0,0,0,0,0,0,0,0,0,0,0,0,0,0,0,0,0,0,0,0,0,0
C5120ST,18,305,District-Nagaon,Rural,Total,1608,819,789,316,144,172,400,208,192,119,64,55,263,141,122,57,35,22,48,27,21,185,95,90,220,105,115
C5120ST,18,305,District-Nagaon,Rural,0-4,45,21,24,7,4,3,10,3,7,2,1,1,7,3,4,2,2,0,0,0,0,12,5,7,5,3,2
C5120ST,18,305,District-Nagaon,Rural,5-9,112,53,59,13,6,7,29,13,16,16,8,8,13,6,7,2,1,1,0,0,0,21,12,9,18,7,11
C5120ST,18,305,District-Nagaon,Rural,10-19,228,117,111,35,16,19,61,28,33,28,12,16,29,18,11,13,6,7,7,4,3,34,21,13,21,12,9
C5120ST,18,305,District-Nagaon,Rural,20-29,203,97,106,32,13,19,51,25,26,19,11,8,29,13,16,11,6,5,12,5,7,31,15,16,18,9,9
C5120ST,18,305,District-Nagaon,Rural,30-39,194,101,93,22,10,12,58,29,29,17,9,8,38,21,17,10,8,2,10,5,5,23,10,13,16,9,7
C5120ST,18,305,District-Nagaon,Rural,40-49,183,105,78,33,18,15,42,22,20,22,13,9,37,25,12,7,6,1,7,6,1,20,6,14,15,9,6
C5120ST,18,305,District-Nagaon,Rural,50-59,171,82,89,48,21,27,47,21,26,6,2,4,20,13,7,5,3,2,8,5,3,17,9,8,20,8,12
C5120ST,18,305,District-Nagaon,Rural,60-69,219,109,110,73,33,40,41,27,14,5,4,1,36,16,20,3,0,3,4,2,2,15,8,7,42,19,23
C5120ST,18,305,District-Nagaon,Rural,70-79,148,78,70,33,15,18,37,22,15,4,4,0,28,15,13,2,2,0,0,0,0,10,8,2,34,12,22
C5120ST,18,305,District-Nagaon,Rural,80-89,75,42,33,14,5,9,14,13,1,0,0,0,18,7,11,1,1,0,0,0,0,1,0,1,27,16,11
C5120ST,18,305,District-Nagaon,Rural,90+,30,14,16,6,3,3,10,5,5,0,0,0,8,4,4,1,0,1,0,0,0,1,1,0,4,1,3
C5120ST,18,305,District-Nagaon,Rural,Age Not Stated,0,0,0,0,0,0,0,0,0,0,0,0,0,0,0,0,0,0,0,0,0,0,0,0,0,0,0
C5120ST,18,305,District-Nagaon,Urban,Total,57,28,29,9,5,4,14,8,6,11,7,4,10,2,8,4,3,1,0,0,0,5,3,2,4,0,4
C5120ST,18,305,District-Nagaon,Urban,0-4,2,1,1,0,0,0,0,0,0,2,1,1,0,0,0,0,0,0,0,0,0,0,0,0,0,0,0
C5120ST,18,305,District-Nagaon,Urban,5-9,3,2,1,0,0,0,0,0,0,2,2,0,0,0,0,0,0,0,0,0,0,1,0,1,0,0,0
C5120ST,18,305,District-Nagaon,Urban,10-19,9,5,4,1,1,0,5,3,2,1,1,0,2,0,2,0,0,0,0,0,0,0,0,0,0,0,0
C5120ST,18,305,District-Nagaon,Urban,20-29,10,5,5,2,2,0,2,1,1,3,1,2,1,0,1,0,0,0,0,0,0,1,1,0,1,0,1
C5120ST,18,305,District-Nagaon,Urban,30-39,8,4,4,2,1,1,1,0,1,1,1,0,1,1,0,0,0,0,0,0,0,2,1,1,1,0,1
C5120ST,18,305,District-Nagaon,Urban,40-49,7,4,3,0,0,0,0,0,0,1,1,0,2,0,2,2,2,0,0,0,0,1,1,0,1,0,1
C5120ST,18,305,District-Nagaon,Urban,50-59,2,0,2,1,0,1,0,0,0,0,0,0,1,0,1,0,0,0,0,0,0,0,0,0,0,0,0
C5120ST,18,305,District-Nagaon,Urban,60-69,8,3,5,3,1,2,3,2,1,0,0,0,1,0,1,1,0,1,0,0,0,0,0,0,0,0,0
C5120ST,18,305,District-Nagaon,Urban,70-79,8,4,4,0,0,0,3,2,1,1,0,1,2,1,1,1,1,0,0,0,0,0,0,0,1,0,1
C5120ST,18,305,District-Nagaon,Urban,80-89,0,0,0,0,0,0,0,0,0,0,0,0,0,0,0,0,0,0,0,0,0,0,0,0,0,0,0
C5120ST,18,305,District-Nagaon,Urban,90+,0,0,0,0,0,0,0,0,0,0,0,0,0,0,0,0,0,0,0,0,0,0,0,0,0,0,0
C5120ST,18,305,District-Nagaon,Urban,Age Not Stated,0,0,0,0,0,0,0,0,0,0,0,0,0,0,0,0,0,0,0,0,0,0,0,0,0,0,0
C5120ST,18,306,District-Sonitpur,Total,Total,3316,1732,1584,475,256,219,611,306,305,234,124,110,393,214,179,136,71,65,91,53,38,1092,555,537,284,153,131
C5120ST,18,306,District-Sonitpur,Total,0-4,192,106,86,26,15,11,35,17,18,5,5,0,15,11,4,5,5,0,1,1,0,98,49,49,7,3,4
C5120ST,18,306,District-Sonitpur,Total,5-9,271,150,121,36,20,16,44,23,21,26,13,13,10,4,6,7,4,3,3,2,1,121,69,52,24,15,9
C5120ST,18,306,District-Sonitpur,Total,10-19,488,246,242,62,34,28,68,29,39,44,24,20,47,20,27,25,11,14,9,7,2,196,101,95,37,20,17
C5120ST,18,306,District-Sonitpur,Total,20-29,525,274,251,47,27,20,89,44,45,63,33,30,48,25,23,28,12,16,17,12,5,175,85,90,58,36,22
C5120ST,18,306,District-Sonitpur,Total,30-39,475,257,218,54,30,24,86,47,39,42,21,21,45,26,19,32,23,9,22,13,9,177,88,89,17,9,8
C5120ST,18,306,District-Sonitpur,Total,40-49,379,201,178,51,25,26,81,35,46,28,14,14,46,32,14,10,3,7,15,9,6,129,69,60,19,14,5
C5120ST,18,306,District-Sonitpur,Total,50-59,280,144,136,43,25,18,52,30,22,9,5,4,53,24,29,17,7,10,9,2,7,80,44,36,17,7,10
C5120ST,18,306,District-Sonitpur,Total,60-69,289,137,152,63,29,34,71,37,34,10,4,6,49,29,20,8,3,5,10,4,6,54,21,33,24,10,14
C5120ST,18,306,District-Sonitpur,Total,70-79,232,120,112,45,27,18,54,26,28,7,5,2,43,23,20,4,3,1,5,3,2,38,17,21,36,16,20
C5120ST,18,306,District-Sonitpur,Total,80-89,126,64,62,30,15,15,25,15,10,0,0,0,25,12,13,0,0,0,0,0,0,13,7,6,33,15,18
C5120ST,18,306,District-Sonitpur,Total,90+,57,33,24,18,9,9,6,3,3,0,0,0,11,8,3,0,0,0,0,0,0,11,5,6,11,8,3
C5120ST,18,306,District-Sonitpur,Total,Age Not Stated,2,0,2,0,0,0,0,0,0,0,0,0,1,0,1,0,0,0,0,0,0,0,0,0,1,0,1
C5120ST,18,306,District-Sonitpur,Rural,Total,3280,1713,1567,473,255,218,599,302,297,231,122,109,388,211,177,131,68,63,91,53,38,1087,552,535,280,150,130
C5120ST,18,306,District-Sonitpur,Rural,0-4,190,105,85,26,15,11,35,17,18,5,5,0,15,11,4,4,4,0,1,1,0,97,49,48,7,3,4
C5120ST,18,306,District-Sonitpur,Rural,5-9,266,146,120,36,20,16,43,22,21,24,12,12,10,4,6,7,4,3,3,2,1,121,69,52,22,13,9
C5120ST,18,306,District-Sonitpur,Rural,10-19,483,244,239,62,34,28,65,28,37,44,24,20,47,20,27,25,11,14,9,7,2,194,100,94,37,20,17
C5120ST,18,306,District-Sonitpur,Rural,20-29,514,270,244,47,27,20,82,42,40,62,32,30,47,25,22,28,12,16,17,12,5,174,84,90,57,36,21
C5120ST,18,306,District-Sonitpur,Rural,30-39,471,255,216,54,30,24,85,47,38,42,21,21,44,26,18,30,21,9,22,13,9,177,88,89,17,9,8
C5120ST,18,306,District-Sonitpur,Rural,40-49,377,200,177,51,25,26,81,35,46,28,14,14,45,31,14,9,3,6,15,9,6,129,69,60,19,14,5
C5120ST,18,306,District-Sonitpur,Rural,50-59,277,142,135,43,25,18,52,30,22,9,5,4,52,23,29,16,7,9,9,2,7,79,43,36,17,7,10
C5120ST,18,306,District-Sonitpur,Rural,60-69,287,136,151,61,28,33,71,37,34,10,4,6,49,29,20,8,3,5,10,4,6,54,21,33,24,10,14
C5120ST,18,306,District-Sonitpur,Rural,70-79,230,118,112,45,27,18,54,26,28,7,5,2,42,22,20,4,3,1,5,3,2,38,17,21,35,15,20
C5120ST,18,306,District-Sonitpur,Rural,80-89,126,64,62,30,15,15,25,15,10,0,0,0,25,12,13,0,0,0,0,0,0,13,7,6,33,15,18
C5120ST,18,306,District-Sonitpur,Rural,90+,57,33,24,18,9,9,6,3,3,0,0,0,11,8,3,0,0,0,0,0,0,11,5,6,11,8,3
C5120ST,18,306,District-Sonitpur,Rural,Age Not Stated,2,0,2,0,0,0,0,0,0,0,0,0,1,0,1,0,0,0,0,0,0,0,0,0,1,0,1
C5120ST,18,306,District-Sonitpur,Urban,Total,36,19,17,2,1,1,12,4,8,3,2,1,5,3,2,5,3,2,0,0,0,5,3,2,4,3,1
C5120ST,18,306,District-Sonitpur,Urban,0-4,2,1,1,0,0,0,0,0,0,0,0,0,0,0,0,1,1,0,0,0,0,1,0,1,0,0,0
C5120ST,18,306,District-Sonitpur,Urban,5-9,5,4,1,0,0,0,1,1,0,2,1,1,0,0,0,0,0,0,0,0,0,0,0,0,2,2,0
C5120ST,18,306,District-Sonitpur,Urban,10-19,5,2,3,0,0,0,3,1,2,0,0,0,0,0,0,0,0,0,0,0,0,2,1,1,0,0,0
C5120ST,18,306,District-Sonitpur,Urban,20-29,11,4,7,0,0,0,7,2,5,1,1,0,1,0,1,0,0,0,0,0,0,1,1,0,1,0,1
C5120ST,18,306,District-Sonitpur,Urban,30-39,4,2,2,0,0,0,1,0,1,0,0,0,1,0,1,2,2,0,0,0,0,0,0,0,0,0,0
C5120ST,18,306,District-Sonitpur,Urban,40-49,2,1,1,0,0,0,0,0,0,0,0,0,1,1,0,1,0,1,0,0,0,0,0,0,0,0,0
C5120ST,18,306,District-Sonitpur,Urban,50-59,3,2,1,0,0,0,0,0,0,0,0,0,1,1,0,1,0,1,0,0,0,1,1,0,0,0,0
C5120ST,18,306,District-Sonitpur,Urban,60-69,2,1,1,2,1,1,0,0,0,0,0,0,0,0,0,0,0,0,0,0,0,0,0,0,0,0,0
C5120ST,18,306,District-Sonitpur,Urban,70-79,2,2,0,0,0,0,0,0,0,0,0,0,1,1,0,0,0,0,0,0,0,0,0,0,1,1,0
C5120ST,18,306,District-Sonitpur,Urban,80-89,0,0,0,0,0,0,0,0,0,0,0,0,0,0,0,0,0,0,0,0,0,0,0,0,0,0,0
C5120ST,18,306,District-Sonitpur,Urban,90+,0,0,0,0,0,0,0,0,0,0,0,0,0,0,0,0,0,0,0,0,0,0,0,0,0,0,0
C5120ST,18,306,District-Sonitpur,Urban,Age Not Stated,0,0,0,0,0,0,0,0,0,0,0,0,0,0,0,0,0,0,0,0,0,0,0,0,0,0,0
C5120ST,18,307,District-Lakhimpur,Total,Total,2566,1362,1204,404,205,199,603,304,299,191,96,95,496,271,225,93,52,41,46,20,26,493,285,208,240,129,111
C5120ST,18,307,District-Lakhimpur,Total,0-4,88,43,45,10,4,6,24,11,13,2,1,1,4,3,1,6,3,3,1,1,0,40,19,21,1,1,0
C5120ST,18,307,District-Lakhimpur,Total,5-9,165,90,75,16,8,8,43,18,25,15,12,3,20,10,10,11,5,6,1,0,1,50,30,20,9,7,2
C5120ST,18,307,District-Lakhimpur,Total,10-19,352,197,155,33,13,20,76,39,37,57,33,24,66,42,24,11,8,3,3,0,3,75,44,31,31,18,13
C5120ST,18,307,District-Lakhimpur,Total,20-29,259,144,115,24,15,9,43,22,21,34,16,18,45,27,18,11,6,5,9,3,6,67,41,26,26,14,12
C5120ST,18,307,District-Lakhimpur,Total,30-39,287,171,116,34,18,16,59,36,23,26,10,16,59,40,19,19,12,7,7,5,2,64,38,26,19,12,7
C5120ST,18,307,District-Lakhimpur,Total,40-49,296,170,126,56,39,17,71,41,30,24,12,12,54,30,24,21,8,13,6,3,3,46,27,19,18,10,8
C5120ST,18,307,District-Lakhimpur,Total,50-59,305,168,137,60,26,34,71,36,35,15,4,11,66,38,28,9,7,2,8,3,5,55,41,14,21,13,8
C5120ST,18,307,District-Lakhimpur,Total,60-69,392,183,209,77,38,39,110,45,65,13,6,7,92,40,52,3,2,1,5,2,3,46,23,23,46,27,19
C5120ST,18,307,District-Lakhimpur,Total,70-79,273,133,140,61,31,30,67,36,31,3,1,2,56,29,27,1,0,1,4,2,2,40,18,22,41,16,25
C5120ST,18,307,District-Lakhimpur,Total,80-89,106,47,59,24,9,15,29,16,13,2,1,1,24,9,15,1,1,0,2,1,1,7,3,4,17,7,10
C5120ST,18,307,District-Lakhimpur,Total,90+,43,16,27,9,4,5,10,4,6,0,0,0,10,3,7,0,0,0,0,0,0,3,1,2,11,4,7
C5120ST,18,307,District-Lakhimpur,Total,Age Not Stated,0,0,0,0,0,0,0,0,0,0,0,0,0,0,0,0,0,0,0,0,0,0,0,0,0,0,0
C5120ST,18,307,District-Lakhimpur,Rural,Total,2477,1308,1169,388,198,190,594,299,295,172,85,87,476,259,217,88,49,39,46,20,26,480,276,204,233,122,111
C5120ST,18,307,District-Lakhimpur,Rural,0-4,87,42,45,10,4,6,24,11,13,2,1,1,4,3,1,6,3,3,1,1,0,39,18,21,1,1,0
C5120ST,18,307,District-Lakhimpur,Rural,5-9,160,87,73,15,8,7,43,18,25,14,11,3,19,9,10,10,5,5,1,0,1,50,30,20,8,6,2
C5120ST,18,307,District-Lakhimpur,Rural,10-19,332,185,147,27,11,16,75,39,36,51,29,22,61,38,23,10,7,3,3,0,3,74,43,31,31,18,13
C5120ST,18,307,District-Lakhimpur,Rural,20-29,245,137,108,24,15,9,42,22,20,31,15,16,43,26,17,9,5,4,9,3,6,64,40,24,23,11,12
C5120ST,18,307,District-Lakhimpur,Rural,30-39,279,165,114,31,16,15,58,35,23,25,10,15,57,38,19,19,12,7,7,5,2,63,37,26,19,12,7
C5120ST,18,307,District-Lakhimpur,Rural,40-49,283,162,121,54,37,17,69,40,29,19,9,10,52,29,23,21,8,13,6,3,3,45,27,18,17,9,8
C5120ST,18,307,District-Lakhimpur,Rural,50-59,295,163,132,59,26,33,70,36,34,13,3,10,63,37,26,8,6,2,8,3,5,53,39,14,21,13,8
C5120ST,18,307,District-Lakhimpur,Rural,60-69,382,176,206,76,38,38,108,43,65,12,5,7,89,38,51,3,2,1,5,2,3,44,22,22,45,26,19
C5120ST,18,307,District-Lakhimpur,Rural,70-79,270,131,139,59,30,29,67,36,31,3,1,2,56,29,27,1,0,1,4,2,2,39,17,22,41,16,25
C5120ST,18,307,District-Lakhimpur,Rural,80-89,101,44,57,24,9,15,28,15,13,2,1,1,22,9,13,1,1,0,2,1,1,6,2,4,16,6,10
C5120ST,18,307,District-Lakhimpur,Rural,90+,43,16,27,9,4,5,10,4,6,0,0,0,10,3,7,0,0,0,0,0,0,3,1,2,11,4,7
C5120ST,18,307,District-Lakhimpur,Rural,Age Not Stated,0,0,0,0,0,0,0,0,0,0,0,0,0,0,0,0,0,0,0,0,0,0,0,0,0,0,0
C5120ST,18,307,District-Lakhimpur,Urban,Total,89,54,35,16,7,9,9,5,4,19,11,8,20,12,8,5,3,2,0,0,0,13,9,4,7,7,0
C5120ST,18,307,District-Lakhimpur,Urban,0-4,1,1,0,0,0,0,0,0,0,0,0,0,0,0,0,0,0,0,0,0,0,1,1,0,0,0,0
C5120ST,18,307,District-Lakhimpur,Urban,5-9,5,3,2,1,0,1,0,0,0,1,1,0,1,1,0,1,0,1,0,0,0,0,0,0,1,1,0
C5120ST,18,307,District-Lakhimpur,Urban,10-19,20,12,8,6,2,4,1,0,1,6,4,2,5,4,1,1,1,0,0,0,0,1,1,0,0,0,0
C5120ST,18,307,District-Lakhimpur,Urban,20-29,14,7,7,0,0,0,1,0,1,3,1,2,2,1,1,2,1,1,0,0,0,3,1,2,3,3,0
C5120ST,18,307,District-Lakhimpur,Urban,30-39,8,6,2,3,2,1,1,1,0,1,0,1,2,2,0,0,0,0,0,0,0,1,1,0,0,0,0
C5120ST,18,307,District-Lakhimpur,Urban,40-49,13,8,5,2,2,0,2,1,1,5,3,2,2,1,1,0,0,0,0,0,0,1,0,1,1,1,0
C5120ST,18,307,District-Lakhimpur,Urban,50-59,10,5,5,1,0,1,1,0,1,2,1,1,3,1,2,1,1,0,0,0,0,2,2,0,0,0,0
C5120ST,18,307,District-Lakhimpur,Urban,60-69,10,7,3,1,0,1,2,2,0,1,1,0,3,2,1,0,0,0,0,0,0,2,1,1,1,1,0
C5120ST,18,307,District-Lakhimpur,Urban,70-79,3,2,1,2,1,1,0,0,0,0,0,0,0,0,0,0,0,0,0,0,0,1,1,0,0,0,0
C5120ST,18,307,District-Lakhimpur,Urban,80-89,5,3,2,0,0,0,1,1,0,0,0,0,2,0,2,0,0,0,0,0,0,1,1,0,1,1,0
C5120ST,18,307,District-Lakhimpur,Urban,90+,0,0,0,0,0,0,0,0,0,0,0,0,0,0,0,0,0,0,0,0,0,0,0,0,0,0,0
C5120ST,18,307,District-Lakhimpur,Urban,Age Not Stated,0,0,0,0,0,0,0,0,0,0,0,0,0,0,0,0,0,0,0,0,0,0,0,0,0,0,0
C5120ST,18,308,District-Dhemaji,Total,Total,3463,1857,1606,523,263,260,1062,575,487,204,121,83,557,320,237,167,83,84,86,45,41,586,313,273,278,137,141
C5120ST,18,308,District-Dhemaji,Total,0-4,210,116,94,33,12,21,75,45,30,4,2,2,26,16,10,8,6,2,0,0,0,52,29,23,12,6,6
C5120ST,18,308,District-Dhemaji,Total,5-9,282,142,140,42,23,19,91,42,49,29,16,13,25,13,12,16,10,6,4,2,2,55,28,27,20,8,12
C5120ST,18,308,District-Dhemaji,Total,10-19,608,321,287,94,51,43,170,89,81,49,31,18,77,43,34,26,10,16,13,8,5,128,65,63,51,24,27
C5120ST,18,308,District-Dhemaji,Total,20-29,578,315,263,79,42,37,162,88,74,42,26,16,98,57,41,35,20,15,20,10,10,108,52,56,34,20,14
C5120ST,18,308,District-Dhemaji,Total,30-39,424,233,191,54,31,23,119,63,56,28,19,9,67,34,33,31,14,17,20,12,8,73,46,27,32,14,18
C5120ST,18,308,District-Dhemaji,Total,40-49,374,223,151,42,26,16,127,74,53,17,11,6,72,47,25,23,13,10,15,5,10,55,32,23,23,15,8
C5120ST,18,308,District-Dhemaji,Total,50-59,300,181,119,47,26,21,97,58,39,16,6,10,51,36,15,12,4,8,9,5,4,42,29,13,26,17,9
C5120ST,18,308,District-Dhemaji,Total,60-69,297,145,152,57,19,38,103,49,54,9,5,4,59,39,20,7,2,5,2,1,1,33,15,18,27,15,12
C5120ST,18,308,District-Dhemaji,Total,70-79,242,121,121,51,23,28,77,44,33,8,4,4,52,24,28,6,3,3,2,2,0,27,12,15,19,9,10
C5120ST,18,308,District-Dhemaji,Total,80-89,110,44,66,20,9,11,31,18,13,2,1,1,22,7,15,3,1,2,1,0,1,9,3,6,22,5,17
C5120ST,18,308,District-Dhemaji,Total,90+,34,14,20,4,1,3,8,5,3,0,0,0,6,2,4,0,0,0,0,0,0,4,2,2,12,4,8
C5120ST,18,308,District-Dhemaji,Total,Age Not Stated,4,2,2,0,0,0,2,0,2,0,0,0,2,2,0,0,0,0,0,0,0,0,0,0,0,0,0
C5120ST,18,308,District-Dhemaji,Rural,Total,3397,1817,1580,514,257,257,1059,573,486,197,115,82,543,310,233,163,82,81,82,42,40,566,303,263,273,135,138
C5120ST,18,308,District-Dhemaji,Rural,0-4,206,114,92,33,12,21,75,45,30,4,2,2,24,14,10,8,6,2,0,0,0,50,29,21,12,6,6
C5120ST,18,308,District-Dhemaji,Rural,5-9,278,139,139,42,23,19,91,42,49,27,14,13,25,13,12,15,10,5,4,2,2,54,27,27,20,8,12
C5120ST,18,308,District-Dhemaji,Rural,10-19,595,312,283,91,48,43,169,89,80,47,29,18,76,42,34,25,9,16,12,7,5,127,65,62,48,23,25
C5120ST,18,308,District-Dhemaji,Rural,20-29,561,307,254,77,41,36,161,87,74,40,24,16,95,56,39,34,20,14,18,9,9,102,50,52,34,20,14
C5120ST,18,308,District-Dhemaji,Rural,30-39,415,228,187,54,31,23,119,63,56,28,19,9,66,33,33,30,14,16,19,11,8,67,43,24,32,14,18
C5120ST,18,308,District-Dhemaji,Rural,40-49,372,222,150,42,26,16,127,74,53,17,11,6,72,47,25,23,13,10,15,5,10,54,31,23,22,15,7
C5120ST,18,308,District-Dhemaji,Rural,50-59,292,176,116,46,25,21,97,58,39,15,6,9,48,35,13,12,4,8,9,5,4,40,27,13,25,16,9
C5120ST,18,308,District-Dhemaji,Rural,60-69,293,142,151,55,18,37,103,49,54,9,5,4,58,38,20,7,2,5,2,1,1,32,14,18,27,15,12
C5120ST,18,308,District-Dhemaji,Rural,70-79,240,119,121,51,23,28,77,44,33,8,4,4,50,22,28,6,3,3,2,2,0,27,12,15,19,9,10
C5120ST,18,308,District-Dhemaji,Rural,80-89,108,43,65,19,9,10,30,17,13,2,1,1,22,7,15,3,1,2,1,0,1,9,3,6,22,5,17
C5120ST,18,308,District-Dhemaji,Rural,90+,34,14,20,4,1,3,8,5,3,0,0,0,6,2,4,0,0,0,0,0,0,4,2,2,12,4,8
C5120ST,18,308,District-Dhemaji,Rural,Age Not Stated,3,1,2,0,0,0,2,0,2,0,0,0,1,1,0,0,0,0,0,0,0,0,0,0,0,0,0
C5120ST,18,308,District-Dhemaji,Urban,Total,66,40,26,9,6,3,3,2,1,7,6,1,14,10,4,4,1,3,4,3,1,20,10,10,5,2,3
C5120ST,18,308,District-Dhemaji,Urban,0-4,4,2,2,0,0,0,0,0,0,0,0,0,2,2,0,0,0,0,0,0,0,2,0,2,0,0,0
C5120ST,18,308,District-Dhemaji,Urban,5-9,4,3,1,0,0,0,0,0,0,2,2,0,0,0,0,1,0,1,0,0,0,1,1,0,0,0,0
C5120ST,18,308,District-Dhemaji,Urban,10-19,13,9,4,3,3,0,1,0,1,2,2,0,1,1,0,1,1,0,1,1,0,1,0,1,3,1,2
C5120ST,18,308,District-Dhemaji,Urban,20-29,17,8,9,2,1,1,1,1,0,2,2,0,3,1,2,1,0,1,2,1,1,6,2,4,0,0,0
C5120ST,18,308,District-Dhemaji,Urban,30-39,9,5,4,0,0,0,0,0,0,0,0,0,1,1,0,1,0,1,1,1,0,6,3,3,0,0,0
C5120ST,18,308,District-Dhemaji,Urban,40-49,2,1,1,0,0,0,0,0,0,0,0,0,0,0,0,0,0,0,0,0,0,1,1,0,1,0,1
C5120ST,18,308,District-Dhemaji,Urban,50-59,8,5,3,1,1,0,0,0,0,1,0,1,3,1,2,0,0,0,0,0,0,2,2,0,1,1,0
C5120ST,18,308,District-Dhemaji,Urban,60-69,4,3,1,2,1,1,0,0,0,0,0,0,1,1,0,0,0,0,0,0,0,1,1,0,0,0,0
C5120ST,18,308,District-Dhemaji,Urban,70-79,2,2,0,0,0,0,0,0,0,0,0,0,2,2,0,0,0,0,0,0,0,0,0,0,0,0,0
C5120ST,18,308,District-Dhemaji,Urban,80-89,2,1,1,1,0,1,1,1,0,0,0,0,0,0,0,0,0,0,0,0,0,0,0,0,0,0,0
C5120ST,18,308,District-Dhemaji,Urban,90+,0,0,0,0,0,0,0,0,0,0,0,0,0,0,0,0,0,0,0,0,0,0,0,0,0,0,0
C5120ST,18,308,District-Dhemaji,Urban,Age Not Stated,1,1,0,0,0,0,0,0,0,0,0,0,1,1,0,0,0,0,0,0,0,0,0,0,0,0,0
C5120ST,18,309,District-Tinsukia,Total,Total,1058,575,483,159,82,77,249,130,119,104,57,47,149,90,59,61,34,27,27,19,8,180,97,83,129,66,63
C5120ST,18,309,District-Tinsukia,Total,0-4,37,16,21,3,2,1,10,4,6,0,0,0,3,1,2,4,3,1,0,0,0,14,5,9,3,1,2
C5120ST,18,309,District-Tinsukia,Total,5-9,72,39,33,7,5,2,10,6,4,12,6,6,4,1,3,8,5,3,0,0,0,19,8,11,12,8,4
C5120ST,18,309,District-Tinsukia,Total,10-19,152,83,69,22,11,11,27,16,11,16,7,9,14,8,6,6,4,2,4,1,3,41,26,15,22,10,12
C5120ST,18,309,District-Tinsukia,Total,20-29,140,70,70,17,9,8,40,16,24,29,15,14,9,8,1,12,6,6,5,4,1,22,11,11,6,1,5
C5120ST,18,309,District-Tinsukia,Total,30-39,147,86,61,25,12,13,33,17,16,17,11,6,23,16,7,12,7,5,4,3,1,24,14,10,9,6,3
C5120ST,18,309,District-Tinsukia,Total,40-49,132,86,46,26,19,7,32,18,14,13,8,5,13,7,6,7,5,2,6,5,1,24,15,9,11,9,2
C5120ST,18,309,District-Tinsukia,Total,50-59,100,51,49,17,6,11,24,14,10,8,4,4,15,11,4,7,3,4,3,2,1,12,8,4,14,3,11
C5120ST,18,309,District-Tinsukia,Total,60-69,101,55,46,19,7,12,25,12,13,5,4,1,27,17,10,1,0,1,2,2,0,9,2,7,13,11,2
C5120ST,18,309,District-Tinsukia,Total,70-79,105,51,54,11,4,7,34,19,15,3,2,1,20,9,11,4,1,3,3,2,1,11,7,4,19,7,12
C5120ST,18,309,District-Tinsukia,Total,80-89,55,27,28,11,7,4,12,6,6,1,0,1,17,10,7,0,0,0,0,0,0,4,1,3,10,3,7
C5120ST,18,309,District-Tinsukia,Total,90+,17,11,6,1,0,1,2,2,0,0,0,0,4,2,2,0,0,0,0,0,0,0,0,0,10,7,3
C5120ST,18,309,District-Tinsukia,Total,Age Not Stated,0,0,0,0,0,0,0,0,0,0,0,0,0,0,0,0,0,0,0,0,0,0,0,0,0,0,0
C5120ST,18,309,District-Tinsukia,Rural,Total,994,537,457,146,75,71,240,125,115,91,48,43,138,83,55,56,30,26,27,19,8,175,95,80,121,62,59
C5120ST,18,309,District-Tinsukia,Rural,0-4,37,16,21,3,2,1,10,4,6,0,0,0,3,1,2,4,3,1,0,0,0,14,5,9,3,1,2
C5120ST,18,309,District-Tinsukia,Rural,5-9,68,36,32,7,5,2,10,6,4,11,5,6,4,1,3,8,5,3,0,0,0,18,8,10,10,6,4
C5120ST,18,309,District-Tinsukia,Rural,10-19,144,80,64,21,10,11,27,16,11,14,7,7,12,7,5,5,3,2,4,1,3,40,26,14,21,10,11
C5120ST,18,309,District-Tinsukia,Rural,20-29,131,63,68,15,8,7,40,16,24,25,11,14,9,8,1,9,4,5,5,4,1,22,11,11,6,1,5
C5120ST,18,309,District-Tinsukia,Rural,30-39,142,83,59,22,10,12,33,17,16,16,10,6,23,16,7,12,7,5,4,3,1,24,14,10,8,6,2
C5120ST,18,309,District-Tinsukia,Rural,40-49,118,79,39,25,19,6,27,14,13,12,8,4,9,5,4,6,4,2,6,5,1,23,15,8,10,9,1
C5120ST,18,309,District-Tinsukia,Rural,50-59,91,45,46,16,6,10,23,14,9,5,2,3,12,8,4,7,3,4,3,2,1,11,7,4,14,3,11
C5120ST,18,309,District-Tinsukia,Rural,60-69,96,52,44,17,6,11,24,11,13,4,3,1,26,17,9,1,0,1,2,2,0,9,2,7,13,11,2
C5120ST,18,309,District-Tinsukia,Rural,70-79,101,49,52,10,3,7,32,19,13,3,2,1,20,9,11,4,1,3,3,2,1,10,6,4,19,7,12
C5120ST,18,309,District-Tinsukia,Rural,80-89,51,25,26,9,6,3,12,6,6,1,0,1,16,9,7,0,0,0,0,0,0,4,1,3,9,3,6
C5120ST,18,309,District-Tinsukia,Rural,90+,15,9,6,1,0,1,2,2,0,0,0,0,4,2,2,0,0,0,0,0,0,0,0,0,8,5,3
C5120ST,18,309,District-Tinsukia,Rural,Age Not Stated,0,0,0,0,0,0,0,0,0,0,0,0,0,0,0,0,0,0,0,0,0,0,0,0,0,0,0
C5120ST,18,309,District-Tinsukia,Urban,Total,64,38,26,13,7,6,9,5,4,13,9,4,11,7,4,5,4,1,0,0,0,5,2,3,8,4,4
C5120ST,18,309,District-Tinsukia,Urban,0-4,0,0,0,0,0,0,0,0,0,0,0,0,0,0,0,0,0,0,0,0,0,0,0,0,0,0,0
C5120ST,18,309,District-Tinsukia,Urban,5-9,4,3,1,0,0,0,0,0,0,1,1,0,0,0,0,0,0,0,0,0,0,1,0,1,2,2,0
C5120ST,18,309,District-Tinsukia,Urban,10-19,8,3,5,1,1,0,0,0,0,2,0,2,2,1,1,1,1,0,0,0,0,1,0,1,1,0,1
C5120ST,18,309,District-Tinsukia,Urban,20-29,9,7,2,2,1,1,0,0,0,4,4,0,0,0,0,3,2,1,0,0,0,0,0,0,0,0,0
C5120ST,18,309,District-Tinsukia,Urban,30-39,5,3,2,3,2,1,0,0,0,1,1,0,0,0,0,0,0,0,0,0,0,0,0,0,1,0,1
C5120ST,18,309,District-Tinsukia,Urban,40-49,14,7,7,1,0,1,5,4,1,1,0,1,4,2,2,1,1,0,0,0,0,1,0,1,1,0,1
C5120ST,18,309,District-Tinsukia,Urban,50-59,9,6,3,1,0,1,1,0,1,3,2,1,3,3,0,0,0,0,0,0,0,1,1,0,0,0,0
C5120ST,18,309,District-Tinsukia,Urban,60-69,5,3,2,2,1,1,1,1,0,1,1,0,1,0,1,0,0,0,0,0,0,0,0,0,0,0,0
C5120ST,18,309,District-Tinsukia,Urban,70-79,4,2,2,1,1,0,2,0,2,0,0,0,0,0,0,0,0,0,0,0,0,1,1,0,0,0,0
C5120ST,18,309,District-Tinsukia,Urban,80-89,4,2,2,2,1,1,0,0,0,0,0,0,1,1,0,0,0,0,0,0,0,0,0,0,1,0,1
C5120ST,18,309,District-Tinsukia,Urban,90+,2,2,0,0,0,0,0,0,0,0,0,0,0,0,0,0,0,0,0,0,0,0,0,0,2,2,0
C5120ST,18,309,District-Tinsukia,Urban,Age Not Stated,0,0,0,0,0,0,0,0,0,0,0,0,0,0,0,0,0,0,0,0,0,0,0,0,0,0,0
C5120ST,18,310,District-Dibrugarh,Total,Total,1727,913,814,305,147,158,419,207,212,145,77,68,284,171,113,74,42,32,47,23,24,291,160,131,162,86,76
C5120ST,18,310,District-Dibrugarh,Total,0-4,44,27,17,6,5,1,16,10,6,1,1,0,2,0,2,3,1,2,0,0,0,15,9,6,1,1,0
C5120ST,18,310,District-Dibrugarh,Total,5-9,85,40,45,17,6,11,16,6,10,16,10,6,8,5,3,5,3,2,0,0,0,11,5,6,12,5,7
C5120ST,18,310,District-Dibrugarh,Total,10-19,240,126,114,39,16,23,53,20,33,30,19,11,16,10,6,17,11,6,6,3,3,54,33,21,25,14,11
C5120ST,18,310,District-Dibrugarh,Total,20-29,246,132,114,26,14,12,54,27,27,37,17,20,31,18,13,12,8,4,8,4,4,43,24,19,35,20,15
C5120ST,18,310,District-Dibrugarh,Total,30-39,269,129,140,42,19,23,67,34,33,20,9,11,52,27,25,15,7,8,6,2,4,53,22,31,14,9,5
C5120ST,18,310,District-Dibrugarh,Total,40-49,228,131,97,43,24,19,51,29,22,16,9,7,41,26,15,8,5,3,14,8,6,38,23,15,17,7,10
C5120ST,18,310,District-Dibrugarh,Total,50-59,175,104,71,29,18,11,45,24,21,12,6,6,46,31,15,6,3,3,7,3,4,23,13,10,7,6,1
C5120ST,18,310,District-Dibrugarh,Total,60-69,213,104,109,55,20,35,48,28,20,10,5,5,43,26,17,5,2,3,4,2,2,30,15,15,18,6,12
C5120ST,18,310,District-Dibrugarh,Total,70-79,144,79,65,36,22,14,41,14,27,2,1,1,33,20,13,2,2,0,1,1,0,11,9,2,18,10,8
C5120ST,18,310,District-Dibrugarh,Total,80-89,68,34,34,11,3,8,24,14,10,1,0,1,9,6,3,1,0,1,1,0,1,10,6,4,11,5,6
C5120ST,18,310,District-Dibrugarh,Total,90+,15,7,8,1,0,1,4,1,3,0,0,0,3,2,1,0,0,0,0,0,0,3,1,2,4,3,1
C5120ST,18,310,District-Dibrugarh,Total,Age Not Stated,0,0,0,0,0,0,0,0,0,0,0,0,0,0,0,0,0,0,0,0,0,0,0,0,0,0,0
C5120ST,18,310,District-Dibrugarh,Rural,Total,1617,854,763,296,144,152,389,193,196,133,69,64,266,158,108,62,36,26,43,22,21,272,149,123,156,83,73
C5120ST,18,310,District-Dibrugarh,Rural,0-4,41,25,16,6,5,1,14,8,6,1,1,0,2,0,2,3,1,2,0,0,0,14,9,5,1,1,0
C5120ST,18,310,District-Dibrugarh,Rural,5-9,77,37,40,16,6,10,14,6,8,16,10,6,8,5,3,3,2,1,0,0,0,10,4,6,10,4,6
C5120ST,18,310,District-Dibrugarh,Rural,10-19,221,114,107,37,15,22,47,17,30,28,17,11,15,9,6,13,8,5,6,3,3,51,32,19,24,13,11
C5120ST,18,310,District-Dibrugarh,Rural,20-29,222,120,102,23,13,10,49,25,24,34,15,19,28,16,12,10,7,3,7,4,3,37,21,16,34,19,15
C5120ST,18,310,District-Dibrugarh,Rural,30-39,251,123,128,41,19,22,61,33,28,18,8,10,50,25,25,13,7,6,6,2,4,49,20,29,13,9,4
C5120ST,18,310,District-Dibrugarh,Rural,40-49,215,123,92,42,24,18,47,27,20,13,7,6,38,24,14,7,4,3,14,8,6,37,22,15,17,7,10
C5120ST,18,310,District-Dibrugarh,Rural,50-59,163,95,68,28,17,11,42,22,20,11,6,5,43,28,15,6,3,3,5,2,3,21,11,10,7,6,1
C5120ST,18,310,District-Dibrugarh,Rural,60-69,205,100,105,55,20,35,48,28,20,9,4,5,39,24,15,4,2,2,3,2,1,29,14,15,18,6,12
C5120ST,18,310,District-Dibrugarh,Rural,70-79,141,77,64,36,22,14,39,12,27,2,1,1,33,20,13,2,2,0,1,1,0,11,9,2,17,10,7
C5120ST,18,310,District-Dibrugarh,Rural,80-89,66,33,33,11,3,8,24,14,10,1,0,1,7,5,2,1,0,1,1,0,1,10,6,4,11,5,6
C5120ST,18,310,District-Dibrugarh,Rural,90+,15,7,8,1,0,1,4,1,3,0,0,0,3,2,1,0,0,0,0,0,0,3,1,2,4,3,1
C5120ST,18,310,District-Dibrugarh,Rural,Age Not Stated,0,0,0,0,0,0,0,0,0,0,0,0,0,0,0,0,0,0,0,0,0,0,0,0,0,0,0
C5120ST,18,310,District-Dibrugarh,Urban,Total,110,59,51,9,3,6,30,14,16,12,8,4,18,13,5,12,6,6,4,1,3,19,11,8,6,3,3
C5120ST,18,310,District-Dibrugarh,Urban,0-4,3,2,1,0,0,0,2,2,0,0,0,0,0,0,0,0,0,0,0,0,0,1,0,1,0,0,0
C5120ST,18,310,District-Dibrugarh,Urban,5-9,8,3,5,1,0,1,2,0,2,0,0,0,0,0,0,2,1,1,0,0,0,1,1,0,2,1,1
C5120ST,18,310,District-Dibrugarh,Urban,10-19,19,12,7,2,1,1,6,3,3,2,2,0,1,1,0,4,3,1,0,0,0,3,1,2,1,1,0
C5120ST,18,310,District-Dibrugarh,Urban,20-29,24,12,12,3,1,2,5,2,3,3,2,1,3,2,1,2,1,1,1,0,1,6,3,3,1,1,0
C5120ST,18,310,District-Dibrugarh,Urban,30-39,18,6,12,1,0,1,6,1,5,2,1,1,2,2,0,2,0,2,0,0,0,4,2,2,1,0,1
C5120ST,18,310,District-Dibrugarh,Urban,40-49,13,8,5,1,0,1,4,2,2,3,2,1,3,2,1,1,1,0,0,0,0,1,1,0,0,0,0
C5120ST,18,310,District-Dibrugarh,Urban,50-59,12,9,3,1,1,0,3,2,1,1,0,1,3,3,0,0,0,0,2,1,1,2,2,0,0,0,0
C5120ST,18,310,District-Dibrugarh,Urban,60-69,8,4,4,0,0,0,0,0,0,1,1,0,4,2,2,1,0,1,1,0,1,1,1,0,0,0,0
C5120ST,18,310,District-Dibrugarh,Urban,70-79,3,2,1,0,0,0,2,2,0,0,0,0,0,0,0,0,0,0,0,0,0,0,0,0,1,0,1
C5120ST,18,310,District-Dibrugarh,Urban,80-89,2,1,1,0,0,0,0,0,0,0,0,0,2,1,1,0,0,0,0,0,0,0,0,0,0,0,0
C5120ST,18,310,District-Dibrugarh,Urban,90+,0,0,0,0,0,0,0,0,0,0,0,0,0,0,0,0,0,0,0,0,0,0,0,0,0,0,0
C5120ST,18,310,District-Dibrugarh,Urban,Age Not Stated,0,0,0,0,0,0,0,0,0,0,0,0,0,0,0,0,0,0,0,0,0,0,0,0,0,0,0
C5120ST,18,311,District-Sivasagar,Total,Total,725,388,337,146,65,81,217,111,106,53,35,18,114,72,42,22,11,11,16,11,5,81,43,38,76,40,36
C5120ST,18,311,District-Sivasagar,Total,0-4,28,14,14,1,0,1,13,6,7,1,1,0,3,3,0,3,0,3,0,0,0,5,3,2,2,1,1
C5120ST,18,311,District-Sivasagar,Total,5-9,65,39,26,12,7,5,22,12,10,9,6,3,6,4,2,0,0,0,0,0,0,7,3,4,9,7,2
C5120ST,18,311,District-Sivasagar,Total,10-19,126,74,52,12,7,5,40,21,19,16,14,2,15,8,7,6,5,1,3,2,1,20,10,10,14,7,7
C5120ST,18,311,District-Sivasagar,Total,20-29,89,46,43,8,2,6,28,17,11,9,4,5,11,5,6,3,2,1,1,1,0,20,10,10,9,5,4
C5120ST,18,311,District-Sivasagar,Total,30-39,71,34,37,13,5,8,18,5,13,7,4,3,14,7,7,3,1,2,5,5,0,4,2,2,7,5,2
C5120ST,18,311,District-Sivasagar,Total,40-49,76,46,30,23,12,11,15,8,7,2,1,1,18,15,3,3,1,2,1,0,1,7,5,2,7,4,3
C5120ST,18,311,District-Sivasagar,Total,50-59,83,40,43,26,11,15,19,7,12,3,3,0,17,11,6,2,0,2,3,2,1,7,5,2,6,1,5
C5120ST,18,311,District-Sivasagar,Total,60-69,81,40,41,27,11,16,22,13,9,3,1,2,14,9,5,1,1,0,1,0,1,6,2,4,7,3,4
C5120ST,18,311,District-Sivasagar,Total,70-79,72,36,36,20,8,12,25,15,10,2,1,1,9,6,3,0,0,0,1,1,0,3,1,2,12,4,8
C5120ST,18,311,District-Sivasagar,Total,80-89,26,14,12,4,2,2,13,6,7,1,0,1,5,4,1,0,0,0,1,0,1,0,0,0,2,2,0
C5120ST,18,311,District-Sivasagar,Total,90+,8,5,3,0,0,0,2,1,1,0,0,0,2,0,2,1,1,0,0,0,0,2,2,0,1,1,0
C5120ST,18,311,District-Sivasagar,Total,Age Not Stated,0,0,0,0,0,0,0,0,0,0,0,0,0,0,0,0,0,0,0,0,0,0,0,0,0,0,0
C5120ST,18,311,District-Sivasagar,Rural,Total,712,380,332,143,63,80,214,110,104,50,32,18,113,71,42,22,11,11,16,11,5,79,42,37,75,40,35
C5120ST,18,311,District-Sivasagar,Rural,0-4,28,14,14,1,0,1,13,6,7,1,1,0,3,3,0,3,0,3,0,0,0,5,3,2,2,1,1
C5120ST,18,311,District-Sivasagar,Rural,5-9,64,39,25,11,7,4,22,12,10,9,6,3,6,4,2,0,0,0,0,0,0,7,3,4,9,7,2
C5120ST,18,311,District-Sivasagar,Rural,10-19,120,70,50,12,7,5,39,21,18,13,11,2,15,8,7,6,5,1,3,2,1,19,9,10,13,7,6
C5120ST,18,311,District-Sivasagar,Rural,20-29,88,45,43,8,2,6,27,16,11,9,4,5,11,5,6,3,2,1,1,1,0,20,10,10,9,5,4
C5120ST,18,311,District-Sivasagar,Rural,30-39,69,34,35,13,5,8,17,5,12,7,4,3,14,7,7,3,1,2,5,5,0,3,2,1,7,5,2
C5120ST,18,311,District-Sivasagar,Rural,40-49,75,45,30,23,12,11,15,8,7,2,1,1,17,14,3,3,1,2,1,0,1,7,5,2,7,4,3
C5120ST,18,311,District-Sivasagar,Rural,50-59,82,39,43,25,10,15,19,7,12,3,3,0,17,11,6,2,0,2,3,2,1,7,5,2,6,1,5
C5120ST,18,311,District-Sivasagar,Rural,60-69,80,39,41,26,10,16,22,13,9,3,1,2,14,9,5,1,1,0,1,0,1,6,2,4,7,3,4
C5120ST,18,311,District-Sivasagar,Rural,70-79,72,36,36,20,8,12,25,15,10,2,1,1,9,6,3,0,0,0,1,1,0,3,1,2,12,4,8
C5120ST,18,311,District-Sivasagar,Rural,80-89,26,14,12,4,2,2,13,6,7,1,0,1,5,4,1,0,0,0,1,0,1,0,0,0,2,2,0
C5120ST,18,311,District-Sivasagar,Rural,90+,8,5,3,0,0,0,2,1,1,0,0,0,2,0,2,1,1,0,0,0,0,2,2,0,1,1,0
C5120ST,18,311,District-Sivasagar,Rural,Age Not Stated,0,0,0,0,0,0,0,0,0,0,0,0,0,0,0,0,0,0,0,0,0,0,0,0,0,0,0
C5120ST,18,311,District-Sivasagar,Urban,Total,13,8,5,3,2,1,3,1,2,3,3,0,1,1,0,0,0,0,0,0,0,2,1,1,1,0,1
C5120ST,18,311,District-Sivasagar,Urban,0-4,0,0,0,0,0,0,0,0,0,0,0,0,0,0,0,0,0,0,0,0,0,0,0,0,0,0,0
C5120ST,18,311,District-Sivasagar,Urban,5-9,1,0,1,1,0,1,0,0,0,0,0,0,0,0,0,0,0,0,0,0,0,0,0,0,0,0,0
C5120ST,18,311,District-Sivasagar,Urban,10-19,6,4,2,0,0,0,1,0,1,3,3,0,0,0,0,0,0,0,0,0,0,1,1,0,1,0,1
C5120ST,18,311,District-Sivasagar,Urban,20-29,1,1,0,0,0,0,1,1,0,0,0,0,0,0,0,0,0,0,0,0,0,0,0,0,0,0,0
C5120ST,18,311,District-Sivasagar,Urban,30-39,2,0,2,0,0,0,1,0,1,0,0,0,0,0,0,0,0,0,0,0,0,1,0,1,0,0,0
C5120ST,18,311,District-Sivasagar,Urban,40-49,1,1,0,0,0,0,0,0,0,0,0,0,1,1,0,0,0,0,0,0,0,0,0,0,0,0,0
C5120ST,18,311,District-Sivasagar,Urban,50-59,1,1,0,1,1,0,0,0,0,0,0,0,0,0,0,0,0,0,0,0,0,0,0,0,0,0,0
C5120ST,18,311,District-Sivasagar,Urban,60-69,1,1,0,1,1,0,0,0,0,0,0,0,0,0,0,0,0,0,0,0,0,0,0,0,0,0,0
C5120ST,18,311,District-Sivasagar,Urban,70-79,0,0,0,0,0,0,0,0,0,0,0,0,0,0,0,0,0,0,0,0,0,0,0,0,0,0,0
C5120ST,18,311,District-Sivasagar,Urban,80-89,0,0,0,0,0,0,0,0,0,0,0,0,0,0,0,0,0,0,0,0,0,0,0,0,0,0,0
C5120ST,18,311,District-Sivasagar,Urban,90+,0,0,0,0,0,0,0,0,0,0,0,0,0,0,0,0,0,0,0,0,0,0,0,0,0,0,0
C5120ST,18,311,District-Sivasagar,Urban,Age Not Stated,0,0,0,0,0,0,0,0,0,0,0,0,0,0,0,0,0,0,0,0,0,0,0,0,0,0,0
C5120ST,18,312,District-Jorhat,Total,Total,1835,928,907,256,122,134,553,285,268,127,72,55,217,111,106,68,33,35,40,18,22,386,201,185,188,86,102
C5120ST,18,312,District-Jorhat,Total,0-4,77,37,40,7,4,3,19,7,12,2,1,1,1,1,0,4,2,2,0,0,0,31,16,15,13,6,7
C5120ST,18,312,District-Jorhat,Total,5-9,146,79,67,15,7,8,51,27,24,12,9,3,13,7,6,6,2,4,0,0,0,37,19,18,12,8,4
C5120ST,18,312,District-Jorhat,Total,10-19,321,160,161,32,14,18,112,54,58,35,22,13,20,11,9,10,3,7,5,2,3,80,42,38,27,12,15
C5120ST,18,312,District-Jorhat,Total,20-29,265,123,142,31,15,16,66,35,31,29,12,17,20,6,14,15,6,9,6,3,3,70,32,38,28,14,14
C5120ST,18,312,District-Jorhat,Total,30-39,255,133,122,33,17,16,71,35,36,20,10,10,29,19,10,13,7,6,15,5,10,52,31,21,22,9,13
C5120ST,18,312,District-Jorhat,Total,40-49,217,125,92,16,9,7,64,33,31,14,8,6,38,25,13,10,8,2,5,3,2,58,32,26,12,7,5
C5120ST,18,312,District-Jorhat,Total,50-59,139,69,70,26,10,16,44,24,20,4,2,2,18,10,8,3,1,2,5,3,2,28,16,12,11,3,8
C5120ST,18,312,District-Jorhat,Total,60-69,174,82,92,45,22,23,53,28,25,6,4,2,28,12,16,5,2,3,2,1,1,15,5,10,20,8,12
C5120ST,18,312,District-Jorhat,Total,70-79,140,68,72,34,17,17,37,18,19,1,1,0,33,17,16,2,2,0,0,0,0,9,4,5,24,9,15
C5120ST,18,312,District-Jorhat,Total,80-89,60,33,27,10,4,6,23,15,8,3,3,0,9,1,8,0,0,0,1,1,0,4,3,1,10,6,4
C5120ST,18,312,District-Jorhat,Total,90+,41,19,22,7,3,4,13,9,4,1,0,1,8,2,6,0,0,0,1,0,1,2,1,1,9,4,5
C5120ST,18,312,District-Jorhat,Total,Age Not Stated,0,0,0,0,0,0,0,0,0,0,0,0,0,0,0,0,0,0,0,0,0,0,0,0,0,0,0
C5120ST,18,312,District-Jorhat,Rural,Total,1738,880,858,240,114,126,522,271,251,112,64,48,207,106,101,67,33,34,37,18,19,368,190,178,185,84,101
C5120ST,18,312,District-Jorhat,Rural,0-4,73,36,37,6,4,2,16,6,10,2,1,1,1,1,0,4,2,2,0,0,0,31,16,15,13,6,7
C5120ST,18,312,District-Jorhat,Rural,5-9,141,76,65,14,6,8,49,26,23,11,8,3,13,7,6,6,2,4,0,0,0,36,19,17,12,8,4
C5120ST,18,312,District-Jorhat,Rural,10-19,297,146,151,27,11,16,102,49,53,30,19,11,18,10,8,10,3,7,5,2,3,78,40,38,27,12,15
C5120ST,18,312,District-Jorhat,Rural,20-29,250,116,134,30,15,15,62,33,29,29,12,17,19,6,13,14,6,8,5,3,2,65,29,36,26,12,14
C5120ST,18,312,District-Jorhat,Rural,30-39,237,127,110,30,15,15,65,33,32,16,9,7,28,18,10,13,7,6,13,5,8,50,31,19,22,9,13
C5120ST,18,312,District-Jorhat,Rural,40-49,202,116,86,14,8,6,61,32,29,11,6,5,37,24,13,10,8,2,5,3,2,52,28,24,12,7,5
C5120ST,18,312,District-Jorhat,Rural,50-59,133,67,66,24,9,15,44,24,20,3,2,1,16,10,6,3,1,2,5,3,2,27,15,12,11,3,8
C5120ST,18,312,District-Jorhat,Rural,60-69,166,77,89,44,22,22,50,26,24,5,3,2,27,11,16,5,2,3,2,1,1,14,4,10,19,8,11
C5120ST,18,312,District-Jorhat,Rural,70-79,138,67,71,34,17,17,37,18,19,1,1,0,31,16,15,2,2,0,0,0,0,9,4,5,24,9,15
C5120ST,18,312,District-Jorhat,Rural,80-89,60,33,27,10,4,6,23,15,8,3,3,0,9,1,8,0,0,0,1,1,0,4,3,1,10,6,4
C5120ST,18,312,District-Jorhat,Rural,90+,41,19,22,7,3,4,13,9,4,1,0,1,8,2,6,0,0,0,1,0,1,2,1,1,9,4,5
C5120ST,18,312,District-Jorhat,Rural,Age Not Stated,0,0,0,0,0,0,0,0,0,0,0,0,0,0,0,0,0,0,0,0,0,0,0,0,0,0,0
C5120ST,18,312,District-Jorhat,Urban,Total,97,48,49,16,8,8,31,14,17,15,8,7,10,5,5,1,0,1,3,0,3,18,11,7,3,2,1
C5120ST,18,312,District-Jorhat,Urban,0-4,4,1,3,1,0,1,3,1,2,0,0,0,0,0,0,0,0,0,0,0,0,0,0,0,0,0,0
C5120ST,18,312,District-Jorhat,Urban,5-9,5,3,2,1,1,0,2,1,1,1,1,0,0,0,0,0,0,0,0,0,0,1,0,1,0,0,0
C5120ST,18,312,District-Jorhat,Urban,10-19,24,14,10,5,3,2,10,5,5,5,3,2,2,1,1,0,0,0,0,0,0,2,2,0,0,0,0
C5120ST,18,312,District-Jorhat,Urban,20-29,15,7,8,1,0,1,4,2,2,0,0,0,1,0,1,1,0,1,1,0,1,5,3,2,2,2,0
C5120ST,18,312,District-Jorhat,Urban,30-39,18,6,12,3,2,1,6,2,4,4,1,3,1,1,0,0,0,0,2,0,2,2,0,2,0,0,0
C5120ST,18,312,District-Jorhat,Urban,40-49,15,9,6,2,1,1,3,1,2,3,2,1,1,1,0,0,0,0,0,0,0,6,4,2,0,0,0
C5120ST,18,312,District-Jorhat,Urban,50-59,6,2,4,2,1,1,0,0,0,1,0,1,2,0,2,0,0,0,0,0,0,1,1,0,0,0,0
C5120ST,18,312,District-Jorhat,Urban,60-69,8,5,3,1,0,1,3,2,1,1,1,0,1,1,0,0,0,0,0,0,0,1,1,0,1,0,1
C5120ST,18,312,District-Jorhat,Urban,70-79,2,1,1,0,0,0,0,0,0,0,0,0,2,1,1,0,0,0,0,0,0,0,0,0,0,0,0
C5120ST,18,312,District-Jorhat,Urban,80-89,0,0,0,0,0,0,0,0,0,0,0,0,0,0,0,0,0,0,0,0,0,0,0,0,0,0,0
C5120ST,18,312,District-Jorhat,Urban,90+,0,0,0,0,0,0,0,0,0,0,0,0,0,0,0,0,0,0,0,0,0,0,0,0,0,0,0
C5120ST,18,312,District-Jorhat,Urban,Age Not Stated,0,0,0,0,0,0,0,0,0,0,0,0,0,0,0,0,0,0,0,0,0,0,0,0,0,0,0
C5120ST,18,313,District-Golaghat,Total,Total,1655,854,801,253,134,119,443,231,212,127,62,65,271,156,115,80,36,44,65,36,29,252,120,132,164,79,85
C5120ST,18,313,District-Golaghat,Total,0-4,99,53,46,11,7,4,37,23,14,4,1,3,5,3,2,5,2,3,0,0,0,29,15,14,8,2,6
C5120ST,18,313,District-Golaghat,Total,5-9,125,58,67,17,6,11,43,20,23,17,7,10,12,9,3,4,1,3,0,0,0,18,9,9,14,6,8
C5120ST,18,313,District-Golaghat,Total,10-19,254,120,134,25,12,13,72,30,42,30,16,14,39,23,16,16,8,8,1,1,0,43,13,30,28,17,11
C5120ST,18,313,District-Golaghat,Total,20-29,271,135,136,23,12,11,79,33,46,27,9,18,47,34,13,20,9,11,14,7,7,45,21,24,16,10,6
C5120ST,18,313,District-Golaghat,Total,30-39,226,145,81,29,20,9,50,32,18,21,14,7,36,26,10,17,10,7,14,8,6,47,28,19,12,7,5
C5120ST,18,313,District-Golaghat,Total,40-49,164,88,76,26,15,11,53,28,25,10,6,4,28,20,8,8,2,6,9,4,5,19,8,11,11,5,6
C5120ST,18,313,District-Golaghat,Total,50-59,146,74,72,27,14,13,31,15,16,10,5,5,31,12,19,5,3,2,9,8,1,19,9,10,14,8,6
C5120ST,18,313,District-Golaghat,Total,60-69,171,85,86,40,19,21,47,29,18,5,1,4,27,10,17,4,0,4,7,3,4,16,10,6,25,13,12
C5120ST,18,313,District-Golaghat,Total,70-79,128,57,71,33,15,18,22,14,8,2,2,0,31,11,20,1,1,0,8,3,5,13,5,8,18,6,12
C5120ST,18,313,District-Golaghat,Total,80-89,56,31,25,20,13,7,9,7,2,1,1,0,7,3,4,0,0,0,1,1,0,3,2,1,15,4,11
C5120ST,18,313,District-Golaghat,Total,90+,15,8,7,2,1,1,0,0,0,0,0,0,8,5,3,0,0,0,2,1,1,0,0,0,3,1,2
C5120ST,18,313,District-Golaghat,Total,Age Not Stated,0,0,0,0,0,0,0,0,0,0,0,0,0,0,0,0,0,0,0,0,0,0,0,0,0,0,0
C5120ST,18,313,District-Golaghat,Rural,Total,1610,834,776,251,133,118,436,229,207,117,58,59,267,152,115,75,33,42,63,36,27,241,116,125,160,77,83
C5120ST,18,313,District-Golaghat,Rural,0-4,98,53,45,11,7,4,37,23,14,3,1,2,5,3,2,5,2,3,0,0,0,29,15,14,8,2,6
C5120ST,18,313,District-Golaghat,Rural,5-9,124,57,67,17,6,11,43,20,23,17,7,10,12,9,3,4,1,3,0,0,0,17,8,9,14,6,8
C5120ST,18,313,District-Golaghat,Rural,10-19,247,117,130,25,12,13,71,30,41,26,14,12,39,23,16,15,7,8,1,1,0,42,13,29,28,17,11
C5120ST,18,313,District-Golaghat,Rural,20-29,262,129,133,23,12,11,78,32,46,26,9,17,46,33,13,17,7,10,13,7,6,44,20,24,15,9,6
C5120ST,18,313,District-Golaghat,Rural,30-39,218,142,76,27,19,8,49,32,17,19,13,6,35,25,10,17,10,7,14,8,6,45,28,17,12,7,5
C5120ST,18,313,District-Golaghat,Rural,40-49,154,84,70,26,15,11,51,27,24,8,5,3,27,19,8,7,2,5,9,4,5,17,7,10,9,5,4
C5120ST,18,313,District-Golaghat,Rural,50-59,143,74,69,27,14,13,30,15,15,10,5,5,31,12,19,5,3,2,9,8,1,17,9,8,14,8,6
C5120ST,18,313,District-Golaghat,Rural,60-69,165,82,83,40,19,21,46,29,17,5,1,4,26,9,17,4,0,4,6,3,3,14,9,5,24,12,12
C5120ST,18,313,District-Golaghat,Rural,70-79,128,57,71,33,15,18,22,14,8,2,2,0,31,11,20,1,1,0,8,3,5,13,5,8,18,6,12
C5120ST,18,313,District-Golaghat,Rural,80-89,56,31,25,20,13,7,9,7,2,1,1,0,7,3,4,0,0,0,1,1,0,3,2,1,15,4,11
C5120ST,18,313,District-Golaghat,Rural,90+,15,8,7,2,1,1,0,0,0,0,0,0,8,5,3,0,0,0,2,1,1,0,0,0,3,1,2
C5120ST,18,313,District-Golaghat,Rural,Age Not Stated,0,0,0,0,0,0,0,0,0,0,0,0,0,0,0,0,0,0,0,0,0,0,0,0,0,0,0
C5120ST,18,313,District-Golaghat,Urban,Total,45,20,25,2,1,1,7,2,5,10,4,6,4,4,0,5,3,2,2,0,2,11,4,7,4,2,2
C5120ST,18,313,District-Golaghat,Urban,0-4,1,0,1,0,0,0,0,0,0,1,0,1,0,0,0,0,0,0,0,0,0,0,0,0,0,0,0
C5120ST,18,313,District-Golaghat,Urban,5-9,1,1,0,0,0,0,0,0,0,0,0,0,0,0,0,0,0,0,0,0,0,1,1,0,0,0,0
C5120ST,18,313,District-Golaghat,Urban,10-19,7,3,4,0,0,0,1,0,1,4,2,2,0,0,0,1,1,0,0,0,0,1,0,1,0,0,0
C5120ST,18,313,District-Golaghat,Urban,20-29,9,6,3,0,0,0,1,1,0,1,0,1,1,1,0,3,2,1,1,0,1,1,1,0,1,1,0
C5120ST,18,313,District-Golaghat,Urban,30-39,8,3,5,2,1,1,1,0,1,2,1,1,1,1,0,0,0,0,0,0,0,2,0,2,0,0,0
C5120ST,18,313,District-Golaghat,Urban,40-49,10,4,6,0,0,0,2,1,1,2,1,1,1,1,0,1,0,1,0,0,0,2,1,1,2,0,2
C5120ST,18,313,District-Golaghat,Urban,50-59,3,0,3,0,0,0,1,0,1,0,0,0,0,0,0,0,0,0,0,0,0,2,0,2,0,0,0
C5120ST,18,313,District-Golaghat,Urban,60-69,6,3,3,0,0,0,1,0,1,0,0,0,1,1,0,0,0,0,1,0,1,2,1,1,1,1,0
C5120ST,18,313,District-Golaghat,Urban,70-79,0,0,0,0,0,0,0,0,0,0,0,0,0,0,0,0,0,0,0,0,0,0,0,0,0,0,0
C5120ST,18,313,District-Golaghat,Urban,80-89,0,0,0,0,0,0,0,0,0,0,0,0,0,0,0,0,0,0,0,0,0,0,0,0,0,0,0
C5120ST,18,313,District-Golaghat,Urban,90+,0,0,0,0,0,0,0,0,0,0,0,0,0,0,0,0,0,0,0,0,0,0,0,0,0,0,0
C5120ST,18,313,District-Golaghat,Urban,Age Not Stated,0,0,0,0,0,0,0,0,0,0,0,0,0,0,0,0,0,0,0,0,0,0,0,0,0,0,0
C5120ST,18,314,District-Karbi Anglong,Total,Total,6997,3639,3358,1605,822,783,1781,922,859,286,148,138,792,445,347,405,227,178,163,94,69,1427,718,709,538,263,275
C5120ST,18,314,District-Karbi Anglong,Total,0-4,387,210,177,101,59,42,72,43,29,2,2,0,22,15,7,33,17,16,3,1,2,133,61,72,21,12,9
C5120ST,18,314,District-Karbi Anglong,Total,5-9,546,291,255,109,56,53,131,70,61,35,20,15,46,25,21,39,18,21,6,2,4,147,79,68,33,21,12
C5120ST,18,314,District-Karbi Anglong,Total,10-19,1145,609,536,225,115,110,274,145,129,75,38,37,100,57,43,75,49,26,34,19,15,300,150,150,62,36,26
C5120ST,18,314,District-Karbi Anglong,Total,20-29,947,487,460,180,86,94,205,107,98,63,28,35,90,49,41,96,58,38,27,20,7,229,104,125,57,35,22
C5120ST,18,314,District-Karbi Anglong,Total,30-39,836,464,372,155,86,69,180,106,74,47,29,18,79,53,26,62,34,28,36,25,11,233,111,122,44,20,24
C5120ST,18,314,District-Karbi Anglong,Total,40-49,762,436,326,177,106,71,208,107,101,31,16,15,89,60,29,47,24,23,23,11,12,146,89,57,41,23,18
C5120ST,18,314,District-Karbi Anglong,Total,50-59,750,385,365,213,99,114,220,116,104,16,9,7,110,64,46,29,12,17,15,7,8,102,53,49,45,25,20
C5120ST,18,314,District-Karbi Anglong,Total,60-69,700,320,380,206,96,110,227,98,129,9,2,7,101,52,49,13,6,7,10,5,5,62,33,29,72,28,44
C5120ST,18,314,District-Karbi Anglong,Total,70-79,542,244,298,160,75,85,156,70,86,5,3,2,94,46,48,6,6,0,6,2,4,38,18,20,77,24,53
C5120ST,18,314,District-Karbi Anglong,Total,80-89,261,127,134,60,31,29,79,42,37,3,1,2,42,15,27,4,2,2,2,1,1,18,10,8,53,25,28
C5120ST,18,314,District-Karbi Anglong,Total,90+,109,57,52,17,11,6,27,17,10,0,0,0,19,9,10,0,0,0,0,0,0,13,6,7,33,14,19
C5120ST,18,314,District-Karbi Anglong,Total,Age Not Stated,12,9,3,2,2,0,2,1,1,0,0,0,0,0,0,1,1,0,1,1,0,6,4,2,0,0,0
C5120ST,18,314,District-Karbi Anglong,Rural,Total,6610,3451,3159,1532,792,740,1693,878,815,265,138,127,763,424,339,368,208,160,140,80,60,1341,680,661,508,251,257
C5120ST,18,314,District-Karbi Anglong,Rural,0-4,366,201,165,97,58,39,65,40,25,2,2,0,20,13,7,30,16,14,3,1,2,129,60,69,20,11,9
C5120ST,18,314,District-Karbi Anglong,Rural,5-9,505,266,239,98,50,48,121,65,56,33,19,14,42,22,20,35,15,20,5,2,3,140,73,67,31,20,11
C5120ST,18,314,District-Karbi Anglong,Rural,10-19,1058,570,488,202,107,95,256,136,120,63,32,31,96,55,41,69,44,25,31,17,14,284,143,141,57,36,21
C5120ST,18,314,District-Karbi Anglong,Rural,20-29,867,446,421,172,81,91,190,101,89,61,27,34,84,46,38,83,51,32,20,14,6,204,95,109,53,31,22
C5120ST,18,314,District-Karbi Anglong,Rural,30-39,786,441,345,151,85,66,167,96,71,44,27,17,79,53,26,58,33,25,31,22,9,216,106,110,40,19,21
C5120ST,18,314,District-Karbi Anglong,Rural,40-49,734,419,315,173,105,68,202,102,100,29,16,13,84,57,27,44,23,21,21,9,12,143,86,57,38,21,17
C5120ST,18,314,District-Karbi Anglong,Rural,50-59,724,374,350,208,97,111,215,116,99,16,9,7,106,60,46,28,11,17,12,6,6,94,50,44,45,25,20
C5120ST,18,314,District-Karbi Anglong,Rural,60-69,675,307,368,201,92,109,218,94,124,9,2,7,98,49,49,11,6,5,10,5,5,59,31,28,69,28,41
C5120ST,18,314,District-Karbi Anglong,Rural,70-79,527,240,287,154,75,79,153,70,83,5,3,2,93,45,48,6,6,0,5,2,3,36,16,20,75,23,52
C5120ST,18,314,District-Karbi Anglong,Rural,80-89,248,121,127,58,29,29,77,40,37,3,1,2,42,15,27,3,2,1,1,1,0,17,10,7,47,23,24
C5120ST,18,314,District-Karbi Anglong,Rural,90+,108,57,51,16,11,5,27,17,10,0,0,0,19,9,10,0,0,0,0,0,0,13,6,7,33,14,19
C5120ST,18,314,District-Karbi Anglong,Rural,Age Not Stated,12,9,3,2,2,0,2,1,1,0,0,0,0,0,0,1,1,0,1,1,0,6,4,2,0,0,0
C5120ST,18,314,District-Karbi Anglong,Urban,Total,387,188,199,73,30,43,88,44,44,21,10,11,29,21,8,37,19,18,23,14,9,86,38,48,30,12,18
C5120ST,18,314,District-Karbi Anglong,Urban,0-4,21,9,12,4,1,3,7,3,4,0,0,0,2,2,0,3,1,2,0,0,0,4,1,3,1,1,0
C5120ST,18,314,District-Karbi Anglong,Urban,5-9,41,25,16,11,6,5,10,5,5,2,1,1,4,3,1,4,3,1,1,0,1,7,6,1,2,1,1
C5120ST,18,314,District-Karbi Anglong,Urban,10-19,87,39,48,23,8,15,18,9,9,12,6,6,4,2,2,6,5,1,3,2,1,16,7,9,5,0,5
C5120ST,18,314,District-Karbi Anglong,Urban,20-29,80,41,39,8,5,3,15,6,9,2,1,1,6,3,3,13,7,6,7,6,1,25,9,16,4,4,0
C5120ST,18,314,District-Karbi Anglong,Urban,30-39,50,23,27,4,1,3,13,10,3,3,2,1,0,0,0,4,1,3,5,3,2,17,5,12,4,1,3
C5120ST,18,314,District-Karbi Anglong,Urban,40-49,28,17,11,4,1,3,6,5,1,2,0,2,5,3,2,3,1,2,2,2,0,3,3,0,3,2,1
C5120ST,18,314,District-Karbi Anglong,Urban,50-59,26,11,15,5,2,3,5,0,5,0,0,0,4,4,0,1,1,0,3,1,2,8,3,5,0,0,0
C5120ST,18,314,District-Karbi Anglong,Urban,60-69,25,13,12,5,4,1,9,4,5,0,0,0,3,3,0,2,0,2,0,0,0,3,2,1,3,0,3
C5120ST,18,314,District-Karbi Anglong,Urban,70-79,15,4,11,6,0,6,3,0,3,0,0,0,1,1,0,0,0,0,1,0,1,2,2,0,2,1,1
C5120ST,18,314,District-Karbi Anglong,Urban,80-89,13,6,7,2,2,0,2,2,0,0,0,0,0,0,0,1,0,1,1,0,1,1,0,1,6,2,4
C5120ST,18,314,District-Karbi Anglong,Urban,90+,1,0,1,1,0,1,0,0,0,0,0,0,0,0,0,0,0,0,0,0,0,0,0,0,0,0,0
C5120ST,18,314,District-Karbi Anglong,Urban,Age Not Stated,0,0,0,0,0,0,0,0,0,0,0,0,0,0,0,0,0,0,0,0,0,0,0,0,0,0,0
C5120ST,18,315,District-Dima Hasao,Total,Total,1600,888,712,279,139,140,408,242,166,119,66,53,238,132,106,88,47,41,80,42,38,270,147,123,118,73,45
C5120ST,18,315,District-Dima Hasao,Total,0-4,84,51,33,16,10,6,23,18,5,0,0,0,12,7,5,3,0,3,0,0,0,24,12,12,6,4,2
C5120ST,18,315,District-Dima Hasao,Total,5-9,113,69,44,16,11,5,25,14,11,11,8,3,21,9,12,7,5,2,5,3,2,19,13,6,9,6,3
C5120ST,18,315,District-Dima Hasao,Total,10-19,260,138,122,36,16,20,60,31,29,29,19,10,37,19,18,12,6,6,6,3,3,46,28,18,34,16,18
C5120ST,18,315,District-Dima Hasao,Total,20-29,299,163,136,32,16,16,69,46,23,35,15,20,41,22,19,21,9,12,19,11,8,58,27,31,24,17,7
C5120ST,18,315,District-Dima Hasao,Total,30-39,222,141,81,29,19,10,57,39,18,21,10,11,30,21,9,20,13,7,21,13,8,35,20,15,9,6,3
C5120ST,18,315,District-Dima Hasao,Total,40-49,188,115,73,28,10,18,38,21,17,10,7,3,34,23,11,15,10,5,18,10,8,33,24,9,12,10,2
C5120ST,18,315,District-Dima Hasao,Total,50-59,154,80,74,44,24,20,39,25,14,8,4,4,19,10,9,5,3,2,8,1,7,25,10,15,6,3,3
C5120ST,18,315,District-Dima Hasao,Total,60-69,117,59,58,30,15,15,32,15,17,4,3,1,23,14,9,3,1,2,2,1,1,18,7,11,5,3,2
C5120ST,18,315,District-Dima Hasao,Total,70-79,87,36,51,23,9,14,35,16,19,1,0,1,14,5,9,2,0,2,0,0,0,8,3,5,4,3,1
C5120ST,18,315,District-Dima Hasao,Total,80-89,53,24,29,16,5,11,22,12,10,0,0,0,4,1,3,0,0,0,0,0,0,4,3,1,7,3,4
C5120ST,18,315,District-Dima Hasao,Total,90+,19,10,9,7,3,4,7,4,3,0,0,0,3,1,2,0,0,0,0,0,0,0,0,0,2,2,0
C5120ST,18,315,District-Dima Hasao,Total,Age Not Stated,4,2,2,2,1,1,1,1,0,0,0,0,0,0,0,0,0,0,1,0,1,0,0,0,0,0,0
C5120ST,18,315,District-Dima Hasao,Rural,Total,1369,753,616,250,128,122,334,191,143,103,56,47,210,119,91,80,43,37,64,32,32,228,125,103,100,59,41
C5120ST,18,315,District-Dima Hasao,Rural,0-4,76,44,32,14,9,5,22,17,5,0,0,0,11,6,5,3,0,3,0,0,0,20,8,12,6,4,2
C5120ST,18,315,District-Dima Hasao,Rural,5-9,102,64,38,16,11,5,23,14,9,9,7,2,20,9,11,6,5,1,5,3,2,16,11,5,7,4,3
C5120ST,18,315,District-Dima Hasao,Rural,10-19,228,119,109,34,15,19,46,22,24,26,17,9,34,18,16,10,5,5,6,3,3,42,26,16,30,13,17
C5120ST,18,315,District-Dima Hasao,Rural,20-29,248,129,119,28,14,14,57,35,22,28,12,16,35,19,16,19,8,11,17,10,7,45,19,26,19,12,7
C5120ST,18,315,District-Dima Hasao,Rural,30-39,179,107,72,25,16,9,37,21,16,19,8,11,24,18,6,19,12,7,15,8,7,32,19,13,8,5,3
C5120ST,18,315,District-Dima Hasao,Rural,40-49,159,98,61,24,9,15,34,18,16,9,6,3,29,19,10,13,9,4,11,6,5,29,22,7,10,9,1
C5120ST,18,315,District-Dima Hasao,Rural,50-59,136,73,63,39,23,16,35,23,12,7,3,4,18,9,9,5,3,2,7,1,6,20,8,12,5,3,2
C5120ST,18,315,District-Dima Hasao,Rural,60-69,107,56,51,28,14,14,28,14,14,4,3,1,21,14,7,3,1,2,2,1,1,17,7,10,4,2,2
C5120ST,18,315,District-Dima Hasao,Rural,70-79,73,34,39,21,9,12,28,14,14,1,0,1,12,5,7,2,0,2,0,0,0,5,3,2,4,3,1
C5120ST,18,315,District-Dima Hasao,Rural,80-89,42,18,24,16,5,11,16,8,8,0,0,0,3,1,2,0,0,0,0,0,0,2,2,0,5,2,3
C5120ST,18,315,District-Dima Hasao,Rural,90+,15,9,6,3,2,1,7,4,3,0,0,0,3,1,2,0,0,0,0,0,0,0,0,0,2,2,0
C5120ST,18,315,District-Dima Hasao,Rural,Age Not Stated,4,2,2,2,1,1,1,1,0,0,0,0,0,0,0,0,0,0,1,0,1,0,0,0,0,0,0
C5120ST,18,315,District-Dima Hasao,Urban,Total,231,135,96,29,11,18,74,51,23,16,10,6,28,13,15,8,4,4,16,10,6,42,22,20,18,14,4
C5120ST,18,315,District-Dima Hasao,Urban,0-4,8,7,1,2,1,1,1,1,0,0,0,0,1,1,0,0,0,0,0,0,0,4,4,0,0,0,0
C5120ST,18,315,District-Dima Hasao,Urban,5-9,11,5,6,0,0,0,2,0,2,2,1,1,1,0,1,1,0,1,0,0,0,3,2,1,2,2,0
C5120ST,18,315,District-Dima Hasao,Urban,10-19,32,19,13,2,1,1,14,9,5,3,2,1,3,1,2,2,1,1,0,0,0,4,2,2,4,3,1
C5120ST,18,315,District-Dima Hasao,Urban,20-29,51,34,17,4,2,2,12,11,1,7,3,4,6,3,3,2,1,1,2,1,1,13,8,5,5,5,0
C5120ST,18,315,District-Dima Hasao,Urban,30-39,43,34,9,4,3,1,20,18,2,2,2,0,6,3,3,1,1,0,6,5,1,3,1,2,1,1,0
C5120ST,18,315,District-Dima Hasao,Urban,40-49,29,17,12,4,1,3,4,3,1,1,1,0,5,4,1,2,1,1,7,4,3,4,2,2,2,1,1
C5120ST,18,315,District-Dima Hasao,Urban,50-59,18,7,11,5,1,4,4,2,2,1,1,0,1,1,0,0,0,0,1,0,1,5,2,3,1,0,1
C5120ST,18,315,District-Dima Hasao,Urban,60-69,10,3,7,2,1,1,4,1,3,0,0,0,2,0,2,0,0,0,0,0,0,1,0,1,1,1,0
C5120ST,18,315,District-Dima Hasao,Urban,70-79,14,2,12,2,0,2,7,2,5,0,0,0,2,0,2,0,0,0,0,0,0,3,0,3,0,0,0
C5120ST,18,315,District-Dima Hasao,Urban,80-89,11,6,5,0,0,0,6,4,2,0,0,0,1,0,1,0,0,0,0,0,0,2,1,1,2,1,1
C5120ST,18,315,District-Dima Hasao,Urban,90+,4,1,3,4,1,3,0,0,0,0,0,0,0,0,0,0,0,0,0,0,0,0,0,0,0,0,0
C5120ST,18,315,District-Dima Hasao,Urban,Age Not Stated,0,0,0,0,0,0,0,0,0,0,0,0,0,0,0,0,0,0,0,0,0,0,0,0,0,0,0
C5120ST,18,316,District-Cachar,Total,Total,436,222,214,55,24,31,162,76,86,13,6,7,40,25,15,17,9,8,12,8,4,128,70,58,9,4,5
C5120ST,18,316,District-Cachar,Total,0-4,25,14,11,3,1,2,11,5,6,0,0,0,0,0,0,2,2,0,0,0,0,8,5,3,1,1,0
C5120ST,18,316,District-Cachar,Total,5-9,26,10,16,2,0,2,15,6,9,1,1,0,0,0,0,0,0,0,0,0,0,8,3,5,0,0,0
C5120ST,18,316,District-Cachar,Total,10-19,75,44,31,10,2,8,33,19,14,4,2,2,2,2,0,1,0,1,0,0,0,24,19,5,1,0,1
C5120ST,18,316,District-Cachar,Total,20-29,81,41,40,13,8,5,27,13,14,3,2,1,4,2,2,2,2,0,1,1,0,29,12,17,2,1,1
C5120ST,18,316,District-Cachar,Total,30-39,67,38,29,5,4,1,21,9,12,3,1,2,8,6,2,4,3,1,3,1,2,22,13,9,1,1,0
C5120ST,18,316,District-Cachar,Total,40-49,54,27,27,7,2,5,17,8,9,1,0,1,6,4,2,7,2,5,4,3,1,12,8,4,0,0,0
C5120ST,18,316,District-Cachar,Total,50-59,40,18,22,4,2,2,14,6,8,0,0,0,8,6,2,1,0,1,0,0,0,12,4,8,1,0,1
C5120ST,18,316,District-Cachar,Total,60-69,43,21,22,5,4,1,20,8,12,1,0,1,4,2,2,0,0,0,3,2,1,8,4,4,2,1,1
C5120ST,18,316,District-Cachar,Total,70-79,16,6,10,6,1,5,3,2,1,0,0,0,4,2,2,0,0,0,0,0,0,3,1,2,0,0,0
C5120ST,18,316,District-Cachar,Total,80-89,7,2,5,0,0,0,0,0,0,0,0,0,4,1,3,0,0,0,0,0,0,2,1,1,1,0,1
C5120ST,18,316,District-Cachar,Total,90+,2,1,1,0,0,0,1,0,1,0,0,0,0,0,0,0,0,0,1,1,0,0,0,0,0,0,0
C5120ST,18,316,District-Cachar,Total,Age Not Stated,0,0,0,0,0,0,0,0,0,0,0,0,0,0,0,0,0,0,0,0,0,0,0,0,0,0,0
C5120ST,18,316,District-Cachar,Rural,Total,427,217,210,53,24,29,159,74,85,13,6,7,40,25,15,17,9,8,11,7,4,126,69,57,8,3,5
C5120ST,18,316,District-Cachar,Rural,0-4,24,13,11,3,1,2,11,5,6,0,0,0,0,0,0,2,2,0,0,0,0,8,5,3,0,0,0
C5120ST,18,316,District-Cachar,Rural,5-9,25,10,15,2,0,2,15,6,9,1,1,0,0,0,0,0,0,0,0,0,0,7,3,4,0,0,0
C5120ST,18,316,District-Cachar,Rural,10-19,73,44,29,9,2,7,32,19,13,4,2,2,2,2,0,1,0,1,0,0,0,24,19,5,1,0,1
C5120ST,18,316,District-Cachar,Rural,20-29,80,40,40,13,8,5,27,13,14,3,2,1,4,2,2,2,2,0,0,0,0,29,12,17,2,1,1
C5120ST,18,316,District-Cachar,Rural,30-39,67,38,29,5,4,1,21,9,12,3,1,2,8,6,2,4,3,1,3,1,2,22,13,9,1,1,0
C5120ST,18,316,District-Cachar,Rural,40-49,52,26,26,6,2,4,17,8,9,1,0,1,6,4,2,7,2,5,4,3,1,11,7,4,0,0,0
C5120ST,18,316,District-Cachar,Rural,50-59,40,18,22,4,2,2,14,6,8,0,0,0,8,6,2,1,0,1,0,0,0,12,4,8,1,0,1
C5120ST,18,316,District-Cachar,Rural,60-69,41,19,22,5,4,1,18,6,12,1,0,1,4,2,2,0,0,0,3,2,1,8,4,4,2,1,1
C5120ST,18,316,District-Cachar,Rural,70-79,16,6,10,6,1,5,3,2,1,0,0,0,4,2,2,0,0,0,0,0,0,3,1,2,0,0,0
C5120ST,18,316,District-Cachar,Rural,80-89,7,2,5,0,0,0,0,0,0,0,0,0,4,1,3,0,0,0,0,0,0,2,1,1,1,0,1
C5120ST,18,316,District-Cachar,Rural,90+,2,1,1,0,0,0,1,0,1,0,0,0,0,0,0,0,0,0,1,1,0,0,0,0,0,0,0
C5120ST,18,316,District-Cachar,Rural,Age Not Stated,0,0,0,0,0,0,0,0,0,0,0,0,0,0,0,0,0,0,0,0,0,0,0,0,0,0,0
C5120ST,18,316,District-Cachar,Urban,Total,9,5,4,2,0,2,3,2,1,0,0,0,0,0,0,0,0,0,1,1,0,2,1,1,1,1,0
C5120ST,18,316,District-Cachar,Urban,0-4,1,1,0,0,0,0,0,0,0,0,0,0,0,0,0,0,0,0,0,0,0,0,0,0,1,1,0
C5120ST,18,316,District-Cachar,Urban,5-9,1,0,1,0,0,0,0,0,0,0,0,0,0,0,0,0,0,0,0,0,0,1,0,1,0,0,0
C5120ST,18,316,District-Cachar,Urban,10-19,2,0,2,1,0,1,1,0,1,0,0,0,0,0,0,0,0,0,0,0,0,0,0,0,0,0,0
C5120ST,18,316,District-Cachar,Urban,20-29,1,1,0,0,0,0,0,0,0,0,0,0,0,0,0,0,0,0,1,1,0,0,0,0,0,0,0
C5120ST,18,316,District-Cachar,Urban,30-39,0,0,0,0,0,0,0,0,0,0,0,0,0,0,0,0,0,0,0,0,0,0,0,0,0,0,0
C5120ST,18,316,District-Cachar,Urban,40-49,2,1,1,1,0,1,0,0,0,0,0,0,0,0,0,0,0,0,0,0,0,1,1,0,0,0,0
C5120ST,18,316,District-Cachar,Urban,50-59,0,0,0,0,0,0,0,0,0,0,0,0,0,0,0,0,0,0,0,0,0,0,0,0,0,0,0
C5120ST,18,316,District-Cachar,Urban,60-69,2,2,0,0,0,0,2,2,0,0,0,0,0,0,0,0,0,0,0,0,0,0,0,0,0,0,0
C5120ST,18,316,District-Cachar,Urban,70-79,0,0,0,0,0,0,0,0,0,0,0,0,0,0,0,0,0,0,0,0,0,0,0,0,0,0,0
C5120ST,18,316,District-Cachar,Urban,80-89,0,0,0,0,0,0,0,0,0,0,0,0,0,0,0,0,0,0,0,0,0,0,0,0,0,0,0
C5120ST,18,316,District-Cachar,Urban,90+,0,0,0,0,0,0,0,0,0,0,0,0,0,0,0,0,0,0,0,0,0,0,0,0,0,0,0
C5120ST,18,316,District-Cachar,Urban,Age Not Stated,0,0,0,0,0,0,0,0,0,0,0,0,0,0,0,0,0,0,0,0,0,0,0,0,0,0,0
C5120ST,18,317,District-Karimganj,Total,Total,55,33,22,9,5,4,15,8,7,0,0,0,5,4,1,9,6,3,5,2,3,12,8,4,0,0,0
C5120ST,18,317,District-Karimganj,Total,0-4,5,3,2,0,0,0,1,1,0,0,0,0,0,0,0,1,0,1,1,0,1,2,2,0,0,0,0
C5120ST,18,317,District-Karimganj,Total,5-9,8,5,3,2,0,2,1,1,0,0,0,0,0,0,0,0,0,0,0,0,0,5,4,1,0,0,0
C5120ST,18,317,District-Karimganj,Total,10-19,10,5,5,2,1,1,4,2,2,0,0,0,0,0,0,2,1,1,0,0,0,2,1,1,0,0,0
C5120ST,18,317,District-Karimganj,Total,20-29,5,2,3,1,1,0,2,1,1,0,0,0,0,0,0,0,0,0,2,0,2,0,0,0,0,0,0
C5120ST,18,317,District-Karimganj,Total,30-39,15,11,4,3,2,1,3,1,2,0,0,0,3,3,0,4,3,1,2,2,0,0,0,0,0,0,0
C5120ST,18,317,District-Karimganj,Total,40-49,1,1,0,0,0,0,0,0,0,0,0,0,0,0,0,1,1,0,0,0,0,0,0,0,0,0,0
C5120ST,18,317,District-Karimganj,Total,50-59,4,2,2,0,0,0,2,1,1,0,0,0,1,0,1,0,0,0,0,0,0,1,1,0,0,0,0
C5120ST,18,317,District-Karimganj,Total,60-69,4,3,1,0,0,0,1,1,0,0,0,0,1,1,0,1,1,0,0,0,0,1,0,1,0,0,0
C5120ST,18,317,District-Karimganj,Total,70-79,2,1,1,1,1,0,1,0,1,0,0,0,0,0,0,0,0,0,0,0,0,0,0,0,0,0,0
C5120ST,18,317,District-Karimganj,Total,80-89,1,0,1,0,0,0,0,0,0,0,0,0,0,0,0,0,0,0,0,0,0,1,0,1,0,0,0
C5120ST,18,317,District-Karimganj,Total,90+,0,0,0,0,0,0,0,0,0,0,0,0,0,0,0,0,0,0,0,0,0,0,0,0,0,0,0
C5120ST,18,317,District-Karimganj,Total,Age Not Stated,0,0,0,0,0,0,0,0,0,0,0,0,0,0,0,0,0,0,0,0,0,0,0,0,0,0,0
C5120ST,18,317,District-Karimganj,Rural,Total,47,27,20,9,5,4,14,7,7,0,0,0,4,3,1,9,6,3,5,2,3,6,4,2,0,0,0
C5120ST,18,317,District-Karimganj,Rural,0-4,4,2,2,0,0,0,1,1,0,0,0,0,0,0,0,1,0,1,1,0,1,1,1,0,0,0,0
C5120ST,18,317,District-Karimganj,Rural,5-9,4,2,2,2,0,2,1,1,0,0,0,0,0,0,0,0,0,0,0,0,0,1,1,0,0,0,0
C5120ST,18,317,District-Karimganj,Rural,10-19,9,5,4,2,1,1,4,2,2,0,0,0,0,0,0,2,1,1,0,0,0,1,1,0,0,0,0
C5120ST,18,317,District-Karimganj,Rural,20-29,5,2,3,1,1,0,2,1,1,0,0,0,0,0,0,0,0,0,2,0,2,0,0,0,0,0,0
C5120ST,18,317,District-Karimganj,Rural,30-39,14,10,4,3,2,1,3,1,2,0,0,0,2,2,0,4,3,1,2,2,0,0,0,0,0,0,0
C5120ST,18,317,District-Karimganj,Rural,40-49,1,1,0,0,0,0,0,0,0,0,0,0,0,0,0,1,1,0,0,0,0,0,0,0,0,0,0
C5120ST,18,317,District-Karimganj,Rural,50-59,3,1,2,0,0,0,1,0,1,0,0,0,1,0,1,0,0,0,0,0,0,1,1,0,0,0,0
C5120ST,18,317,District-Karimganj,Rural,60-69,4,3,1,0,0,0,1,1,0,0,0,0,1,1,0,1,1,0,0,0,0,1,0,1,0,0,0
C5120ST,18,317,District-Karimganj,Rural,70-79,2,1,1,1,1,0,1,0,1,0,0,0,0,0,0,0,0,0,0,0,0,0,0,0,0,0,0
C5120ST,18,317,District-Karimganj,Rural,80-89,1,0,1,0,0,0,0,0,0,0,0,0,0,0,0,0,0,0,0,0,0,1,0,1,0,0,0
C5120ST,18,317,District-Karimganj,Rural,90+,0,0,0,0,0,0,0,0,0,0,0,0,0,0,0,0,0,0,0,0,0,0,0,0,0,0,0
C5120ST,18,317,District-Karimganj,Rural,Age Not Stated,0,0,0,0,0,0,0,0,0,0,0,0,0,0,0,0,0,0,0,0,0,0,0,0,0,0,0
C5120ST,18,317,District-Karimganj,Urban,Total,8,6,2,0,0,0,1,1,0,0,0,0,1,1,0,0,0,0,0,0,0,6,4,2,0,0,0
C5120ST,18,317,District-Karimganj,Urban,0-4,1,1,0,0,0,0,0,0,0,0,0,0,0,0,0,0,0,0,0,0,0,1,1,0,0,0,0
C5120ST,18,317,District-Karimganj,Urban,5-9,4,3,1,0,0,0,0,0,0,0,0,0,0,0,0,0,0,0,0,0,0,4,3,1,0,0,0
C5120ST,18,317,District-Karimganj,Urban,10-19,1,0,1,0,0,0,0,0,0,0,0,0,0,0,0,0,0,0,0,0,0,1,0,1,0,0,0
C5120ST,18,317,District-Karimganj,Urban,20-29,0,0,0,0,0,0,0,0,0,0,0,0,0,0,0,0,0,0,0,0,0,0,0,0,0,0,0
C5120ST,18,317,District-Karimganj,Urban,30-39,1,1,0,0,0,0,0,0,0,0,0,0,1,1,0,0,0,0,0,0,0,0,0,0,0,0,0
C5120ST,18,317,District-Karimganj,Urban,40-49,0,0,0,0,0,0,0,0,0,0,0,0,0,0,0,0,0,0,0,0,0,0,0,0,0,0,0
C5120ST,18,317,District-Karimganj,Urban,50-59,1,1,0,0,0,0,1,1,0,0,0,0,0,0,0,0,0,0,0,0,0,0,0,0,0,0,0
C5120ST,18,317,District-Karimganj,Urban,60-69,0,0,0,0,0,0,0,0,0,0,0,0,0,0,0,0,0,0,0,0,0,0,0,0,0,0,0
C5120ST,18,317,District-Karimganj,Urban,70-79,0,0,0,0,0,0,0,0,0,0,0,0,0,0,0,0,0,0,0,0,0,0,0,0,0,0,0
C5120ST,18,317,District-Karimganj,Urban,80-89,0,0,0,0,0,0,0,0,0,0,0,0,0,0,0,0,0,0,0,0,0,0,0,0,0,0,0
C5120ST,18,317,District-Karimganj,Urban,90+,0,0,0,0,0,0,0,0,0,0,0,0,0,0,0,0,0,0,0,0,0,0,0,0,0,0,0
C5120ST,18,317,District-Karimganj,Urban,Age Not Stated,0,0,0,0,0,0,0,0,0,0,0,0,0,0,0,0,0,0,0,0,0,0,0,0,0,0,0
C5120ST,18,318,District-Hailakandi,Total,Total,11,9,2,2,1,1,2,1,1,0,0,0,1,1,0,1,1,0,0,0,0,2,2,0,3,3,0
C5120ST,18,318,District-Hailakandi,Total,0-4,0,0,0,0,0,0,0,0,0,0,0,0,0,0,0,0,0,0,0,0,0,0,0,0,0,0,0
C5120ST,18,318,District-Hailakandi,Total,5-9,0,0,0,0,0,0,0,0,0,0,0,0,0,0,0,0,0,0,0,0,0,0,0,0,0,0,0
C5120ST,18,318,District-Hailakandi,Total,10-19,4,4,0,0,0,0,0,0,0,0,0,0,0,0,0,0,0,0,0,0,0,2,2,0,2,2,0
C5120ST,18,318,District-Hailakandi,Total,20-29,1,0,1,1,0,1,0,0,0,0,0,0,0,0,0,0,0,0,0,0,0,0,0,0,0,0,0
C5120ST,18,318,District-Hailakandi,Total,30-39,1,1,0,0,0,0,1,1,0,0,0,0,0,0,0,0,0,0,0,0,0,0,0,0,0,0,0
C5120ST,18,318,District-Hailakandi,Total,40-49,2,2,0,1,1,0,0,0,0,0,0,0,0,0,0,1,1,0,0,0,0,0,0,0,0,0,0
C5120ST,18,318,District-Hailakandi,Total,50-59,1,0,1,0,0,0,1,0,1,0,0,0,0,0,0,0,0,0,0,0,0,0,0,0,0,0,0
C5120ST,18,318,District-Hailakandi,Total,60-69,2,2,0,0,0,0,0,0,0,0,0,0,1,1,0,0,0,0,0,0,0,0,0,0,1,1,0
C5120ST,18,318,District-Hailakandi,Total,70-79,0,0,0,0,0,0,0,0,0,0,0,0,0,0,0,0,0,0,0,0,0,0,0,0,0,0,0
C5120ST,18,318,District-Hailakandi,Total,80-89,0,0,0,0,0,0,0,0,0,0,0,0,0,0,0,0,0,0,0,0,0,0,0,0,0,0,0
C5120ST,18,318,District-Hailakandi,Total,90+,0,0,0,0,0,0,0,0,0,0,0,0,0,0,0,0,0,0,0,0,0,0,0,0,0,0,0
C5120ST,18,318,District-Hailakandi,Total,Age Not Stated,0,0,0,0,0,0,0,0,0,0,0,0,0,0,0,0,0,0,0,0,0,0,0,0,0,0,0
C5120ST,18,318,District-Hailakandi,Rural,Total,6,5,1,0,0,0,2,1,1,0,0,0,0,0,0,1,1,0,0,0,0,1,1,0,2,2,0
C5120ST,18,318,District-Hailakandi,Rural,0-4,0,0,0,0,0,0,0,0,0,0,0,0,0,0,0,0,0,0,0,0,0,0,0,0,0,0,0
C5120ST,18,318,District-Hailakandi,Rural,5-9,0,0,0,0,0,0,0,0,0,0,0,0,0,0,0,0,0,0,0,0,0,0,0,0,0,0,0
C5120ST,18,318,District-Hailakandi,Rural,10-19,2,2,0,0,0,0,0,0,0,0,0,0,0,0,0,0,0,0,0,0,0,1,1,0,1,1,0
C5120ST,18,318,District-Hailakandi,Rural,20-29,0,0,0,0,0,0,0,0,0,0,0,0,0,0,0,0,0,0,0,0,0,0,0,0,0,0,0
C5120ST,18,318,District-Hailakandi,Rural,30-39,1,1,0,0,0,0,1,1,0,0,0,0,0,0,0,0,0,0,0,0,0,0,0,0,0,0,0
C5120ST,18,318,District-Hailakandi,Rural,40-49,1,1,0,0,0,0,0,0,0,0,0,0,0,0,0,1,1,0,0,0,0,0,0,0,0,0,0
C5120ST,18,318,District-Hailakandi,Rural,50-59,1,0,1,0,0,0,1,0,1,0,0,0,0,0,0,0,0,0,0,0,0,0,0,0,0,0,0
C5120ST,18,318,District-Hailakandi,Rural,60-69,1,1,0,0,0,0,0,0,0,0,0,0,0,0,0,0,0,0,0,0,0,0,0,0,1,1,0
C5120ST,18,318,District-Hailakandi,Rural,70-79,0,0,0,0,0,0,0,0,0,0,0,0,0,0,0,0,0,0,0,0,0,0,0,0,0,0,0
C5120ST,18,318,District-Hailakandi,Rural,80-89,0,0,0,0,0,0,0,0,0,0,0,0,0,0,0,0,0,0,0,0,0,0,0,0,0,0,0
C5120ST,18,318,District-Hailakandi,Rural,90+,0,0,0,0,0,0,0,0,0,0,0,0,0,0,0,0,0,0,0,0,0,0,0,0,0,0,0
C5120ST,18,318,District-Hailakandi,Rural,Age Not Stated,0,0,0,0,0,0,0,0,0,0,0,0,0,0,0,0,0,0,0,0,0,0,0,0,0,0,0
C5120ST,18,318,District-Hailakandi,Urban,Total,5,4,1,2,1,1,0,0,0,0,0,0,1,1,0,0,0,0,0,0,0,1,1,0,1,1,0
C5120ST,18,318,District-Hailakandi,Urban,0-4,0,0,0,0,0,0,0,0,0,0,0,0,0,0,0,0,0,0,0,0,0,0,0,0,0,0,0
C5120ST,18,318,District-Hailakandi,Urban,5-9,0,0,0,0,0,0,0,0,0,0,0,0,0,0,0,0,0,0,0,0,0,0,0,0,0,0,0
C5120ST,18,318,District-Hailakandi,Urban,10-19,2,2,0,0,0,0,0,0,0,0,0,0,0,0,0,0,0,0,0,0,0,1,1,0,1,1,0
C5120ST,18,318,District-Hailakandi,Urban,20-29,1,0,1,1,0,1,0,0,0,0,0,0,0,0,0,0,0,0,0,0,0,0,0,0,0,0,0
C5120ST,18,318,District-Hailakandi,Urban,30-39,0,0,0,0,0,0,0,0,0,0,0,0,0,0,0,0,0,0,0,0,0,0,0,0,0,0,0
C5120ST,18,318,District-Hailakandi,Urban,40-49,1,1,0,1,1,0,0,0,0,0,0,0,0,0,0,0,0,0,0,0,0,0,0,0,0,0,0
C5120ST,18,318,District-Hailakandi,Urban,50-59,0,0,0,0,0,0,0,0,0,0,0,0,0,0,0,0,0,0,0,0,0,0,0,0,0,0,0
C5120ST,18,318,District-Hailakandi,Urban,60-69,1,1,0,0,0,0,0,0,0,0,0,0,1,1,0,0,0,0,0,0,0,0,0,0,0,0,0
C5120ST,18,318,District-Hailakandi,Urban,70-79,0,0,0,0,0,0,0,0,0,0,0,0,0,0,0,0,0,0,0,0,0,0,0,0,0,0,0
C5120ST,18,318,District-Hailakandi,Urban,80-89,0,0,0,0,0,0,0,0,0,0,0,0,0,0,0,0,0,0,0,0,0,0,0,0,0,0,0
C5120ST,18,318,District-Hailakandi,Urban,90+,0,0,0,0,0,0,0,0,0,0,0,0,0,0,0,0,0,0,0,0,0,0,0,0,0,0,0
C5120ST,18,318,District-Hailakandi,Urban,Age Not Stated,0,0,0,0,0,0,0,0,0,0,0,0,0,0,0,0,0,0,0,0,0,0,0,0,0,0,0
C5120ST,18,319,District-Bongaigaon,Total,Total,254,132,122,52,23,29,45,24,21,20,13,7,39,20,19,20,14,6,14,8,6,42,19,23,22,11,11
C5120ST,18,319,District-Bongaigaon,Total,0-4,9,6,3,2,1,1,1,0,1,0,0,0,0,0,0,0,0,0,1,1,0,4,3,1,1,1,0
C5120ST,18,319,District-Bongaigaon,Total,5-9,20,6,14,3,1,2,1,1,0,1,0,1,3,0,3,1,1,0,0,0,0,6,1,5,5,2,3
C5120ST,18,319,District-Bongaigaon,Total,10-19,31,18,13,8,5,3,3,2,1,0,0,0,3,2,1,7,5,2,1,0,1,7,4,3,2,0,2
C5120ST,18,319,District-Bongaigaon,Total,20-29,44,23,21,3,2,1,7,2,5,10,6,4,5,3,2,7,4,3,2,1,1,6,2,4,4,3,1
C5120ST,18,319,District-Bongaigaon,Total,30-39,39,16,23,5,1,4,7,4,3,3,2,1,5,2,3,4,3,1,5,2,3,8,2,6,2,0,2
C5120ST,18,319,District-Bongaigaon,Total,40-49,31,18,13,5,2,3,11,6,5,3,2,1,3,2,1,0,0,0,2,2,0,7,4,3,0,0,0
C5120ST,18,319,District-Bongaigaon,Total,50-59,33,22,11,6,4,2,8,3,5,2,2,0,9,7,2,1,1,0,2,1,1,2,1,1,3,3,0
C5120ST,18,319,District-Bongaigaon,Total,60-69,23,13,10,12,6,6,1,1,0,1,1,0,5,2,3,0,0,0,1,1,0,2,2,0,1,0,1
C5120ST,18,319,District-Bongaigaon,Total,70-79,14,5,9,4,0,4,4,3,1,0,0,0,4,1,3,0,0,0,0,0,0,0,0,0,2,1,1
C5120ST,18,319,District-Bongaigaon,Total,80-89,8,4,4,4,1,3,1,1,0,0,0,0,2,1,1,0,0,0,0,0,0,0,0,0,1,1,0
C5120ST,18,319,District-Bongaigaon,Total,90+,2,1,1,0,0,0,1,1,0,0,0,0,0,0,0,0,0,0,0,0,0,0,0,0,1,0,1
C5120ST,18,319,District-Bongaigaon,Total,Age Not Stated,0,0,0,0,0,0,0,0,0,0,0,0,0,0,0,0,0,0,0,0,0,0,0,0,0,0,0
C5120ST,18,319,District-Bongaigaon,Rural,Total,209,110,99,45,19,26,43,23,20,16,11,5,34,18,16,19,13,6,13,7,6,20,10,10,19,9,10
C5120ST,18,319,District-Bongaigaon,Rural,0-4,5,3,2,2,1,1,1,0,1,0,0,0,0,0,0,0,0,0,0,0,0,1,1,0,1,1,0
C5120ST,18,319,District-Bongaigaon,Rural,5-9,19,6,13,3,1,2,1,1,0,1,0,1,2,0,2,1,1,0,0,0,0,6,1,5,5,2,3
C5120ST,18,319,District-Bongaigaon,Rural,10-19,27,15,12,6,3,3,3,2,1,0,0,0,3,2,1,7,5,2,1,0,1,5,3,2,2,0,2
C5120ST,18,319,District-Bongaigaon,Rural,20-29,32,18,14,3,2,1,7,2,5,7,5,2,4,3,1,6,3,3,2,1,1,0,0,0,3,2,1
C5120ST,18,319,District-Bongaigaon,Rural,30-39,28,14,14,2,0,2,6,4,2,3,2,1,4,2,2,4,3,1,5,2,3,3,1,2,1,0,1
C5120ST,18,319,District-Bongaigaon,Rural,40-49,26,15,11,5,2,3,11,6,5,2,1,1,3,2,1,0,0,0,2,2,0,3,2,1,0,0,0
C5120ST,18,319,District-Bongaigaon,Rural,50-59,29,19,10,6,4,2,8,3,5,2,2,0,8,6,2,1,1,0,2,1,1,0,0,0,2,2,0
C5120ST,18,319,District-Bongaigaon,Rural,60-69,21,12,9,10,5,5,1,1,0,1,1,0,5,2,3,0,0,0,1,1,0,2,2,0,1,0,1
C5120ST,18,319,District-Bongaigaon,Rural,70-79,13,4,9,4,0,4,3,2,1,0,0,0,4,1,3,0,0,0,0,0,0,0,0,0,2,1,1
C5120ST,18,319,District-Bongaigaon,Rural,80-89,7,3,4,4,1,3,1,1,0,0,0,0,1,0,1,0,0,0,0,0,0,0,0,0,1,1,0
C5120ST,18,319,District-Bongaigaon,Rural,90+,2,1,1,0,0,0,1,1,0,0,0,0,0,0,0,0,0,0,0,0,0,0,0,0,1,0,1
C5120ST,18,319,District-Bongaigaon,Rural,Age Not Stated,0,0,0,0,0,0,0,0,0,0,0,0,0,0,0,0,0,0,0,0,0,0,0,0,0,0,0
C5120ST,18,319,District-Bongaigaon,Urban,Total,45,22,23,7,4,3,2,1,1,4,2,2,5,2,3,1,1,0,1,1,0,22,9,13,3,2,1
C5120ST,18,319,District-Bongaigaon,Urban,0-4,4,3,1,0,0,0,0,0,0,0,0,0,0,0,0,0,0,0,1,1,0,3,2,1,0,0,0
C5120ST,18,319,District-Bongaigaon,Urban,5-9,1,0,1,0,0,0,0,0,0,0,0,0,1,0,1,0,0,0,0,0,0,0,0,0,0,0,0
C5120ST,18,319,District-Bongaigaon,Urban,10-19,4,3,1,2,2,0,0,0,0,0,0,0,0,0,0,0,0,0,0,0,0,2,1,1,0,0,0
C5120ST,18,319,District-Bongaigaon,Urban,20-29,12,5,7,0,0,0,0,0,0,3,1,2,1,0,1,1,1,0,0,0,0,6,2,4,1,1,0
C5120ST,18,319,District-Bongaigaon,Urban,30-39,11,2,9,3,1,2,1,0,1,0,0,0,1,0,1,0,0,0,0,0,0,5,1,4,1,0,1
C5120ST,18,319,District-Bongaigaon,Urban,40-49,5,3,2,0,0,0,0,0,0,1,1,0,0,0,0,0,0,0,0,0,0,4,2,2,0,0,0
C5120ST,18,319,District-Bongaigaon,Urban,50-59,4,3,1,0,0,0,0,0,0,0,0,0,1,1,0,0,0,0,0,0,0,2,1,1,1,1,0
C5120ST,18,319,District-Bongaigaon,Urban,60-69,2,1,1,2,1,1,0,0,0,0,0,0,0,0,0,0,0,0,0,0,0,0,0,0,0,0,0
C5120ST,18,319,District-Bongaigaon,Urban,70-79,1,1,0,0,0,0,1,1,0,0,0,0,0,0,0,0,0,0,0,0,0,0,0,0,0,0,0
C5120ST,18,319,District-Bongaigaon,Urban,80-89,1,1,0,0,0,0,0,0,0,0,0,0,1,1,0,0,0,0,0,0,0,0,0,0,0,0,0
C5120ST,18,319,District-Bongaigaon,Urban,90+,0,0,0,0,0,0,0,0,0,0,0,0,0,0,0,0,0,0,0,0,0,0,0,0,0,0,0
C5120ST,18,319,District-Bongaigaon,Urban,Age Not Stated,0,0,0,0,0,0,0,0,0,0,0,0,0,0,0,0,0,0,0,0,0,0,0,0,0,0,0
C5120ST,18,320,District-Chirang,Total,Total,2810,1451,1359,394,205,189,674,348,326,223,108,115,372,211,161,162,81,81,75,43,32,741,371,370,169,84,85
C5120ST,18,320,District-Chirang,Total,0-4,131,70,61,16,10,6,31,16,15,3,2,1,12,8,4,10,6,4,0,0,0,56,28,28,3,0,3
C5120ST,18,320,District-Chirang,Total,5-9,136,66,70,19,7,12,28,13,15,17,9,8,13,7,6,10,7,3,3,1,2,35,15,20,11,7,4
C5120ST,18,320,District-Chirang,Total,10-19,366,191,175,54,27,27,88,45,43,44,21,23,47,26,21,25,10,15,9,7,2,78,43,35,21,12,9
C5120ST,18,320,District-Chirang,Total,20-29,421,199,222,39,24,15,76,39,37,52,25,27,60,33,27,38,15,23,16,4,12,120,52,68,20,7,13
C5120ST,18,320,District-Chirang,Total,30-39,403,222,181,36,23,13,66,37,29,50,25,25,48,33,15,26,13,13,16,12,4,134,63,71,27,16,11
C5120ST,18,320,District-Chirang,Total,40-49,349,182,167,37,21,16,78,38,40,30,10,20,35,24,11,28,15,13,12,11,1,118,57,61,11,6,5
C5120ST,18,320,District-Chirang,Total,50-59,330,175,155,52,23,29,99,54,45,14,7,7,45,20,25,14,10,4,10,6,4,82,49,33,14,6,8
C5120ST,18,320,District-Chirang,Total,60-69,343,170,173,78,42,36,100,46,54,8,5,3,52,25,27,11,5,6,5,1,4,70,37,33,19,9,10
C5120ST,18,320,District-Chirang,Total,70-79,212,114,98,45,20,25,70,39,31,2,2,0,36,20,16,0,0,0,4,1,3,34,21,13,21,11,10
C5120ST,18,320,District-Chirang,Total,80-89,84,39,45,13,5,8,29,14,15,2,1,1,12,8,4,0,0,0,0,0,0,12,5,7,16,6,10
C5120ST,18,320,District-Chirang,Total,90+,35,23,12,5,3,2,9,7,2,1,1,0,12,7,5,0,0,0,0,0,0,2,1,1,6,4,2
C5120ST,18,320,District-Chirang,Total,Age Not Stated,0,0,0,0,0,0,0,0,0,0,0,0,0,0,0,0,0,0,0,0,0,0,0,0,0,0,0
C5120ST,18,320,District-Chirang,Rural,Total,2749,1422,1327,390,203,187,650,336,314,221,106,115,370,210,160,162,81,81,75,43,32,715,361,354,166,82,84
C5120ST,18,320,District-Chirang,Rural,0-4,127,70,57,16,10,6,30,16,14,3,2,1,12,8,4,10,6,4,0,0,0,53,28,25,3,0,3
C5120ST,18,320,District-Chirang,Rural,5-9,133,64,69,19,7,12,27,12,15,16,8,8,13,7,6,10,7,3,3,1,2,34,15,19,11,7,4
C5120ST,18,320,District-Chirang,Rural,10-19,351,183,168,53,27,26,84,43,41,43,20,23,46,26,20,25,10,15,9,7,2,71,39,32,20,11,9
C5120ST,18,320,District-Chirang,Rural,20-29,409,194,215,39,24,15,72,37,35,52,25,27,59,32,27,38,15,23,16,4,12,113,50,63,20,7,13
C5120ST,18,320,District-Chirang,Rural,30-39,394,215,179,35,22,13,63,35,28,50,25,25,48,33,15,26,13,13,16,12,4,129,59,70,27,16,11
C5120ST,18,320,District-Chirang,Rural,40-49,341,179,162,36,21,15,73,35,38,30,10,20,35,24,11,28,15,13,12,11,1,116,57,59,11,6,5
C5120ST,18,320,District-Chirang,Rural,50-59,326,174,152,52,23,29,95,53,42,14,7,7,45,20,25,14,10,4,10,6,4,82,49,33,14,6,8
C5120ST,18,320,District-Chirang,Rural,60-69,341,168,173,77,41,36,99,45,54,8,5,3,52,25,27,11,5,6,5,1,4,70,37,33,19,9,10
C5120ST,18,320,District-Chirang,Rural,70-79,212,114,98,45,20,25,70,39,31,2,2,0,36,20,16,0,0,0,4,1,3,34,21,13,21,11,10
C5120ST,18,320,District-Chirang,Rural,80-89,81,39,42,13,5,8,28,14,14,2,1,1,12,8,4,0,0,0,0,0,0,11,5,6,15,6,9
C5120ST,18,320,District-Chirang,Rural,90+,34,22,12,5,3,2,9,7,2,1,1,0,12,7,5,0,0,0,0,0,0,2,1,1,5,3,2
C5120ST,18,320,District-Chirang,Rural,Age Not Stated,0,0,0,0,0,0,0,0,0,0,0,0,0,0,0,0,0,0,0,0,0,0,0,0,0,0,0
C5120ST,18,320,District-Chirang,Urban,Total,61,29,32,4,2,2,24,12,12,2,2,0,2,1,1,0,0,0,0,0,0,26,10,16,3,2,1
C5120ST,18,320,District-Chirang,Urban,0-4,4,0,4,0,0,0,1,0,1,0,0,0,0,0,0,0,0,0,0,0,0,3,0,3,0,0,0
C5120ST,18,320,District-Chirang,Urban,5-9,3,2,1,0,0,0,1,1,0,1,1,0,0,0,0,0,0,0,0,0,0,1,0,1,0,0,0
C5120ST,18,320,District-Chirang,Urban,10-19,15,8,7,1,0,1,4,2,2,1,1,0,1,0,1,0,0,0,0,0,0,7,4,3,1,1,0
C5120ST,18,320,District-Chirang,Urban,20-29,12,5,7,0,0,0,4,2,2,0,0,0,1,1,0,0,0,0,0,0,0,7,2,5,0,0,0
C5120ST,18,320,District-Chirang,Urban,30-39,9,7,2,1,1,0,3,2,1,0,0,0,0,0,0,0,0,0,0,0,0,5,4,1,0,0,0
C5120ST,18,320,District-Chirang,Urban,40-49,8,3,5,1,0,1,5,3,2,0,0,0,0,0,0,0,0,0,0,0,0,2,0,2,0,0,0
C5120ST,18,320,District-Chirang,Urban,50-59,4,1,3,0,0,0,4,1,3,0,0,0,0,0,0,0,0,0,0,0,0,0,0,0,0,0,0
C5120ST,18,320,District-Chirang,Urban,60-69,2,2,0,1,1,0,1,1,0,0,0,0,0,0,0,0,0,0,0,0,0,0,0,0,0,0,0
C5120ST,18,320,District-Chirang,Urban,70-79,0,0,0,0,0,0,0,0,0,0,0,0,0,0,0,0,0,0,0,0,0,0,0,0,0,0,0
C5120ST,18,320,District-Chirang,Urban,80-89,3,0,3,0,0,0,1,0,1,0,0,0,0,0,0,0,0,0,0,0,0,1,0,1,1,0,1
C5120ST,18,320,District-Chirang,Urban,90+,1,1,0,0,0,0,0,0,0,0,0,0,0,0,0,0,0,0,0,0,0,0,0,0,1,1,0
C5120ST,18,320,District-Chirang,Urban,Age Not Stated,0,0,0,0,0,0,0,0,0,0,0,0,0,0,0,0,0,0,0,0,0,0,0,0,0,0,0
C5120ST,18,321,District-Kamrup,Total,Total,2914,1541,1373,326,163,163,659,332,327,195,99,96,433,254,179,107,62,45,76,42,34,830,440,390,288,149,139
C5120ST,18,321,District-Kamrup,Total,0-4,137,75,62,6,2,4,35,20,15,3,2,1,3,2,1,0,0,0,1,1,0,80,42,38,9,6,3
C5120ST,18,321,District-Kamrup,Total,5-9,206,104,102,9,4,5,46,26,20,26,13,13,18,10,8,6,3,3,1,0,1,79,35,44,21,13,8
C5120ST,18,321,District-Kamrup,Total,10-19,491,264,227,40,22,18,95,48,47,49,27,22,63,32,31,23,14,9,7,4,3,176,92,84,38,25,13
C5120ST,18,321,District-Kamrup,Total,20-29,405,216,189,32,16,16,80,39,41,40,19,21,50,31,19,19,11,8,13,8,5,140,75,65,31,17,14
C5120ST,18,321,District-Kamrup,Total,30-39,392,209,183,29,13,16,91,43,48,27,13,14,52,33,19,25,12,13,22,13,9,122,70,52,24,12,12
C5120ST,18,321,District-Kamrup,Total,40-49,300,186,114,32,22,10,70,41,29,19,10,9,45,32,13,11,7,4,15,8,7,90,54,36,18,12,6
C5120ST,18,321,District-Kamrup,Total,50-59,271,137,134,47,25,22,73,34,39,17,6,11,40,27,13,13,8,5,8,1,7,59,27,32,14,9,5
C5120ST,18,321,District-Kamrup,Total,60-69,353,180,173,78,36,42,92,43,49,10,8,2,72,39,33,5,4,1,8,7,1,51,29,22,37,14,23
C5120ST,18,321,District-Kamrup,Total,70-79,232,111,121,33,17,16,52,27,25,3,1,2,52,30,22,4,2,2,1,0,1,28,13,15,59,21,38
C5120ST,18,321,District-Kamrup,Total,80-89,92,45,47,14,5,9,19,8,11,1,0,1,29,14,15,1,1,0,0,0,0,2,1,1,26,16,10
C5120ST,18,321,District-Kamrup,Total,90+,35,14,21,6,1,5,6,3,3,0,0,0,9,4,5,0,0,0,0,0,0,3,2,1,11,4,7
C5120ST,18,321,District-Kamrup,Total,Age Not Stated,0,0,0,0,0,0,0,0,0,0,0,0,0,0,0,0,0,0,0,0,0,0,0,0,0,0,0
C5120ST,18,321,District-Kamrup,Rural,Total,2886,1526,1360,320,162,158,651,327,324,189,96,93,428,250,178,106,61,45,76,42,34,829,440,389,287,148,139
C5120ST,18,321,District-Kamrup,Rural,0-4,136,74,62,6,2,4,34,19,15,3,2,1,3,2,1,0,0,0,1,1,0,80,42,38,9,6,3
C5120ST,18,321,District-Kamrup,Rural,5-9,203,102,101,8,4,4,46,26,20,26,13,13,17,9,8,5,2,3,1,0,1,79,35,44,21,13,8
C5120ST,18,321,District-Kamrup,Rural,10-19,487,262,225,39,22,17,95,48,47,48,26,22,62,31,31,23,14,9,7,4,3,175,92,83,38,25,13
C5120ST,18,321,District-Kamrup,Rural,20-29,400,214,186,32,16,16,78,38,40,37,18,19,50,31,19,19,11,8,13,8,5,140,75,65,31,17,14
C5120ST,18,321,District-Kamrup,Rural,30-39,389,208,181,28,13,15,91,43,48,26,13,13,51,32,19,25,12,13,22,13,9,122,70,52,24,12,12
C5120ST,18,321,District-Kamrup,Rural,40-49,295,183,112,31,22,9,69,40,29,18,9,9,44,32,12,11,7,4,15,8,7,90,54,36,17,11,6
C5120ST,18,321,District-Kamrup,Rural,50-59,268,134,134,47,25,22,71,32,39,17,6,11,39,26,13,13,8,5,8,1,7,59,27,32,14,9,5
C5120ST,18,321,District-Kamrup,Rural,60-69,351,180,171,77,36,41,91,43,48,10,8,2,72,39,33,5,4,1,8,7,1,51,29,22,37,14,23
C5120ST,18,321,District-Kamrup,Rural,70-79,232,111,121,33,17,16,52,27,25,3,1,2,52,30,22,4,2,2,1,0,1,28,13,15,59,21,38
C5120ST,18,321,District-Kamrup,Rural,80-89,90,44,46,13,4,9,18,8,10,1,0,1,29,14,15,1,1,0,0,0,0,2,1,1,26,16,10
C5120ST,18,321,District-Kamrup,Rural,90+,35,14,21,6,1,5,6,3,3,0,0,0,9,4,5,0,0,0,0,0,0,3,2,1,11,4,7
C5120ST,18,321,District-Kamrup,Rural,Age Not Stated,0,0,0,0,0,0,0,0,0,0,0,0,0,0,0,0,0,0,0,0,0,0,0,0,0,0,0
C5120ST,18,321,District-Kamrup,Urban,Total,28,15,13,6,1,5,8,5,3,6,3,3,5,4,1,1,1,0,0,0,0,1,0,1,1,1,0
C5120ST,18,321,District-Kamrup,Urban,0-4,1,1,0,0,0,0,1,1,0,0,0,0,0,0,0,0,0,0,0,0,0,0,0,0,0,0,0
C5120ST,18,321,District-Kamrup,Urban,5-9,3,2,1,1,0,1,0,0,0,0,0,0,1,1,0,1,1,0,0,0,0,0,0,0,0,0,0
C5120ST,18,321,District-Kamrup,Urban,10-19,4,2,2,1,0,1,0,0,0,1,1,0,1,1,0,0,0,0,0,0,0,1,0,1,0,0,0
C5120ST,18,321,District-Kamrup,Urban,20-29,5,2,3,0,0,0,2,1,1,3,1,2,0,0,0,0,0,0,0,0,0,0,0,0,0,0,0
C5120ST,18,321,District-Kamrup,Urban,30-39,3,1,2,1,0,1,0,0,0,1,0,1,1,1,0,0,0,0,0,0,0,0,0,0,0,0,0
C5120ST,18,321,District-Kamrup,Urban,40-49,5,3,2,1,0,1,1,1,0,1,1,0,1,0,1,0,0,0,0,0,0,0,0,0,1,1,0
C5120ST,18,321,District-Kamrup,Urban,50-59,3,3,0,0,0,0,2,2,0,0,0,0,1,1,0,0,0,0,0,0,0,0,0,0,0,0,0
C5120ST,18,321,District-Kamrup,Urban,60-69,2,0,2,1,0,1,1,0,1,0,0,0,0,0,0,0,0,0,0,0,0,0,0,0,0,0,0
C5120ST,18,321,District-Kamrup,Urban,70-79,0,0,0,0,0,0,0,0,0,0,0,0,0,0,0,0,0,0,0,0,0,0,0,0,0,0,0
C5120ST,18,321,District-Kamrup,Urban,80-89,2,1,1,1,1,0,1,0,1,0,0,0,0,0,0,0,0,0,0,0,0,0,0,0,0,0,0
C5120ST,18,321,District-Kamrup,Urban,90+,0,0,0,0,0,0,0,0,0,0,0,0,0,0,0,0,0,0,0,0,0,0,0,0,0,0,0
C5120ST,18,321,District-Kamrup,Urban,Age Not Stated,0,0,0,0,0,0,0,0,0,0,0,0,0,0,0,0,0,0,0,0,0,0,0,0,0,0,0
C5120ST,18,322,District-Kamrup Metropolitan,Total,Total,1417,737,680,149,81,68,373,172,201,128,74,54,131,80,51,55,34,21,35,24,11,460,233,227,86,39,47
C5120ST,18,322,District-Kamrup Metropolitan,Total,0-4,67,29,38,6,2,4,19,4,15,2,0,2,3,2,1,4,4,0,0,0,0,30,15,15,3,2,1
C5120ST,18,322,District-Kamrup Metropolitan,Total,5-9,118,69,49,11,9,2,39,21,18,8,6,2,9,7,2,4,2,2,2,2,0,36,18,18,9,4,5
C5120ST,18,322,District-Kamrup Metropolitan,Total,10-19,264,139,125,30,16,14,67,37,30,31,17,14,11,5,6,18,10,8,6,5,1,83,37,46,18,12,6
C5120ST,18,322,District-Kamrup Metropolitan,Total,20-29,252,127,125,22,11,11,62,31,31,32,17,15,18,6,12,11,8,3,6,3,3,87,45,42,14,6,8
C5120ST,18,322,District-Kamrup Metropolitan,Total,30-39,203,114,89,17,14,3,58,22,36,25,20,5,20,14,6,5,3,2,9,4,5,64,35,29,5,2,3
C5120ST,18,322,District-Kamrup Metropolitan,Total,40-49,202,103,99,21,12,9,48,19,29,12,4,8,22,16,6,7,4,3,8,7,1,77,38,39,7,3,4
C5120ST,18,322,District-Kamrup Metropolitan,Total,50-59,137,81,56,15,7,8,33,17,16,12,6,6,17,13,4,5,3,2,3,2,1,45,30,15,7,3,4
C5120ST,18,322,District-Kamrup Metropolitan,Total,60-69,82,37,45,11,4,7,23,12,11,3,2,1,16,9,7,0,0,0,0,0,0,20,8,12,9,2,7
C5120ST,18,322,District-Kamrup Metropolitan,Total,70-79,55,24,31,11,4,7,12,6,6,2,1,1,10,6,4,1,0,1,0,0,0,10,5,5,9,2,7
C5120ST,18,322,District-Kamrup Metropolitan,Total,80-89,26,11,15,5,2,3,10,3,7,1,1,0,4,1,3,0,0,0,1,1,0,3,1,2,2,2,0
C5120ST,18,322,District-Kamrup Metropolitan,Total,90+,9,2,7,0,0,0,2,0,2,0,0,0,0,0,0,0,0,0,0,0,0,4,1,3,3,1,2
C5120ST,18,322,District-Kamrup Metropolitan,Total,Age Not Stated,2,1,1,0,0,0,0,0,0,0,0,0,1,1,0,0,0,0,0,0,0,1,0,1,0,0,0
C5120ST,18,322,District-Kamrup Metropolitan,Rural,Total,523,252,271,74,35,39,151,58,93,38,20,18,60,35,25,25,17,8,18,10,8,128,65,63,29,12,17
C5120ST,18,322,District-Kamrup Metropolitan,Rural,0-4,29,13,16,4,1,3,10,1,9,0,0,0,2,1,1,4,4,0,0,0,0,8,5,3,1,1,0
C5120ST,18,322,District-Kamrup Metropolitan,Rural,5-9,49,26,23,7,5,2,13,6,7,3,1,2,3,3,0,3,2,1,1,1,0,15,7,8,4,1,3
C5120ST,18,322,District-Kamrup Metropolitan,Rural,10-19,89,41,48,16,9,7,18,5,13,8,6,2,7,3,4,7,2,5,3,2,1,22,9,13,8,5,3
C5120ST,18,322,District-Kamrup Metropolitan,Rural,20-29,82,38,44,10,4,6,21,9,12,11,5,6,10,3,7,4,4,0,5,3,2,18,9,9,3,1,2
C5120ST,18,322,District-Kamrup Metropolitan,Rural,30-39,67,37,30,5,4,1,20,7,13,6,4,2,6,4,2,2,2,0,7,3,4,19,12,7,2,1,1
C5120ST,18,322,District-Kamrup Metropolitan,Rural,40-49,73,36,37,9,5,4,22,9,13,2,0,2,15,9,6,2,1,1,0,0,0,19,11,8,4,1,3
C5120ST,18,322,District-Kamrup Metropolitan,Rural,50-59,48,22,26,5,2,3,18,7,11,4,2,2,4,3,1,2,2,0,2,1,1,13,5,8,0,0,0
C5120ST,18,322,District-Kamrup Metropolitan,Rural,60-69,34,14,20,5,0,5,12,7,5,1,0,1,5,3,2,0,0,0,0,0,0,8,4,4,3,0,3
C5120ST,18,322,District-Kamrup Metropolitan,Rural,70-79,34,16,18,10,4,6,9,4,5,2,1,1,6,5,1,1,0,1,0,0,0,4,2,2,2,0,2
C5120ST,18,322,District-Kamrup Metropolitan,Rural,80-89,15,9,6,3,1,2,6,3,3,1,1,0,2,1,1,0,0,0,0,0,0,1,1,0,2,2,0
C5120ST,18,322,District-Kamrup Metropolitan,Rural,90+,3,0,3,0,0,0,2,0,2,0,0,0,0,0,0,0,0,0,0,0,0,1,0,1,0,0,0
C5120ST,18,322,District-Kamrup Metropolitan,Rural,Age Not Stated,0,0,0,0,0,0,0,0,0,0,0,0,0,0,0,0,0,0,0,0,0,0,0,0,0,0,0
C5120ST,18,322,District-Kamrup Metropolitan,Urban,Total,894,485,409,75,46,29,222,114,108,90,54,36,71,45,26,30,17,13,17,14,3,332,168,164,57,27,30
C5120ST,18,322,District-Kamrup Metropolitan,Urban,0-4,38,16,22,2,1,1,9,3,6,2,0,2,1,1,0,0,0,0,0,0,0,22,10,12,2,1,1
C5120ST,18,322,District-Kamrup Metropolitan,Urban,5-9,69,43,26,4,4,0,26,15,11,5,5,0,6,4,2,1,0,1,1,1,0,21,11,10,5,3,2
C5120ST,18,322,District-Kamrup Metropolitan,Urban,10-19,175,98,77,14,7,7,49,32,17,23,11,12,4,2,2,11,8,3,3,3,0,61,28,33,10,7,3
C5120ST,18,322,District-Kamrup Metropolitan,Urban,20-29,170,89,81,12,7,5,41,22,19,21,12,9,8,3,5,7,4,3,1,0,1,69,36,33,11,5,6
C5120ST,18,322,District-Kamrup Metropolitan,Urban,30-39,136,77,59,12,10,2,38,15,23,19,16,3,14,10,4,3,1,2,2,1,1,45,23,22,3,1,2
C5120ST,18,322,District-Kamrup Metropolitan,Urban,40-49,129,67,62,12,7,5,26,10,16,10,4,6,7,7,0,5,3,2,8,7,1,58,27,31,3,2,1
C5120ST,18,322,District-Kamrup Metropolitan,Urban,50-59,89,59,30,10,5,5,15,10,5,8,4,4,13,10,3,3,1,2,1,1,0,32,25,7,7,3,4
C5120ST,18,322,District-Kamrup Metropolitan,Urban,60-69,48,23,25,6,4,2,11,5,6,2,2,0,11,6,5,0,0,0,0,0,0,12,4,8,6,2,4
C5120ST,18,322,District-Kamrup Metropolitan,Urban,70-79,21,8,13,1,0,1,3,2,1,0,0,0,4,1,3,0,0,0,0,0,0,6,3,3,7,2,5
C5120ST,18,322,District-Kamrup Metropolitan,Urban,80-89,11,2,9,2,1,1,4,0,4,0,0,0,2,0,2,0,0,0,1,1,0,2,0,2,0,0,0
C5120ST,18,322,District-Kamrup Metropolitan,Urban,90+,6,2,4,0,0,0,0,0,0,0,0,0,0,0,0,0,0,0,0,0,0,3,1,2,3,1,2
C5120ST,18,322,District-Kamrup Metropolitan,Urban,Age Not Stated,2,1,1,0,0,0,0,0,0,0,0,0,1,1,0,0,0,0,0,0,0,1,0,1,0,0,0
C5120ST,18,323,District-Nalbari,Total,Total,437,237,200,61,35,26,78,38,40,29,20,9,89,45,44,22,13,9,15,11,4,89,46,43,54,29,25
C5120ST,18,323,District-Nalbari,Total,0-4,15,6,9,2,2,0,0,0,0,0,0,0,2,0,2,0,0,0,0,0,0,9,3,6,2,1,1
C5120ST,18,323,District-Nalbari,Total,5-9,22,9,13,4,1,3,5,3,2,2,2,0,2,1,1,1,0,1,0,0,0,5,1,4,3,1,2
C5120ST,18,323,District-Nalbari,Total,10-19,66,38,28,7,4,3,11,9,2,11,9,2,7,3,4,5,2,3,2,0,2,18,8,10,5,3,2
C5120ST,18,323,District-Nalbari,Total,20-29,56,28,28,5,2,3,8,4,4,5,3,2,12,7,5,3,0,3,1,1,0,14,8,6,8,3,5
C5120ST,18,323,District-Nalbari,Total,30-39,45,30,15,4,3,1,1,1,0,3,2,1,12,8,4,3,2,1,3,3,0,15,9,6,4,2,2
C5120ST,18,323,District-Nalbari,Total,40-49,62,41,21,4,4,0,11,6,5,4,2,2,15,8,7,5,4,1,6,5,1,11,7,4,6,5,1
C5120ST,18,323,District-Nalbari,Total,50-59,42,18,24,7,4,3,8,1,7,3,1,2,8,3,5,3,3,0,1,0,1,7,3,4,5,3,2
C5120ST,18,323,District-Nalbari,Total,60-69,51,22,29,14,5,9,13,2,11,1,1,0,17,9,8,1,1,0,1,1,0,4,3,1,0,0,0
C5120ST,18,323,District-Nalbari,Total,70-79,56,30,26,13,9,4,14,8,6,0,0,0,11,4,7,1,1,0,1,1,0,3,2,1,13,5,8
C5120ST,18,323,District-Nalbari,Total,80-89,17,12,5,1,1,0,3,1,2,0,0,0,3,2,1,0,0,0,0,0,0,3,2,1,7,6,1
C5120ST,18,323,District-Nalbari,Total,90+,3,2,1,0,0,0,2,2,0,0,0,0,0,0,0,0,0,0,0,0,0,0,0,0,1,0,1
C5120ST,18,323,District-Nalbari,Total,Age Not Stated,2,1,1,0,0,0,2,1,1,0,0,0,0,0,0,0,0,0,0,0,0,0,0,0,0,0,0
C5120ST,18,323,District-Nalbari,Rural,Total,436,236,200,61,35,26,78,38,40,29,20,9,89,45,44,22,13,9,15,11,4,89,46,43,53,28,25
C5120ST,18,323,District-Nalbari,Rural,0-4,15,6,9,2,2,0,0,0,0,0,0,0,2,0,2,0,0,0,0,0,0,9,3,6,2,1,1
C5120ST,18,323,District-Nalbari,Rural,5-9,22,9,13,4,1,3,5,3,2,2,2,0,2,1,1,1,0,1,0,0,0,5,1,4,3,1,2
C5120ST,18,323,District-Nalbari,Rural,10-19,65,37,28,7,4,3,11,9,2,11,9,2,7,3,4,5,2,3,2,0,2,18,8,10,4,2,2
C5120ST,18,323,District-Nalbari,Rural,20-29,56,28,28,5,2,3,8,4,4,5,3,2,12,7,5,3,0,3,1,1,0,14,8,6,8,3,5
C5120ST,18,323,District-Nalbari,Rural,30-39,45,30,15,4,3,1,1,1,0,3,2,1,12,8,4,3,2,1,3,3,0,15,9,6,4,2,2
C5120ST,18,323,District-Nalbari,Rural,40-49,62,41,21,4,4,0,11,6,5,4,2,2,15,8,7,5,4,1,6,5,1,11,7,4,6,5,1
C5120ST,18,323,District-Nalbari,Rural,50-59,42,18,24,7,4,3,8,1,7,3,1,2,8,3,5,3,3,0,1,0,1,7,3,4,5,3,2
C5120ST,18,323,District-Nalbari,Rural,60-69,51,22,29,14,5,9,13,2,11,1,1,0,17,9,8,1,1,0,1,1,0,4,3,1,0,0,0
C5120ST,18,323,District-Nalbari,Rural,70-79,56,30,26,13,9,4,14,8,6,0,0,0,11,4,7,1,1,0,1,1,0,3,2,1,13,5,8
C5120ST,18,323,District-Nalbari,Rural,80-89,17,12,5,1,1,0,3,1,2,0,0,0,3,2,1,0,0,0,0,0,0,3,2,1,7,6,1
C5120ST,18,323,District-Nalbari,Rural,90+,3,2,1,0,0,0,2,2,0,0,0,0,0,0,0,0,0,0,0,0,0,0,0,0,1,0,1
C5120ST,18,323,District-Nalbari,Rural,Age Not Stated,2,1,1,0,0,0,2,1,1,0,0,0,0,0,0,0,0,0,0,0,0,0,0,0,0,0,0
C5120ST,18,323,District-Nalbari,Urban,Total,1,1,0,0,0,0,0,0,0,0,0,0,0,0,0,0,0,0,0,0,0,0,0,0,1,1,0
C5120ST,18,323,District-Nalbari,Urban,0-4,0,0,0,0,0,0,0,0,0,0,0,0,0,0,0,0,0,0,0,0,0,0,0,0,0,0,0
C5120ST,18,323,District-Nalbari,Urban,5-9,0,0,0,0,0,0,0,0,0,0,0,0,0,0,0,0,0,0,0,0,0,0,0,0,0,0,0
C5120ST,18,323,District-Nalbari,Urban,10-19,1,1,0,0,0,0,0,0,0,0,0,0,0,0,0,0,0,0,0,0,0,0,0,0,1,1,0
C5120ST,18,323,District-Nalbari,Urban,20-29,0,0,0,0,0,0,0,0,0,0,0,0,0,0,0,0,0,0,0,0,0,0,0,0,0,0,0
C5120ST,18,323,District-Nalbari,Urban,30-39,0,0,0,0,0,0,0,0,0,0,0,0,0,0,0,0,0,0,0,0,0,0,0,0,0,0,0
C5120ST,18,323,District-Nalbari,Urban,40-49,0,0,0,0,0,0,0,0,0,0,0,0,0,0,0,0,0,0,0,0,0,0,0,0,0,0,0
C5120ST,18,323,District-Nalbari,Urban,50-59,0,0,0,0,0,0,0,0,0,0,0,0,0,0,0,0,0,0,0,0,0,0,0,0,0,0,0
C5120ST,18,323,District-Nalbari,Urban,60-69,0,0,0,0,0,0,0,0,0,0,0,0,0,0,0,0,0,0,0,0,0,0,0,0,0,0,0
C5120ST,18,323,District-Nalbari,Urban,70-79,0,0,0,0,0,0,0,0,0,0,0,0,0,0,0,0,0,0,0,0,0,0,0,0,0,0,0
C5120ST,18,323,District-Nalbari,Urban,80-89,0,0,0,0,0,0,0,0,0,0,0,0,0,0,0,0,0,0,0,0,0,0,0,0,0,0,0
C5120ST,18,323,District-Nalbari,Urban,90+,0,0,0,0,0,0,0,0,0,0,0,0,0,0,0,0,0,0,0,0,0,0,0,0,0,0,0
C5120ST,18,323,District-Nalbari,Urban,Age Not Stated,0,0,0,0,0,0,0,0,0,0,0,0,0,0,0,0,0,0,0,0,0,0,0,0,0,0,0
C5120ST,18,324,District-Baksa,Total,Total,4694,2523,2171,757,396,361,1221,633,588,319,170,149,654,408,246,262,121,141,160,84,76,951,511,440,370,200,170
C5120ST,18,324,District-Baksa,Total,0-4,200,97,103,27,8,19,54,25,29,2,1,1,13,5,8,17,7,10,2,2,0,74,44,30,11,5,6
C5120ST,18,324,District-Baksa,Total,5-9,301,157,144,42,25,17,79,41,38,40,25,15,32,17,15,11,4,7,0,0,0,77,33,44,20,12,8
C5120ST,18,324,District-Baksa,Total,10-19,769,393,376,112,52,60,171,87,84,87,47,40,81,49,32,50,19,31,23,10,13,176,89,87,69,40,29
C5120ST,18,324,District-Baksa,Total,20-29,730,388,342,91,46,45,185,88,97,66,36,30,79,62,17,55,24,31,36,20,16,162,82,80,56,30,26
C5120ST,18,324,District-Baksa,Total,30-39,656,373,283,96,56,40,168,95,73,54,27,27,95,55,40,38,24,14,44,19,25,103,63,40,58,34,24
C5120ST,18,324,District-Baksa,Total,40-49,634,362,272,81,45,36,161,89,72,34,20,14,105,70,35,52,24,28,30,17,13,136,77,59,35,20,15
C5120ST,18,324,District-Baksa,Total,50-59,467,273,194,81,43,38,127,66,61,17,8,9,87,58,29,18,7,11,17,11,6,84,58,26,36,22,14
C5120ST,18,324,District-Baksa,Total,60-69,444,224,220,101,54,47,131,66,65,8,1,7,91,54,37,14,8,6,4,3,1,66,24,42,29,14,15
C5120ST,18,324,District-Baksa,Total,70-79,316,161,155,83,43,40,92,44,48,9,4,5,47,25,22,6,4,2,4,2,2,47,28,19,28,11,17
C5120ST,18,324,District-Baksa,Total,80-89,127,69,58,26,15,11,39,23,16,1,0,1,20,11,9,0,0,0,0,0,0,17,10,7,24,10,14
C5120ST,18,324,District-Baksa,Total,90+,46,25,21,16,9,7,13,9,4,1,1,0,4,2,2,1,0,1,0,0,0,7,2,5,4,2,2
C5120ST,18,324,District-Baksa,Total,Age Not Stated,4,1,3,1,0,1,1,0,1,0,0,0,0,0,0,0,0,0,0,0,0,2,1,1,0,0,0
C5120ST,18,324,District-Baksa,Rural,Total,4693,2522,2171,757,396,361,1221,633,588,319,170,149,654,408,246,262,121,141,160,84,76,951,511,440,369,199,170
C5120ST,18,324,District-Baksa,Rural,0-4,200,97,103,27,8,19,54,25,29,2,1,1,13,5,8,17,7,10,2,2,0,74,44,30,11,5,6
C5120ST,18,324,District-Baksa,Rural,5-9,301,157,144,42,25,17,79,41,38,40,25,15,32,17,15,11,4,7,0,0,0,77,33,44,20,12,8
C5120ST,18,324,District-Baksa,Rural,10-19,769,393,376,112,52,60,171,87,84,87,47,40,81,49,32,50,19,31,23,10,13,176,89,87,69,40,29
C5120ST,18,324,District-Baksa,Rural,20-29,729,387,342,91,46,45,185,88,97,66,36,30,79,62,17,55,24,31,36,20,16,162,82,80,55,29,26
C5120ST,18,324,District-Baksa,Rural,30-39,656,373,283,96,56,40,168,95,73,54,27,27,95,55,40,38,24,14,44,19,25,103,63,40,58,34,24
C5120ST,18,324,District-Baksa,Rural,40-49,634,362,272,81,45,36,161,89,72,34,20,14,105,70,35,52,24,28,30,17,13,136,77,59,35,20,15
C5120ST,18,324,District-Baksa,Rural,50-59,467,273,194,81,43,38,127,66,61,17,8,9,87,58,29,18,7,11,17,11,6,84,58,26,36,22,14
C5120ST,18,324,District-Baksa,Rural,60-69,444,224,220,101,54,47,131,66,65,8,1,7,91,54,37,14,8,6,4,3,1,66,24,42,29,14,15
C5120ST,18,324,District-Baksa,Rural,70-79,316,161,155,83,43,40,92,44,48,9,4,5,47,25,22,6,4,2,4,2,2,47,28,19,28,11,17
C5120ST,18,324,District-Baksa,Rural,80-89,127,69,58,26,15,11,39,23,16,1,0,1,20,11,9,0,0,0,0,0,0,17,10,7,24,10,14
C5120ST,18,324,District-Baksa,Rural,90+,46,25,21,16,9,7,13,9,4,1,1,0,4,2,2,1,0,1,0,0,0,7,2,5,4,2,2
C5120ST,18,324,District-Baksa,Rural,Age Not Stated,4,1,3,1,0,1,1,0,1,0,0,0,0,0,0,0,0,0,0,0,0,2,1,1,0,0,0
C5120ST,18,324,District-Baksa,Urban,Total,1,1,0,0,0,0,0,0,0,0,0,0,0,0,0,0,0,0,0,0,0,0,0,0,1,1,0
C5120ST,18,324,District-Baksa,Urban,0-4,0,0,0,0,0,0,0,0,0,0,0,0,0,0,0,0,0,0,0,0,0,0,0,0,0,0,0
C5120ST,18,324,District-Baksa,Urban,5-9,0,0,0,0,0,0,0,0,0,0,0,0,0,0,0,0,0,0,0,0,0,0,0,0,0,0,0
C5120ST,18,324,District-Baksa,Urban,10-19,0,0,0,0,0,0,0,0,0,0,0,0,0,0,0,0,0,0,0,0,0,0,0,0,0,0,0
C5120ST,18,324,District-Baksa,Urban,20-29,1,1,0,0,0,0,0,0,0,0,0,0,0,0,0,0,0,0,0,0,0,0,0,0,1,1,0
C5120ST,18,324,District-Baksa,Urban,30-39,0,0,0,0,0,0,0,0,0,0,0,0,0,0,0,0,0,0,0,0,0,0,0,0,0,0,0
C5120ST,18,324,District-Baksa,Urban,40-49,0,0,0,0,0,0,0,0,0,0,0,0,0,0,0,0,0,0,0,0,0,0,0,0,0,0,0
C5120ST,18,324,District-Baksa,Urban,50-59,0,0,0,0,0,0,0,0,0,0,0,0,0,0,0,0,0,0,0,0,0,0,0,0,0,0,0
C5120ST,18,324,District-Baksa,Urban,60-69,0,0,0,0,0,0,0,0,0,0,0,0,0,0,0,0,0,0,0,0,0,0,0,0,0,0,0
C5120ST,18,324,District-Baksa,Urban,70-79,0,0,0,0,0,0,0,0,0,0,0,0,0,0,0,0,0,0,0,0,0,0,0,0,0,0,0
C5120ST,18,324,District-Baksa,Urban,80-89,0,0,0,0,0,0,0,0,0,0,0,0,0,0,0,0,0,0,0,0,0,0,0,0,0,0,0
C5120ST,18,324,District-Baksa,Urban,90+,0,0,0,0,0,0,0,0,0,0,0,0,0,0,0,0,0,0,0,0,0,0,0,0,0,0,0
C5120ST,18,324,District-Baksa,Urban,Age Not Stated,0,0,0,0,0,0,0,0,0,0,0,0,0,0,0,0,0,0,0,0,0,0,0,0,0,0,0
C5120ST,18,325,District-Darrang,Total,Total,104,57,47,18,10,8,18,8,10,9,8,1,21,13,8,10,4,6,2,0,2,20,11,9,6,3,3
C5120ST,18,325,District-Darrang,Total,0-4,1,1,0,0,0,0,0,0,0,1,1,0,0,0,0,0,0,0,0,0,0,0,0,0,0,0,0
C5120ST,18,325,District-Darrang,Total,5-9,12,6,6,4,2,2,3,1,2,1,1,0,1,1,0,2,1,1,0,0,0,1,0,1,0,0,0
C5120ST,18,325,District-Darrang,Total,10-19,19,12,7,1,1,0,6,4,2,2,2,0,3,2,1,3,2,1,0,0,0,4,1,3,0,0,0
C5120ST,18,325,District-Darrang,Total,20-29,19,11,8,3,2,1,1,0,1,2,1,1,5,3,2,2,0,2,0,0,0,5,4,1,1,1,0
C5120ST,18,325,District-Darrang,Total,30-39,14,9,5,4,3,1,0,0,0,3,3,0,4,2,2,0,0,0,0,0,0,3,1,2,0,0,0
C5120ST,18,325,District-Darrang,Total,40-49,6,0,6,0,0,0,1,0,1,0,0,0,1,0,1,1,0,1,1,0,1,0,0,0,2,0,2
C5120ST,18,325,District-Darrang,Total,50-59,15,7,8,4,1,3,3,1,2,0,0,0,5,4,1,1,1,0,1,0,1,1,0,1,0,0,0
C5120ST,18,325,District-Darrang,Total,60-69,8,5,3,1,1,0,2,1,1,0,0,0,2,1,1,0,0,0,0,0,0,1,1,0,2,1,1
C5120ST,18,325,District-Darrang,Total,70-79,8,4,4,1,0,1,2,1,1,0,0,0,0,0,0,1,0,1,0,0,0,4,3,1,0,0,0
C5120ST,18,325,District-Darrang,Total,80-89,1,1,0,0,0,0,0,0,0,0,0,0,0,0,0,0,0,0,0,0,0,1,1,0,0,0,0
C5120ST,18,325,District-Darrang,Total,90+,1,1,0,0,0,0,0,0,0,0,0,0,0,0,0,0,0,0,0,0,0,0,0,0,1,1,0
C5120ST,18,325,District-Darrang,Total,Age Not Stated,0,0,0,0,0,0,0,0,0,0,0,0,0,0,0,0,0,0,0,0,0,0,0,0,0,0,0
C5120ST,18,325,District-Darrang,Rural,Total,102,56,46,17,9,8,18,8,10,9,8,1,20,13,7,10,4,6,2,0,2,20,11,9,6,3,3
C5120ST,18,325,District-Darrang,Rural,0-4,1,1,0,0,0,0,0,0,0,1,1,0,0,0,0,0,0,0,0,0,0,0,0,0,0,0,0
C5120ST,18,325,District-Darrang,Rural,5-9,12,6,6,4,2,2,3,1,2,1,1,0,1,1,0,2,1,1,0,0,0,1,0,1,0,0,0
C5120ST,18,325,District-Darrang,Rural,10-19,18,12,6,1,1,0,6,4,2,2,2,0,2,2,0,3,2,1,0,0,0,4,1,3,0,0,0
C5120ST,18,325,District-Darrang,Rural,20-29,19,11,8,3,2,1,1,0,1,2,1,1,5,3,2,2,0,2,0,0,0,5,4,1,1,1,0
C5120ST,18,325,District-Darrang,Rural,30-39,13,8,5,3,2,1,0,0,0,3,3,0,4,2,2,0,0,0,0,0,0,3,1,2,0,0,0
C5120ST,18,325,District-Darrang,Rural,40-49,6,0,6,0,0,0,1,0,1,0,0,0,1,0,1,1,0,1,1,0,1,0,0,0,2,0,2
C5120ST,18,325,District-Darrang,Rural,50-59,15,7,8,4,1,3,3,1,2,0,0,0,5,4,1,1,1,0,1,0,1,1,0,1,0,0,0
C5120ST,18,325,District-Darrang,Rural,60-69,8,5,3,1,1,0,2,1,1,0,0,0,2,1,1,0,0,0,0,0,0,1,1,0,2,1,1
C5120ST,18,325,District-Darrang,Rural,70-79,8,4,4,1,0,1,2,1,1,0,0,0,0,0,0,1,0,1,0,0,0,4,3,1,0,0,0
C5120ST,18,325,District-Darrang,Rural,80-89,1,1,0,0,0,0,0,0,0,0,0,0,0,0,0,0,0,0,0,0,0,1,1,0,0,0,0
C5120ST,18,325,District-Darrang,Rural,90+,1,1,0,0,0,0,0,0,0,0,0,0,0,0,0,0,0,0,0,0,0,0,0,0,1,1,0
C5120ST,18,325,District-Darrang,Rural,Age Not Stated,0,0,0,0,0,0,0,0,0,0,0,0,0,0,0,0,0,0,0,0,0,0,0,0,0,0,0
C5120ST,18,325,District-Darrang,Urban,Total,2,1,1,1,1,0,0,0,0,0,0,0,1,0,1,0,0,0,0,0,0,0,0,0,0,0,0
C5120ST,18,325,District-Darrang,Urban,0-4,0,0,0,0,0,0,0,0,0,0,0,0,0,0,0,0,0,0,0,0,0,0,0,0,0,0,0
C5120ST,18,325,District-Darrang,Urban,5-9,0,0,0,0,0,0,0,0,0,0,0,0,0,0,0,0,0,0,0,0,0,0,0,0,0,0,0
C5120ST,18,325,District-Darrang,Urban,10-19,1,0,1,0,0,0,0,0,0,0,0,0,1,0,1,0,0,0,0,0,0,0,0,0,0,0,0
C5120ST,18,325,District-Darrang,Urban,20-29,0,0,0,0,0,0,0,0,0,0,0,0,0,0,0,0,0,0,0,0,0,0,0,0,0,0,0
C5120ST,18,325,District-Darrang,Urban,30-39,1,1,0,1,1,0,0,0,0,0,0,0,0,0,0,0,0,0,0,0,0,0,0,0,0,0,0
C5120ST,18,325,District-Darrang,Urban,40-49,0,0,0,0,0,0,0,0,0,0,0,0,0,0,0,0,0,0,0,0,0,0,0,0,0,0,0
C5120ST,18,325,District-Darrang,Urban,50-59,0,0,0,0,0,0,0,0,0,0,0,0,0,0,0,0,0,0,0,0,0,0,0,0,0,0,0
C5120ST,18,325,District-Darrang,Urban,60-69,0,0,0,0,0,0,0,0,0,0,0,0,0,0,0,0,0,0,0,0,0,0,0,0,0,0,0
C5120ST,18,325,District-Darrang,Urban,70-79,0,0,0,0,0,0,0,0,0,0,0,0,0,0,0,0,0,0,0,0,0,0,0,0,0,0,0
C5120ST,18,325,District-Darrang,Urban,80-89,0,0,0,0,0,0,0,0,0,0,0,0,0,0,0,0,0,0,0,0,0,0,0,0,0,0,0
C5120ST,18,325,District-Darrang,Urban,90+,0,0,0,0,0,0,0,0,0,0,0,0,0,0,0,0,0,0,0,0,0,0,0,0,0,0,0
C5120ST,18,325,District-Darrang,Urban,Age Not Stated,0,0,0,0,0,0,0,0,0,0,0,0,0,0,0,0,0,0,0,0,0,0,0,0,0,0,0
C5120ST,18,326,District-Udalguri,Total,Total,4561,2413,2148,764,387,377,869,491,378,400,195,205,675,383,292,260,137,123,153,94,59,994,496,498,446,230,216
C5120ST,18,326,District-Udalguri,Total,0-4,166,94,72,39,22,17,20,12,8,4,2,2,25,14,11,7,4,3,2,2,0,54,28,26,15,10,5
C5120ST,18,326,District-Udalguri,Total,5-9,258,128,130,39,20,19,38,22,16,34,15,19,24,10,14,16,8,8,5,2,3,76,39,37,26,12,14
C5120ST,18,326,District-Udalguri,Total,10-19,705,371,334,87,31,56,124,81,43,86,39,47,64,39,25,43,23,20,14,10,4,211,106,105,76,42,34
C5120ST,18,326,District-Udalguri,Total,20-29,745,360,385,114,55,59,99,46,53,92,34,58,104,65,39,56,26,30,27,12,15,188,90,98,65,32,33
C5120ST,18,326,District-Udalguri,Total,30-39,626,333,293,112,49,63,97,53,44,64,37,27,79,45,34,54,28,26,30,20,10,147,76,71,43,25,18
C5120ST,18,326,District-Udalguri,Total,40-49,638,357,281,98,63,35,122,62,60,63,31,32,104,63,41,46,25,21,39,25,14,120,62,58,46,26,20
C5120ST,18,326,District-Udalguri,Total,50-59,491,262,229,91,48,43,111,64,47,31,20,11,101,48,53,20,13,7,17,12,5,80,41,39,40,16,24
C5120ST,18,326,District-Udalguri,Total,60-69,491,273,218,102,56,46,148,85,63,14,10,4,79,50,29,13,7,6,11,6,5,61,29,32,63,30,33
C5120ST,18,326,District-Udalguri,Total,70-79,293,160,133,61,33,28,76,48,28,9,5,4,62,32,30,4,2,2,5,3,2,38,16,22,38,21,17
C5120ST,18,326,District-Udalguri,Total,80-89,97,47,50,12,6,6,25,12,13,0,0,0,20,12,8,0,0,0,3,2,1,13,5,8,24,10,14
C5120ST,18,326,District-Udalguri,Total,90+,42,24,18,5,3,2,9,6,3,3,2,1,11,4,7,1,1,0,0,0,0,3,2,1,10,6,4
C5120ST,18,326,District-Udalguri,Total,Age Not Stated,9,4,5,4,1,3,0,0,0,0,0,0,2,1,1,0,0,0,0,0,0,3,2,1,0,0,0
C5120ST,18,326,District-Udalguri,Rural,Total,4529,2393,2136,755,384,371,861,484,377,398,194,204,671,380,291,258,135,123,151,94,57,993,495,498,442,227,215
C5120ST,18,326,District-Udalguri,Rural,0-4,165,94,71,38,22,16,20,12,8,4,2,2,25,14,11,7,4,3,2,2,0,54,28,26,15,10,5
C5120ST,18,326,District-Udalguri,Rural,5-9,257,127,130,39,20,19,37,21,16,34,15,19,24,10,14,16,8,8,5,2,3,76,39,37,26,12,14
C5120ST,18,326,District-Udalguri,Rural,10-19,700,368,332,85,31,54,122,79,43,86,39,47,64,39,25,42,22,20,14,10,4,211,106,105,76,42,34
C5120ST,18,326,District-Udalguri,Rural,20-29,738,355,383,113,54,59,98,46,52,91,33,58,102,64,38,55,25,30,27,12,15,187,89,98,65,32,33
C5120ST,18,326,District-Udalguri,Rural,30-39,620,330,290,110,48,62,97,53,44,63,37,26,78,44,34,54,28,26,30,20,10,147,76,71,41,24,17
C5120ST,18,326,District-Udalguri,Rural,40-49,634,355,279,97,63,34,121,61,60,63,31,32,103,62,41,46,25,21,38,25,13,120,62,58,46,26,20
C5120ST,18,326,District-Udalguri,Rural,50-59,488,260,228,89,47,42,110,63,47,31,20,11,101,48,53,20,13,7,17,12,5,80,41,39,40,16,24
C5120ST,18,326,District-Udalguri,Rural,60-69,489,272,217,102,56,46,147,84,63,14,10,4,79,50,29,13,7,6,10,6,4,61,29,32,63,30,33
C5120ST,18,326,District-Udalguri,Rural,70-79,292,159,133,61,33,28,75,47,28,9,5,4,62,32,30,4,2,2,5,3,2,38,16,22,38,21,17
C5120ST,18,326,District-Udalguri,Rural,80-89,95,45,50,12,6,6,25,12,13,0,0,0,20,12,8,0,0,0,3,2,1,13,5,8,22,8,14
C5120ST,18,326,District-Udalguri,Rural,90+,42,24,18,5,3,2,9,6,3,3,2,1,11,4,7,1,1,0,0,0,0,3,2,1,10,6,4
C5120ST,18,326,District-Udalguri,Rural,Age Not Stated,9,4,5,4,1,3,0,0,0,0,0,0,2,1,1,0,0,0,0,0,0,3,2,1,0,0,0
C5120ST,18,326,District-Udalguri,Urban,Total,32,20,12,9,3,6,8,7,1,2,1,1,4,3,1,2,2,0,2,0,2,1,1,0,4,3,1
C5120ST,18,326,District-Udalguri,Urban,0-4,1,0,1,1,0,1,0,0,0,0,0,0,0,0,0,0,0,0,0,0,0,0,0,0,0,0,0
C5120ST,18,326,District-Udalguri,Urban,5-9,1,1,0,0,0,0,1,1,0,0,0,0,0,0,0,0,0,0,0,0,0,0,0,0,0,0,0
C5120ST,18,326,District-Udalguri,Urban,10-19,5,3,2,2,0,2,2,2,0,0,0,0,0,0,0,1,1,0,0,0,0,0,0,0,0,0,0
C5120ST,18,326,District-Udalguri,Urban,20-29,7,5,2,1,1,0,1,0,1,1,1,0,2,1,1,1,1,0,0,0,0,1,1,0,0,0,0
C5120ST,18,326,District-Udalguri,Urban,30-39,6,3,3,2,1,1,0,0,0,1,0,1,1,1,0,0,0,0,0,0,0,0,0,0,2,1,1
C5120ST,18,326,District-Udalguri,Urban,40-49,4,2,2,1,0,1,1,1,0,0,0,0,1,1,0,0,0,0,1,0,1,0,0,0,0,0,0
C5120ST,18,326,District-Udalguri,Urban,50-59,3,2,1,2,1,1,1,1,0,0,0,0,0,0,0,0,0,0,0,0,0,0,0,0,0,0,0
C5120ST,18,326,District-Udalguri,Urban,60-69,2,1,1,0,0,0,1,1,0,0,0,0,0,0,0,0,0,0,1,0,1,0,0,0,0,0,0
C5120ST,18,326,District-Udalguri,Urban,70-79,1,1,0,0,0,0,1,1,0,0,0,0,0,0,0,0,0,0,0,0,0,0,0,0,0,0,0
C5120ST,18,326,District-Udalguri,Urban,80-89,2,2,0,0,0,0,0,0,0,0,0,0,0,0,0,0,0,0,0,0,0,0,0,0,2,2,0
C5120ST,18,326,District-Udalguri,Urban,90+,0,0,0,0,0,0,0,0,0,0,0,0,0,0,0,0,0,0,0,0,0,0,0,0,0,0,0
C5120ST,18,326,District-Udalguri,Urban,Age Not Stated,0,0,0,0,0,0,0,0,0,0,0,0,0,0,0,0,0,0,0,0,0,0,0,0,0,0,0
C5120ST,19,0,State-WEST BENGAL,Total,Total,110155,58544,51611,23354,11942,11412,20342,10409,9933,8302,4509,3793,18354,10733,7621,6314,3238,3076,3312,1745,1567,18739,10099,8640,11438,5869,5569
C5120ST,19,0,State-WEST BENGAL,Total,0-4,4454,2380,2074,1028,505,523,873,464,409,125,79,46,461,274,187,248,139,109,25,13,12,1285,674,611,409,232,177
C5120ST,19,0,State-WEST BENGAL,Total,5-9,7775,4166,3609,1520,813,707,1279,646,633,944,531,413,807,463,344,455,226,229,100,54,46,1757,901,856,913,532,381
C5120ST,19,0,State-WEST BENGAL,Total,10-19,18694,9920,8774,3456,1829,1627,3089,1606,1483,2062,1127,935,2504,1356,1148,1385,698,687,521,270,251,3656,1951,1705,2021,1083,938
C5120ST,19,0,State-WEST BENGAL,Total,20-29,16335,8833,7502,2785,1489,1296,2705,1386,1319,1391,744,647,2886,1736,1150,1254,642,612,631,359,272,3299,1764,1535,1384,713,671
C5120ST,19,0,State-WEST BENGAL,Total,30-39,14352,7808,6544,2537,1359,1178,2535,1330,1205,1326,654,672,2368,1428,940,1069,570,499,697,379,318,2677,1467,1210,1143,621,522
C5120ST,19,0,State-WEST BENGAL,Total,40-49,15205,8386,6819,3022,1607,1415,3019,1589,1430,1217,681,536,2688,1674,1014,930,474,456,600,317,283,2460,1413,1047,1269,631,638
C5120ST,19,0,State-WEST BENGAL,Total,50-59,12712,7020,5692,3045,1585,1460,2591,1368,1223,681,375,306,2639,1658,981,505,260,245,401,200,201,1753,972,781,1097,602,495
C5120ST,19,0,State-WEST BENGAL,Total,60-69,11569,5823,5746,3373,1619,1754,2386,1150,1236,352,219,133,2376,1321,1055,323,163,160,215,94,121,1157,606,551,1387,651,736
C5120ST,19,0,State-WEST BENGAL,Total,70-79,6323,2934,3389,1844,808,1036,1339,609,730,123,50,73,1171,593,578,101,42,59,91,43,48,481,254,227,1173,535,638
C5120ST,19,0,State-WEST BENGAL,Total,80-89,1954,913,1041,560,248,312,379,189,190,38,23,15,335,171,164,22,10,12,26,14,12,126,54,72,468,204,264
C5120ST,19,0,State-WEST BENGAL,Total,90+,620,268,352,150,59,91,114,57,57,23,12,11,104,51,53,14,9,5,3,0,3,47,22,25,165,58,107
C5120ST,19,0,State-WEST BENGAL,Total,Age Not Stated,162,93,69,34,21,13,33,15,18,20,14,6,15,8,7,8,5,3,2,2,0,41,21,20,9,7,2
C5120ST,19,0,State-WEST BENGAL,Rural,Total,99439,52787,46652,21502,10952,10550,18217,9324,8893,6326,3470,2856,17032,9933,7099,5843,2992,2851,3071,1606,1465,16670,8992,7678,10778,5518,5260
C5120ST,19,0,State-WEST BENGAL,Rural,0-4,4024,2168,1856,938,465,473,761,407,354,113,71,42,426,249,177,238,135,103,23,12,11,1138,604,534,387,225,162
C5120ST,19,0,State-WEST BENGAL,Rural,5-9,7071,3804,3267,1396,745,651,1147,578,569,762,442,320,760,434,326,429,213,216,90,50,40,1629,837,792,858,505,353
C5120ST,19,0,State-WEST BENGAL,Rural,10-19,16969,8980,7989,3167,1682,1485,2753,1438,1315,1698,917,781,2347,1263,1084,1295,644,651,486,248,238,3308,1765,1543,1915,1023,892
C5120ST,19,0,State-WEST BENGAL,Rural,20-29,14449,7823,6626,2489,1326,1163,2357,1205,1152,1033,560,473,2643,1591,1052,1167,603,564,588,331,257,2867,1534,1333,1305,673,632
C5120ST,19,0,State-WEST BENGAL,Rural,30-39,12680,6917,5763,2296,1218,1078,2220,1163,1057,964,498,466,2177,1311,866,958,506,452,649,348,301,2351,1291,1060,1065,582,483
C5120ST,19,0,State-WEST BENGAL,Rural,40-49,13683,7554,6129,2759,1464,1295,2708,1428,1280,923,516,407,2508,1558,950,862,438,424,549,291,258,2186,1266,920,1188,593,595
C5120ST,19,0,State-WEST BENGAL,Rural,50-59,11520,6341,5179,2827,1459,1368,2362,1240,1122,477,259,218,2450,1543,907,462,240,222,379,190,189,1553,861,692,1010,549,461
C5120ST,19,0,State-WEST BENGAL,Rural,60-69,10770,5389,5381,3211,1538,1673,2231,1082,1149,245,157,88,2225,1227,998,302,151,151,197,84,113,1035,537,498,1324,613,711
C5120ST,19,0,State-WEST BENGAL,Rural,70-79,5828,2692,3136,1742,756,986,1216,558,658,76,29,47,1083,549,534,92,40,52,86,40,46,417,214,203,1116,506,610
C5120ST,19,0,State-WEST BENGAL,Rural,80-89,1785,828,957,521,233,288,340,168,172,23,14,9,306,156,150,18,9,9,20,10,10,112,48,64,445,190,255
C5120ST,19,0,State-WEST BENGAL,Rural,90+,541,227,314,129,49,80,96,47,49,8,5,3,95,46,49,12,8,4,2,0,2,43,20,23,156,52,104
C5120ST,19,0,State-WEST BENGAL,Rural,Age Not Stated,119,64,55,27,17,10,26,10,16,4,2,2,12,6,6,8,5,3,2,2,0,31,15,16,9,7,2
C5120ST,19,0,State-WEST BENGAL,Urban,Total,10716,5757,4959,1852,990,862,2125,1085,1040,1976,1039,937,1322,800,522,471,246,225,241,139,102,2069,1107,962,660,351,309
C5120ST,19,0,State-WEST BENGAL,Urban,0-4,430,212,218,90,40,50,112,57,55,12,8,4,35,25,10,10,4,6,2,1,1,147,70,77,22,7,15
C5120ST,19,0,State-WEST BENGAL,Urban,5-9,704,362,342,124,68,56,132,68,64,182,89,93,47,29,18,26,13,13,10,4,6,128,64,64,55,27,28
C5120ST,19,0,State-WEST BENGAL,Urban,10-19,1725,940,785,289,147,142,336,168,168,364,210,154,157,93,64,90,54,36,35,22,13,348,186,162,106,60,46
C5120ST,19,0,State-WEST BENGAL,Urban,20-29,1886,1010,876,296,163,133,348,181,167,358,184,174,243,145,98,87,39,48,43,28,15,432,230,202,79,40,39
C5120ST,19,0,State-WEST BENGAL,Urban,30-39,1672,891,781,241,141,100,315,167,148,362,156,206,191,117,74,111,64,47,48,31,17,326,176,150,78,39,39
C5120ST,19,0,State-WEST BENGAL,Urban,40-49,1522,832,690,263,143,120,311,161,150,294,165,129,180,116,64,68,36,32,51,26,25,274,147,127,81,38,43
C5120ST,19,0,State-WEST BENGAL,Urban,50-59,1192,679,513,218,126,92,229,128,101,204,116,88,189,115,74,43,20,23,22,10,12,200,111,89,87,53,34
C5120ST,19,0,State-WEST BENGAL,Urban,60-69,799,434,365,162,81,81,155,68,87,107,62,45,151,94,57,21,12,9,18,10,8,122,69,53,63,38,25
C5120ST,19,0,State-WEST BENGAL,Urban,70-79,495,242,253,102,52,50,123,51,72,47,21,26,88,44,44,9,2,7,5,3,2,64,40,24,57,29,28
C5120ST,19,0,State-WEST BENGAL,Urban,80-89,169,85,84,39,15,24,39,21,18,15,9,6,29,15,14,4,1,3,6,4,2,14,6,8,23,14,9
C5120ST,19,0,State-WEST BENGAL,Urban,90+,79,41,38,21,10,11,18,10,8,15,7,8,9,5,4,2,1,1,1,0,1,4,2,2,9,6,3
C5120ST,19,0,State-WEST BENGAL,Urban,Age Not Stated,43,29,14,7,4,3,7,5,2,16,12,4,3,2,1,0,0,0,0,0,0,10,6,4,0,0,0
C5120ST,19,327,District-Darjiling ,Total,Total,9154,4885,4269,1335,699,636,2296,1179,1117,755,389,366,1041,609,432,370,181,189,275,152,123,1565,887,678,1517,789,728
C5120ST,19,327,District-Darjiling ,Total,0-4,237,125,112,36,16,20,46,21,25,12,7,5,27,16,11,7,4,3,1,1,0,63,36,27,45,24,21
C5120ST,19,327,District-Darjiling ,Total,5-9,454,233,221,76,38,38,67,33,34,51,25,26,37,18,19,26,17,9,11,5,6,98,53,45,88,44,44
C5120ST,19,327,District-Darjiling ,Total,10-19,1263,686,577,184,97,87,186,91,95,111,57,54,128,68,60,65,34,31,34,14,20,356,216,140,199,109,90
C5120ST,19,327,District-Darjiling ,Total,20-29,1135,618,517,168,91,77,173,80,93,95,50,45,137,91,46,74,38,36,55,35,20,277,155,122,156,78,78
C5120ST,19,327,District-Darjiling ,Total,30-39,1200,615,585,157,88,69,225,108,117,115,46,69,127,72,55,70,30,40,56,34,22,243,132,111,207,105,102
C5120ST,19,327,District-Darjiling ,Total,40-49,1484,807,677,158,91,67,444,236,208,175,96,79,128,74,54,67,33,34,51,30,21,207,126,81,254,121,133
C5120ST,19,327,District-Darjiling ,Total,50-59,1282,695,587,162,86,76,411,226,185,119,61,58,168,96,72,33,14,19,37,18,19,147,76,71,205,118,87
C5120ST,19,327,District-Darjiling ,Total,60-69,1025,542,483,177,85,92,354,182,172,57,37,20,149,86,63,14,5,9,19,11,8,96,51,45,159,85,74
C5120ST,19,327,District-Darjiling ,Total,70-79,731,381,350,137,67,70,260,129,131,14,6,8,108,67,41,12,5,7,8,2,6,62,35,27,130,70,60
C5120ST,19,327,District-Darjiling ,Total,80-89,267,146,121,60,29,31,109,62,47,4,3,1,26,18,8,1,0,1,3,2,1,13,6,7,51,26,25
C5120ST,19,327,District-Darjiling ,Total,90+,68,33,35,18,10,8,19,11,8,1,0,1,5,3,2,1,1,0,0,0,0,3,1,2,21,7,14
C5120ST,19,327,District-Darjiling ,Total,Age Not Stated,8,4,4,2,1,1,2,0,2,1,1,0,1,0,1,0,0,0,0,0,0,0,0,0,2,2,0
C5120ST,19,327,District-Darjiling ,Rural,Total,7699,4150,3549,1153,601,552,1874,981,893,662,347,315,895,529,366,321,153,168,235,130,105,1218,717,501,1341,692,649
C5120ST,19,327,District-Darjiling ,Rural,0-4,213,110,103,35,15,20,38,18,20,12,7,5,25,14,11,7,4,3,1,1,0,52,28,24,43,23,20
C5120ST,19,327,District-Darjiling ,Rural,5-9,402,206,196,71,36,35,53,26,27,43,19,24,34,16,18,23,14,9,8,3,5,86,50,36,84,42,42
C5120ST,19,327,District-Darjiling ,Rural,10-19,1111,610,501,165,86,79,155,80,75,105,54,51,115,62,53,52,26,26,29,12,17,304,189,115,186,101,85
C5120ST,19,327,District-Darjiling ,Rural,20-29,975,537,438,150,83,67,136,66,70,87,48,39,126,84,42,71,37,34,49,30,19,212,119,93,144,70,74
C5120ST,19,327,District-Darjiling ,Rural,30-39,965,508,457,131,73,58,172,87,85,102,43,59,109,62,47,56,25,31,47,29,18,164,94,70,184,95,89
C5120ST,19,327,District-Darjiling ,Rural,40-49,1244,676,568,134,75,59,367,193,174,153,85,68,106,62,44,58,26,32,42,26,16,162,103,59,222,106,116
C5120ST,19,327,District-Darjiling ,Rural,50-59,1052,575,477,138,71,67,341,187,154,97,50,47,131,77,54,30,12,18,33,17,16,113,62,51,169,99,70
C5120ST,19,327,District-Darjiling ,Rural,60-69,877,467,410,154,75,79,310,163,147,49,32,17,128,75,53,12,4,8,17,9,8,68,39,29,139,70,69
C5120ST,19,327,District-Darjiling ,Rural,70-79,595,318,277,117,57,60,204,104,100,10,5,5,94,60,34,10,4,6,8,2,6,45,27,18,107,59,48
C5120ST,19,327,District-Darjiling ,Rural,80-89,208,117,91,44,23,21,85,50,35,3,3,0,22,15,7,1,0,1,1,1,0,9,5,4,43,20,23
C5120ST,19,327,District-Darjiling ,Rural,90+,50,22,28,13,6,7,11,7,4,0,0,0,4,2,2,1,1,0,0,0,0,3,1,2,18,5,13
C5120ST,19,327,District-Darjiling ,Rural,Age Not Stated,7,4,3,1,1,0,2,0,2,1,1,0,1,0,1,0,0,0,0,0,0,0,0,0,2,2,0
C5120ST,19,327,District-Darjiling ,Urban,Total,1455,735,720,182,98,84,422,198,224,93,42,51,146,80,66,49,28,21,40,22,18,347,170,177,176,97,79
C5120ST,19,327,District-Darjiling ,Urban,0-4,24,15,9,1,1,0,8,3,5,0,0,0,2,2,0,0,0,0,0,0,0,11,8,3,2,1,1
C5120ST,19,327,District-Darjiling ,Urban,5-9,52,27,25,5,2,3,14,7,7,8,6,2,3,2,1,3,3,0,3,2,1,12,3,9,4,2,2
C5120ST,19,327,District-Darjiling ,Urban,10-19,152,76,76,19,11,8,31,11,20,6,3,3,13,6,7,13,8,5,5,2,3,52,27,25,13,8,5
C5120ST,19,327,District-Darjiling ,Urban,20-29,160,81,79,18,8,10,37,14,23,8,2,6,11,7,4,3,1,2,6,5,1,65,36,29,12,8,4
C5120ST,19,327,District-Darjiling ,Urban,30-39,235,107,128,26,15,11,53,21,32,13,3,10,18,10,8,14,5,9,9,5,4,79,38,41,23,10,13
C5120ST,19,327,District-Darjiling ,Urban,40-49,240,131,109,24,16,8,77,43,34,22,11,11,22,12,10,9,7,2,9,4,5,45,23,22,32,15,17
C5120ST,19,327,District-Darjiling ,Urban,50-59,230,120,110,24,15,9,70,39,31,22,11,11,37,19,18,3,2,1,4,1,3,34,14,20,36,19,17
C5120ST,19,327,District-Darjiling ,Urban,60-69,148,75,73,23,10,13,44,19,25,8,5,3,21,11,10,2,1,1,2,2,0,28,12,16,20,15,5
C5120ST,19,327,District-Darjiling ,Urban,70-79,136,63,73,20,10,10,56,25,31,4,1,3,14,7,7,2,1,1,0,0,0,17,8,9,23,11,12
C5120ST,19,327,District-Darjiling ,Urban,80-89,59,29,30,16,6,10,24,12,12,1,0,1,4,3,1,0,0,0,2,1,1,4,1,3,8,6,2
C5120ST,19,327,District-Darjiling ,Urban,90+,18,11,7,5,4,1,8,4,4,1,0,1,1,1,0,0,0,0,0,0,0,0,0,0,3,2,1
C5120ST,19,327,District-Darjiling ,Urban,Age Not Stated,1,0,1,1,0,1,0,0,0,0,0,0,0,0,0,0,0,0,0,0,0,0,0,0,0,0,0
C5120ST,19,328,District-Jalpaiguri ,Total,Total,16651,8887,7764,2969,1555,1414,3628,1880,1748,1559,818,741,2715,1635,1080,734,362,372,667,326,341,2484,1326,1158,1895,985,910
C5120ST,19,328,District-Jalpaiguri ,Total,0-4,562,301,261,136,57,79,111,62,49,17,8,9,82,51,31,28,13,15,1,0,1,133,75,58,54,35,19
C5120ST,19,328,District-Jalpaiguri ,Total,5-9,953,494,459,201,106,95,185,88,97,107,57,50,117,71,46,39,18,21,13,6,7,189,93,96,102,55,47
C5120ST,19,328,District-Jalpaiguri ,Total,10-19,2587,1399,1188,488,251,237,468,246,222,271,150,121,360,216,144,141,75,66,92,50,42,507,266,241,260,145,115
C5120ST,19,328,District-Jalpaiguri ,Total,20-29,2386,1250,1136,384,186,198,418,194,224,207,98,109,442,267,175,129,74,55,120,65,55,479,263,216,207,103,104
C5120ST,19,328,District-Jalpaiguri ,Total,30-39,2426,1227,1199,328,181,147,480,227,253,341,164,177,375,209,166,149,71,78,143,70,73,364,182,182,246,123,123
C5120ST,19,328,District-Jalpaiguri ,Total,40-49,2987,1601,1386,424,238,186,748,388,360,356,194,162,450,278,172,140,59,81,142,65,77,348,195,153,379,184,195
C5120ST,19,328,District-Jalpaiguri ,Total,50-59,2250,1252,998,400,211,189,610,331,279,173,96,77,404,264,140,60,30,30,99,49,50,257,137,120,247,134,113
C5120ST,19,328,District-Jalpaiguri ,Total,60-69,1492,816,676,364,191,173,381,211,170,65,45,20,296,172,124,38,18,20,41,13,28,132,75,57,175,91,84
C5120ST,19,328,District-Jalpaiguri ,Total,70-79,712,388,324,168,93,75,175,103,72,16,4,12,131,70,61,9,3,6,14,8,6,51,29,22,148,78,70
C5120ST,19,328,District-Jalpaiguri ,Total,80-89,211,121,90,62,34,28,34,21,13,2,1,1,43,29,14,1,1,0,1,0,1,12,6,6,56,29,27
C5120ST,19,328,District-Jalpaiguri ,Total,90+,73,33,40,11,6,5,15,8,7,2,1,1,15,8,7,0,0,0,1,0,1,8,2,6,21,8,13
C5120ST,19,328,District-Jalpaiguri ,Total,Age Not Stated,12,5,7,3,1,2,3,1,2,2,0,2,0,0,0,0,0,0,0,0,0,4,3,1,0,0,0
C5120ST,19,328,District-Jalpaiguri ,Rural,Total,15770,8424,7346,2759,1459,1300,3480,1804,1676,1492,787,705,2566,1542,1024,698,344,354,628,302,326,2350,1252,1098,1797,934,863
C5120ST,19,328,District-Jalpaiguri ,Rural,0-4,528,286,242,125,55,70,106,58,48,17,8,9,75,45,30,28,13,15,1,0,1,125,73,52,51,34,17
C5120ST,19,328,District-Jalpaiguri ,Rural,5-9,910,471,439,189,98,91,183,88,95,102,56,46,114,70,44,36,16,20,13,6,7,179,86,93,94,51,43
C5120ST,19,328,District-Jalpaiguri ,Rural,10-19,2471,1336,1135,461,238,223,451,238,213,263,145,118,350,210,140,136,73,63,87,47,40,477,247,230,246,138,108
C5120ST,19,328,District-Jalpaiguri ,Rural,20-29,2259,1185,1074,345,172,173,404,185,219,195,89,106,418,254,164,127,72,55,115,61,54,456,251,205,199,101,98
C5120ST,19,328,District-Jalpaiguri ,Rural,30-39,2292,1160,1132,308,170,138,457,218,239,324,158,166,354,196,158,141,66,75,135,65,70,340,170,170,233,117,116
C5120ST,19,328,District-Jalpaiguri ,Rural,40-49,2847,1521,1326,403,226,177,715,370,345,347,191,156,428,262,166,131,54,77,132,59,73,330,186,144,361,173,188
C5120ST,19,328,District-Jalpaiguri ,Rural,50-59,2139,1199,940,367,199,168,588,320,268,166,92,74,384,251,133,54,29,25,95,47,48,248,133,115,237,128,109
C5120ST,19,328,District-Jalpaiguri ,Rural,60-69,1399,764,635,342,178,164,364,203,161,59,42,17,270,157,113,35,17,18,38,11,27,125,70,55,166,86,80
C5120ST,19,328,District-Jalpaiguri ,Rural,70-79,651,356,295,151,87,64,162,96,66,14,4,10,119,62,57,9,3,6,11,6,5,48,27,21,137,71,66
C5120ST,19,328,District-Jalpaiguri ,Rural,80-89,196,111,85,57,31,26,32,19,13,2,1,1,40,27,13,1,1,0,1,0,1,11,5,6,52,27,25
C5120ST,19,328,District-Jalpaiguri ,Rural,90+,68,31,37,8,4,4,15,8,7,2,1,1,14,8,6,0,0,0,0,0,0,8,2,6,21,8,13
C5120ST,19,328,District-Jalpaiguri ,Rural,Age Not Stated,10,4,6,3,1,2,3,1,2,1,0,1,0,0,0,0,0,0,0,0,0,3,2,1,0,0,0
C5120ST,19,328,District-Jalpaiguri ,Urban,Total,881,463,418,210,96,114,148,76,72,67,31,36,149,93,56,36,18,18,39,24,15,134,74,60,98,51,47
C5120ST,19,328,District-Jalpaiguri ,Urban,0-4,34,15,19,11,2,9,5,4,1,0,0,0,7,6,1,0,0,0,0,0,0,8,2,6,3,1,2
C5120ST,19,328,District-Jalpaiguri ,Urban,5-9,43,23,20,12,8,4,2,0,2,5,1,4,3,1,2,3,2,1,0,0,0,10,7,3,8,4,4
C5120ST,19,328,District-Jalpaiguri ,Urban,10-19,116,63,53,27,13,14,17,8,9,8,5,3,10,6,4,5,2,3,5,3,2,30,19,11,14,7,7
C5120ST,19,328,District-Jalpaiguri ,Urban,20-29,127,65,62,39,14,25,14,9,5,12,9,3,24,13,11,2,2,0,5,4,1,23,12,11,8,2,6
C5120ST,19,328,District-Jalpaiguri ,Urban,30-39,134,67,67,20,11,9,23,9,14,17,6,11,21,13,8,8,5,3,8,5,3,24,12,12,13,6,7
C5120ST,19,328,District-Jalpaiguri ,Urban,40-49,140,80,60,21,12,9,33,18,15,9,3,6,22,16,6,9,5,4,10,6,4,18,9,9,18,11,7
C5120ST,19,328,District-Jalpaiguri ,Urban,50-59,111,53,58,33,12,21,22,11,11,7,4,3,20,13,7,6,1,5,4,2,2,9,4,5,10,6,4
C5120ST,19,328,District-Jalpaiguri ,Urban,60-69,93,52,41,22,13,9,17,8,9,6,3,3,26,15,11,3,1,2,3,2,1,7,5,2,9,5,4
C5120ST,19,328,District-Jalpaiguri ,Urban,70-79,61,32,29,17,6,11,13,7,6,2,0,2,12,8,4,0,0,0,3,2,1,3,2,1,11,7,4
C5120ST,19,328,District-Jalpaiguri ,Urban,80-89,15,10,5,5,3,2,2,2,0,0,0,0,3,2,1,0,0,0,0,0,0,1,1,0,4,2,2
C5120ST,19,328,District-Jalpaiguri ,Urban,90+,5,2,3,3,2,1,0,0,0,0,0,0,1,0,1,0,0,0,1,0,1,0,0,0,0,0,0
C5120ST,19,328,District-Jalpaiguri ,Urban,Age Not Stated,2,1,1,0,0,0,0,0,0,1,0,1,0,0,0,0,0,0,0,0,0,1,1,0,0,0,0
C5120ST,19,329,District-Koch Bihar ,Total,Total,343,202,141,74,43,31,66,38,28,28,18,10,54,37,17,21,11,10,14,9,5,60,33,27,26,13,13
C5120ST,19,329,District-Koch Bihar ,Total,0-4,18,7,11,9,4,5,5,1,4,0,0,0,1,1,0,1,0,1,0,0,0,2,1,1,0,0,0
C5120ST,19,329,District-Koch Bihar ,Total,5-9,25,19,6,4,3,1,7,5,2,4,3,1,4,3,1,2,2,0,0,0,0,1,0,1,3,3,0
C5120ST,19,329,District-Koch Bihar ,Total,10-19,68,45,23,15,10,5,14,12,2,6,4,2,9,5,4,3,2,1,2,2,0,16,9,7,3,1,2
C5120ST,19,329,District-Koch Bihar ,Total,20-29,50,30,20,11,6,5,7,4,3,8,6,2,3,3,0,4,2,2,5,2,3,9,5,4,3,2,1
C5120ST,19,329,District-Koch Bihar ,Total,30-39,44,28,16,7,5,2,8,4,4,0,0,0,4,3,1,5,4,1,3,3,0,11,6,5,6,3,3
C5120ST,19,329,District-Koch Bihar ,Total,40-49,62,32,30,8,4,4,12,7,5,9,5,4,13,8,5,3,0,3,3,1,2,11,6,5,3,1,2
C5120ST,19,329,District-Koch Bihar ,Total,50-59,23,9,14,8,3,5,6,1,5,0,0,0,5,4,1,3,1,2,0,0,0,0,0,0,1,0,1
C5120ST,19,329,District-Koch Bihar ,Total,60-69,27,19,8,5,5,0,2,1,1,1,0,1,11,8,3,0,0,0,1,1,0,5,4,1,2,0,2
C5120ST,19,329,District-Koch Bihar ,Total,70-79,17,8,9,4,1,3,4,2,2,0,0,0,3,1,2,0,0,0,0,0,0,3,2,1,3,2,1
C5120ST,19,329,District-Koch Bihar ,Total,80-89,5,3,2,1,1,0,0,0,0,0,0,0,1,1,0,0,0,0,0,0,0,2,0,2,1,1,0
C5120ST,19,329,District-Koch Bihar ,Total,90+,3,2,1,1,1,0,1,1,0,0,0,0,0,0,0,0,0,0,0,0,0,0,0,0,1,0,1
C5120ST,19,329,District-Koch Bihar ,Total,Age Not Stated,1,0,1,1,0,1,0,0,0,0,0,0,0,0,0,0,0,0,0,0,0,0,0,0,0,0,0
C5120ST,19,329,District-Koch Bihar ,Rural,Total,317,187,130,60,36,24,64,36,28,25,16,9,54,37,17,20,10,10,11,7,4,58,32,26,25,13,12
C5120ST,19,329,District-Koch Bihar ,Rural,0-4,15,5,10,6,2,4,5,1,4,0,0,0,1,1,0,1,0,1,0,0,0,2,1,1,0,0,0
C5120ST,19,329,District-Koch Bihar ,Rural,5-9,24,18,6,3,2,1,7,5,2,4,3,1,4,3,1,2,2,0,0,0,0,1,0,1,3,3,0
C5120ST,19,329,District-Koch Bihar ,Rural,10-19,62,41,21,10,7,3,13,11,2,6,4,2,9,5,4,3,2,1,2,2,0,16,9,7,3,1,2
C5120ST,19,329,District-Koch Bihar ,Rural,20-29,47,29,18,9,6,3,7,4,3,7,5,2,3,3,0,4,2,2,5,2,3,9,5,4,3,2,1
C5120ST,19,329,District-Koch Bihar ,Rural,30-39,39,25,14,6,5,1,8,4,4,0,0,0,4,3,1,4,3,1,1,1,0,11,6,5,5,3,2
C5120ST,19,329,District-Koch Bihar ,Rural,40-49,56,28,28,7,3,4,11,6,5,7,4,3,13,8,5,3,0,3,2,1,1,10,5,5,3,1,2
C5120ST,19,329,District-Koch Bihar ,Rural,50-59,23,9,14,8,3,5,6,1,5,0,0,0,5,4,1,3,1,2,0,0,0,0,0,0,1,0,1
C5120ST,19,329,District-Koch Bihar ,Rural,60-69,26,19,7,5,5,0,2,1,1,1,0,1,11,8,3,0,0,0,1,1,0,4,4,0,2,0,2
C5120ST,19,329,District-Koch Bihar ,Rural,70-79,17,8,9,4,1,3,4,2,2,0,0,0,3,1,2,0,0,0,0,0,0,3,2,1,3,2,1
C5120ST,19,329,District-Koch Bihar ,Rural,80-89,5,3,2,1,1,0,0,0,0,0,0,0,1,1,0,0,0,0,0,0,0,2,0,2,1,1,0
C5120ST,19,329,District-Koch Bihar ,Rural,90+,3,2,1,1,1,0,1,1,0,0,0,0,0,0,0,0,0,0,0,0,0,0,0,0,1,0,1
C5120ST,19,329,District-Koch Bihar ,Rural,Age Not Stated,0,0,0,0,0,0,0,0,0,0,0,0,0,0,0,0,0,0,0,0,0,0,0,0,0,0,0
C5120ST,19,329,District-Koch Bihar ,Urban,Total,26,15,11,14,7,7,2,2,0,3,2,1,0,0,0,1,1,0,3,2,1,2,1,1,1,0,1
C5120ST,19,329,District-Koch Bihar ,Urban,0-4,3,2,1,3,2,1,0,0,0,0,0,0,0,0,0,0,0,0,0,0,0,0,0,0,0,0,0
C5120ST,19,329,District-Koch Bihar ,Urban,5-9,1,1,0,1,1,0,0,0,0,0,0,0,0,0,0,0,0,0,0,0,0,0,0,0,0,0,0
C5120ST,19,329,District-Koch Bihar ,Urban,10-19,6,4,2,5,3,2,1,1,0,0,0,0,0,0,0,0,0,0,0,0,0,0,0,0,0,0,0
C5120ST,19,329,District-Koch Bihar ,Urban,20-29,3,1,2,2,0,2,0,0,0,1,1,0,0,0,0,0,0,0,0,0,0,0,0,0,0,0,0
C5120ST,19,329,District-Koch Bihar ,Urban,30-39,5,3,2,1,0,1,0,0,0,0,0,0,0,0,0,1,1,0,2,2,0,0,0,0,1,0,1
C5120ST,19,329,District-Koch Bihar ,Urban,40-49,6,4,2,1,1,0,1,1,0,2,1,1,0,0,0,0,0,0,1,0,1,1,1,0,0,0,0
C5120ST,19,329,District-Koch Bihar ,Urban,50-59,0,0,0,0,0,0,0,0,0,0,0,0,0,0,0,0,0,0,0,0,0,0,0,0,0,0,0
C5120ST,19,329,District-Koch Bihar ,Urban,60-69,1,0,1,0,0,0,0,0,0,0,0,0,0,0,0,0,0,0,0,0,0,1,0,1,0,0,0
C5120ST,19,329,District-Koch Bihar ,Urban,70-79,0,0,0,0,0,0,0,0,0,0,0,0,0,0,0,0,0,0,0,0,0,0,0,0,0,0,0
C5120ST,19,329,District-Koch Bihar ,Urban,80-89,0,0,0,0,0,0,0,0,0,0,0,0,0,0,0,0,0,0,0,0,0,0,0,0,0,0,0
C5120ST,19,329,District-Koch Bihar ,Urban,90+,0,0,0,0,0,0,0,0,0,0,0,0,0,0,0,0,0,0,0,0,0,0,0,0,0,0,0
C5120ST,19,329,District-Koch Bihar ,Urban,Age Not Stated,1,0,1,1,0,1,0,0,0,0,0,0,0,0,0,0,0,0,0,0,0,0,0,0,0,0,0
C5120ST,19,330,District-Uttar Dinajpur,Total,Total,2804,1500,1304,780,395,385,438,214,224,163,84,79,437,271,166,199,102,97,99,55,44,451,245,206,237,134,103
C5120ST,19,330,District-Uttar Dinajpur,Total,0-4,153,77,76,57,32,25,26,13,13,4,3,1,13,6,7,8,3,5,1,1,0,31,11,20,13,8,5
C5120ST,19,330,District-Uttar Dinajpur,Total,5-9,331,167,164,99,45,54,56,23,33,26,13,13,33,18,15,28,15,13,5,3,2,54,33,21,30,17,13
C5120ST,19,330,District-Uttar Dinajpur,Total,10-19,540,282,258,134,64,70,72,31,41,42,21,21,96,45,51,47,21,26,14,10,4,90,60,30,45,30,15
C5120ST,19,330,District-Uttar Dinajpur,Total,20-29,372,209,163,100,53,47,55,30,25,20,11,9,49,43,6,32,15,17,15,6,9,76,40,36,25,11,14
C5120ST,19,330,District-Uttar Dinajpur,Total,30-39,341,198,143,106,57,49,40,22,18,26,13,13,35,26,9,34,24,10,22,12,10,56,30,26,22,14,8
C5120ST,19,330,District-Uttar Dinajpur,Total,40-49,331,192,139,81,40,41,51,31,20,22,10,12,68,48,20,17,7,10,15,10,5,60,33,27,17,13,4
C5120ST,19,330,District-Uttar Dinajpur,Total,50-59,277,147,130,78,41,37,44,22,22,14,7,7,54,33,21,16,8,8,12,8,4,38,18,20,21,10,11
C5120ST,19,330,District-Uttar Dinajpur,Total,60-69,260,136,124,76,41,35,53,27,26,7,5,2,49,29,20,11,6,5,9,1,8,24,12,12,31,15,16
C5120ST,19,330,District-Uttar Dinajpur,Total,70-79,151,67,84,33,14,19,33,12,21,1,0,1,30,16,14,6,3,3,6,4,2,16,4,12,26,14,12
C5120ST,19,330,District-Uttar Dinajpur,Total,80-89,38,18,20,14,7,7,6,2,4,0,0,0,6,4,2,0,0,0,0,0,0,5,3,2,7,2,5
C5120ST,19,330,District-Uttar Dinajpur,Total,90+,8,5,3,1,0,1,2,1,1,1,1,0,3,2,1,0,0,0,0,0,0,1,1,0,0,0,0
C5120ST,19,330,District-Uttar Dinajpur,Total,Age Not Stated,2,2,0,1,1,0,0,0,0,0,0,0,1,1,0,0,0,0,0,0,0,0,0,0,0,0,0
C5120ST,19,330,District-Uttar Dinajpur,Rural,Total,2727,1461,1266,759,383,376,431,210,221,161,82,79,422,264,158,197,101,96,94,54,40,435,237,198,228,130,98
C5120ST,19,330,District-Uttar Dinajpur,Rural,0-4,153,77,76,57,32,25,26,13,13,4,3,1,13,6,7,8,3,5,1,1,0,31,11,20,13,8,5
C5120ST,19,330,District-Uttar Dinajpur,Rural,5-9,329,166,163,99,45,54,56,23,33,26,13,13,32,18,14,27,14,13,5,3,2,54,33,21,30,17,13
C5120ST,19,330,District-Uttar Dinajpur,Rural,10-19,532,280,252,132,64,68,71,31,40,42,21,21,95,45,50,47,21,26,14,10,4,87,58,29,44,30,14
C5120ST,19,330,District-Uttar Dinajpur,Rural,20-29,358,203,155,96,50,46,54,29,25,20,11,9,49,43,6,31,15,16,11,5,6,73,39,34,24,11,13
C5120ST,19,330,District-Uttar Dinajpur,Rural,30-39,325,188,137,101,53,48,38,21,17,25,12,13,33,24,9,34,24,10,22,12,10,51,28,23,21,14,7
C5120ST,19,330,District-Uttar Dinajpur,Rural,40-49,324,188,136,80,39,41,51,31,20,21,9,12,66,47,19,17,7,10,15,10,5,57,32,25,17,13,4
C5120ST,19,330,District-Uttar Dinajpur,Rural,50-59,271,144,127,75,39,36,44,22,22,14,7,7,51,32,19,16,8,8,12,8,4,38,18,20,21,10,11
C5120ST,19,330,District-Uttar Dinajpur,Rural,60-69,247,129,118,72,39,33,52,26,26,7,5,2,46,27,19,11,6,5,8,1,7,22,10,12,29,15,14
C5120ST,19,330,District-Uttar Dinajpur,Rural,70-79,142,62,80,32,14,18,31,11,20,1,0,1,27,15,12,6,3,3,6,4,2,16,4,12,23,11,12
C5120ST,19,330,District-Uttar Dinajpur,Rural,80-89,36,17,19,13,7,6,6,2,4,0,0,0,6,4,2,0,0,0,0,0,0,5,3,2,6,1,5
C5120ST,19,330,District-Uttar Dinajpur,Rural,90+,8,5,3,1,0,1,2,1,1,1,1,0,3,2,1,0,0,0,0,0,0,1,1,0,0,0,0
C5120ST,19,330,District-Uttar Dinajpur,Rural,Age Not Stated,2,2,0,1,1,0,0,0,0,0,0,0,1,1,0,0,0,0,0,0,0,0,0,0,0,0,0
C5120ST,19,330,District-Uttar Dinajpur,Urban,Total,77,39,38,21,12,9,7,4,3,2,2,0,15,7,8,2,1,1,5,1,4,16,8,8,9,4,5
C5120ST,19,330,District-Uttar Dinajpur,Urban,0-4,0,0,0,0,0,0,0,0,0,0,0,0,0,0,0,0,0,0,0,0,0,0,0,0,0,0,0
C5120ST,19,330,District-Uttar Dinajpur,Urban,5-9,2,1,1,0,0,0,0,0,0,0,0,0,1,0,1,1,1,0,0,0,0,0,0,0,0,0,0
C5120ST,19,330,District-Uttar Dinajpur,Urban,10-19,8,2,6,2,0,2,1,0,1,0,0,0,1,0,1,0,0,0,0,0,0,3,2,1,1,0,1
C5120ST,19,330,District-Uttar Dinajpur,Urban,20-29,14,6,8,4,3,1,1,1,0,0,0,0,0,0,0,1,0,1,4,1,3,3,1,2,1,0,1
C5120ST,19,330,District-Uttar Dinajpur,Urban,30-39,16,10,6,5,4,1,2,1,1,1,1,0,2,2,0,0,0,0,0,0,0,5,2,3,1,0,1
C5120ST,19,330,District-Uttar Dinajpur,Urban,40-49,7,4,3,1,1,0,0,0,0,1,1,0,2,1,1,0,0,0,0,0,0,3,1,2,0,0,0
C5120ST,19,330,District-Uttar Dinajpur,Urban,50-59,6,3,3,3,2,1,0,0,0,0,0,0,3,1,2,0,0,0,0,0,0,0,0,0,0,0,0
C5120ST,19,330,District-Uttar Dinajpur,Urban,60-69,13,7,6,4,2,2,1,1,0,0,0,0,3,2,1,0,0,0,1,0,1,2,2,0,2,0,2
C5120ST,19,330,District-Uttar Dinajpur,Urban,70-79,9,5,4,1,0,1,2,1,1,0,0,0,3,1,2,0,0,0,0,0,0,0,0,0,3,3,0
C5120ST,19,330,District-Uttar Dinajpur,Urban,80-89,2,1,1,1,0,1,0,0,0,0,0,0,0,0,0,0,0,0,0,0,0,0,0,0,1,1,0
C5120ST,19,330,District-Uttar Dinajpur,Urban,90+,0,0,0,0,0,0,0,0,0,0,0,0,0,0,0,0,0,0,0,0,0,0,0,0,0,0,0
C5120ST,19,330,District-Uttar Dinajpur,Urban,Age Not Stated,0,0,0,0,0,0,0,0,0,0,0,0,0,0,0,0,0,0,0,0,0,0,0,0,0,0,0
C5120ST,19,331,District-Dakshin Dinajpur,Total,Total,5074,2710,2364,1160,636,524,892,443,449,245,125,120,961,548,413,359,179,180,128,75,53,846,439,407,483,265,218
C5120ST,19,331,District-Dakshin Dinajpur,Total,0-4,195,108,87,65,33,32,32,16,16,4,3,1,17,14,3,15,10,5,3,1,2,49,24,25,10,7,3
C5120ST,19,331,District-Dakshin Dinajpur,Total,5-9,370,192,178,75,45,30,58,31,27,36,15,21,39,18,21,29,17,12,2,1,1,90,39,51,41,26,15
C5120ST,19,331,District-Dakshin Dinajpur,Total,10-19,928,490,438,182,108,74,163,76,87,76,34,42,139,80,59,72,28,44,29,15,14,173,94,79,94,55,39
C5120ST,19,331,District-Dakshin Dinajpur,Total,20-29,698,388,310,125,74,51,101,52,49,37,21,16,138,79,59,75,44,31,23,13,10,153,79,74,46,26,20
C5120ST,19,331,District-Dakshin Dinajpur,Total,30-39,652,352,300,133,71,62,119,56,63,36,13,23,122,82,40,63,26,37,25,14,11,117,67,50,37,23,14
C5120ST,19,331,District-Dakshin Dinajpur,Total,40-49,640,367,273,152,81,71,129,72,57,29,22,7,111,66,45,48,29,19,23,16,7,107,60,47,41,21,20
C5120ST,19,331,District-Dakshin Dinajpur,Total,50-59,570,324,246,143,82,61,119,61,58,18,10,8,126,82,44,30,16,14,11,6,5,72,37,35,51,30,21
C5120ST,19,331,District-Dakshin Dinajpur,Total,60-69,583,285,298,165,81,84,96,46,50,5,5,0,159,86,73,22,7,15,9,6,3,58,23,35,69,31,38
C5120ST,19,331,District-Dakshin Dinajpur,Total,70-79,314,148,166,91,47,44,53,24,29,4,2,2,81,31,50,4,1,3,3,3,0,19,10,9,59,30,29
C5120ST,19,331,District-Dakshin Dinajpur,Total,80-89,81,42,39,17,11,6,15,5,10,0,0,0,19,8,11,1,1,0,0,0,0,4,3,1,25,14,11
C5120ST,19,331,District-Dakshin Dinajpur,Total,90+,40,13,27,11,3,8,7,4,3,0,0,0,10,2,8,0,0,0,0,0,0,3,3,0,9,1,8
C5120ST,19,331,District-Dakshin Dinajpur,Total,Age Not Stated,3,1,2,1,0,1,0,0,0,0,0,0,0,0,0,0,0,0,0,0,0,1,0,1,1,1,0
C5120ST,19,331,District-Dakshin Dinajpur,Rural,Total,4942,2627,2315,1133,618,515,872,430,442,225,113,112,952,543,409,343,169,174,126,73,53,830,429,401,461,252,209
C5120ST,19,331,District-Dakshin Dinajpur,Rural,0-4,189,104,85,62,31,31,30,15,15,4,3,1,17,14,3,14,9,5,3,1,2,49,24,25,10,7,3
C5120ST,19,331,District-Dakshin Dinajpur,Rural,5-9,362,187,175,75,45,30,57,30,27,35,14,21,39,18,21,29,17,12,2,1,1,89,38,51,36,24,12
C5120ST,19,331,District-Dakshin Dinajpur,Rural,10-19,896,470,426,177,104,73,160,75,85,72,32,40,136,78,58,69,26,43,29,15,14,167,91,76,86,49,37
C5120ST,19,331,District-Dakshin Dinajpur,Rural,20-29,678,375,303,120,70,50,101,52,49,34,18,16,137,78,59,71,42,29,23,13,10,150,78,72,42,24,18
C5120ST,19,331,District-Dakshin Dinajpur,Rural,30-39,637,345,292,132,70,62,115,54,61,33,13,20,122,82,40,62,25,37,25,14,11,115,66,49,33,21,12
C5120ST,19,331,District-Dakshin Dinajpur,Rural,40-49,618,351,267,149,80,69,122,66,56,25,19,6,110,65,45,43,26,17,22,15,7,107,60,47,40,20,20
C5120ST,19,331,District-Dakshin Dinajpur,Rural,50-59,556,315,241,138,79,59,119,61,58,13,7,6,125,82,43,29,15,14,10,5,5,71,36,35,51,30,21
C5120ST,19,331,District-Dakshin Dinajpur,Rural,60-69,573,279,294,163,80,83,94,45,49,5,5,0,157,85,72,21,7,14,9,6,3,55,20,35,69,31,38
C5120ST,19,331,District-Dakshin Dinajpur,Rural,70-79,312,146,166,89,45,44,53,24,29,4,2,2,81,31,50,4,1,3,3,3,0,19,10,9,59,30,29
C5120ST,19,331,District-Dakshin Dinajpur,Rural,80-89,80,42,38,17,11,6,15,5,10,0,0,0,18,8,10,1,1,0,0,0,0,4,3,1,25,14,11
C5120ST,19,331,District-Dakshin Dinajpur,Rural,90+,38,12,26,10,3,7,6,3,3,0,0,0,10,2,8,0,0,0,0,0,0,3,3,0,9,1,8
C5120ST,19,331,District-Dakshin Dinajpur,Rural,Age Not Stated,3,1,2,1,0,1,0,0,0,0,0,0,0,0,0,0,0,0,0,0,0,1,0,1,1,1,0
C5120ST,19,331,District-Dakshin Dinajpur,Urban,Total,132,83,49,27,18,9,20,13,7,20,12,8,9,5,4,16,10,6,2,2,0,16,10,6,22,13,9
C5120ST,19,331,District-Dakshin Dinajpur,Urban,0-4,6,4,2,3,2,1,2,1,1,0,0,0,0,0,0,1,1,0,0,0,0,0,0,0,0,0,0
C5120ST,19,331,District-Dakshin Dinajpur,Urban,5-9,8,5,3,0,0,0,1,1,0,1,1,0,0,0,0,0,0,0,0,0,0,1,1,0,5,2,3
C5120ST,19,331,District-Dakshin Dinajpur,Urban,10-19,32,20,12,5,4,1,3,1,2,4,2,2,3,2,1,3,2,1,0,0,0,6,3,3,8,6,2
C5120ST,19,331,District-Dakshin Dinajpur,Urban,20-29,20,13,7,5,4,1,0,0,0,3,3,0,1,1,0,4,2,2,0,0,0,3,1,2,4,2,2
C5120ST,19,331,District-Dakshin Dinajpur,Urban,30-39,15,7,8,1,1,0,4,2,2,3,0,3,0,0,0,1,1,0,0,0,0,2,1,1,4,2,2
C5120ST,19,331,District-Dakshin Dinajpur,Urban,40-49,22,16,6,3,1,2,7,6,1,4,3,1,1,1,0,5,3,2,1,1,0,0,0,0,1,1,0
C5120ST,19,331,District-Dakshin Dinajpur,Urban,50-59,14,9,5,5,3,2,0,0,0,5,3,2,1,0,1,1,1,0,1,1,0,1,1,0,0,0,0
C5120ST,19,331,District-Dakshin Dinajpur,Urban,60-69,10,6,4,2,1,1,2,1,1,0,0,0,2,1,1,1,0,1,0,0,0,3,3,0,0,0,0
C5120ST,19,331,District-Dakshin Dinajpur,Urban,70-79,2,2,0,2,2,0,0,0,0,0,0,0,0,0,0,0,0,0,0,0,0,0,0,0,0,0,0
C5120ST,19,331,District-Dakshin Dinajpur,Urban,80-89,1,0,1,0,0,0,0,0,0,0,0,0,1,0,1,0,0,0,0,0,0,0,0,0,0,0,0
C5120ST,19,331,District-Dakshin Dinajpur,Urban,90+,2,1,1,1,0,1,1,1,0,0,0,0,0,0,0,0,0,0,0,0,0,0,0,0,0,0,0
C5120ST,19,331,District-Dakshin Dinajpur,Urban,Age Not Stated,0,0,0,0,0,0,0,0,0,0,0,0,0,0,0,0,0,0,0,0,0,0,0,0,0,0,0
C5120ST,19,332,District-Maldah ,Total,Total,5759,3101,2658,1396,700,696,1058,567,491,325,176,149,940,586,354,369,195,174,176,90,86,1023,558,465,472,229,243
C5120ST,19,332,District-Maldah ,Total,0-4,268,133,135,66,27,39,54,27,27,5,5,0,36,22,14,15,7,8,2,1,1,67,34,33,23,10,13
C5120ST,19,332,District-Maldah ,Total,5-9,490,274,216,97,52,45,85,45,40,46,30,16,56,33,23,27,13,14,4,2,2,123,66,57,52,33,19
C5120ST,19,332,District-Maldah ,Total,10-19,1118,591,527,222,117,105,175,88,87,99,59,40,171,96,75,87,47,40,39,20,19,210,107,103,115,57,58
C5120ST,19,332,District-Maldah ,Total,20-29,843,441,402,156,76,80,191,98,93,64,27,37,133,88,45,74,39,35,28,14,14,147,70,77,50,29,21
C5120ST,19,332,District-Maldah ,Total,30-39,728,419,309,161,90,71,136,79,57,41,16,25,110,78,32,54,31,23,28,13,15,153,90,63,45,22,23
C5120ST,19,332,District-Maldah ,Total,40-49,745,436,309,197,105,92,135,88,47,30,14,16,128,85,43,57,26,31,27,15,12,135,83,52,36,20,16
C5120ST,19,332,District-Maldah ,Total,50-59,613,349,264,163,80,83,115,64,51,14,10,4,120,83,37,28,16,12,32,16,16,101,60,41,40,20,20
C5120ST,19,332,District-Maldah ,Total,60-69,520,265,255,184,90,94,91,45,46,13,8,5,100,54,46,18,12,6,8,6,2,57,33,24,49,17,32
C5120ST,19,332,District-Maldah ,Total,70-79,286,123,163,98,46,52,53,21,32,6,3,3,56,27,29,5,2,3,3,1,2,22,9,13,43,14,29
C5120ST,19,332,District-Maldah ,Total,80-89,116,56,60,45,16,29,18,9,9,4,3,1,24,15,9,3,1,2,4,2,2,6,5,1,12,5,7
C5120ST,19,332,District-Maldah ,Total,90+,32,14,18,7,1,6,5,3,2,3,1,2,6,5,1,1,1,0,1,0,1,2,1,1,7,2,5
C5120ST,19,332,District-Maldah ,Total,Age Not Stated,0,0,0,0,0,0,0,0,0,0,0,0,0,0,0,0,0,0,0,0,0,0,0,0,0,0,0
C5120ST,19,332,District-Maldah ,Rural,Total,5628,3034,2594,1366,679,687,1028,552,476,306,171,135,925,579,346,358,190,168,174,88,86,1003,548,455,468,227,241
C5120ST,19,332,District-Maldah ,Rural,0-4,263,130,133,65,26,39,53,26,27,5,5,0,36,22,14,15,7,8,2,1,1,65,33,32,22,10,12
C5120ST,19,332,District-Maldah ,Rural,5-9,477,266,211,94,50,44,83,43,40,44,29,15,54,32,22,26,13,13,4,2,2,120,64,56,52,33,19
C5120ST,19,332,District-Maldah ,Rural,10-19,1094,581,513,218,115,103,171,88,83,94,57,37,167,93,74,85,46,39,38,19,19,208,107,101,113,56,57
C5120ST,19,332,District-Maldah ,Rural,20-29,817,431,386,150,72,78,183,95,88,63,27,36,129,87,42,72,38,34,28,14,14,142,69,73,50,29,21
C5120ST,19,332,District-Maldah ,Rural,30-39,709,408,301,157,87,70,136,79,57,37,16,21,109,77,32,49,28,21,28,13,15,148,86,62,45,22,23
C5120ST,19,332,District-Maldah ,Rural,40-49,722,426,296,191,102,89,124,82,42,27,13,14,127,85,42,56,26,30,27,15,12,134,83,51,36,20,16
C5120ST,19,332,District-Maldah ,Rural,50-59,601,338,263,159,76,83,112,61,51,13,9,4,118,82,36,28,16,12,31,15,16,100,59,41,40,20,20
C5120ST,19,332,District-Maldah ,Rural,60-69,515,262,253,182,88,94,91,45,46,12,8,4,99,54,45,18,12,6,8,6,2,56,32,24,49,17,32
C5120ST,19,332,District-Maldah ,Rural,70-79,285,123,162,98,46,52,53,21,32,5,3,2,56,27,29,5,2,3,3,1,2,22,9,13,43,14,29
C5120ST,19,332,District-Maldah ,Rural,80-89,116,56,60,45,16,29,18,9,9,4,3,1,24,15,9,3,1,2,4,2,2,6,5,1,12,5,7
C5120ST,19,332,District-Maldah ,Rural,90+,29,13,16,7,1,6,4,3,1,2,1,1,6,5,1,1,1,0,1,0,1,2,1,1,6,1,5
C5120ST,19,332,District-Maldah ,Rural,Age Not Stated,0,0,0,0,0,0,0,0,0,0,0,0,0,0,0,0,0,0,0,0,0,0,0,0,0,0,0
C5120ST,19,332,District-Maldah ,Urban,Total,131,67,64,30,21,9,30,15,15,19,5,14,15,7,8,11,5,6,2,2,0,20,10,10,4,2,2
C5120ST,19,332,District-Maldah ,Urban,0-4,5,3,2,1,1,0,1,1,0,0,0,0,0,0,0,0,0,0,0,0,0,2,1,1,1,0,1
C5120ST,19,332,District-Maldah ,Urban,5-9,13,8,5,3,2,1,2,2,0,2,1,1,2,1,1,1,0,1,0,0,0,3,2,1,0,0,0
C5120ST,19,332,District-Maldah ,Urban,10-19,24,10,14,4,2,2,4,0,4,5,2,3,4,3,1,2,1,1,1,1,0,2,0,2,2,1,1
C5120ST,19,332,District-Maldah ,Urban,20-29,26,10,16,6,4,2,8,3,5,1,0,1,4,1,3,2,1,1,0,0,0,5,1,4,0,0,0
C5120ST,19,332,District-Maldah ,Urban,30-39,19,11,8,4,3,1,0,0,0,4,0,4,1,1,0,5,3,2,0,0,0,5,4,1,0,0,0
C5120ST,19,332,District-Maldah ,Urban,40-49,23,10,13,6,3,3,11,6,5,3,1,2,1,0,1,1,0,1,0,0,0,1,0,1,0,0,0
C5120ST,19,332,District-Maldah ,Urban,50-59,12,11,1,4,4,0,3,3,0,1,1,0,2,1,1,0,0,0,1,1,0,1,1,0,0,0,0
C5120ST,19,332,District-Maldah ,Urban,60-69,5,3,2,2,2,0,0,0,0,1,0,1,1,0,1,0,0,0,0,0,0,1,1,0,0,0,0
C5120ST,19,332,District-Maldah ,Urban,70-79,1,0,1,0,0,0,0,0,0,1,0,1,0,0,0,0,0,0,0,0,0,0,0,0,0,0,0
C5120ST,19,332,District-Maldah ,Urban,80-89,0,0,0,0,0,0,0,0,0,0,0,0,0,0,0,0,0,0,0,0,0,0,0,0,0,0,0
C5120ST,19,332,District-Maldah ,Urban,90+,3,1,2,0,0,0,1,0,1,1,0,1,0,0,0,0,0,0,0,0,0,0,0,0,1,1,0
C5120ST,19,332,District-Maldah ,Urban,Age Not Stated,0,0,0,0,0,0,0,0,0,0,0,0,0,0,0,0,0,0,0,0,0,0,0,0,0,0,0
C5120ST,19,333,District-Murshidabad ,Total,Total,1613,848,765,313,169,144,250,129,121,88,45,43,331,186,145,119,60,59,58,32,26,290,158,132,164,69,95
C5120ST,19,333,District-Murshidabad ,Total,0-4,64,40,24,20,15,5,14,9,5,0,0,0,8,5,3,3,1,2,0,0,0,18,10,8,1,0,1
C5120ST,19,333,District-Murshidabad ,Total,5-9,100,53,47,13,6,7,20,11,9,10,9,1,18,11,7,5,2,3,3,3,0,25,8,17,6,3,3
C5120ST,19,333,District-Murshidabad ,Total,10-19,313,169,144,45,32,13,40,21,19,40,19,21,51,25,26,39,19,20,9,3,6,67,44,23,22,6,16
C5120ST,19,333,District-Murshidabad ,Total,20-29,238,129,109,27,14,13,40,24,16,11,6,5,42,20,22,25,15,10,12,8,4,61,36,25,20,6,14
C5120ST,19,333,District-Murshidabad ,Total,30-39,180,99,81,37,24,13,27,15,12,9,2,7,31,18,13,13,5,8,15,8,7,37,18,19,11,9,2
C5120ST,19,333,District-Murshidabad ,Total,40-49,210,124,86,46,26,20,30,14,16,4,3,1,43,33,10,19,10,9,11,4,7,41,25,16,16,9,7
C5120ST,19,333,District-Murshidabad ,Total,50-59,172,92,80,40,16,24,25,14,11,7,3,4,39,26,13,9,6,3,4,3,1,26,14,12,22,10,12
C5120ST,19,333,District-Murshidabad ,Total,60-69,172,79,93,42,19,23,27,10,17,3,2,1,60,31,29,4,1,3,3,2,1,9,3,6,24,11,13
C5120ST,19,333,District-Murshidabad ,Total,70-79,127,50,77,36,15,21,17,6,11,4,1,3,29,14,15,2,1,1,1,1,0,4,0,4,34,12,22
C5120ST,19,333,District-Murshidabad ,Total,80-89,28,8,20,6,2,4,6,3,3,0,0,0,9,3,6,0,0,0,0,0,0,2,0,2,5,0,5
C5120ST,19,333,District-Murshidabad ,Total,90+,9,5,4,1,0,1,4,2,2,0,0,0,1,0,1,0,0,0,0,0,0,0,0,0,3,3,0
C5120ST,19,333,District-Murshidabad ,Total,Age Not Stated,0,0,0,0,0,0,0,0,0,0,0,0,0,0,0,0,0,0,0,0,0,0,0,0,0,0,0
C5120ST,19,333,District-Murshidabad ,Rural,Total,1543,801,742,290,152,138,235,118,117,84,42,42,318,178,140,116,58,58,56,31,25,282,153,129,162,69,93
C5120ST,19,333,District-Murshidabad ,Rural,0-4,60,36,24,17,12,5,13,8,5,0,0,0,8,5,3,3,1,2,0,0,0,18,10,8,1,0,1
C5120ST,19,333,District-Murshidabad ,Rural,5-9,95,50,45,13,6,7,19,11,8,8,7,1,17,10,7,5,2,3,3,3,0,25,8,17,5,3,2
C5120ST,19,333,District-Murshidabad ,Rural,10-19,305,164,141,45,32,13,39,20,19,40,19,21,49,24,25,37,18,19,9,3,6,64,42,22,22,6,16
C5120ST,19,333,District-Murshidabad ,Rural,20-29,229,123,106,25,12,13,38,22,16,11,6,5,41,20,21,25,15,10,10,7,3,59,35,24,20,6,14
C5120ST,19,333,District-Murshidabad ,Rural,30-39,167,91,76,31,20,11,25,14,11,9,2,7,28,16,12,12,4,8,15,8,7,36,18,18,11,9,2
C5120ST,19,333,District-Murshidabad ,Rural,40-49,200,117,83,42,24,18,27,12,15,4,3,1,41,31,10,19,10,9,11,4,7,40,24,16,16,9,7
C5120ST,19,333,District-Murshidabad ,Rural,50-59,160,82,78,34,11,23,23,12,11,6,2,4,37,25,12,9,6,3,4,3,1,25,13,12,22,10,12
C5120ST,19,333,District-Murshidabad ,Rural,60-69,172,79,93,42,19,23,27,10,17,3,2,1,60,31,29,4,1,3,3,2,1,9,3,6,24,11,13
C5120ST,19,333,District-Murshidabad ,Rural,70-79,121,47,74,35,14,21,15,5,10,3,1,2,28,13,15,2,1,1,1,1,0,4,0,4,33,12,21
C5120ST,19,333,District-Murshidabad ,Rural,80-89,26,8,18,5,2,3,6,3,3,0,0,0,8,3,5,0,0,0,0,0,0,2,0,2,5,0,5
C5120ST,19,333,District-Murshidabad ,Rural,90+,8,4,4,1,0,1,3,1,2,0,0,0,1,0,1,0,0,0,0,0,0,0,0,0,3,3,0
C5120ST,19,333,District-Murshidabad ,Rural,Age Not Stated,0,0,0,0,0,0,0,0,0,0,0,0,0,0,0,0,0,0,0,0,0,0,0,0,0,0,0
C5120ST,19,333,District-Murshidabad ,Urban,Total,70,47,23,23,17,6,15,11,4,4,3,1,13,8,5,3,2,1,2,1,1,8,5,3,2,0,2
C5120ST,19,333,District-Murshidabad ,Urban,0-4,4,4,0,3,3,0,1,1,0,0,0,0,0,0,0,0,0,0,0,0,0,0,0,0,0,0,0
C5120ST,19,333,District-Murshidabad ,Urban,5-9,5,3,2,0,0,0,1,0,1,2,2,0,1,1,0,0,0,0,0,0,0,0,0,0,1,0,1
C5120ST,19,333,District-Murshidabad ,Urban,10-19,8,5,3,0,0,0,1,1,0,0,0,0,2,1,1,2,1,1,0,0,0,3,2,1,0,0,0
C5120ST,19,333,District-Murshidabad ,Urban,20-29,9,6,3,2,2,0,2,2,0,0,0,0,1,0,1,0,0,0,2,1,1,2,1,1,0,0,0
C5120ST,19,333,District-Murshidabad ,Urban,30-39,13,8,5,6,4,2,2,1,1,0,0,0,3,2,1,1,1,0,0,0,0,1,0,1,0,0,0
C5120ST,19,333,District-Murshidabad ,Urban,40-49,10,7,3,4,2,2,3,2,1,0,0,0,2,2,0,0,0,0,0,0,0,1,1,0,0,0,0
C5120ST,19,333,District-Murshidabad ,Urban,50-59,12,10,2,6,5,1,2,2,0,1,1,0,2,1,1,0,0,0,0,0,0,1,1,0,0,0,0
C5120ST,19,333,District-Murshidabad ,Urban,60-69,0,0,0,0,0,0,0,0,0,0,0,0,0,0,0,0,0,0,0,0,0,0,0,0,0,0,0
C5120ST,19,333,District-Murshidabad ,Urban,70-79,6,3,3,1,1,0,2,1,1,1,0,1,1,1,0,0,0,0,0,0,0,0,0,0,1,0,1
C5120ST,19,333,District-Murshidabad ,Urban,80-89,2,0,2,1,0,1,0,0,0,0,0,0,1,0,1,0,0,0,0,0,0,0,0,0,0,0,0
C5120ST,19,333,District-Murshidabad ,Urban,90+,1,1,0,0,0,0,1,1,0,0,0,0,0,0,0,0,0,0,0,0,0,0,0,0,0,0,0
C5120ST,19,333,District-Murshidabad ,Urban,Age Not Stated,0,0,0,0,0,0,0,0,0,0,0,0,0,0,0,0,0,0,0,0,0,0,0,0,0,0,0
C5120ST,19,334,District-Birbhum,Total,Total,4004,2040,1964,867,411,456,617,314,303,192,103,89,857,455,402,239,127,112,143,69,74,682,345,337,407,216,191
C5120ST,19,334,District-Birbhum,Total,0-4,180,91,89,33,15,18,28,13,15,6,4,2,21,13,8,9,4,5,2,1,1,64,31,33,17,10,7
C5120ST,19,334,District-Birbhum,Total,5-9,329,173,156,64,29,35,41,23,18,42,19,23,36,21,15,20,11,9,9,5,4,67,31,36,50,34,16
C5120ST,19,334,District-Birbhum,Total,10-19,674,353,321,118,61,57,90,52,38,56,32,24,108,58,50,66,36,30,22,9,13,125,60,65,89,45,44
C5120ST,19,334,District-Birbhum,Total,20-29,551,295,256,89,44,45,81,40,41,27,16,11,130,75,55,41,27,14,24,9,15,114,59,55,45,25,20
C5120ST,19,334,District-Birbhum,Total,30-39,462,251,211,71,39,32,75,42,33,22,13,9,94,52,42,40,19,21,32,15,17,94,51,43,34,20,14
C5120ST,19,334,District-Birbhum,Total,40-49,457,238,219,91,36,55,80,46,34,21,11,10,121,68,53,21,9,12,18,14,4,79,42,37,26,12,14
C5120ST,19,334,District-Birbhum,Total,50-59,462,242,220,134,67,67,67,34,33,6,3,3,118,69,49,24,10,14,15,4,11,72,40,32,26,15,11
C5120ST,19,334,District-Birbhum,Total,60-69,583,277,306,175,92,83,109,42,67,10,5,5,155,74,81,16,10,6,13,5,8,47,23,24,58,26,32
C5120ST,19,334,District-Birbhum,Total,70-79,223,89,134,64,18,46,35,18,17,1,0,1,58,21,37,1,1,0,3,3,0,16,7,9,45,21,24
C5120ST,19,334,District-Birbhum,Total,80-89,59,24,35,22,7,15,6,3,3,1,0,1,12,3,9,0,0,0,5,4,1,2,1,1,11,6,5
C5120ST,19,334,District-Birbhum,Total,90+,20,7,13,6,3,3,4,1,3,0,0,0,4,1,3,0,0,0,0,0,0,0,0,0,6,2,4
C5120ST,19,334,District-Birbhum,Total,Age Not Stated,4,0,4,0,0,0,1,0,1,0,0,0,0,0,0,1,0,1,0,0,0,2,0,2,0,0,0
C5120ST,19,334,District-Birbhum,Rural,Total,3852,1959,1893,842,403,439,581,296,285,185,98,87,831,437,394,225,120,105,140,67,73,653,329,324,395,209,186
C5120ST,19,334,District-Birbhum,Rural,0-4,173,90,83,31,15,16,26,12,14,6,4,2,21,13,8,9,4,5,1,1,0,63,31,32,16,10,6
C5120ST,19,334,District-Birbhum,Rural,5-9,319,166,153,61,27,34,39,21,18,41,19,22,35,20,15,20,11,9,8,4,4,67,31,36,48,33,15
C5120ST,19,334,District-Birbhum,Rural,10-19,648,337,311,115,61,54,85,48,37,52,29,23,105,56,49,64,35,29,22,9,13,119,56,63,86,43,43
C5120ST,19,334,District-Birbhum,Rural,20-29,526,282,244,84,41,43,76,38,38,26,15,11,126,73,53,39,26,13,24,9,15,108,57,51,43,23,20
C5120ST,19,334,District-Birbhum,Rural,30-39,439,237,202,71,39,32,70,41,29,21,12,9,89,48,41,35,16,19,32,15,17,90,48,42,31,18,13
C5120ST,19,334,District-Birbhum,Rural,40-49,435,228,207,88,34,54,75,43,32,21,11,10,119,68,51,17,7,10,18,14,4,71,39,32,26,12,14
C5120ST,19,334,District-Birbhum,Rural,50-59,447,233,214,133,67,66,61,32,29,6,3,3,113,64,49,23,10,13,15,4,11,70,38,32,26,15,11
C5120ST,19,334,District-Birbhum,Rural,60-69,568,269,299,172,91,81,104,40,64,10,5,5,151,72,79,16,10,6,12,4,8,45,21,24,58,26,32
C5120ST,19,334,District-Birbhum,Rural,70-79,218,86,132,62,18,44,34,17,17,1,0,1,56,19,37,1,1,0,3,3,0,16,7,9,45,21,24
C5120ST,19,334,District-Birbhum,Rural,80-89,56,24,32,20,7,13,6,3,3,1,0,1,12,3,9,0,0,0,5,4,1,2,1,1,10,6,4
C5120ST,19,334,District-Birbhum,Rural,90+,19,7,12,5,3,2,4,1,3,0,0,0,4,1,3,0,0,0,0,0,0,0,0,0,6,2,4
C5120ST,19,334,District-Birbhum,Rural,Age Not Stated,4,0,4,0,0,0,1,0,1,0,0,0,0,0,0,1,0,1,0,0,0,2,0,2,0,0,0
C5120ST,19,334,District-Birbhum,Urban,Total,152,81,71,25,8,17,36,18,18,7,5,2,26,18,8,14,7,7,3,2,1,29,16,13,12,7,5
C5120ST,19,334,District-Birbhum,Urban,0-4,7,1,6,2,0,2,2,1,1,0,0,0,0,0,0,0,0,0,1,0,1,1,0,1,1,0,1
C5120ST,19,334,District-Birbhum,Urban,5-9,10,7,3,3,2,1,2,2,0,1,0,1,1,1,0,0,0,0,1,1,0,0,0,0,2,1,1
C5120ST,19,334,District-Birbhum,Urban,10-19,26,16,10,3,0,3,5,4,1,4,3,1,3,2,1,2,1,1,0,0,0,6,4,2,3,2,1
C5120ST,19,334,District-Birbhum,Urban,20-29,25,13,12,5,3,2,5,2,3,1,1,0,4,2,2,2,1,1,0,0,0,6,2,4,2,2,0
C5120ST,19,334,District-Birbhum,Urban,30-39,23,14,9,0,0,0,5,1,4,1,1,0,5,4,1,5,3,2,0,0,0,4,3,1,3,2,1
C5120ST,19,334,District-Birbhum,Urban,40-49,22,10,12,3,2,1,5,3,2,0,0,0,2,0,2,4,2,2,0,0,0,8,3,5,0,0,0
C5120ST,19,334,District-Birbhum,Urban,50-59,15,9,6,1,0,1,6,2,4,0,0,0,5,5,0,1,0,1,0,0,0,2,2,0,0,0,0
C5120ST,19,334,District-Birbhum,Urban,60-69,15,8,7,3,1,2,5,2,3,0,0,0,4,2,2,0,0,0,1,1,0,2,2,0,0,0,0
C5120ST,19,334,District-Birbhum,Urban,70-79,5,3,2,2,0,2,1,1,0,0,0,0,2,2,0,0,0,0,0,0,0,0,0,0,0,0,0
C5120ST,19,334,District-Birbhum,Urban,80-89,3,0,3,2,0,2,0,0,0,0,0,0,0,0,0,0,0,0,0,0,0,0,0,0,1,0,1
C5120ST,19,334,District-Birbhum,Urban,90+,1,0,1,1,0,1,0,0,0,0,0,0,0,0,0,0,0,0,0,0,0,0,0,0,0,0,0
C5120ST,19,334,District-Birbhum,Urban,Age Not Stated,0,0,0,0,0,0,0,0,0,0,0,0,0,0,0,0,0,0,0,0,0,0,0,0,0,0,0
C5120ST,19,335,District-Barddhaman ,Total,Total,9177,4861,4316,1741,843,898,1945,966,979,528,309,219,1560,935,625,564,302,262,259,138,121,1838,1009,829,742,359,383
C5120ST,19,335,District-Barddhaman ,Total,0-4,476,235,241,89,41,48,144,73,71,8,4,4,42,20,22,26,17,9,2,2,0,125,56,69,40,22,18
C5120ST,19,335,District-Barddhaman ,Total,5-9,716,396,320,119,62,57,167,80,87,66,44,22,56,35,21,45,23,22,6,3,3,181,108,73,76,41,35
C5120ST,19,335,District-Barddhaman ,Total,10-19,1727,961,766,261,144,117,389,206,183,164,101,63,215,129,86,128,63,65,43,21,22,380,224,156,147,73,74
C5120ST,19,335,District-Barddhaman ,Total,20-29,1677,898,779,257,133,124,341,160,181,121,70,51,321,200,121,139,76,63,66,42,24,330,164,166,102,53,49
C5120ST,19,335,District-Barddhaman ,Total,30-39,1245,690,555,201,98,103,297,165,132,66,34,32,228,135,93,79,48,31,46,25,21,260,146,114,68,39,29
C5120ST,19,335,District-Barddhaman ,Total,40-49,1189,632,557,247,113,134,234,105,129,56,31,25,228,153,75,67,38,29,48,24,24,248,138,110,61,30,31
C5120ST,19,335,District-Barddhaman ,Total,50-59,884,489,395,208,111,97,144,79,65,27,19,8,219,133,86,43,18,25,18,9,9,155,84,71,70,36,34
C5120ST,19,335,District-Barddhaman ,Total,60-69,756,344,412,227,91,136,132,54,78,14,4,10,161,86,75,24,11,13,20,8,12,110,65,45,68,25,43
C5120ST,19,335,District-Barddhaman ,Total,70-79,376,158,218,102,34,68,70,34,36,5,2,3,71,35,36,7,3,4,7,3,4,34,20,14,80,27,53
C5120ST,19,335,District-Barddhaman ,Total,80-89,74,29,45,19,11,8,13,3,10,0,0,0,13,5,8,2,1,1,1,0,1,5,0,5,21,9,12
C5120ST,19,335,District-Barddhaman ,Total,90+,35,18,17,7,3,4,7,3,4,0,0,0,6,4,2,2,2,0,1,0,1,3,2,1,9,4,5
C5120ST,19,335,District-Barddhaman ,Total,Age Not Stated,22,11,11,4,2,2,7,4,3,1,0,1,0,0,0,2,2,0,1,1,0,7,2,5,0,0,0
C5120ST,19,335,District-Barddhaman ,Rural,Total,6869,3641,3228,1386,655,731,1229,612,617,375,229,146,1217,735,482,463,250,213,209,109,100,1375,761,614,615,290,325
C5120ST,19,335,District-Barddhaman ,Rural,0-4,348,179,169,69,35,34,90,47,43,6,3,3,31,13,18,21,15,6,2,2,0,94,43,51,35,21,14
C5120ST,19,335,District-Barddhaman ,Rural,5-9,527,298,229,91,43,48,101,50,51,49,36,13,46,28,18,36,19,17,4,2,2,140,87,53,60,33,27
C5120ST,19,335,District-Barddhaman ,Rural,10-19,1261,706,555,201,111,90,222,118,104,124,79,45,160,96,64,113,53,60,37,16,21,288,179,109,116,54,62
C5120ST,19,335,District-Barddhaman ,Rural,20-29,1184,642,542,203,104,99,209,97,112,74,45,29,232,148,84,109,61,48,54,33,21,225,112,113,78,42,36
C5120ST,19,335,District-Barddhaman ,Rural,30-39,923,505,418,153,68,85,180,96,84,48,29,19,184,112,72,59,35,24,37,21,16,205,111,94,57,33,24
C5120ST,19,335,District-Barddhaman ,Rural,40-49,901,483,418,190,85,105,161,74,87,41,21,20,184,126,58,59,34,25,33,16,17,178,100,78,55,27,28
C5120ST,19,335,District-Barddhaman ,Rural,50-59,703,380,323,176,92,84,92,53,39,19,11,8,187,111,76,36,17,19,17,9,8,119,62,57,57,25,32
C5120ST,19,335,District-Barddhaman ,Rural,60-69,610,277,333,193,76,117,94,41,53,9,3,6,127,70,57,19,8,11,16,6,10,91,51,40,61,22,39
C5120ST,19,335,District-Barddhaman ,Rural,70-79,313,126,187,86,28,58,60,28,32,5,2,3,52,25,27,6,3,3,7,3,4,24,13,11,73,24,49
C5120ST,19,335,District-Barddhaman ,Rural,80-89,59,24,35,16,9,7,11,3,8,0,0,0,10,4,6,1,1,0,0,0,0,4,0,4,17,7,10
C5120ST,19,335,District-Barddhaman ,Rural,90+,25,12,13,5,3,2,5,2,3,0,0,0,4,2,2,2,2,0,1,0,1,2,1,1,6,2,4
C5120ST,19,335,District-Barddhaman ,Rural,Age Not Stated,15,9,6,3,1,2,4,3,1,0,0,0,0,0,0,2,2,0,1,1,0,5,2,3,0,0,0
C5120ST,19,335,District-Barddhaman ,Urban,Total,2308,1220,1088,355,188,167,716,354,362,153,80,73,343,200,143,101,52,49,50,29,21,463,248,215,127,69,58
C5120ST,19,335,District-Barddhaman ,Urban,0-4,128,56,72,20,6,14,54,26,28,2,1,1,11,7,4,5,2,3,0,0,0,31,13,18,5,1,4
C5120ST,19,335,District-Barddhaman ,Urban,5-9,189,98,91,28,19,9,66,30,36,17,8,9,10,7,3,9,4,5,2,1,1,41,21,20,16,8,8
C5120ST,19,335,District-Barddhaman ,Urban,10-19,466,255,211,60,33,27,167,88,79,40,22,18,55,33,22,15,10,5,6,5,1,92,45,47,31,19,12
C5120ST,19,335,District-Barddhaman ,Urban,20-29,493,256,237,54,29,25,132,63,69,47,25,22,89,52,37,30,15,15,12,9,3,105,52,53,24,11,13
C5120ST,19,335,District-Barddhaman ,Urban,30-39,322,185,137,48,30,18,117,69,48,18,5,13,44,23,21,20,13,7,9,4,5,55,35,20,11,6,5
C5120ST,19,335,District-Barddhaman ,Urban,40-49,288,149,139,57,28,29,73,31,42,15,10,5,44,27,17,8,4,4,15,8,7,70,38,32,6,3,3
C5120ST,19,335,District-Barddhaman ,Urban,50-59,181,109,72,32,19,13,52,26,26,8,8,0,32,22,10,7,1,6,1,0,1,36,22,14,13,11,2
C5120ST,19,335,District-Barddhaman ,Urban,60-69,146,67,79,34,15,19,38,13,25,5,1,4,34,16,18,5,3,2,4,2,2,19,14,5,7,3,4
C5120ST,19,335,District-Barddhaman ,Urban,70-79,63,32,31,16,6,10,10,6,4,0,0,0,19,10,9,1,0,1,0,0,0,10,7,3,7,3,4
C5120ST,19,335,District-Barddhaman ,Urban,80-89,15,5,10,3,2,1,2,0,2,0,0,0,3,1,2,1,0,1,1,0,1,1,0,1,4,2,2
C5120ST,19,335,District-Barddhaman ,Urban,90+,10,6,4,2,0,2,2,1,1,0,0,0,2,2,0,0,0,0,0,0,0,1,1,0,3,2,1
C5120ST,19,335,District-Barddhaman ,Urban,Age Not Stated,7,2,5,1,1,0,3,1,2,1,0,1,0,0,0,0,0,0,0,0,0,2,0,2,0,0,0
C5120ST,19,336,District-Nadia ,Total,Total,2234,1251,983,431,221,210,244,125,119,141,81,60,478,307,171,167,90,77,66,41,25,451,247,204,256,139,117
C5120ST,19,336,District-Nadia ,Total,0-4,81,38,43,13,3,10,9,4,5,4,2,2,9,6,3,3,1,2,0,0,0,34,15,19,9,7,2
C5120ST,19,336,District-Nadia ,Total,5-9,156,78,78,18,8,10,17,11,6,16,9,7,22,10,12,21,8,13,0,0,0,39,18,21,23,14,9
C5120ST,19,336,District-Nadia ,Total,10-19,383,216,167,45,32,13,42,23,19,46,22,24,76,49,27,35,16,19,16,8,8,84,42,42,39,24,15
C5120ST,19,336,District-Nadia ,Total,20-29,356,222,134,43,28,15,39,23,16,28,21,7,83,56,27,31,17,14,12,9,3,95,56,39,25,12,13
C5120ST,19,336,District-Nadia ,Total,30-39,273,165,108,40,24,16,28,17,11,17,9,8,63,41,22,27,16,11,18,13,5,70,39,31,10,6,4
C5120ST,19,336,District-Nadia ,Total,40-49,274,174,100,63,34,29,36,13,23,11,7,4,68,55,13,24,20,4,8,5,3,46,31,15,18,9,9
C5120ST,19,336,District-Nadia ,Total,50-59,272,157,115,82,41,41,20,14,6,12,6,6,69,46,23,9,6,3,9,3,6,40,25,15,31,16,15
C5120ST,19,336,District-Nadia ,Total,60-69,264,126,138,86,36,50,31,16,15,5,4,1,56,28,28,14,6,8,2,2,0,25,15,10,45,19,26
C5120ST,19,336,District-Nadia ,Total,70-79,110,46,64,28,9,19,16,2,14,1,0,1,20,12,8,1,0,1,1,1,0,10,5,5,33,17,16
C5120ST,19,336,District-Nadia ,Total,80-89,44,21,23,8,3,5,5,1,4,0,0,0,7,3,4,0,0,0,0,0,0,8,1,7,16,13,3
C5120ST,19,336,District-Nadia ,Total,90+,20,7,13,5,3,2,1,1,0,0,0,0,5,1,4,2,0,2,0,0,0,0,0,0,7,2,5
C5120ST,19,336,District-Nadia ,Total,Age Not Stated,1,1,0,0,0,0,0,0,0,1,1,0,0,0,0,0,0,0,0,0,0,0,0,0,0,0,0
C5120ST,19,336,District-Nadia ,Rural,Total,1922,1070,852,393,199,194,210,108,102,112,62,50,401,258,143,140,76,64,61,37,24,376,204,172,229,126,103
C5120ST,19,336,District-Nadia ,Rural,0-4,71,34,37,11,2,9,7,3,4,3,2,1,9,6,3,3,1,2,0,0,0,31,14,17,7,6,1
C5120ST,19,336,District-Nadia ,Rural,5-9,137,70,67,18,8,10,14,10,4,11,7,4,19,8,11,18,7,11,0,0,0,36,16,20,21,14,7
C5120ST,19,336,District-Nadia ,Rural,10-19,335,191,144,39,30,9,36,20,16,41,19,22,65,42,23,30,13,17,15,7,8,74,39,35,35,21,14
C5120ST,19,336,District-Nadia ,Rural,20-29,300,186,114,38,24,14,33,19,14,21,14,7,71,48,23,29,17,12,12,9,3,76,45,31,20,10,10
C5120ST,19,336,District-Nadia ,Rural,30-39,232,142,90,35,21,14,25,14,11,15,8,7,53,36,17,19,12,7,15,11,4,62,35,27,8,5,3
C5120ST,19,336,District-Nadia ,Rural,40-49,221,138,83,58,30,28,29,12,17,9,6,3,51,41,10,21,17,4,8,5,3,31,20,11,14,7,7
C5120ST,19,336,District-Nadia ,Rural,50-59,226,126,100,72,35,37,18,12,6,7,3,4,56,37,19,7,5,2,8,2,6,30,18,12,28,14,14
C5120ST,19,336,District-Nadia ,Rural,60-69,242,114,128,84,35,49,28,14,14,4,3,1,51,25,26,11,4,7,2,2,0,21,13,8,41,18,23
C5120ST,19,336,District-Nadia ,Rural,70-79,100,43,57,27,9,18,14,2,12,1,0,1,15,11,4,1,0,1,1,1,0,8,3,5,33,17,16
C5120ST,19,336,District-Nadia ,Rural,80-89,42,20,22,8,3,5,5,1,4,0,0,0,7,3,4,0,0,0,0,0,0,7,1,6,15,12,3
C5120ST,19,336,District-Nadia ,Rural,90+,16,6,10,3,2,1,1,1,0,0,0,0,4,1,3,1,0,1,0,0,0,0,0,0,7,2,5
C5120ST,19,336,District-Nadia ,Rural,Age Not Stated,0,0,0,0,0,0,0,0,0,0,0,0,0,0,0,0,0,0,0,0,0,0,0,0,0,0,0
C5120ST,19,336,District-Nadia ,Urban,Total,312,181,131,38,22,16,34,17,17,29,19,10,77,49,28,27,14,13,5,4,1,75,43,32,27,13,14
C5120ST,19,336,District-Nadia ,Urban,0-4,10,4,6,2,1,1,2,1,1,1,0,1,0,0,0,0,0,0,0,0,0,3,1,2,2,1,1
C5120ST,19,336,District-Nadia ,Urban,5-9,19,8,11,0,0,0,3,1,2,5,2,3,3,2,1,3,1,2,0,0,0,3,2,1,2,0,2
C5120ST,19,336,District-Nadia ,Urban,10-19,48,25,23,6,2,4,6,3,3,5,3,2,11,7,4,5,3,2,1,1,0,10,3,7,4,3,1
C5120ST,19,336,District-Nadia ,Urban,20-29,56,36,20,5,4,1,6,4,2,7,7,0,12,8,4,2,0,2,0,0,0,19,11,8,5,2,3
C5120ST,19,336,District-Nadia ,Urban,30-39,41,23,18,5,3,2,3,3,0,2,1,1,10,5,5,8,4,4,3,2,1,8,4,4,2,1,1
C5120ST,19,336,District-Nadia ,Urban,40-49,53,36,17,5,4,1,7,1,6,2,1,1,17,14,3,3,3,0,0,0,0,15,11,4,4,2,2
C5120ST,19,336,District-Nadia ,Urban,50-59,46,31,15,10,6,4,2,2,0,5,3,2,13,9,4,2,1,1,1,1,0,10,7,3,3,2,1
C5120ST,19,336,District-Nadia ,Urban,60-69,22,12,10,2,1,1,3,2,1,1,1,0,5,3,2,3,2,1,0,0,0,4,2,2,4,1,3
C5120ST,19,336,District-Nadia ,Urban,70-79,10,3,7,1,0,1,2,0,2,0,0,0,5,1,4,0,0,0,0,0,0,2,2,0,0,0,0
C5120ST,19,336,District-Nadia ,Urban,80-89,2,1,1,0,0,0,0,0,0,0,0,0,0,0,0,0,0,0,0,0,0,1,0,1,1,1,0
C5120ST,19,336,District-Nadia ,Urban,90+,4,1,3,2,1,1,0,0,0,0,0,0,1,0,1,1,0,1,0,0,0,0,0,0,0,0,0
C5120ST,19,336,District-Nadia ,Urban,Age Not Stated,1,1,0,0,0,0,0,0,0,1,1,0,0,0,0,0,0,0,0,0,0,0,0,0,0,0,0
C5120ST,19,337,District-North Twenty Four Parganas,Total,Total,7040,3831,3209,1295,688,607,1089,562,527,1580,836,744,859,547,312,299,165,134,161,79,82,1343,735,608,414,219,195
C5120ST,19,337,District-North Twenty Four Parganas,Total,0-4,236,137,99,37,17,20,37,21,16,12,9,3,22,11,11,7,5,2,0,0,0,109,65,44,12,9,3
C5120ST,19,337,District-North Twenty Four Parganas,Total,5-9,457,227,230,63,36,27,47,19,28,147,70,77,38,24,14,13,6,7,4,1,3,108,52,56,37,19,18
C5120ST,19,337,District-North Twenty Four Parganas,Total,10-19,1182,639,543,182,107,75,167,83,84,320,174,146,123,67,56,50,25,25,22,12,10,249,131,118,69,40,29
C5120ST,19,337,District-North Twenty Four Parganas,Total,20-29,1145,665,480,176,102,74,196,120,76,270,137,133,139,94,45,58,34,24,19,12,7,234,133,101,53,33,20
C5120ST,19,337,District-North Twenty Four Parganas,Total,30-39,1004,528,476,122,55,67,160,87,73,288,136,152,114,80,34,61,36,25,42,23,19,188,95,93,29,16,13
C5120ST,19,337,District-North Twenty Four Parganas,Total,40-49,1007,538,469,215,111,104,143,67,76,234,131,103,120,73,47,54,27,27,32,13,19,172,97,75,37,19,18
C5120ST,19,337,District-North Twenty Four Parganas,Total,50-59,826,461,365,196,100,96,139,72,67,143,81,62,126,83,43,24,13,11,18,8,10,138,83,55,42,21,21
C5120ST,19,337,District-North Twenty Four Parganas,Total,60-69,626,356,270,176,95,81,106,49,57,83,48,35,89,70,19,23,14,9,15,5,10,79,42,37,55,33,22
C5120ST,19,337,District-North Twenty Four Parganas,Total,70-79,342,168,174,91,50,41,56,23,33,40,22,18,60,32,28,5,3,2,7,3,4,36,20,16,47,15,32
C5120ST,19,337,District-North Twenty Four Parganas,Total,80-89,119,59,60,27,11,16,20,11,9,16,9,7,19,9,10,3,1,2,2,2,0,13,7,6,19,9,10
C5120ST,19,337,District-North Twenty Four Parganas,Total,90+,62,30,32,9,3,6,8,5,3,14,8,6,7,3,4,1,1,0,0,0,0,10,5,5,13,5,8
C5120ST,19,337,District-North Twenty Four Parganas,Total,Age Not Stated,34,23,11,1,1,0,10,5,5,13,11,2,2,1,1,0,0,0,0,0,0,7,5,2,1,0,1
C5120ST,19,337,District-North Twenty Four Parganas,Rural,Total,4048,2180,1868,955,493,462,721,362,359,226,114,112,643,405,238,220,125,95,121,59,62,826,446,380,336,176,160
C5120ST,19,337,District-North Twenty Four Parganas,Rural,0-4,142,83,59,23,10,13,27,15,12,5,4,1,17,8,9,5,4,1,0,0,0,56,35,21,9,7,2
C5120ST,19,337,District-North Twenty Four Parganas,Rural,5-9,248,128,120,40,25,15,28,11,17,29,15,14,28,18,10,12,5,7,2,1,1,80,39,41,29,14,15
C5120ST,19,337,District-North Twenty Four Parganas,Rural,10-19,705,367,338,133,79,54,107,50,57,74,31,43,105,54,51,38,20,18,15,8,7,172,87,85,61,38,23
C5120ST,19,337,District-North Twenty Four Parganas,Rural,20-29,604,361,243,110,61,49,121,73,48,37,20,17,102,69,33,44,26,18,14,10,4,132,75,57,44,27,17
C5120ST,19,337,District-North Twenty Four Parganas,Rural,30-39,482,262,220,74,36,38,96,52,44,28,14,14,77,57,20,42,26,16,35,17,18,110,50,60,20,10,10
C5120ST,19,337,District-North Twenty Four Parganas,Rural,40-49,583,309,274,167,80,87,92,40,52,31,20,11,91,55,36,42,23,19,25,10,15,111,67,44,24,14,10
C5120ST,19,337,District-North Twenty Four Parganas,Rural,50-59,497,270,227,154,75,79,103,52,51,6,3,3,95,62,33,15,7,8,14,7,7,81,50,31,29,14,15
C5120ST,19,337,District-North Twenty Four Parganas,Rural,60-69,432,240,192,146,76,70,87,41,46,7,3,4,67,51,16,18,11,7,10,3,7,49,28,21,48,27,21
C5120ST,19,337,District-North Twenty Four Parganas,Rural,70-79,230,108,122,77,39,38,37,18,19,4,2,2,43,24,19,2,2,0,6,3,3,19,7,12,42,13,29
C5120ST,19,337,District-North Twenty Four Parganas,Rural,80-89,78,33,45,24,10,14,13,6,7,3,1,2,12,4,8,2,1,1,0,0,0,7,3,4,17,8,9
C5120ST,19,337,District-North Twenty Four Parganas,Rural,90+,36,16,20,7,2,5,4,3,1,2,1,1,4,2,2,0,0,0,0,0,0,7,4,3,12,4,8
C5120ST,19,337,District-North Twenty Four Parganas,Rural,Age Not Stated,11,3,8,0,0,0,6,1,5,0,0,0,2,1,1,0,0,0,0,0,0,2,1,1,1,0,1
C5120ST,19,337,District-North Twenty Four Parganas,Urban,Total,2992,1651,1341,340,195,145,368,200,168,1354,722,632,216,142,74,79,40,39,40,20,20,517,289,228,78,43,35
C5120ST,19,337,District-North Twenty Four Parganas,Urban,0-4,94,54,40,14,7,7,10,6,4,7,5,2,5,3,2,2,1,1,0,0,0,53,30,23,3,2,1
C5120ST,19,337,District-North Twenty Four Parganas,Urban,5-9,209,99,110,23,11,12,19,8,11,118,55,63,10,6,4,1,1,0,2,0,2,28,13,15,8,5,3
C5120ST,19,337,District-North Twenty Four Parganas,Urban,10-19,477,272,205,49,28,21,60,33,27,246,143,103,18,13,5,12,5,7,7,4,3,77,44,33,8,2,6
C5120ST,19,337,District-North Twenty Four Parganas,Urban,20-29,541,304,237,66,41,25,75,47,28,233,117,116,37,25,12,14,8,6,5,2,3,102,58,44,9,6,3
C5120ST,19,337,District-North Twenty Four Parganas,Urban,30-39,522,266,256,48,19,29,64,35,29,260,122,138,37,23,14,19,10,9,7,6,1,78,45,33,9,6,3
C5120ST,19,337,District-North Twenty Four Parganas,Urban,40-49,424,229,195,48,31,17,51,27,24,203,111,92,29,18,11,12,4,8,7,3,4,61,30,31,13,5,8
C5120ST,19,337,District-North Twenty Four Parganas,Urban,50-59,329,191,138,42,25,17,36,20,16,137,78,59,31,21,10,9,6,3,4,1,3,57,33,24,13,7,6
C5120ST,19,337,District-North Twenty Four Parganas,Urban,60-69,194,116,78,30,19,11,19,8,11,76,45,31,22,19,3,5,3,2,5,2,3,30,14,16,7,6,1
C5120ST,19,337,District-North Twenty Four Parganas,Urban,70-79,112,60,52,14,11,3,19,5,14,36,20,16,17,8,9,3,1,2,1,0,1,17,13,4,5,2,3
C5120ST,19,337,District-North Twenty Four Parganas,Urban,80-89,41,26,15,3,1,2,7,5,2,13,8,5,7,5,2,1,0,1,2,2,0,6,4,2,2,1,1
C5120ST,19,337,District-North Twenty Four Parganas,Urban,90+,26,14,12,2,1,1,4,2,2,12,7,5,3,1,2,1,1,0,0,0,0,3,1,2,1,1,0
C5120ST,19,337,District-North Twenty Four Parganas,Urban,Age Not Stated,23,20,3,1,1,0,4,4,0,13,11,2,0,0,0,0,0,0,0,0,0,5,4,1,0,0,0
C5120ST,19,338,District-Hugli ,Total,Total,4262,2243,2019,947,463,484,667,341,326,293,161,132,767,448,319,341,185,156,109,54,55,778,412,366,360,179,181
C5120ST,19,338,District-Hugli ,Total,0-4,195,108,87,55,27,28,32,18,14,6,4,2,18,11,7,9,7,2,1,0,1,56,33,23,18,8,10
C5120ST,19,338,District-Hugli ,Total,5-9,280,157,123,53,30,23,36,20,16,37,20,17,23,12,11,24,13,11,7,5,2,64,37,27,36,20,16
C5120ST,19,338,District-Hugli ,Total,10-19,803,402,401,151,83,68,118,61,57,79,48,31,108,49,59,97,47,50,20,7,13,155,63,92,75,44,31
C5120ST,19,338,District-Hugli ,Total,20-29,731,391,340,121,68,53,107,57,50,69,34,35,130,74,56,77,35,42,25,13,12,139,75,64,63,35,28
C5120ST,19,338,District-Hugli ,Total,30-39,590,352,238,106,58,48,99,57,42,50,31,19,117,80,37,58,35,23,23,15,8,113,63,50,24,13,11
C5120ST,19,338,District-Hugli ,Total,40-49,568,314,254,117,56,61,91,51,40,22,9,13,130,82,48,37,27,10,16,6,10,127,66,61,28,17,11
C5120ST,19,338,District-Hugli ,Total,50-59,451,237,214,141,63,78,62,28,34,15,8,7,107,68,39,21,12,9,13,5,8,73,42,31,19,11,8
C5120ST,19,338,District-Hugli ,Total,60-69,378,191,187,122,58,64,72,34,38,8,5,3,84,49,35,11,6,5,1,1,0,34,22,12,46,16,30
C5120ST,19,338,District-Hugli ,Total,70-79,184,70,114,56,15,41,38,12,26,6,2,4,34,18,16,3,2,1,1,1,0,16,10,6,30,10,20
C5120ST,19,338,District-Hugli ,Total,80-89,57,13,44,18,3,15,8,2,6,1,0,1,10,3,7,3,1,2,1,0,1,1,1,0,15,3,12
C5120ST,19,338,District-Hugli ,Total,90+,21,5,16,5,1,4,4,1,3,0,0,0,5,1,4,1,0,1,0,0,0,0,0,0,6,2,4
C5120ST,19,338,District-Hugli ,Total,Age Not Stated,4,3,1,2,1,1,0,0,0,0,0,0,1,1,0,0,0,0,1,1,0,0,0,0,0,0,0
C5120ST,19,338,District-Hugli ,Rural,Total,3856,2021,1835,824,401,423,609,313,296,250,136,114,712,412,300,313,168,145,99,50,49,713,373,340,336,168,168
C5120ST,19,338,District-Hugli ,Rural,0-4,170,93,77,43,19,24,29,17,12,5,3,2,17,11,6,9,7,2,1,0,1,48,28,20,18,8,10
C5120ST,19,338,District-Hugli ,Rural,5-9,258,148,110,43,26,17,35,20,15,34,18,16,22,11,11,24,13,11,6,5,1,61,36,25,33,19,14
C5120ST,19,338,District-Hugli ,Rural,10-19,738,365,373,127,70,57,109,58,51,75,44,31,106,49,57,89,41,48,19,7,12,140,53,87,73,43,30
C5120ST,19,338,District-Hugli ,Rural,20-29,663,364,299,104,61,43,98,55,43,55,29,26,120,69,51,70,33,37,25,13,12,131,71,60,60,33,27
C5120ST,19,338,District-Hugli ,Rural,30-39,525,306,219,85,44,41,90,50,40,43,26,17,108,72,36,51,29,22,22,14,8,104,59,45,22,12,10
C5120ST,19,338,District-Hugli ,Rural,40-49,510,281,229,100,48,52,82,46,36,15,5,10,121,74,47,36,27,9,12,5,7,117,59,58,27,17,10
C5120ST,19,338,District-Hugli ,Rural,50-59,413,214,199,134,60,74,58,25,33,9,5,4,99,61,38,19,11,8,11,4,7,67,39,28,16,9,7
C5120ST,19,338,District-Hugli ,Rural,60-69,338,171,167,112,54,58,62,30,32,7,4,3,76,44,32,10,5,5,0,0,0,31,20,11,40,14,26
C5120ST,19,338,District-Hugli ,Rural,70-79,175,63,112,56,15,41,37,11,26,6,2,4,31,17,14,3,2,1,1,1,0,13,7,6,28,8,20
C5120ST,19,338,District-Hugli ,Rural,80-89,46,10,36,16,3,13,6,1,5,1,0,1,6,2,4,1,0,1,1,0,1,1,1,0,14,3,11
C5120ST,19,338,District-Hugli ,Rural,90+,16,3,13,2,0,2,3,0,3,0,0,0,5,1,4,1,0,1,0,0,0,0,0,0,5,2,3
C5120ST,19,338,District-Hugli ,Rural,Age Not Stated,4,3,1,2,1,1,0,0,0,0,0,0,1,1,0,0,0,0,1,1,0,0,0,0,0,0,0
C5120ST,19,338,District-Hugli ,Urban,Total,406,222,184,123,62,61,58,28,30,43,25,18,55,36,19,28,17,11,10,4,6,65,39,26,24,11,13
C5120ST,19,338,District-Hugli ,Urban,0-4,25,15,10,12,8,4,3,1,2,1,1,0,1,0,1,0,0,0,0,0,0,8,5,3,0,0,0
C5120ST,19,338,District-Hugli ,Urban,5-9,22,9,13,10,4,6,1,0,1,3,2,1,1,1,0,0,0,0,1,0,1,3,1,2,3,1,2
C5120ST,19,338,District-Hugli ,Urban,10-19,65,37,28,24,13,11,9,3,6,4,4,0,2,0,2,8,6,2,1,0,1,15,10,5,2,1,1
C5120ST,19,338,District-Hugli ,Urban,20-29,68,27,41,17,7,10,9,2,7,14,5,9,10,5,5,7,2,5,0,0,0,8,4,4,3,2,1
C5120ST,19,338,District-Hugli ,Urban,30-39,65,46,19,21,14,7,9,7,2,7,5,2,9,8,1,7,6,1,1,1,0,9,4,5,2,1,1
C5120ST,19,338,District-Hugli ,Urban,40-49,58,33,25,17,8,9,9,5,4,7,4,3,9,8,1,1,0,1,4,1,3,10,7,3,1,0,1
C5120ST,19,338,District-Hugli ,Urban,50-59,38,23,15,7,3,4,4,3,1,6,3,3,8,7,1,2,1,1,2,1,1,6,3,3,3,2,1
C5120ST,19,338,District-Hugli ,Urban,60-69,40,20,20,10,4,6,10,4,6,1,1,0,8,5,3,1,1,0,1,1,0,3,2,1,6,2,4
C5120ST,19,338,District-Hugli ,Urban,70-79,9,7,2,0,0,0,1,1,0,0,0,0,3,1,2,0,0,0,0,0,0,3,3,0,2,2,0
C5120ST,19,338,District-Hugli ,Urban,80-89,11,3,8,2,0,2,2,1,1,0,0,0,4,1,3,2,1,1,0,0,0,0,0,0,1,0,1
C5120ST,19,338,District-Hugli ,Urban,90+,5,2,3,3,1,2,1,1,0,0,0,0,0,0,0,0,0,0,0,0,0,0,0,0,1,0,1
C5120ST,19,338,District-Hugli ,Urban,Age Not Stated,0,0,0,0,0,0,0,0,0,0,0,0,0,0,0,0,0,0,0,0,0,0,0,0,0,0,0
C5120ST,19,339,District-Bankura ,Total,Total,7588,3927,3661,1602,774,828,1096,512,584,405,233,172,1680,930,750,480,249,231,263,145,118,1085,589,496,977,495,482
C5120ST,19,339,District-Bankura ,Total,0-4,225,123,102,41,26,15,34,18,16,6,4,2,29,17,12,11,7,4,0,0,0,63,32,31,41,19,22
C5120ST,19,339,District-Bankura ,Total,5-9,497,269,228,84,41,43,57,30,27,65,38,27,66,37,29,37,20,17,10,7,3,103,56,47,75,40,35
C5120ST,19,339,District-Bankura ,Total,10-19,1224,618,606,201,94,107,148,81,67,130,64,66,209,95,114,95,50,45,45,24,21,191,93,98,205,117,88
C5120ST,19,339,District-Bankura ,Total,20-29,1100,600,500,154,89,65,127,60,67,68,44,24,259,153,106,103,45,58,54,36,18,186,101,85,149,72,77
C5120ST,19,339,District-Bankura ,Total,30-39,915,514,401,140,75,65,134,70,64,50,29,21,216,126,90,84,47,37,57,35,22,137,79,58,97,53,44
C5120ST,19,339,District-Bankura ,Total,40-49,987,545,442,191,97,94,142,72,70,44,30,14,256,143,113,76,42,34,35,17,18,175,106,69,68,38,30
C5120ST,19,339,District-Bankura ,Total,50-59,900,495,405,219,115,104,142,62,80,20,11,9,269,170,99,45,25,20,32,14,18,101,54,47,72,44,28
C5120ST,19,339,District-Bankura ,Total,60-69,933,429,504,275,112,163,177,73,104,13,9,4,222,116,106,20,9,11,20,9,11,86,50,36,120,51,69
C5120ST,19,339,District-Bankura ,Total,70-79,584,248,336,224,97,127,105,34,71,6,2,4,111,52,59,8,3,5,8,2,6,32,16,16,90,42,48
C5120ST,19,339,District-Bankura ,Total,80-89,173,68,105,57,21,36,24,11,13,2,1,1,35,16,19,1,1,0,2,1,1,10,2,8,42,15,27
C5120ST,19,339,District-Bankura ,Total,90+,48,16,32,15,6,9,6,1,5,1,1,0,7,4,3,0,0,0,0,0,0,1,0,1,18,4,14
C5120ST,19,339,District-Bankura ,Total,Age Not Stated,2,2,0,1,1,0,0,0,0,0,0,0,1,1,0,0,0,0,0,0,0,0,0,0,0,0,0
C5120ST,19,339,District-Bankura ,Rural,Total,7515,3885,3630,1582,763,819,1086,507,579,397,229,168,1674,926,748,477,246,231,261,143,118,1070,581,489,968,490,478
C5120ST,19,339,District-Bankura ,Rural,0-4,224,123,101,40,26,14,34,18,16,6,4,2,29,17,12,11,7,4,0,0,0,63,32,31,41,19,22
C5120ST,19,339,District-Bankura ,Rural,5-9,495,267,228,84,41,43,56,29,27,65,38,27,66,37,29,36,19,17,10,7,3,103,56,47,75,40,35
C5120ST,19,339,District-Bankura ,Rural,10-19,1216,613,603,200,93,107,148,81,67,128,63,65,208,94,114,94,49,45,45,24,21,189,92,97,204,117,87
C5120ST,19,339,District-Bankura ,Rural,20-29,1089,593,496,153,89,64,126,59,67,66,43,23,259,153,106,102,44,58,53,35,18,182,98,84,148,72,76
C5120ST,19,339,District-Bankura ,Rural,30-39,903,508,395,136,72,64,133,69,64,48,29,19,214,126,88,84,47,37,56,34,22,136,79,57,96,52,44
C5120ST,19,339,District-Bankura ,Rural,40-49,977,538,439,188,96,92,140,71,69,42,28,14,256,143,113,76,42,34,35,17,18,172,103,69,68,38,30
C5120ST,19,339,District-Bankura ,Rural,50-59,890,490,400,214,112,102,141,61,80,20,11,9,269,170,99,45,25,20,32,14,18,98,54,44,71,43,28
C5120ST,19,339,District-Bankura ,Rural,60-69,923,423,500,273,110,163,175,73,102,13,9,4,221,115,106,20,9,11,20,9,11,84,49,35,117,49,68
C5120ST,19,339,District-Bankura ,Rural,70-79,576,245,331,221,96,125,103,34,69,6,2,4,110,51,59,8,3,5,8,2,6,32,16,16,88,41,47
C5120ST,19,339,District-Bankura ,Rural,80-89,172,67,105,57,21,36,24,11,13,2,1,1,34,15,19,1,1,0,2,1,1,10,2,8,42,15,27
C5120ST,19,339,District-Bankura ,Rural,90+,48,16,32,15,6,9,6,1,5,1,1,0,7,4,3,0,0,0,0,0,0,1,0,1,18,4,14
C5120ST,19,339,District-Bankura ,Rural,Age Not Stated,2,2,0,1,1,0,0,0,0,0,0,0,1,1,0,0,0,0,0,0,0,0,0,0,0,0,0
C5120ST,19,339,District-Bankura ,Urban,Total,73,42,31,20,11,9,10,5,5,8,4,4,6,4,2,3,3,0,2,2,0,15,8,7,9,5,4
C5120ST,19,339,District-Bankura ,Urban,0-4,1,0,1,1,0,1,0,0,0,0,0,0,0,0,0,0,0,0,0,0,0,0,0,0,0,0,0
C5120ST,19,339,District-Bankura ,Urban,5-9,2,2,0,0,0,0,1,1,0,0,0,0,0,0,0,1,1,0,0,0,0,0,0,0,0,0,0
C5120ST,19,339,District-Bankura ,Urban,10-19,8,5,3,1,1,0,0,0,0,2,1,1,1,1,0,1,1,0,0,0,0,2,1,1,1,0,1
C5120ST,19,339,District-Bankura ,Urban,20-29,11,7,4,1,0,1,1,1,0,2,1,1,0,0,0,1,1,0,1,1,0,4,3,1,1,0,1
C5120ST,19,339,District-Bankura ,Urban,30-39,12,6,6,4,3,1,1,1,0,2,0,2,2,0,2,0,0,0,1,1,0,1,0,1,1,1,0
C5120ST,19,339,District-Bankura ,Urban,40-49,10,7,3,3,1,2,2,1,1,2,2,0,0,0,0,0,0,0,0,0,0,3,3,0,0,0,0
C5120ST,19,339,District-Bankura ,Urban,50-59,10,5,5,5,3,2,1,1,0,0,0,0,0,0,0,0,0,0,0,0,0,3,0,3,1,1,0
C5120ST,19,339,District-Bankura ,Urban,60-69,10,6,4,2,2,0,2,0,2,0,0,0,1,1,0,0,0,0,0,0,0,2,1,1,3,2,1
C5120ST,19,339,District-Bankura ,Urban,70-79,8,3,5,3,1,2,2,0,2,0,0,0,1,1,0,0,0,0,0,0,0,0,0,0,2,1,1
C5120ST,19,339,District-Bankura ,Urban,80-89,1,1,0,0,0,0,0,0,0,0,0,0,1,1,0,0,0,0,0,0,0,0,0,0,0,0,0
C5120ST,19,339,District-Bankura ,Urban,90+,0,0,0,0,0,0,0,0,0,0,0,0,0,0,0,0,0,0,0,0,0,0,0,0,0,0,0
C5120ST,19,339,District-Bankura ,Urban,Age Not Stated,0,0,0,0,0,0,0,0,0,0,0,0,0,0,0,0,0,0,0,0,0,0,0,0,0,0,0
C5120ST,19,340,District-Puruliya,Total,Total,10206,5400,4806,2296,1158,1138,2051,1046,1005,642,378,264,1862,1068,794,458,247,211,307,168,139,1460,760,700,1130,575,555
C5120ST,19,340,District-Puruliya,Total,0-4,384,210,174,98,48,50,65,39,26,13,8,5,37,18,19,19,13,6,2,1,1,109,62,47,41,21,20
C5120ST,19,340,District-Puruliya,Total,5-9,834,484,350,164,93,71,159,80,79,107,72,35,82,55,27,32,18,14,6,2,4,167,87,80,117,77,40
C5120ST,19,340,District-Puruliya,Total,10-19,1784,943,841,310,170,140,343,184,159,208,114,94,251,136,115,107,57,50,49,30,19,293,141,152,223,111,112
C5120ST,19,340,District-Puruliya,Total,20-29,1295,705,590,191,104,87,230,121,109,103,61,42,270,153,117,80,41,39,50,30,20,235,119,116,136,76,60
C5120ST,19,340,District-Puruliya,Total,30-39,1177,650,527,219,110,109,210,113,97,75,46,29,238,149,89,72,36,36,67,32,35,186,98,88,110,66,44
C5120ST,19,340,District-Puruliya,Total,40-49,1240,695,545,267,149,118,223,104,119,59,38,21,278,180,98,75,38,37,60,37,23,187,103,84,91,46,45
C5120ST,19,340,District-Puruliya,Total,50-59,1129,594,535,325,163,162,250,126,124,41,22,19,261,140,121,37,23,14,39,20,19,113,65,48,63,35,28
C5120ST,19,340,District-Puruliya,Total,60-69,1343,659,684,422,199,223,334,167,167,22,12,10,267,145,122,20,12,8,20,9,11,114,49,65,144,66,78
C5120ST,19,340,District-Puruliya,Total,70-79,754,349,405,228,91,137,184,86,98,10,3,7,135,73,62,12,8,4,11,6,5,47,30,17,127,52,75
C5120ST,19,340,District-Puruliya,Total,80-89,208,84,124,53,20,33,47,24,23,3,2,1,32,13,19,3,0,3,3,1,2,7,6,1,60,18,42
C5120ST,19,340,District-Puruliya,Total,90+,48,22,26,16,9,7,6,2,4,0,0,0,8,5,3,1,1,0,0,0,0,1,0,1,16,5,11
C5120ST,19,340,District-Puruliya,Total,Age Not Stated,10,5,5,3,2,1,0,0,0,1,0,1,3,1,2,0,0,0,0,0,0,1,0,1,2,2,0
C5120ST,19,340,District-Puruliya,Rural,Total,10023,5300,4723,2248,1137,1111,2018,1027,991,624,367,257,1834,1048,786,447,239,208,302,167,135,1426,743,683,1124,572,552
C5120ST,19,340,District-Puruliya,Rural,0-4,376,207,169,96,47,49,64,39,25,13,8,5,36,17,19,19,13,6,2,1,1,106,61,45,40,21,19
C5120ST,19,340,District-Puruliya,Rural,5-9,818,476,342,160,92,68,156,79,77,104,70,34,81,54,27,32,18,14,6,2,4,163,84,79,116,77,39
C5120ST,19,340,District-Puruliya,Rural,10-19,1757,927,830,300,167,133,337,180,157,205,111,94,248,134,114,106,56,50,49,30,19,290,139,151,222,110,112
C5120ST,19,340,District-Puruliya,Rural,20-29,1264,690,574,186,100,86,222,117,105,100,60,40,265,149,116,78,41,37,48,30,18,229,117,112,136,76,60
C5120ST,19,340,District-Puruliya,Rural,30-39,1150,632,518,218,110,108,206,110,96,71,44,27,232,145,87,68,32,36,65,32,33,181,94,87,109,65,44
C5120ST,19,340,District-Puruliya,Rural,40-49,1213,678,535,258,145,113,219,101,118,57,36,21,274,176,98,73,37,36,59,36,23,182,101,81,91,46,45
C5120ST,19,340,District-Puruliya,Rural,50-59,1107,585,522,318,160,158,245,124,121,40,22,18,258,139,119,36,22,14,39,20,19,108,63,45,63,35,28
C5120ST,19,340,District-Puruliya,Rural,60-69,1329,651,678,416,197,219,333,166,167,20,11,9,265,143,122,19,11,8,20,9,11,113,49,64,143,65,78
C5120ST,19,340,District-Puruliya,Rural,70-79,745,343,402,225,88,137,183,85,98,10,3,7,133,72,61,12,8,4,11,6,5,45,29,16,126,52,74
C5120ST,19,340,District-Puruliya,Rural,80-89,207,84,123,52,20,32,47,24,23,3,2,1,32,13,19,3,0,3,3,1,2,7,6,1,60,18,42
C5120ST,19,340,District-Puruliya,Rural,90+,48,22,26,16,9,7,6,2,4,0,0,0,8,5,3,1,1,0,0,0,0,1,0,1,16,5,11
C5120ST,19,340,District-Puruliya,Rural,Age Not Stated,9,5,4,3,2,1,0,0,0,1,0,1,2,1,1,0,0,0,0,0,0,1,0,1,2,2,0
C5120ST,19,340,District-Puruliya,Urban,Total,183,100,83,48,21,27,33,19,14,18,11,7,28,20,8,11,8,3,5,1,4,34,17,17,6,3,3
C5120ST,19,340,District-Puruliya,Urban,0-4,8,3,5,2,1,1,1,0,1,0,0,0,1,1,0,0,0,0,0,0,0,3,1,2,1,0,1
C5120ST,19,340,District-Puruliya,Urban,5-9,16,8,8,4,1,3,3,1,2,3,2,1,1,1,0,0,0,0,0,0,0,4,3,1,1,0,1
C5120ST,19,340,District-Puruliya,Urban,10-19,27,16,11,10,3,7,6,4,2,3,3,0,3,2,1,1,1,0,0,0,0,3,2,1,1,1,0
C5120ST,19,340,District-Puruliya,Urban,20-29,31,15,16,5,4,1,8,4,4,3,1,2,5,4,1,2,0,2,2,0,2,6,2,4,0,0,0
C5120ST,19,340,District-Puruliya,Urban,30-39,27,18,9,1,0,1,4,3,1,4,2,2,6,4,2,4,4,0,2,0,2,5,4,1,1,1,0
C5120ST,19,340,District-Puruliya,Urban,40-49,27,17,10,9,4,5,4,3,1,2,2,0,4,4,0,2,1,1,1,1,0,5,2,3,0,0,0
C5120ST,19,340,District-Puruliya,Urban,50-59,22,9,13,7,3,4,5,2,3,1,0,1,3,1,2,1,1,0,0,0,0,5,2,3,0,0,0
C5120ST,19,340,District-Puruliya,Urban,60-69,14,8,6,6,2,4,1,1,0,2,1,1,2,2,0,1,1,0,0,0,0,1,0,1,1,1,0
C5120ST,19,340,District-Puruliya,Urban,70-79,9,6,3,3,3,0,1,1,0,0,0,0,2,1,1,0,0,0,0,0,0,2,1,1,1,0,1
C5120ST,19,340,District-Puruliya,Urban,80-89,1,0,1,1,0,1,0,0,0,0,0,0,0,0,0,0,0,0,0,0,0,0,0,0,0,0,0
C5120ST,19,340,District-Puruliya,Urban,90+,0,0,0,0,0,0,0,0,0,0,0,0,0,0,0,0,0,0,0,0,0,0,0,0,0,0,0
C5120ST,19,340,District-Puruliya,Urban,Age Not Stated,1,0,1,0,0,0,0,0,0,0,0,0,1,0,1,0,0,0,0,0,0,0,0,0,0,0,0
C5120ST,19,341,District-Haora ,Total,Total,383,206,177,86,44,42,87,56,31,27,11,16,71,37,34,17,9,8,6,3,3,73,36,37,16,10,6
C5120ST,19,341,District-Haora ,Total,0-4,26,12,14,2,1,1,15,8,7,0,0,0,3,1,2,0,0,0,0,0,0,4,1,3,2,1,1
C5120ST,19,341,District-Haora ,Total,5-9,30,18,12,8,3,5,10,9,1,1,1,0,3,2,1,2,0,2,0,0,0,4,1,3,2,2,0
C5120ST,19,341,District-Haora ,Total,10-19,65,33,32,16,10,6,11,6,5,5,3,2,11,4,7,5,2,3,3,1,2,13,6,7,1,1,0
C5120ST,19,341,District-Haora ,Total,20-29,90,53,37,17,7,10,25,16,9,7,2,5,11,9,2,4,4,0,1,1,0,20,11,9,5,3,2
C5120ST,19,341,District-Haora ,Total,30-39,49,22,27,9,4,5,7,2,5,5,1,4,13,9,4,5,3,2,1,0,1,8,3,5,1,0,1
C5120ST,19,341,District-Haora ,Total,40-49,50,24,26,14,6,8,9,6,3,5,3,2,9,2,7,1,0,1,1,1,0,10,6,4,1,0,1
C5120ST,19,341,District-Haora ,Total,50-59,25,13,12,6,5,1,3,3,0,2,0,2,8,1,7,0,0,0,0,0,0,6,4,2,0,0,0
C5120ST,19,341,District-Haora ,Total,60-69,23,14,9,4,2,2,5,4,1,2,1,1,6,3,3,0,0,0,0,0,0,4,2,2,2,2,0
C5120ST,19,341,District-Haora ,Total,70-79,13,7,6,5,1,4,0,0,0,0,0,0,4,3,1,0,0,0,0,0,0,3,2,1,1,1,0
C5120ST,19,341,District-Haora ,Total,80-89,5,3,2,0,0,0,2,2,0,0,0,0,1,1,0,0,0,0,0,0,0,1,0,1,1,0,1
C5120ST,19,341,District-Haora ,Total,90+,1,1,0,0,0,0,0,0,0,0,0,0,1,1,0,0,0,0,0,0,0,0,0,0,0,0,0
C5120ST,19,341,District-Haora ,Total,Age Not Stated,6,6,0,5,5,0,0,0,0,0,0,0,1,1,0,0,0,0,0,0,0,0,0,0,0,0,0
C5120ST,19,341,District-Haora ,Rural,Total,78,46,32,18,11,7,10,9,1,2,1,1,19,9,10,5,2,3,3,1,2,16,9,7,5,4,1
C5120ST,19,341,District-Haora ,Rural,0-4,1,0,1,0,0,0,0,0,0,0,0,0,1,0,1,0,0,0,0,0,0,0,0,0,0,0,0
C5120ST,19,341,District-Haora ,Rural,5-9,3,1,2,1,0,1,0,0,0,0,0,0,0,0,0,0,0,0,0,0,0,1,0,1,1,1,0
C5120ST,19,341,District-Haora ,Rural,10-19,16,10,6,3,3,0,3,3,0,1,1,0,1,0,1,3,0,3,1,0,1,4,3,1,0,0,0
C5120ST,19,341,District-Haora ,Rural,20-29,12,9,3,1,0,1,2,2,0,0,0,0,1,1,0,2,2,0,1,1,0,4,2,2,1,1,0
C5120ST,19,341,District-Haora ,Rural,30-39,7,5,2,1,1,0,1,1,0,0,0,0,3,2,1,0,0,0,1,0,1,1,1,0,0,0,0
C5120ST,19,341,District-Haora ,Rural,40-49,10,5,5,0,0,0,1,1,0,1,0,1,4,1,3,0,0,0,0,0,0,4,3,1,0,0,0
C5120ST,19,341,District-Haora ,Rural,50-59,4,2,2,1,1,0,1,1,0,0,0,0,1,0,1,0,0,0,0,0,0,1,0,1,0,0,0
C5120ST,19,341,District-Haora ,Rural,60-69,9,3,6,3,1,2,1,0,1,0,0,0,4,1,3,0,0,0,0,0,0,0,0,0,1,1,0
C5120ST,19,341,District-Haora ,Rural,70-79,8,4,4,4,1,3,0,0,0,0,0,0,2,2,0,0,0,0,0,0,0,1,0,1,1,1,0
C5120ST,19,341,District-Haora ,Rural,80-89,3,2,1,0,0,0,1,1,0,0,0,0,1,1,0,0,0,0,0,0,0,0,0,0,1,0,1
C5120ST,19,341,District-Haora ,Rural,90+,1,1,0,0,0,0,0,0,0,0,0,0,1,1,0,0,0,0,0,0,0,0,0,0,0,0,0
C5120ST,19,341,District-Haora ,Rural,Age Not Stated,4,4,0,4,4,0,0,0,0,0,0,0,0,0,0,0,0,0,0,0,0,0,0,0,0,0,0
C5120ST,19,341,District-Haora ,Urban,Total,305,160,145,68,33,35,77,47,30,25,10,15,52,28,24,12,7,5,3,2,1,57,27,30,11,6,5
C5120ST,19,341,District-Haora ,Urban,0-4,25,12,13,2,1,1,15,8,7,0,0,0,2,1,1,0,0,0,0,0,0,4,1,3,2,1,1
C5120ST,19,341,District-Haora ,Urban,5-9,27,17,10,7,3,4,10,9,1,1,1,0,3,2,1,2,0,2,0,0,0,3,1,2,1,1,0
C5120ST,19,341,District-Haora ,Urban,10-19,49,23,26,13,7,6,8,3,5,4,2,2,10,4,6,2,2,0,2,1,1,9,3,6,1,1,0
C5120ST,19,341,District-Haora ,Urban,20-29,78,44,34,16,7,9,23,14,9,7,2,5,10,8,2,2,2,0,0,0,0,16,9,7,4,2,2
C5120ST,19,341,District-Haora ,Urban,30-39,42,17,25,8,3,5,6,1,5,5,1,4,10,7,3,5,3,2,0,0,0,7,2,5,1,0,1
C5120ST,19,341,District-Haora ,Urban,40-49,40,19,21,14,6,8,8,5,3,4,3,1,5,1,4,1,0,1,1,1,0,6,3,3,1,0,1
C5120ST,19,341,District-Haora ,Urban,50-59,21,11,10,5,4,1,2,2,0,2,0,2,7,1,6,0,0,0,0,0,0,5,4,1,0,0,0
C5120ST,19,341,District-Haora ,Urban,60-69,14,11,3,1,1,0,4,4,0,2,1,1,2,2,0,0,0,0,0,0,0,4,2,2,1,1,0
C5120ST,19,341,District-Haora ,Urban,70-79,5,3,2,1,0,1,0,0,0,0,0,0,2,1,1,0,0,0,0,0,0,2,2,0,0,0,0
C5120ST,19,341,District-Haora ,Urban,80-89,2,1,1,0,0,0,1,1,0,0,0,0,0,0,0,0,0,0,0,0,0,1,0,1,0,0,0
C5120ST,19,341,District-Haora ,Urban,90+,0,0,0,0,0,0,0,0,0,0,0,0,0,0,0,0,0,0,0,0,0,0,0,0,0,0,0
C5120ST,19,341,District-Haora ,Urban,Age Not Stated,2,2,0,1,1,0,0,0,0,0,0,0,1,1,0,0,0,0,0,0,0,0,0,0,0,0,0
C5120ST,19,342,District-Kolkata,Total,Total,319,186,133,70,46,24,49,31,18,42,22,20,36,19,17,17,7,10,6,5,1,86,48,38,13,8,5
C5120ST,19,342,District-Kolkata,Total,0-4,14,7,7,5,2,3,2,1,1,0,0,0,1,1,0,0,0,0,0,0,0,6,3,3,0,0,0
C5120ST,19,342,District-Kolkata,Total,5-9,14,6,8,3,1,2,2,2,0,5,2,3,0,0,0,1,0,1,0,0,0,3,1,2,0,0,0
C5120ST,19,342,District-Kolkata,Total,10-19,35,22,13,4,1,3,6,4,2,7,5,2,2,1,1,2,2,0,2,2,0,9,5,4,3,2,1
C5120ST,19,342,District-Kolkata,Total,20-29,63,37,26,15,11,4,9,5,4,5,2,3,5,3,2,3,1,2,0,0,0,23,14,9,3,1,2
C5120ST,19,342,District-Kolkata,Total,30-39,58,36,22,13,11,2,9,7,2,10,4,6,7,2,5,2,1,1,1,1,0,15,9,6,1,1,0
C5120ST,19,342,District-Kolkata,Total,40-49,44,23,21,12,8,4,7,3,4,8,4,4,5,2,3,3,1,2,1,1,0,7,4,3,1,0,1
C5120ST,19,342,District-Kolkata,Total,50-59,45,30,15,9,6,3,7,6,1,2,2,0,6,3,3,5,2,3,0,0,0,13,8,5,3,3,0
C5120ST,19,342,District-Kolkata,Total,60-69,22,16,6,3,2,1,3,3,0,4,3,1,7,5,2,0,0,0,1,0,1,4,3,1,0,0,0
C5120ST,19,342,District-Kolkata,Total,70-79,18,4,14,4,2,2,4,0,4,1,0,1,2,1,1,1,0,1,0,0,0,5,1,4,1,0,1
C5120ST,19,342,District-Kolkata,Total,80-89,4,4,0,1,1,0,0,0,0,0,0,0,1,1,0,0,0,0,1,1,0,0,0,0,1,1,0
C5120ST,19,342,District-Kolkata,Total,90+,0,0,0,0,0,0,0,0,0,0,0,0,0,0,0,0,0,0,0,0,0,0,0,0,0,0,0
C5120ST,19,342,District-Kolkata,Total,Age Not Stated,2,1,1,1,1,0,0,0,0,0,0,0,0,0,0,0,0,0,0,0,0,1,0,1,0,0,0
C5120ST,19,342,District-Kolkata,Rural,Total,0,0,0,0,0,0,0,0,0,0,0,0,0,0,0,0,0,0,0,0,0,0,0,0,0,0,0
C5120ST,19,342,District-Kolkata,Rural,0-4,0,0,0,0,0,0,0,0,0,0,0,0,0,0,0,0,0,0,0,0,0,0,0,0,0,0,0
C5120ST,19,342,District-Kolkata,Rural,5-9,0,0,0,0,0,0,0,0,0,0,0,0,0,0,0,0,0,0,0,0,0,0,0,0,0,0,0
C5120ST,19,342,District-Kolkata,Rural,10-19,0,0,0,0,0,0,0,0,0,0,0,0,0,0,0,0,0,0,0,0,0,0,0,0,0,0,0
C5120ST,19,342,District-Kolkata,Rural,20-29,0,0,0,0,0,0,0,0,0,0,0,0,0,0,0,0,0,0,0,0,0,0,0,0,0,0,0
C5120ST,19,342,District-Kolkata,Rural,30-39,0,0,0,0,0,0,0,0,0,0,0,0,0,0,0,0,0,0,0,0,0,0,0,0,0,0,0
C5120ST,19,342,District-Kolkata,Rural,40-49,0,0,0,0,0,0,0,0,0,0,0,0,0,0,0,0,0,0,0,0,0,0,0,0,0,0,0
C5120ST,19,342,District-Kolkata,Rural,50-59,0,0,0,0,0,0,0,0,0,0,0,0,0,0,0,0,0,0,0,0,0,0,0,0,0,0,0
C5120ST,19,342,District-Kolkata,Rural,60-69,0,0,0,0,0,0,0,0,0,0,0,0,0,0,0,0,0,0,0,0,0,0,0,0,0,0,0
C5120ST,19,342,District-Kolkata,Rural,70-79,0,0,0,0,0,0,0,0,0,0,0,0,0,0,0,0,0,0,0,0,0,0,0,0,0,0,0
C5120ST,19,342,District-Kolkata,Rural,80-89,0,0,0,0,0,0,0,0,0,0,0,0,0,0,0,0,0,0,0,0,0,0,0,0,0,0,0
C5120ST,19,342,District-Kolkata,Rural,90+,0,0,0,0,0,0,0,0,0,0,0,0,0,0,0,0,0,0,0,0,0,0,0,0,0,0,0
C5120ST,19,342,District-Kolkata,Rural,Age Not Stated,0,0,0,0,0,0,0,0,0,0,0,0,0,0,0,0,0,0,0,0,0,0,0,0,0,0,0
C5120ST,19,342,District-Kolkata,Urban,Total,319,186,133,70,46,24,49,31,18,42,22,20,36,19,17,17,7,10,6,5,1,86,48,38,13,8,5
C5120ST,19,342,District-Kolkata,Urban,0-4,14,7,7,5,2,3,2,1,1,0,0,0,1,1,0,0,0,0,0,0,0,6,3,3,0,0,0
C5120ST,19,342,District-Kolkata,Urban,5-9,14,6,8,3,1,2,2,2,0,5,2,3,0,0,0,1,0,1,0,0,0,3,1,2,0,0,0
C5120ST,19,342,District-Kolkata,Urban,10-19,35,22,13,4,1,3,6,4,2,7,5,2,2,1,1,2,2,0,2,2,0,9,5,4,3,2,1
C5120ST,19,342,District-Kolkata,Urban,20-29,63,37,26,15,11,4,9,5,4,5,2,3,5,3,2,3,1,2,0,0,0,23,14,9,3,1,2
C5120ST,19,342,District-Kolkata,Urban,30-39,58,36,22,13,11,2,9,7,2,10,4,6,7,2,5,2,1,1,1,1,0,15,9,6,1,1,0
C5120ST,19,342,District-Kolkata,Urban,40-49,44,23,21,12,8,4,7,3,4,8,4,4,5,2,3,3,1,2,1,1,0,7,4,3,1,0,1
C5120ST,19,342,District-Kolkata,Urban,50-59,45,30,15,9,6,3,7,6,1,2,2,0,6,3,3,5,2,3,0,0,0,13,8,5,3,3,0
C5120ST,19,342,District-Kolkata,Urban,60-69,22,16,6,3,2,1,3,3,0,4,3,1,7,5,2,0,0,0,1,0,1,4,3,1,0,0,0
C5120ST,19,342,District-Kolkata,Urban,70-79,18,4,14,4,2,2,4,0,4,1,0,1,2,1,1,1,0,1,0,0,0,5,1,4,1,0,1
C5120ST,19,342,District-Kolkata,Urban,80-89,4,4,0,1,1,0,0,0,0,0,0,0,1,1,0,0,0,0,1,1,0,0,0,0,1,1,0
C5120ST,19,342,District-Kolkata,Urban,90+,0,0,0,0,0,0,0,0,0,0,0,0,0,0,0,0,0,0,0,0,0,0,0,0,0,0,0
C5120ST,19,342,District-Kolkata,Urban,Age Not Stated,2,1,1,1,1,0,0,0,0,0,0,0,0,0,0,0,0,0,0,0,0,1,0,1,0,0,0
C5120ST,19,343,District-South Twenty Four Parganas,Total,Total,2625,1391,1234,709,360,349,535,264,271,119,73,46,321,195,126,137,71,66,49,28,21,542,297,245,213,103,110
C5120ST,19,343,District-South Twenty Four Parganas,Total,0-4,145,85,60,33,21,12,37,21,16,4,2,2,7,5,2,12,6,6,2,0,2,42,24,18,8,6,2
C5120ST,19,343,District-South Twenty Four Parganas,Total,5-9,206,111,95,57,39,18,39,15,24,9,5,4,12,10,2,8,3,5,5,2,3,60,29,31,16,8,8
C5120ST,19,343,District-South Twenty Four Parganas,Total,10-19,429,206,223,114,49,65,101,47,54,37,21,16,33,13,20,27,17,10,5,3,2,86,47,39,26,9,17
C5120ST,19,343,District-South Twenty Four Parganas,Total,20-29,371,214,157,82,50,32,79,44,35,28,18,10,47,33,14,29,15,14,11,6,5,74,37,37,21,11,10
C5120ST,19,343,District-South Twenty Four Parganas,Total,30-39,333,184,149,82,31,51,68,39,29,15,11,4,39,26,13,17,13,4,6,3,3,93,51,42,13,10,3
C5120ST,19,343,District-South Twenty Four Parganas,Total,40-49,308,172,136,87,50,37,59,30,29,9,5,4,42,27,15,19,5,14,6,3,3,66,45,21,20,7,13
C5120ST,19,343,District-South Twenty Four Parganas,Total,50-59,312,175,137,89,46,43,56,31,25,12,7,5,56,38,18,9,2,7,10,8,2,56,31,25,24,12,12
C5120ST,19,343,District-South Twenty Four Parganas,Total,60-69,314,154,160,95,51,44,61,24,37,5,4,1,49,26,23,12,9,3,4,3,1,42,21,21,46,16,30
C5120ST,19,343,District-South Twenty Four Parganas,Total,70-79,143,63,80,46,14,32,25,9,16,0,0,0,26,13,13,3,0,3,0,0,0,15,7,8,28,20,8
C5120ST,19,343,District-South Twenty Four Parganas,Total,80-89,44,18,26,16,7,9,5,3,2,0,0,0,8,3,5,0,0,0,0,0,0,5,2,3,10,3,7
C5120ST,19,343,District-South Twenty Four Parganas,Total,90+,18,9,9,7,2,5,4,1,3,0,0,0,2,1,1,1,1,0,0,0,0,3,3,0,1,1,0
C5120ST,19,343,District-South Twenty Four Parganas,Total,Age Not Stated,2,0,2,1,0,1,1,0,1,0,0,0,0,0,0,0,0,0,0,0,0,0,0,0,0,0,0
C5120ST,19,343,District-South Twenty Four Parganas,Rural,Total,2400,1277,1123,617,309,308,513,252,261,102,64,38,295,182,113,126,65,61,44,24,20,495,279,216,208,102,106
C5120ST,19,343,District-South Twenty Four Parganas,Rural,0-4,138,82,56,33,21,12,35,19,16,3,1,2,7,5,2,12,6,6,2,0,2,38,24,14,8,6,2
C5120ST,19,343,District-South Twenty Four Parganas,Rural,5-9,184,95,89,43,28,15,37,14,23,8,4,4,11,9,2,8,3,5,5,2,3,56,27,29,16,8,8
C5120ST,19,343,District-South Twenty Four Parganas,Rural,10-19,385,187,198,89,36,53,100,47,53,33,20,13,32,12,20,25,16,9,4,3,1,79,45,34,23,8,15
C5120ST,19,343,District-South Twenty Four Parganas,Rural,20-29,337,196,141,74,43,31,78,44,34,24,16,8,40,29,11,27,14,13,9,4,5,64,35,29,21,11,10
C5120ST,19,343,District-South Twenty Four Parganas,Rural,30-39,312,173,139,77,29,48,66,37,29,13,10,3,37,25,12,14,11,3,6,3,3,86,48,38,13,10,3
C5120ST,19,343,District-South Twenty Four Parganas,Rural,40-49,281,157,124,74,45,29,57,30,27,8,4,4,39,24,15,18,4,14,6,3,3,59,40,19,20,7,13
C5120ST,19,343,District-South Twenty Four Parganas,Rural,50-59,278,156,122,78,39,39,51,27,24,9,6,3,53,37,16,7,1,6,8,6,2,50,28,22,22,12,10
C5120ST,19,343,District-South Twenty Four Parganas,Rural,60-69,304,150,154,92,50,42,60,24,36,4,3,1,46,25,21,12,9,3,4,3,1,40,20,20,46,16,30
C5120ST,19,343,District-South Twenty Four Parganas,Rural,70-79,124,56,68,36,10,26,19,6,13,0,0,0,24,13,11,2,0,2,0,0,0,15,7,8,28,20,8
C5120ST,19,343,District-South Twenty Four Parganas,Rural,80-89,37,16,21,13,6,7,5,3,2,0,0,0,4,2,2,0,0,0,0,0,0,5,2,3,10,3,7
C5120ST,19,343,District-South Twenty Four Parganas,Rural,90+,18,9,9,7,2,5,4,1,3,0,0,0,2,1,1,1,1,0,0,0,0,3,3,0,1,1,0
C5120ST,19,343,District-South Twenty Four Parganas,Rural,Age Not Stated,2,0,2,1,0,1,1,0,1,0,0,0,0,0,0,0,0,0,0,0,0,0,0,0,0,0,0
C5120ST,19,343,District-South Twenty Four Parganas,Urban,Total,225,114,111,92,51,41,22,12,10,17,9,8,26,13,13,11,6,5,5,4,1,47,18,29,5,1,4
C5120ST,19,343,District-South Twenty Four Parganas,Urban,0-4,7,3,4,0,0,0,2,2,0,1,1,0,0,0,0,0,0,0,0,0,0,4,0,4,0,0,0
C5120ST,19,343,District-South Twenty Four Parganas,Urban,5-9,22,16,6,14,11,3,2,1,1,1,1,0,1,1,0,0,0,0,0,0,0,4,2,2,0,0,0
C5120ST,19,343,District-South Twenty Four Parganas,Urban,10-19,44,19,25,25,13,12,1,0,1,4,1,3,1,1,0,2,1,1,1,0,1,7,2,5,3,1,2
C5120ST,19,343,District-South Twenty Four Parganas,Urban,20-29,34,18,16,8,7,1,1,0,1,4,2,2,7,4,3,2,1,1,2,2,0,10,2,8,0,0,0
C5120ST,19,343,District-South Twenty Four Parganas,Urban,30-39,21,11,10,5,2,3,2,2,0,2,1,1,2,1,1,3,2,1,0,0,0,7,3,4,0,0,0
C5120ST,19,343,District-South Twenty Four Parganas,Urban,40-49,27,15,12,13,5,8,2,0,2,1,1,0,3,3,0,1,1,0,0,0,0,7,5,2,0,0,0
C5120ST,19,343,District-South Twenty Four Parganas,Urban,50-59,34,19,15,11,7,4,5,4,1,3,1,2,3,1,2,2,1,1,2,2,0,6,3,3,2,0,2
C5120ST,19,343,District-South Twenty Four Parganas,Urban,60-69,10,4,6,3,1,2,1,0,1,1,1,0,3,1,2,0,0,0,0,0,0,2,1,1,0,0,0
C5120ST,19,343,District-South Twenty Four Parganas,Urban,70-79,19,7,12,10,4,6,6,3,3,0,0,0,2,0,2,1,0,1,0,0,0,0,0,0,0,0,0
C5120ST,19,343,District-South Twenty Four Parganas,Urban,80-89,7,2,5,3,1,2,0,0,0,0,0,0,4,1,3,0,0,0,0,0,0,0,0,0,0,0,0
C5120ST,19,343,District-South Twenty Four Parganas,Urban,90+,0,0,0,0,0,0,0,0,0,0,0,0,0,0,0,0,0,0,0,0,0,0,0,0,0,0,0
C5120ST,19,343,District-South Twenty Four Parganas,Urban,Age Not Stated,0,0,0,0,0,0,0,0,0,0,0,0,0,0,0,0,0,0,0,0,0,0,0,0,0,0,0
C5120ST,19,344,District-Paschim Medinipur,Total,Total,20405,10799,9606,5194,2687,2507,3282,1717,1565,1108,618,490,3268,1852,1416,1394,680,714,514,270,244,3595,1927,1668,2050,1048,1002
C5120ST,19,344,District-Paschim Medinipur,Total,0-4,972,530,442,230,117,113,177,98,79,24,16,8,82,52,30,74,41,33,8,5,3,304,157,147,73,44,29
C5120ST,19,344,District-Paschim Medinipur,Total,5-9,1493,792,701,319,174,145,219,117,102,158,93,65,162,82,80,95,39,56,14,8,6,373,186,187,153,93,60
C5120ST,19,344,District-Paschim Medinipur,Total,10-19,3451,1805,1646,764,388,376,546,288,258,345,191,154,392,214,178,311,154,157,71,37,34,637,332,305,385,201,184
C5120ST,19,344,District-Paschim Medinipur,Total,20-29,3146,1645,1501,660,347,313,475,254,221,210,113,97,525,282,243,273,119,154,110,58,52,629,340,289,264,132,132
C5120ST,19,344,District-Paschim Medinipur,Total,30-39,2597,1433,1164,593,331,262,407,218,189,150,81,69,420,230,190,229,119,110,110,62,48,518,299,219,170,93,77
C5120ST,19,344,District-Paschim Medinipur,Total,40-49,2556,1440,1116,637,355,282,442,252,190,121,68,53,472,287,185,197,101,96,102,54,48,420,241,179,165,82,83
C5120ST,19,344,District-Paschim Medinipur,Total,50-59,2176,1232,944,630,340,290,368,193,175,54,28,26,474,312,162,106,56,50,49,28,21,338,190,148,157,85,72
C5120ST,19,344,District-Paschim Medinipur,Total,60-69,2216,1096,1120,766,366,400,347,160,187,33,20,13,445,245,200,75,36,39,29,12,17,228,111,117,293,146,147
C5120ST,19,344,District-Paschim Medinipur,Total,70-79,1223,557,666,426,193,233,210,93,117,7,3,4,207,102,105,21,7,14,18,5,13,88,45,43,246,109,137
C5120ST,19,344,District-Paschim Medinipur,Total,80-89,417,194,223,131,63,68,61,27,34,5,4,1,68,35,33,4,3,1,3,1,2,30,11,19,115,50,65
C5120ST,19,344,District-Paschim Medinipur,Total,90+,109,46,63,30,8,22,21,12,9,0,0,0,16,9,7,4,2,2,0,0,0,12,4,8,26,11,15
C5120ST,19,344,District-Paschim Medinipur,Total,Age Not Stated,49,29,20,8,5,3,9,5,4,1,1,0,5,2,3,5,3,2,0,0,0,18,11,7,3,2,1
C5120ST,19,344,District-Paschim Medinipur,Rural,Total,19791,10478,9313,5030,2604,2426,3208,1686,1522,1056,591,465,3167,1786,1381,1353,666,687,495,258,237,3464,1856,1608,2018,1031,987
C5120ST,19,344,District-Paschim Medinipur,Rural,0-4,940,518,422,222,114,108,173,97,76,24,16,8,78,49,29,72,41,31,7,4,3,293,153,140,71,44,27
C5120ST,19,344,District-Paschim Medinipur,Rural,5-9,1450,772,678,308,171,137,217,115,102,153,90,63,156,80,76,94,39,55,13,8,5,360,179,181,149,90,59
C5120ST,19,344,District-Paschim Medinipur,Rural,10-19,3326,1741,1585,733,376,357,536,284,252,325,181,144,375,203,172,299,148,151,67,34,33,616,319,297,375,196,179
C5120ST,19,344,District-Paschim Medinipur,Rural,20-29,3024,1578,1446,632,332,300,459,245,214,202,108,94,503,271,232,263,117,146,106,55,51,598,320,278,261,130,131
C5120ST,19,344,District-Paschim Medinipur,Rural,30-39,2509,1384,1125,569,313,256,396,214,182,143,80,63,408,220,188,222,118,104,105,58,47,498,290,208,168,91,77
C5120ST,19,344,District-Paschim Medinipur,Rural,40-49,2482,1400,1082,615,345,270,432,247,185,113,61,52,462,280,182,190,97,93,101,54,47,408,235,173,161,81,80
C5120ST,19,344,District-Paschim Medinipur,Rural,50-59,2115,1199,916,616,331,285,356,188,168,52,28,24,459,302,157,104,55,49,47,28,19,327,184,143,154,83,71
C5120ST,19,344,District-Paschim Medinipur,Rural,60-69,2176,1075,1101,751,361,390,343,159,184,33,20,13,435,236,199,75,36,39,29,12,17,220,107,113,290,144,146
C5120ST,19,344,District-Paschim Medinipur,Rural,70-79,1203,548,655,419,187,232,206,93,113,6,3,3,204,101,103,21,7,14,17,4,13,85,44,41,245,109,136
C5120ST,19,344,District-Paschim Medinipur,Rural,80-89,414,192,222,130,62,68,60,27,33,4,3,1,68,35,33,4,3,1,3,1,2,30,11,19,115,50,65
C5120ST,19,344,District-Paschim Medinipur,Rural,90+,106,44,62,28,7,21,21,12,9,0,0,0,15,8,7,4,2,2,0,0,0,12,4,8,26,11,15
C5120ST,19,344,District-Paschim Medinipur,Rural,Age Not Stated,46,27,19,7,5,2,9,5,4,1,1,0,4,1,3,5,3,2,0,0,0,17,10,7,3,2,1
C5120ST,19,344,District-Paschim Medinipur,Urban,Total,614,321,293,164,83,81,74,31,43,52,27,25,101,66,35,41,14,27,19,12,7,131,71,60,32,17,15
C5120ST,19,344,District-Paschim Medinipur,Urban,0-4,32,12,20,8,3,5,4,1,3,0,0,0,4,3,1,2,0,2,1,1,0,11,4,7,2,0,2
C5120ST,19,344,District-Paschim Medinipur,Urban,5-9,43,20,23,11,3,8,2,2,0,5,3,2,6,2,4,1,0,1,1,0,1,13,7,6,4,3,1
C5120ST,19,344,District-Paschim Medinipur,Urban,10-19,125,64,61,31,12,19,10,4,6,20,10,10,17,11,6,12,6,6,4,3,1,21,13,8,10,5,5
C5120ST,19,344,District-Paschim Medinipur,Urban,20-29,122,67,55,28,15,13,16,9,7,8,5,3,22,11,11,10,2,8,4,3,1,31,20,11,3,2,1
C5120ST,19,344,District-Paschim Medinipur,Urban,30-39,88,49,39,24,18,6,11,4,7,7,1,6,12,10,2,7,1,6,5,4,1,20,9,11,2,2,0
C5120ST,19,344,District-Paschim Medinipur,Urban,40-49,74,40,34,22,10,12,10,5,5,8,7,1,10,7,3,7,4,3,1,0,1,12,6,6,4,1,3
C5120ST,19,344,District-Paschim Medinipur,Urban,50-59,61,33,28,14,9,5,12,5,7,2,0,2,15,10,5,2,1,1,2,0,2,11,6,5,3,2,1
C5120ST,19,344,District-Paschim Medinipur,Urban,60-69,40,21,19,15,5,10,4,1,3,0,0,0,10,9,1,0,0,0,0,0,0,8,4,4,3,2,1
C5120ST,19,344,District-Paschim Medinipur,Urban,70-79,20,9,11,7,6,1,4,0,4,1,0,1,3,1,2,0,0,0,1,1,0,3,1,2,1,0,1
C5120ST,19,344,District-Paschim Medinipur,Urban,80-89,3,2,1,1,1,0,1,0,1,1,1,0,0,0,0,0,0,0,0,0,0,0,0,0,0,0,0
C5120ST,19,344,District-Paschim Medinipur,Urban,90+,3,2,1,2,1,1,0,0,0,0,0,0,1,1,0,0,0,0,0,0,0,0,0,0,0,0,0
C5120ST,19,344,District-Paschim Medinipur,Urban,Age Not Stated,3,2,1,1,0,1,0,0,0,0,0,0,1,1,0,0,0,0,0,0,0,1,1,0,0,0,0
C5120ST,19,345,District-Purba Medinipur,Total,Total,514,276,238,89,50,39,52,25,27,62,29,33,116,68,48,30,16,14,12,6,6,87,48,39,66,34,32
C5120ST,19,345,District-Purba Medinipur,Total,0-4,23,13,10,3,3,0,5,1,4,0,0,0,6,4,2,1,0,1,0,0,0,6,4,2,2,1,1
C5120ST,19,345,District-Purba Medinipur,Total,5-9,40,23,17,3,2,1,7,4,3,11,6,5,3,3,0,1,1,0,1,1,0,8,3,5,6,3,3
C5120ST,19,345,District-Purba Medinipur,Total,10-19,120,60,60,20,11,9,10,6,4,20,8,12,22,6,16,8,3,5,4,2,2,15,11,4,21,13,8
C5120ST,19,345,District-Purba Medinipur,Total,20-29,88,43,45,9,6,3,11,4,7,13,7,6,22,13,9,3,1,2,1,0,1,18,7,11,11,5,6
C5120ST,19,345,District-Purba Medinipur,Total,30-39,78,45,33,12,7,5,6,2,4,10,5,5,15,10,5,7,6,1,2,1,1,14,9,5,12,5,7
C5120ST,19,345,District-Purba Medinipur,Total,40-49,66,32,34,15,7,8,4,4,0,2,0,2,18,10,8,5,2,3,1,1,0,14,6,8,7,2,5
C5120ST,19,345,District-Purba Medinipur,Total,50-59,43,27,16,12,9,3,3,1,2,2,1,1,10,7,3,3,2,1,3,1,2,7,4,3,3,2,1
C5120ST,19,345,District-Purba Medinipur,Total,60-69,32,19,13,9,3,6,5,2,3,2,2,0,11,8,3,1,1,0,0,0,0,3,2,1,1,1,0
C5120ST,19,345,District-Purba Medinipur,Total,70-79,15,10,5,3,1,2,1,1,0,1,0,1,5,5,0,1,0,1,0,0,0,2,2,0,2,1,1
C5120ST,19,345,District-Purba Medinipur,Total,80-89,4,2,2,3,1,2,0,0,0,0,0,0,1,1,0,0,0,0,0,0,0,0,0,0,0,0,0
C5120ST,19,345,District-Purba Medinipur,Total,90+,5,2,3,0,0,0,0,0,0,1,0,1,3,1,2,0,0,0,0,0,0,0,0,0,1,1,0
C5120ST,19,345,District-Purba Medinipur,Total,Age Not Stated,0,0,0,0,0,0,0,0,0,0,0,0,0,0,0,0,0,0,0,0,0,0,0,0,0,0,0
C5120ST,19,345,District-Purba Medinipur,Rural,Total,459,246,213,87,49,38,48,21,27,42,21,21,107,63,44,21,10,11,12,6,6,80,43,37,62,33,29
C5120ST,19,345,District-Purba Medinipur,Rural,0-4,20,11,9,3,3,0,5,1,4,0,0,0,5,3,2,1,0,1,0,0,0,4,3,1,2,1,1
C5120ST,19,345,District-Purba Medinipur,Rural,5-9,33,19,14,3,2,1,6,3,3,6,4,2,2,2,0,1,1,0,1,1,0,8,3,5,6,3,3
C5120ST,19,345,District-Purba Medinipur,Rural,10-19,111,54,57,19,10,9,10,6,4,18,7,11,21,6,15,5,1,4,4,2,2,14,10,4,20,12,8
C5120ST,19,345,District-Purba Medinipur,Rural,20-29,83,39,44,9,6,3,10,3,7,11,6,5,21,12,9,3,1,2,1,0,1,17,6,11,11,5,6
C5120ST,19,345,District-Purba Medinipur,Rural,30-39,64,38,26,11,7,4,6,2,4,4,2,2,13,8,5,6,5,1,2,1,1,13,8,5,9,5,4
C5120ST,19,345,District-Purba Medinipur,Rural,40-49,59,30,29,15,7,8,3,3,0,1,0,1,16,10,6,3,1,2,1,1,0,13,6,7,7,2,5
C5120ST,19,345,District-Purba Medinipur,Rural,50-59,38,24,14,12,9,3,3,1,2,0,0,0,9,7,2,1,0,1,3,1,2,7,4,3,3,2,1
C5120ST,19,345,District-Purba Medinipur,Rural,60-69,30,17,13,9,3,6,4,1,3,2,2,0,11,8,3,1,1,0,0,0,0,2,1,1,1,1,0
C5120ST,19,345,District-Purba Medinipur,Rural,70-79,13,10,3,3,1,2,1,1,0,0,0,0,5,5,0,0,0,0,0,0,0,2,2,0,2,1,1
C5120ST,19,345,District-Purba Medinipur,Rural,80-89,4,2,2,3,1,2,0,0,0,0,0,0,1,1,0,0,0,0,0,0,0,0,0,0,0,0,0
C5120ST,19,345,District-Purba Medinipur,Rural,90+,4,2,2,0,0,0,0,0,0,0,0,0,3,1,2,0,0,0,0,0,0,0,0,0,1,1,0
C5120ST,19,345,District-Purba Medinipur,Rural,Age Not Stated,0,0,0,0,0,0,0,0,0,0,0,0,0,0,0,0,0,0,0,0,0,0,0,0,0,0,0
C5120ST,19,345,District-Purba Medinipur,Urban,Total,55,30,25,2,1,1,4,4,0,20,8,12,9,5,4,9,6,3,0,0,0,7,5,2,4,1,3
C5120ST,19,345,District-Purba Medinipur,Urban,0-4,3,2,1,0,0,0,0,0,0,0,0,0,1,1,0,0,0,0,0,0,0,2,1,1,0,0,0
C5120ST,19,345,District-Purba Medinipur,Urban,5-9,7,4,3,0,0,0,1,1,0,5,2,3,1,1,0,0,0,0,0,0,0,0,0,0,0,0,0
C5120ST,19,345,District-Purba Medinipur,Urban,10-19,9,6,3,1,1,0,0,0,0,2,1,1,1,0,1,3,2,1,0,0,0,1,1,0,1,1,0
C5120ST,19,345,District-Purba Medinipur,Urban,20-29,5,4,1,0,0,0,1,1,0,2,1,1,1,1,0,0,0,0,0,0,0,1,1,0,0,0,0
C5120ST,19,345,District-Purba Medinipur,Urban,30-39,14,7,7,1,0,1,0,0,0,6,3,3,2,2,0,1,1,0,0,0,0,1,1,0,3,0,3
C5120ST,19,345,District-Purba Medinipur,Urban,40-49,7,2,5,0,0,0,1,1,0,1,0,1,2,0,2,2,1,1,0,0,0,1,0,1,0,0,0
C5120ST,19,345,District-Purba Medinipur,Urban,50-59,5,3,2,0,0,0,0,0,0,2,1,1,1,0,1,2,2,0,0,0,0,0,0,0,0,0,0
C5120ST,19,345,District-Purba Medinipur,Urban,60-69,2,2,0,0,0,0,1,1,0,0,0,0,0,0,0,0,0,0,0,0,0,1,1,0,0,0,0
C5120ST,19,345,District-Purba Medinipur,Urban,70-79,2,0,2,0,0,0,0,0,0,1,0,1,0,0,0,1,0,1,0,0,0,0,0,0,0,0,0
C5120ST,19,345,District-Purba Medinipur,Urban,80-89,0,0,0,0,0,0,0,0,0,0,0,0,0,0,0,0,0,0,0,0,0,0,0,0,0,0,0
C5120ST,19,345,District-Purba Medinipur,Urban,90+,1,0,1,0,0,0,0,0,0,1,0,1,0,0,0,0,0,0,0,0,0,0,0,0,0,0,0
C5120ST,19,345,District-Purba Medinipur,Urban,Age Not Stated,0,0,0,0,0,0,0,0,0,0,0,0,0,0,0,0,0,0,0,0,0,0,0,0,0,0,0
C5120ST,20,0,State-JHARKHAND,Total,Total,180193,94420,85773,43248,22074,21174,41351,21100,20251,7470,3938,3532,37142,20696,16446,8111,4322,3789,4647,2472,2175,25595,13563,12032,12629,6255,6374
C5120ST,20,0,State-JHARKHAND,Total,0-4,10830,5593,5237,3352,1700,1652,3099,1537,1562,182,97,85,939,545,394,386,209,177,40,22,18,2240,1174,1066,592,309,283
C5120ST,20,0,State-JHARKHAND,Total,5-9,15617,8273,7344,4224,2179,2045,4063,2097,1966,1105,574,531,1520,870,650,829,453,376,187,108,79,2557,1335,1222,1132,657,475
C5120ST,20,0,State-JHARKHAND,Total,10-19,33033,17295,15738,7490,3819,3671,7251,3717,3534,2105,1092,1013,5742,3105,2637,2269,1208,1061,773,423,350,5043,2652,2391,2360,1279,1081
C5120ST,20,0,State-JHARKHAND,Total,20-29,24705,13367,11338,5441,2816,2625,5451,2800,2651,1311,715,596,4859,2945,1914,1445,763,682,985,539,446,3894,2048,1846,1319,741,578
C5120ST,20,0,State-JHARKHAND,Total,30-39,21299,11970,9329,4916,2747,2169,4993,2698,2295,1004,527,477,3896,2430,1466,1145,627,518,911,477,434,3480,1918,1562,954,546,408
C5120ST,20,0,State-JHARKHAND,Total,40-49,20298,11502,8796,4840,2685,2155,4649,2561,2088,724,384,340,4483,2778,1705,944,515,429,807,441,366,3022,1663,1359,829,475,354
C5120ST,20,0,State-JHARKHAND,Total,50-59,17519,9411,8108,4274,2229,2045,4003,2070,1933,473,254,219,4653,2733,1920,539,289,250,476,240,236,2159,1144,1015,942,452,490
C5120ST,20,0,State-JHARKHAND,Total,60-69,21557,10064,11493,5304,2379,2925,4765,2156,2609,358,179,179,6346,3142,3204,394,175,219,331,150,181,2069,1069,1000,1990,814,1176
C5120ST,20,0,State-JHARKHAND,Total,70-79,10889,4882,6007,2463,1091,1372,2204,1042,1162,138,74,64,3426,1542,1884,100,50,50,103,53,50,790,388,402,1665,642,1023
C5120ST,20,0,State-JHARKHAND,Total,80-89,3061,1409,1652,638,289,349,575,274,301,41,23,18,986,466,520,30,14,16,21,11,10,144,76,68,626,256,370
C5120ST,20,0,State-JHARKHAND,Total,90+,777,337,440,146,65,81,144,62,82,4,4,0,215,99,116,11,6,5,9,6,3,53,22,31,195,73,122
C5120ST,20,0,State-JHARKHAND,Total,Age Not Stated,608,317,291,160,75,85,154,86,68,25,15,10,77,41,36,19,13,6,4,2,2,144,74,70,25,11,14
C5120ST,20,0,State-JHARKHAND,Rural,Total,165071,86399,78672,39838,20300,19538,37938,19379,18559,6697,3557,3140,34232,19040,15192,7394,3906,3488,4203,2211,1992,23120,12264,10856,11649,5742,5907
C5120ST,20,0,State-JHARKHAND,Rural,0-4,10100,5211,4889,3156,1595,1561,2883,1436,1447,166,88,78,893,516,377,366,194,172,38,20,18,2048,1069,979,550,293,257
C5120ST,20,0,State-JHARKHAND,Rural,5-9,14527,7695,6832,3924,2021,1903,3810,1964,1846,1014,527,487,1426,820,606,769,426,343,172,98,74,2366,1233,1133,1046,606,440
C5120ST,20,0,State-JHARKHAND,Rural,10-19,30182,15838,14344,6765,3456,3309,6625,3425,3200,1901,993,908,5364,2898,2466,2070,1092,978,710,388,322,4606,2431,2175,2141,1155,986
C5120ST,20,0,State-JHARKHAND,Rural,20-29,22053,11923,10130,4888,2523,2365,4857,2490,2367,1169,643,526,4361,2659,1702,1295,673,622,882,474,408,3410,1790,1620,1191,671,520
C5120ST,20,0,State-JHARKHAND,Rural,30-39,19227,10766,8461,4496,2497,1999,4488,2420,2068,886,470,416,3539,2189,1350,1029,559,470,814,419,395,3116,1714,1402,859,498,361
C5120ST,20,0,State-JHARKHAND,Rural,40-49,18372,10440,7932,4417,2459,1958,4212,2330,1882,637,339,298,4098,2562,1536,853,460,393,727,393,334,2678,1469,1209,750,428,322
C5120ST,20,0,State-JHARKHAND,Rural,50-59,16068,8644,7424,3979,2088,1891,3718,1917,1801,414,228,186,4230,2476,1754,491,261,230,432,218,214,1956,1048,908,848,408,440
C5120ST,20,0,State-JHARKHAND,Rural,60-69,20266,9427,10839,5043,2253,2790,4481,2025,2456,327,167,160,5913,2913,3000,369,164,205,307,141,166,1929,1003,926,1897,761,1136
C5120ST,20,0,State-JHARKHAND,Rural,70-79,10254,4590,5664,2321,1018,1303,2091,997,1094,124,64,60,3223,1446,1777,96,48,48,92,44,48,723,359,364,1584,614,970
C5120ST,20,0,State-JHARKHAND,Rural,80-89,2828,1303,1525,586,268,318,523,250,273,36,21,15,924,436,488,30,14,16,19,11,8,129,68,61,581,235,346
C5120ST,20,0,State-JHARKHAND,Rural,90+,716,310,406,133,59,74,127,57,70,4,4,0,202,95,107,10,5,5,7,4,3,48,20,28,185,66,119
C5120ST,20,0,State-JHARKHAND,Rural,Age Not Stated,478,252,226,130,63,67,123,68,55,19,13,6,59,30,29,16,10,6,3,1,2,111,60,51,17,7,10
C5120ST,20,0,State-JHARKHAND,Urban,Total,15122,8021,7101,3410,1774,1636,3413,1721,1692,773,381,392,2910,1656,1254,717,416,301,444,261,183,2475,1299,1176,980,513,467
C5120ST,20,0,State-JHARKHAND,Urban,0-4,730,382,348,196,105,91,216,101,115,16,9,7,46,29,17,20,15,5,2,2,0,192,105,87,42,16,26
C5120ST,20,0,State-JHARKHAND,Urban,5-9,1090,578,512,300,158,142,253,133,120,91,47,44,94,50,44,60,27,33,15,10,5,191,102,89,86,51,35
C5120ST,20,0,State-JHARKHAND,Urban,10-19,2851,1457,1394,725,363,362,626,292,334,204,99,105,378,207,171,199,116,83,63,35,28,437,221,216,219,124,95
C5120ST,20,0,State-JHARKHAND,Urban,20-29,2652,1444,1208,553,293,260,594,310,284,142,72,70,498,286,212,150,90,60,103,65,38,484,258,226,128,70,58
C5120ST,20,0,State-JHARKHAND,Urban,30-39,2072,1204,868,420,250,170,505,278,227,118,57,61,357,241,116,116,68,48,97,58,39,364,204,160,95,48,47
C5120ST,20,0,State-JHARKHAND,Urban,40-49,1926,1062,864,423,226,197,437,231,206,87,45,42,385,216,169,91,55,36,80,48,32,344,194,150,79,47,32
C5120ST,20,0,State-JHARKHAND,Urban,50-59,1451,767,684,295,141,154,285,153,132,59,26,33,423,257,166,48,28,20,44,22,22,203,96,107,94,44,50
C5120ST,20,0,State-JHARKHAND,Urban,60-69,1291,637,654,261,126,135,284,131,153,31,12,19,433,229,204,25,11,14,24,9,15,140,66,74,93,53,40
C5120ST,20,0,State-JHARKHAND,Urban,70-79,635,292,343,142,73,69,113,45,68,14,10,4,203,96,107,4,2,2,11,9,2,67,29,38,81,28,53
C5120ST,20,0,State-JHARKHAND,Urban,80-89,233,106,127,52,21,31,52,24,28,5,2,3,62,30,32,0,0,0,2,0,2,15,8,7,45,21,24
C5120ST,20,0,State-JHARKHAND,Urban,90+,61,27,34,13,6,7,17,5,12,0,0,0,13,4,9,1,1,0,2,2,0,5,2,3,10,7,3
C5120ST,20,0,State-JHARKHAND,Urban,Age Not Stated,130,65,65,30,12,18,31,18,13,6,2,4,18,11,7,3,3,0,1,1,0,33,14,19,8,4,4
C5120ST,20,346,District-Garhwa ,Total,Total,3442,1920,1522,423,229,194,556,310,246,159,86,73,1035,620,415,237,147,90,107,67,40,528,265,263,397,196,201
C5120ST,20,346,District-Garhwa ,Total,0-4,146,91,55,18,14,4,42,24,18,3,2,1,28,16,12,7,5,2,1,0,1,28,17,11,19,13,6
C5120ST,20,346,District-Garhwa ,Total,5-9,258,144,114,29,13,16,48,25,23,22,10,12,46,24,22,33,21,12,7,7,0,46,29,17,27,15,12
C5120ST,20,346,District-Garhwa ,Total,10-19,733,433,300,85,52,33,130,76,54,55,27,28,199,124,75,80,48,32,29,19,10,98,50,48,57,37,20
C5120ST,20,346,District-Garhwa ,Total,20-29,385,227,158,31,16,15,57,37,20,26,13,13,124,86,38,26,13,13,22,15,7,76,33,43,23,14,9
C5120ST,20,346,District-Garhwa ,Total,30-39,367,204,163,35,21,14,68,36,32,15,11,4,97,60,37,32,20,12,17,9,8,85,35,50,18,12,6
C5120ST,20,346,District-Garhwa ,Total,40-49,298,173,125,33,18,15,48,27,21,10,5,5,90,59,31,23,15,8,15,7,8,66,34,32,13,8,5
C5120ST,20,346,District-Garhwa ,Total,50-59,270,159,111,27,19,8,42,26,16,9,6,3,108,61,47,13,9,4,7,5,2,45,23,22,19,10,9
C5120ST,20,346,District-Garhwa ,Total,60-69,520,261,259,80,31,49,65,37,28,9,6,3,197,108,89,16,11,5,6,4,2,48,25,23,99,39,60
C5120ST,20,346,District-Garhwa ,Total,70-79,327,165,162,58,31,27,40,15,25,8,5,3,102,59,43,5,4,1,3,1,2,30,16,14,81,34,47
C5120ST,20,346,District-Garhwa ,Total,80-89,109,53,56,22,11,11,15,7,8,2,1,1,36,19,17,1,0,1,0,0,0,4,2,2,29,13,16
C5120ST,20,346,District-Garhwa ,Total,90+,28,10,18,5,3,2,1,0,1,0,0,0,7,4,3,1,1,0,0,0,0,2,1,1,12,1,11
C5120ST,20,346,District-Garhwa ,Total,Age Not Stated,1,0,1,0,0,0,0,0,0,0,0,0,1,0,1,0,0,0,0,0,0,0,0,0,0,0,0
C5120ST,20,346,District-Garhwa ,Rural,Total,3394,1894,1500,418,227,191,553,308,245,157,86,71,1021,612,409,229,141,88,103,65,38,523,263,260,390,192,198
C5120ST,20,346,District-Garhwa ,Rural,0-4,146,91,55,18,14,4,42,24,18,3,2,1,28,16,12,7,5,2,1,0,1,28,17,11,19,13,6
C5120ST,20,346,District-Garhwa ,Rural,5-9,256,143,113,29,13,16,48,25,23,22,10,12,44,23,21,33,21,12,7,7,0,46,29,17,27,15,12
C5120ST,20,346,District-Garhwa ,Rural,10-19,726,429,297,85,52,33,129,76,53,54,27,27,197,122,75,77,46,31,29,19,10,98,50,48,57,37,20
C5120ST,20,346,District-Garhwa ,Rural,20-29,377,222,155,29,15,14,57,37,20,26,13,13,123,85,38,24,12,12,21,14,7,75,33,42,22,13,9
C5120ST,20,346,District-Garhwa ,Rural,30-39,359,200,159,35,21,14,67,35,32,15,11,4,93,57,36,32,20,12,16,9,7,83,35,48,18,12,6
C5120ST,20,346,District-Garhwa ,Rural,40-49,290,168,122,32,17,15,47,26,21,10,5,5,88,58,30,23,15,8,13,6,7,65,33,32,12,8,4
C5120ST,20,346,District-Garhwa ,Rural,50-59,267,157,110,27,19,8,42,26,16,8,6,2,108,61,47,12,8,4,7,5,2,45,23,22,18,9,9
C5120ST,20,346,District-Garhwa ,Rural,60-69,513,258,255,79,31,48,65,37,28,9,6,3,196,108,88,14,9,5,6,4,2,47,24,23,97,39,58
C5120ST,20,346,District-Garhwa ,Rural,70-79,324,164,160,57,31,26,40,15,25,8,5,3,101,59,42,5,4,1,3,1,2,30,16,14,80,33,47
C5120ST,20,346,District-Garhwa ,Rural,80-89,108,52,56,22,11,11,15,7,8,2,1,1,36,19,17,1,0,1,0,0,0,4,2,2,28,12,16
C5120ST,20,346,District-Garhwa ,Rural,90+,28,10,18,5,3,2,1,0,1,0,0,0,7,4,3,1,1,0,0,0,0,2,1,1,12,1,11
C5120ST,20,346,District-Garhwa ,Rural,Age Not Stated,0,0,0,0,0,0,0,0,0,0,0,0,0,0,0,0,0,0,0,0,0,0,0,0,0,0,0
C5120ST,20,346,District-Garhwa ,Urban,Total,48,26,22,5,2,3,3,2,1,2,0,2,14,8,6,8,6,2,4,2,2,5,2,3,7,4,3
C5120ST,20,346,District-Garhwa ,Urban,0-4,0,0,0,0,0,0,0,0,0,0,0,0,0,0,0,0,0,0,0,0,0,0,0,0,0,0,0
C5120ST,20,346,District-Garhwa ,Urban,5-9,2,1,1,0,0,0,0,0,0,0,0,0,2,1,1,0,0,0,0,0,0,0,0,0,0,0,0
C5120ST,20,346,District-Garhwa ,Urban,10-19,7,4,3,0,0,0,1,0,1,1,0,1,2,2,0,3,2,1,0,0,0,0,0,0,0,0,0
C5120ST,20,346,District-Garhwa ,Urban,20-29,8,5,3,2,1,1,0,0,0,0,0,0,1,1,0,2,1,1,1,1,0,1,0,1,1,1,0
C5120ST,20,346,District-Garhwa ,Urban,30-39,8,4,4,0,0,0,1,1,0,0,0,0,4,3,1,0,0,0,1,0,1,2,0,2,0,0,0
C5120ST,20,346,District-Garhwa ,Urban,40-49,8,5,3,1,1,0,1,1,0,0,0,0,2,1,1,0,0,0,2,1,1,1,1,0,1,0,1
C5120ST,20,346,District-Garhwa ,Urban,50-59,3,2,1,0,0,0,0,0,0,1,0,1,0,0,0,1,1,0,0,0,0,0,0,0,1,1,0
C5120ST,20,346,District-Garhwa ,Urban,60-69,7,3,4,1,0,1,0,0,0,0,0,0,1,0,1,2,2,0,0,0,0,1,1,0,2,0,2
C5120ST,20,346,District-Garhwa ,Urban,70-79,3,1,2,1,0,1,0,0,0,0,0,0,1,0,1,0,0,0,0,0,0,0,0,0,1,1,0
C5120ST,20,346,District-Garhwa ,Urban,80-89,1,1,0,0,0,0,0,0,0,0,0,0,0,0,0,0,0,0,0,0,0,0,0,0,1,1,0
C5120ST,20,346,District-Garhwa ,Urban,90+,0,0,0,0,0,0,0,0,0,0,0,0,0,0,0,0,0,0,0,0,0,0,0,0,0,0,0
C5120ST,20,346,District-Garhwa ,Urban,Age Not Stated,1,0,1,0,0,0,0,0,0,0,0,0,1,0,1,0,0,0,0,0,0,0,0,0,0,0,0
C5120ST,20,347,District-Chatra,Total,Total,631,363,268,81,54,27,135,76,59,32,18,14,181,108,73,20,8,12,18,11,7,103,57,46,61,31,30
C5120ST,20,347,District-Chatra,Total,0-4,24,14,10,5,3,2,6,3,3,2,0,2,6,4,2,0,0,0,0,0,0,4,3,1,1,1,0
C5120ST,20,347,District-Chatra,Total,5-9,48,29,19,3,1,2,12,10,2,6,4,2,6,4,2,5,1,4,0,0,0,10,4,6,6,5,1
C5120ST,20,347,District-Chatra,Total,10-19,134,73,61,10,8,2,25,9,16,7,3,4,40,25,15,6,3,3,4,2,2,28,15,13,14,8,6
C5120ST,20,347,District-Chatra,Total,20-29,85,50,35,6,4,2,14,9,5,9,4,5,34,22,12,2,1,1,2,1,1,9,5,4,9,4,5
C5120ST,20,347,District-Chatra,Total,30-39,75,45,30,5,4,1,19,13,6,2,1,1,17,8,9,3,2,1,6,4,2,20,11,9,3,2,1
C5120ST,20,347,District-Chatra,Total,40-49,76,44,32,11,9,2,20,11,9,0,0,0,19,13,6,2,0,2,3,2,1,17,8,9,4,1,3
C5120ST,20,347,District-Chatra,Total,50-59,63,35,28,13,7,6,15,9,6,2,2,0,13,6,7,1,0,1,3,2,1,8,5,3,8,4,4
C5120ST,20,347,District-Chatra,Total,60-69,69,37,32,13,6,7,18,9,9,1,1,0,20,11,9,1,1,0,0,0,0,6,5,1,10,4,6
C5120ST,20,347,District-Chatra,Total,70-79,40,27,13,12,10,2,2,1,1,1,1,0,21,13,8,0,0,0,0,0,0,1,1,0,3,1,2
C5120ST,20,347,District-Chatra,Total,80-89,14,7,7,3,2,1,4,2,2,2,2,0,3,1,2,0,0,0,0,0,0,0,0,0,2,0,2
C5120ST,20,347,District-Chatra,Total,90+,3,2,1,0,0,0,0,0,0,0,0,0,2,1,1,0,0,0,0,0,0,0,0,0,1,1,0
C5120ST,20,347,District-Chatra,Total,Age Not Stated,0,0,0,0,0,0,0,0,0,0,0,0,0,0,0,0,0,0,0,0,0,0,0,0,0,0,0
C5120ST,20,347,District-Chatra,Rural,Total,620,356,264,81,54,27,133,74,59,32,18,14,175,104,71,20,8,12,16,10,6,102,57,45,61,31,30
C5120ST,20,347,District-Chatra,Rural,0-4,24,14,10,5,3,2,6,3,3,2,0,2,6,4,2,0,0,0,0,0,0,4,3,1,1,1,0
C5120ST,20,347,District-Chatra,Rural,5-9,46,27,19,3,1,2,11,9,2,6,4,2,5,3,2,5,1,4,0,0,0,10,4,6,6,5,1
C5120ST,20,347,District-Chatra,Rural,10-19,131,71,60,10,8,2,25,9,16,7,3,4,38,23,15,6,3,3,4,2,2,27,15,12,14,8,6
C5120ST,20,347,District-Chatra,Rural,20-29,83,49,34,6,4,2,14,9,5,9,4,5,33,21,12,2,1,1,1,1,0,9,5,4,9,4,5
C5120ST,20,347,District-Chatra,Rural,30-39,73,44,29,5,4,1,18,12,6,2,1,1,16,8,8,3,2,1,6,4,2,20,11,9,3,2,1
C5120ST,20,347,District-Chatra,Rural,40-49,75,43,32,11,9,2,20,11,9,0,0,0,19,13,6,2,0,2,2,1,1,17,8,9,4,1,3
C5120ST,20,347,District-Chatra,Rural,50-59,63,35,28,13,7,6,15,9,6,2,2,0,13,6,7,1,0,1,3,2,1,8,5,3,8,4,4
C5120ST,20,347,District-Chatra,Rural,60-69,68,37,31,13,6,7,18,9,9,1,1,0,19,11,8,1,1,0,0,0,0,6,5,1,10,4,6
C5120ST,20,347,District-Chatra,Rural,70-79,40,27,13,12,10,2,2,1,1,1,1,0,21,13,8,0,0,0,0,0,0,1,1,0,3,1,2
C5120ST,20,347,District-Chatra,Rural,80-89,14,7,7,3,2,1,4,2,2,2,2,0,3,1,2,0,0,0,0,0,0,0,0,0,2,0,2
C5120ST,20,347,District-Chatra,Rural,90+,3,2,1,0,0,0,0,0,0,0,0,0,2,1,1,0,0,0,0,0,0,0,0,0,1,1,0
C5120ST,20,347,District-Chatra,Rural,Age Not Stated,0,0,0,0,0,0,0,0,0,0,0,0,0,0,0,0,0,0,0,0,0,0,0,0,0,0,0
C5120ST,20,347,District-Chatra,Urban,Total,11,7,4,0,0,0,2,2,0,0,0,0,6,4,2,0,0,0,2,1,1,1,0,1,0,0,0
C5120ST,20,347,District-Chatra,Urban,0-4,0,0,0,0,0,0,0,0,0,0,0,0,0,0,0,0,0,0,0,0,0,0,0,0,0,0,0
C5120ST,20,347,District-Chatra,Urban,5-9,2,2,0,0,0,0,1,1,0,0,0,0,1,1,0,0,0,0,0,0,0,0,0,0,0,0,0
C5120ST,20,347,District-Chatra,Urban,10-19,3,2,1,0,0,0,0,0,0,0,0,0,2,2,0,0,0,0,0,0,0,1,0,1,0,0,0
C5120ST,20,347,District-Chatra,Urban,20-29,2,1,1,0,0,0,0,0,0,0,0,0,1,1,0,0,0,0,1,0,1,0,0,0,0,0,0
C5120ST,20,347,District-Chatra,Urban,30-39,2,1,1,0,0,0,1,1,0,0,0,0,1,0,1,0,0,0,0,0,0,0,0,0,0,0,0
C5120ST,20,347,District-Chatra,Urban,40-49,1,1,0,0,0,0,0,0,0,0,0,0,0,0,0,0,0,0,1,1,0,0,0,0,0,0,0
C5120ST,20,347,District-Chatra,Urban,50-59,0,0,0,0,0,0,0,0,0,0,0,0,0,0,0,0,0,0,0,0,0,0,0,0,0,0,0
C5120ST,20,347,District-Chatra,Urban,60-69,1,0,1,0,0,0,0,0,0,0,0,0,1,0,1,0,0,0,0,0,0,0,0,0,0,0,0
C5120ST,20,347,District-Chatra,Urban,70-79,0,0,0,0,0,0,0,0,0,0,0,0,0,0,0,0,0,0,0,0,0,0,0,0,0,0,0
C5120ST,20,347,District-Chatra,Urban,80-89,0,0,0,0,0,0,0,0,0,0,0,0,0,0,0,0,0,0,0,0,0,0,0,0,0,0,0
C5120ST,20,347,District-Chatra,Urban,90+,0,0,0,0,0,0,0,0,0,0,0,0,0,0,0,0,0,0,0,0,0,0,0,0,0,0,0
C5120ST,20,347,District-Chatra,Urban,Age Not Stated,0,0,0,0,0,0,0,0,0,0,0,0,0,0,0,0,0,0,0,0,0,0,0,0,0,0,0
C5120ST,20,348,District-Kodarma,Total,Total,72,53,19,12,8,4,10,8,2,2,2,0,21,14,7,3,2,1,1,1,0,15,12,3,8,6,2
C5120ST,20,348,District-Kodarma,Total,0-4,5,2,3,0,0,0,0,0,0,0,0,0,1,0,1,0,0,0,0,0,0,3,2,1,1,0,1
C5120ST,20,348,District-Kodarma,Total,5-9,2,2,0,1,1,0,0,0,0,0,0,0,1,1,0,0,0,0,0,0,0,0,0,0,0,0,0
C5120ST,20,348,District-Kodarma,Total,10-19,13,11,2,2,1,1,0,0,0,1,1,0,2,2,0,1,1,0,0,0,0,3,2,1,4,4,0
C5120ST,20,348,District-Kodarma,Total,20-29,10,6,4,2,0,2,2,1,1,0,0,0,2,2,0,0,0,0,0,0,0,3,2,1,1,1,0
C5120ST,20,348,District-Kodarma,Total,30-39,14,13,1,1,1,0,4,4,0,1,1,0,6,5,1,0,0,0,0,0,0,2,2,0,0,0,0
C5120ST,20,348,District-Kodarma,Total,40-49,5,4,1,1,0,1,0,0,0,0,0,0,3,3,0,1,1,0,0,0,0,0,0,0,0,0,0
C5120ST,20,348,District-Kodarma,Total,50-59,7,4,3,0,0,0,1,0,1,0,0,0,1,0,1,0,0,0,0,0,0,3,3,0,2,1,1
C5120ST,20,348,District-Kodarma,Total,60-69,8,7,1,3,3,0,2,2,0,0,0,0,0,0,0,1,0,1,1,1,0,1,1,0,0,0,0
C5120ST,20,348,District-Kodarma,Total,70-79,5,1,4,0,0,0,0,0,0,0,0,0,5,1,4,0,0,0,0,0,0,0,0,0,0,0,0
C5120ST,20,348,District-Kodarma,Total,80-89,3,3,0,2,2,0,1,1,0,0,0,0,0,0,0,0,0,0,0,0,0,0,0,0,0,0,0
C5120ST,20,348,District-Kodarma,Total,90+,0,0,0,0,0,0,0,0,0,0,0,0,0,0,0,0,0,0,0,0,0,0,0,0,0,0,0
C5120ST,20,348,District-Kodarma,Total,Age Not Stated,0,0,0,0,0,0,0,0,0,0,0,0,0,0,0,0,0,0,0,0,0,0,0,0,0,0,0
C5120ST,20,348,District-Kodarma,Rural,Total,63,49,14,11,8,3,7,7,0,2,2,0,20,14,6,3,2,1,1,1,0,15,12,3,4,3,1
C5120ST,20,348,District-Kodarma,Rural,0-4,4,2,2,0,0,0,0,0,0,0,0,0,1,0,1,0,0,0,0,0,0,3,2,1,0,0,0
C5120ST,20,348,District-Kodarma,Rural,5-9,2,2,0,1,1,0,0,0,0,0,0,0,1,1,0,0,0,0,0,0,0,0,0,0,0,0,0
C5120ST,20,348,District-Kodarma,Rural,10-19,11,9,2,2,1,1,0,0,0,1,1,0,2,2,0,1,1,0,0,0,0,3,2,1,2,2,0
C5120ST,20,348,District-Kodarma,Rural,20-29,8,5,3,2,0,2,1,1,0,0,0,0,2,2,0,0,0,0,0,0,0,3,2,1,0,0,0
C5120ST,20,348,District-Kodarma,Rural,30-39,14,13,1,1,1,0,4,4,0,1,1,0,6,5,1,0,0,0,0,0,0,2,2,0,0,0,0
C5120ST,20,348,District-Kodarma,Rural,40-49,4,4,0,0,0,0,0,0,0,0,0,0,3,3,0,1,1,0,0,0,0,0,0,0,0,0,0
C5120ST,20,348,District-Kodarma,Rural,50-59,5,4,1,0,0,0,0,0,0,0,0,0,0,0,0,0,0,0,0,0,0,3,3,0,2,1,1
C5120ST,20,348,District-Kodarma,Rural,60-69,7,6,1,3,3,0,1,1,0,0,0,0,0,0,0,1,0,1,1,1,0,1,1,0,0,0,0
C5120ST,20,348,District-Kodarma,Rural,70-79,5,1,4,0,0,0,0,0,0,0,0,0,5,1,4,0,0,0,0,0,0,0,0,0,0,0,0
C5120ST,20,348,District-Kodarma,Rural,80-89,3,3,0,2,2,0,1,1,0,0,0,0,0,0,0,0,0,0,0,0,0,0,0,0,0,0,0
C5120ST,20,348,District-Kodarma,Rural,90+,0,0,0,0,0,0,0,0,0,0,0,0,0,0,0,0,0,0,0,0,0,0,0,0,0,0,0
C5120ST,20,348,District-Kodarma,Rural,Age Not Stated,0,0,0,0,0,0,0,0,0,0,0,0,0,0,0,0,0,0,0,0,0,0,0,0,0,0,0
C5120ST,20,348,District-Kodarma,Urban,Total,9,4,5,1,0,1,3,1,2,0,0,0,1,0,1,0,0,0,0,0,0,0,0,0,4,3,1
C5120ST,20,348,District-Kodarma,Urban,0-4,1,0,1,0,0,0,0,0,0,0,0,0,0,0,0,0,0,0,0,0,0,0,0,0,1,0,1
C5120ST,20,348,District-Kodarma,Urban,5-9,0,0,0,0,0,0,0,0,0,0,0,0,0,0,0,0,0,0,0,0,0,0,0,0,0,0,0
C5120ST,20,348,District-Kodarma,Urban,10-19,2,2,0,0,0,0,0,0,0,0,0,0,0,0,0,0,0,0,0,0,0,0,0,0,2,2,0
C5120ST,20,348,District-Kodarma,Urban,20-29,2,1,1,0,0,0,1,0,1,0,0,0,0,0,0,0,0,0,0,0,0,0,0,0,1,1,0
C5120ST,20,348,District-Kodarma,Urban,30-39,0,0,0,0,0,0,0,0,0,0,0,0,0,0,0,0,0,0,0,0,0,0,0,0,0,0,0
C5120ST,20,348,District-Kodarma,Urban,40-49,1,0,1,1,0,1,0,0,0,0,0,0,0,0,0,0,0,0,0,0,0,0,0,0,0,0,0
C5120ST,20,348,District-Kodarma,Urban,50-59,2,0,2,0,0,0,1,0,1,0,0,0,1,0,1,0,0,0,0,0,0,0,0,0,0,0,0
C5120ST,20,348,District-Kodarma,Urban,60-69,1,1,0,0,0,0,1,1,0,0,0,0,0,0,0,0,0,0,0,0,0,0,0,0,0,0,0
C5120ST,20,348,District-Kodarma,Urban,70-79,0,0,0,0,0,0,0,0,0,0,0,0,0,0,0,0,0,0,0,0,0,0,0,0,0,0,0
C5120ST,20,348,District-Kodarma,Urban,80-89,0,0,0,0,0,0,0,0,0,0,0,0,0,0,0,0,0,0,0,0,0,0,0,0,0,0,0
C5120ST,20,348,District-Kodarma,Urban,90+,0,0,0,0,0,0,0,0,0,0,0,0,0,0,0,0,0,0,0,0,0,0,0,0,0,0,0
C5120ST,20,348,District-Kodarma,Urban,Age Not Stated,0,0,0,0,0,0,0,0,0,0,0,0,0,0,0,0,0,0,0,0,0,0,0,0,0,0,0
C5120ST,20,349,District-Giridih,Total,Total,4355,2367,1988,830,420,410,1223,651,572,187,104,83,881,510,371,170,99,71,145,84,61,560,310,250,359,189,170
C5120ST,20,349,District-Giridih,Total,0-4,271,147,124,59,26,33,100,51,49,6,3,3,29,19,10,6,2,4,4,3,1,44,29,15,23,14,9
C5120ST,20,349,District-Giridih,Total,5-9,405,237,168,54,37,17,127,67,60,36,19,17,58,33,25,18,13,5,9,8,1,64,34,30,39,26,13
C5120ST,20,349,District-Giridih,Total,10-19,852,454,398,120,62,58,231,121,110,64,35,29,181,102,79,53,28,25,39,17,22,106,55,51,58,34,24
C5120ST,20,349,District-Giridih,Total,20-29,559,304,255,78,39,39,160,84,76,34,20,14,96,60,36,26,16,10,33,18,15,86,45,41,46,22,24
C5120ST,20,349,District-Giridih,Total,30-39,471,274,197,53,38,15,157,89,68,18,14,4,101,54,47,24,12,12,12,7,5,85,49,36,21,11,10
C5120ST,20,349,District-Giridih,Total,40-49,439,276,163,77,43,34,127,78,49,11,3,8,96,61,35,19,14,5,22,17,5,60,44,16,27,16,11
C5120ST,20,349,District-Giridih,Total,50-59,421,235,186,97,47,50,103,58,45,8,4,4,114,74,40,10,8,2,10,5,5,48,24,24,31,15,16
C5120ST,20,349,District-Giridih,Total,60-69,581,269,312,171,73,98,142,62,80,4,3,1,131,70,61,14,6,8,14,8,6,47,23,24,58,24,34
C5120ST,20,349,District-Giridih,Total,70-79,278,134,144,96,43,53,58,33,25,6,3,3,60,33,27,0,0,0,1,0,1,17,5,12,40,17,23
C5120ST,20,349,District-Giridih,Total,80-89,57,26,31,18,9,9,13,6,7,0,0,0,12,2,10,0,0,0,1,1,0,2,1,1,11,7,4
C5120ST,20,349,District-Giridih,Total,90+,20,10,10,7,3,4,4,1,3,0,0,0,3,2,1,0,0,0,0,0,0,1,1,0,5,3,2
C5120ST,20,349,District-Giridih,Total,Age Not Stated,1,1,0,0,0,0,1,1,0,0,0,0,0,0,0,0,0,0,0,0,0,0,0,0,0,0,0
C5120ST,20,349,District-Giridih,Rural,Total,4309,2343,1966,822,416,406,1212,648,564,186,104,82,866,501,365,170,99,71,143,83,60,554,306,248,356,186,170
C5120ST,20,349,District-Giridih,Rural,0-4,271,147,124,59,26,33,100,51,49,6,3,3,29,19,10,6,2,4,4,3,1,44,29,15,23,14,9
C5120ST,20,349,District-Giridih,Rural,5-9,404,237,167,54,37,17,127,67,60,36,19,17,57,33,24,18,13,5,9,8,1,64,34,30,39,26,13
C5120ST,20,349,District-Giridih,Rural,10-19,848,452,396,119,61,58,230,121,109,64,35,29,181,102,79,53,28,25,38,17,21,106,55,51,57,33,24
C5120ST,20,349,District-Giridih,Rural,20-29,554,301,253,76,38,38,160,84,76,33,20,13,95,59,36,26,16,10,33,18,15,86,45,41,45,21,24
C5120ST,20,349,District-Giridih,Rural,30-39,466,271,195,53,38,15,155,89,66,18,14,4,100,53,47,24,12,12,11,6,5,84,48,36,21,11,10
C5120ST,20,349,District-Giridih,Rural,40-49,428,269,159,76,43,33,125,77,48,11,3,8,92,58,34,19,14,5,22,17,5,57,42,15,26,15,11
C5120ST,20,349,District-Giridih,Rural,50-59,416,231,185,97,47,50,101,56,45,8,4,4,112,73,39,10,8,2,10,5,5,47,23,24,31,15,16
C5120ST,20,349,District-Giridih,Rural,60-69,573,268,305,170,73,97,140,62,78,4,3,1,127,69,58,14,6,8,14,8,6,46,23,23,58,24,34
C5120ST,20,349,District-Giridih,Rural,70-79,272,130,142,93,41,52,57,33,24,6,3,3,58,31,27,0,0,0,1,0,1,17,5,12,40,17,23
C5120ST,20,349,District-Giridih,Rural,80-89,56,26,30,18,9,9,12,6,6,0,0,0,12,2,10,0,0,0,1,1,0,2,1,1,11,7,4
C5120ST,20,349,District-Giridih,Rural,90+,20,10,10,7,3,4,4,1,3,0,0,0,3,2,1,0,0,0,0,0,0,1,1,0,5,3,2
C5120ST,20,349,District-Giridih,Rural,Age Not Stated,1,1,0,0,0,0,1,1,0,0,0,0,0,0,0,0,0,0,0,0,0,0,0,0,0,0,0
C5120ST,20,349,District-Giridih,Urban,Total,46,24,22,8,4,4,11,3,8,1,0,1,15,9,6,0,0,0,2,1,1,6,4,2,3,3,0
C5120ST,20,349,District-Giridih,Urban,0-4,0,0,0,0,0,0,0,0,0,0,0,0,0,0,0,0,0,0,0,0,0,0,0,0,0,0,0
C5120ST,20,349,District-Giridih,Urban,5-9,1,0,1,0,0,0,0,0,0,0,0,0,1,0,1,0,0,0,0,0,0,0,0,0,0,0,0
C5120ST,20,349,District-Giridih,Urban,10-19,4,2,2,1,1,0,1,0,1,0,0,0,0,0,0,0,0,0,1,0,1,0,0,0,1,1,0
C5120ST,20,349,District-Giridih,Urban,20-29,5,3,2,2,1,1,0,0,0,1,0,1,1,1,0,0,0,0,0,0,0,0,0,0,1,1,0
C5120ST,20,349,District-Giridih,Urban,30-39,5,3,2,0,0,0,2,0,2,0,0,0,1,1,0,0,0,0,1,1,0,1,1,0,0,0,0
C5120ST,20,349,District-Giridih,Urban,40-49,11,7,4,1,0,1,2,1,1,0,0,0,4,3,1,0,0,0,0,0,0,3,2,1,1,1,0
C5120ST,20,349,District-Giridih,Urban,50-59,5,4,1,0,0,0,2,2,0,0,0,0,2,1,1,0,0,0,0,0,0,1,1,0,0,0,0
C5120ST,20,349,District-Giridih,Urban,60-69,8,1,7,1,0,1,2,0,2,0,0,0,4,1,3,0,0,0,0,0,0,1,0,1,0,0,0
C5120ST,20,349,District-Giridih,Urban,70-79,6,4,2,3,2,1,1,0,1,0,0,0,2,2,0,0,0,0,0,0,0,0,0,0,0,0,0
C5120ST,20,349,District-Giridih,Urban,80-89,1,0,1,0,0,0,1,0,1,0,0,0,0,0,0,0,0,0,0,0,0,0,0,0,0,0,0
C5120ST,20,349,District-Giridih,Urban,90+,0,0,0,0,0,0,0,0,0,0,0,0,0,0,0,0,0,0,0,0,0,0,0,0,0,0,0
C5120ST,20,349,District-Giridih,Urban,Age Not Stated,0,0,0,0,0,0,0,0,0,0,0,0,0,0,0,0,0,0,0,0,0,0,0,0,0,0,0
C5120ST,20,350,District-Deoghar,Total,Total,5282,2753,2529,1959,952,1007,1278,698,580,235,127,108,670,373,297,165,84,81,59,32,27,686,371,315,230,116,114
C5120ST,20,350,District-Deoghar,Total,0-4,517,250,267,218,97,121,146,80,66,6,2,4,35,19,16,13,3,10,2,0,2,79,39,40,18,10,8
C5120ST,20,350,District-Deoghar,Total,5-9,586,271,315,260,114,146,154,68,86,38,18,20,33,16,17,12,5,7,2,1,1,61,36,25,26,13,13
C5120ST,20,350,District-Deoghar,Total,10-19,1025,562,463,376,198,178,241,143,98,64,33,31,115,62,53,38,24,14,9,6,3,130,71,59,52,25,27
C5120ST,20,350,District-Deoghar,Total,20-29,776,401,375,287,142,145,177,93,84,37,24,13,92,48,44,37,22,15,11,5,6,114,57,57,21,10,11
C5120ST,20,350,District-Deoghar,Total,30-39,649,376,273,219,125,94,156,94,62,32,19,13,79,46,33,20,9,11,15,11,4,102,56,46,26,16,10
C5120ST,20,350,District-Deoghar,Total,40-49,533,293,240,171,67,104,132,79,53,24,16,8,88,53,35,18,11,7,7,6,1,83,54,29,10,7,3
C5120ST,20,350,District-Deoghar,Total,50-59,433,233,200,163,90,73,98,50,48,19,7,12,77,49,28,13,6,7,8,1,7,44,23,21,11,7,4
C5120ST,20,350,District-Deoghar,Total,60-69,474,229,245,164,74,90,107,52,55,10,5,5,99,51,48,12,4,8,4,2,2,49,27,22,29,14,15
C5120ST,20,350,District-Deoghar,Total,70-79,220,99,121,73,31,42,52,30,22,4,2,2,41,22,19,2,0,2,1,0,1,21,5,16,26,9,17
C5120ST,20,350,District-Deoghar,Total,80-89,49,29,20,19,10,9,12,6,6,1,1,0,7,6,1,0,0,0,0,0,0,3,3,0,7,3,4
C5120ST,20,350,District-Deoghar,Total,90+,12,6,6,4,1,3,2,2,0,0,0,0,2,1,1,0,0,0,0,0,0,0,0,0,4,2,2
C5120ST,20,350,District-Deoghar,Total,Age Not Stated,8,4,4,5,3,2,1,1,0,0,0,0,2,0,2,0,0,0,0,0,0,0,0,0,0,0,0
C5120ST,20,350,District-Deoghar,Rural,Total,5140,2679,2461,1926,937,989,1253,684,569,230,123,107,652,365,287,155,78,77,57,31,26,646,349,297,221,112,109
C5120ST,20,350,District-Deoghar,Rural,0-4,505,244,261,216,96,120,144,79,65,6,2,4,34,19,15,12,2,10,2,0,2,76,38,38,15,8,7
C5120ST,20,350,District-Deoghar,Rural,5-9,568,265,303,254,113,141,149,66,83,37,17,20,32,16,16,10,4,6,2,1,1,59,35,24,25,13,12
C5120ST,20,350,District-Deoghar,Rural,10-19,1006,554,452,372,196,176,237,142,95,64,33,31,113,60,53,36,24,12,9,6,3,123,68,55,52,25,27
C5120ST,20,350,District-Deoghar,Rural,20-29,754,390,364,280,138,142,173,91,82,36,23,13,90,48,42,35,20,15,11,5,6,108,55,53,21,10,11
C5120ST,20,350,District-Deoghar,Rural,30-39,619,359,260,215,124,91,151,91,60,32,19,13,73,41,32,19,8,11,14,10,4,90,50,40,25,16,9
C5120ST,20,350,District-Deoghar,Rural,40-49,512,279,233,164,63,101,129,76,53,23,16,7,87,53,34,17,11,6,7,6,1,76,47,29,9,7,2
C5120ST,20,350,District-Deoghar,Rural,50-59,425,227,198,162,89,73,98,50,48,18,6,12,76,48,28,12,5,7,7,1,6,42,22,20,10,6,4
C5120ST,20,350,District-Deoghar,Rural,60-69,467,224,243,163,73,90,106,51,55,9,4,5,97,51,46,12,4,8,4,2,2,48,26,22,28,13,15
C5120ST,20,350,District-Deoghar,Rural,70-79,216,98,118,72,31,41,51,29,22,4,2,2,40,22,18,2,0,2,1,0,1,21,5,16,25,9,16
C5120ST,20,350,District-Deoghar,Rural,80-89,49,29,20,19,10,9,12,6,6,1,1,0,7,6,1,0,0,0,0,0,0,3,3,0,7,3,4
C5120ST,20,350,District-Deoghar,Rural,90+,11,6,5,4,1,3,2,2,0,0,0,0,1,1,0,0,0,0,0,0,0,0,0,0,4,2,2
C5120ST,20,350,District-Deoghar,Rural,Age Not Stated,8,4,4,5,3,2,1,1,0,0,0,0,2,0,2,0,0,0,0,0,0,0,0,0,0,0,0
C5120ST,20,350,District-Deoghar,Urban,Total,142,74,68,33,15,18,25,14,11,5,4,1,18,8,10,10,6,4,2,1,1,40,22,18,9,4,5
C5120ST,20,350,District-Deoghar,Urban,0-4,12,6,6,2,1,1,2,1,1,0,0,0,1,0,1,1,1,0,0,0,0,3,1,2,3,2,1
C5120ST,20,350,District-Deoghar,Urban,5-9,18,6,12,6,1,5,5,2,3,1,1,0,1,0,1,2,1,1,0,0,0,2,1,1,1,0,1
C5120ST,20,350,District-Deoghar,Urban,10-19,19,8,11,4,2,2,4,1,3,0,0,0,2,2,0,2,0,2,0,0,0,7,3,4,0,0,0
C5120ST,20,350,District-Deoghar,Urban,20-29,22,11,11,7,4,3,4,2,2,1,1,0,2,0,2,2,2,0,0,0,0,6,2,4,0,0,0
C5120ST,20,350,District-Deoghar,Urban,30-39,30,17,13,4,1,3,5,3,2,0,0,0,6,5,1,1,1,0,1,1,0,12,6,6,1,0,1
C5120ST,20,350,District-Deoghar,Urban,40-49,21,14,7,7,4,3,3,3,0,1,0,1,1,0,1,1,0,1,0,0,0,7,7,0,1,0,1
C5120ST,20,350,District-Deoghar,Urban,50-59,8,6,2,1,1,0,0,0,0,1,1,0,1,1,0,1,1,0,1,0,1,2,1,1,1,1,0
C5120ST,20,350,District-Deoghar,Urban,60-69,7,5,2,1,1,0,1,1,0,1,1,0,2,0,2,0,0,0,0,0,0,1,1,0,1,1,0
C5120ST,20,350,District-Deoghar,Urban,70-79,4,1,3,1,0,1,1,1,0,0,0,0,1,0,1,0,0,0,0,0,0,0,0,0,1,0,1
C5120ST,20,350,District-Deoghar,Urban,80-89,0,0,0,0,0,0,0,0,0,0,0,0,0,0,0,0,0,0,0,0,0,0,0,0,0,0,0
C5120ST,20,350,District-Deoghar,Urban,90+,1,0,1,0,0,0,0,0,0,0,0,0,1,0,1,0,0,0,0,0,0,0,0,0,0,0,0
C5120ST,20,350,District-Deoghar,Urban,Age Not Stated,0,0,0,0,0,0,0,0,0,0,0,0,0,0,0,0,0,0,0,0,0,0,0,0,0,0,0
C5120ST,20,351,District-Godda,Total,Total,10676,5443,5233,5033,2606,2427,1820,904,916,222,127,95,1655,850,805,391,212,179,85,36,49,982,497,485,488,211,277
C5120ST,20,351,District-Godda,Total,0-4,811,400,411,456,234,222,143,75,68,4,1,3,59,25,34,39,17,22,4,2,2,84,38,46,22,8,14
C5120ST,20,351,District-Godda,Total,5-9,1049,527,522,555,281,274,215,101,114,27,17,10,54,34,20,38,17,21,9,3,6,116,51,65,35,23,12
C5120ST,20,351,District-Godda,Total,10-19,1914,1011,903,955,482,473,303,158,145,59,36,23,226,123,103,78,46,32,19,9,10,189,105,84,85,52,33
C5120ST,20,351,District-Godda,Total,20-29,1477,761,716,731,369,362,268,126,142,41,27,14,186,114,72,63,37,26,8,4,4,137,61,76,43,23,20
C5120ST,20,351,District-Godda,Total,30-39,1379,760,619,692,386,306,228,120,108,41,19,22,145,89,56,71,37,34,16,7,9,151,85,66,35,17,18
C5120ST,20,351,District-Godda,Total,40-49,1261,729,532,624,367,257,232,127,105,17,8,9,186,111,75,48,29,19,10,4,6,110,63,47,34,20,14
C5120ST,20,351,District-Godda,Total,50-59,1010,560,450,447,247,200,186,104,82,15,8,7,200,121,79,31,20,11,9,4,5,87,44,43,35,12,23
C5120ST,20,351,District-Godda,Total,60-69,1142,456,686,406,172,234,179,65,114,11,7,4,365,143,222,19,7,12,6,2,4,73,37,36,83,23,60
C5120ST,20,351,District-Godda,Total,70-79,490,183,307,127,52,75,56,26,30,5,2,3,195,75,120,3,1,2,4,1,3,22,7,15,78,19,59
C5120ST,20,351,District-Godda,Total,80-89,101,37,64,29,11,18,6,1,5,2,2,0,31,11,20,1,1,0,0,0,0,7,2,5,25,9,16
C5120ST,20,351,District-Godda,Total,90+,32,15,17,7,3,4,3,1,2,0,0,0,8,4,4,0,0,0,0,0,0,2,2,0,12,5,7
C5120ST,20,351,District-Godda,Total,Age Not Stated,10,4,6,4,2,2,1,0,1,0,0,0,0,0,0,0,0,0,0,0,0,4,2,2,1,0,1
C5120ST,20,351,District-Godda,Rural,Total,10581,5391,5190,4979,2578,2401,1809,898,911,221,127,94,1643,843,800,391,212,179,85,36,49,971,489,482,482,208,274
C5120ST,20,351,District-Godda,Rural,0-4,804,398,406,450,232,218,143,75,68,4,1,3,59,25,34,39,17,22,4,2,2,83,38,45,22,8,14
C5120ST,20,351,District-Godda,Rural,5-9,1043,524,519,551,278,273,214,101,113,26,17,9,54,34,20,38,17,21,9,3,6,116,51,65,35,23,12
C5120ST,20,351,District-Godda,Rural,10-19,1893,996,897,940,473,467,302,157,145,59,36,23,225,122,103,78,46,32,19,9,10,188,104,84,82,49,33
C5120ST,20,351,District-Godda,Rural,20-29,1463,755,708,723,366,357,265,125,140,41,27,14,186,114,72,63,37,26,8,4,4,134,59,75,43,23,20
C5120ST,20,351,District-Godda,Rural,30-39,1368,751,617,689,384,305,224,117,107,41,19,22,143,87,56,71,37,34,16,7,9,149,83,66,35,17,18
C5120ST,20,351,District-Godda,Rural,40-49,1249,723,526,617,364,253,230,126,104,17,8,9,185,110,75,48,29,19,10,4,6,108,62,46,34,20,14
C5120ST,20,351,District-Godda,Rural,50-59,1004,555,449,444,244,200,186,104,82,15,8,7,198,120,78,31,20,11,9,4,5,86,43,43,35,12,23
C5120ST,20,351,District-Godda,Rural,60-69,1133,454,679,400,171,229,179,65,114,11,7,4,363,142,221,19,7,12,6,2,4,73,37,36,82,23,59
C5120ST,20,351,District-Godda,Rural,70-79,485,181,304,126,51,75,56,26,30,5,2,3,192,74,118,3,1,2,4,1,3,22,7,15,77,19,58
C5120ST,20,351,District-Godda,Rural,80-89,98,36,62,29,11,18,6,1,5,2,2,0,30,11,19,1,1,0,0,0,0,6,1,5,24,9,15
C5120ST,20,351,District-Godda,Rural,90+,31,14,17,6,2,4,3,1,2,0,0,0,8,4,4,0,0,0,0,0,0,2,2,0,12,5,7
C5120ST,20,351,District-Godda,Rural,Age Not Stated,10,4,6,4,2,2,1,0,1,0,0,0,0,0,0,0,0,0,0,0,0,4,2,2,1,0,1
C5120ST,20,351,District-Godda,Urban,Total,95,52,43,54,28,26,11,6,5,1,0,1,12,7,5,0,0,0,0,0,0,11,8,3,6,3,3
C5120ST,20,351,District-Godda,Urban,0-4,7,2,5,6,2,4,0,0,0,0,0,0,0,0,0,0,0,0,0,0,0,1,0,1,0,0,0
C5120ST,20,351,District-Godda,Urban,5-9,6,3,3,4,3,1,1,0,1,1,0,1,0,0,0,0,0,0,0,0,0,0,0,0,0,0,0
C5120ST,20,351,District-Godda,Urban,10-19,21,15,6,15,9,6,1,1,0,0,0,0,1,1,0,0,0,0,0,0,0,1,1,0,3,3,0
C5120ST,20,351,District-Godda,Urban,20-29,14,6,8,8,3,5,3,1,2,0,0,0,0,0,0,0,0,0,0,0,0,3,2,1,0,0,0
C5120ST,20,351,District-Godda,Urban,30-39,11,9,2,3,2,1,4,3,1,0,0,0,2,2,0,0,0,0,0,0,0,2,2,0,0,0,0
C5120ST,20,351,District-Godda,Urban,40-49,12,6,6,7,3,4,2,1,1,0,0,0,1,1,0,0,0,0,0,0,0,2,1,1,0,0,0
C5120ST,20,351,District-Godda,Urban,50-59,6,5,1,3,3,0,0,0,0,0,0,0,2,1,1,0,0,0,0,0,0,1,1,0,0,0,0
C5120ST,20,351,District-Godda,Urban,60-69,9,2,7,6,1,5,0,0,0,0,0,0,2,1,1,0,0,0,0,0,0,0,0,0,1,0,1
C5120ST,20,351,District-Godda,Urban,70-79,5,2,3,1,1,0,0,0,0,0,0,0,3,1,2,0,0,0,0,0,0,0,0,0,1,0,1
C5120ST,20,351,District-Godda,Urban,80-89,3,1,2,0,0,0,0,0,0,0,0,0,1,0,1,0,0,0,0,0,0,1,1,0,1,0,1
C5120ST,20,351,District-Godda,Urban,90+,1,1,0,1,1,0,0,0,0,0,0,0,0,0,0,0,0,0,0,0,0,0,0,0,0,0,0
C5120ST,20,351,District-Godda,Urban,Age Not Stated,0,0,0,0,0,0,0,0,0,0,0,0,0,0,0,0,0,0,0,0,0,0,0,0,0,0,0
C5120ST,20,352,District-Sahibganj,Total,Total,8712,4338,4374,3228,1594,1634,2189,1039,1150,342,162,180,1112,607,505,406,211,195,92,39,53,994,533,461,349,153,196
C5120ST,20,352,District-Sahibganj,Total,0-4,726,364,362,368,196,172,190,85,105,6,4,2,26,13,13,24,15,9,0,0,0,83,39,44,29,12,17
C5120ST,20,352,District-Sahibganj,Total,5-9,968,478,490,408,204,204,242,114,128,38,19,19,61,33,28,48,23,25,9,3,6,126,64,62,36,18,18
C5120ST,20,352,District-Sahibganj,Total,10-19,1703,835,868,584,269,315,378,191,187,90,39,51,260,130,130,99,55,44,23,10,13,206,109,97,63,32,31
C5120ST,20,352,District-Sahibganj,Total,20-29,1302,682,620,497,246,251,272,125,147,62,34,28,197,128,69,70,36,34,22,12,10,155,88,67,27,13,14
C5120ST,20,352,District-Sahibganj,Total,30-39,1167,622,545,431,219,212,328,164,164,49,25,24,95,63,32,60,33,27,8,3,5,155,91,64,41,24,17
C5120ST,20,352,District-Sahibganj,Total,40-49,1030,546,484,368,208,160,259,131,128,43,16,27,132,85,47,52,29,23,18,6,12,128,58,70,30,13,17
C5120ST,20,352,District-Sahibganj,Total,50-59,739,362,377,266,127,139,202,99,103,26,13,13,120,58,62,26,11,15,5,3,2,63,42,21,31,9,22
C5120ST,20,352,District-Sahibganj,Total,60-69,735,311,424,215,89,126,211,77,134,18,7,11,160,75,85,21,8,13,5,2,3,57,35,22,48,18,30
C5120ST,20,352,District-Sahibganj,Total,70-79,237,91,146,61,24,37,76,36,40,4,1,3,47,16,31,5,1,4,2,0,2,10,2,8,32,11,21
C5120ST,20,352,District-Sahibganj,Total,80-89,52,21,31,14,4,10,14,9,5,4,2,2,10,5,5,1,0,1,0,0,0,3,1,2,6,0,6
C5120ST,20,352,District-Sahibganj,Total,90+,17,7,10,5,3,2,5,2,3,1,1,0,2,0,2,0,0,0,0,0,0,2,0,2,2,1,1
C5120ST,20,352,District-Sahibganj,Total,Age Not Stated,36,19,17,11,5,6,12,6,6,1,1,0,2,1,1,0,0,0,0,0,0,6,4,2,4,2,2
C5120ST,20,352,District-Sahibganj,Rural,Total,8513,4230,4283,3159,1556,1603,2149,1016,1133,329,156,173,1093,599,494,396,204,192,90,38,52,953,511,442,344,150,194
C5120ST,20,352,District-Sahibganj,Rural,0-4,709,357,352,363,193,170,185,83,102,5,4,1,26,13,13,24,15,9,0,0,0,78,37,41,28,12,16
C5120ST,20,352,District-Sahibganj,Rural,5-9,950,474,476,398,202,196,239,114,125,38,19,19,60,33,27,46,22,24,8,3,5,125,63,62,36,18,18
C5120ST,20,352,District-Sahibganj,Rural,10-19,1674,822,852,576,265,311,371,189,182,90,39,51,256,129,127,98,54,44,23,10,13,198,105,93,62,31,31
C5120ST,20,352,District-Sahibganj,Rural,20-29,1264,656,608,482,236,246,266,119,147,59,32,27,194,126,68,69,36,33,21,11,10,146,83,63,27,13,14
C5120ST,20,352,District-Sahibganj,Rural,30-39,1143,608,535,423,215,208,323,161,162,47,23,24,94,63,31,58,31,27,8,3,5,150,88,62,40,24,16
C5120ST,20,352,District-Sahibganj,Rural,40-49,999,524,475,359,201,158,253,127,126,41,15,26,130,83,47,48,26,22,18,6,12,120,53,67,30,13,17
C5120ST,20,352,District-Sahibganj,Rural,50-59,727,355,372,261,125,136,199,96,103,25,13,12,118,56,62,26,11,15,5,3,2,62,42,20,31,9,22
C5120ST,20,352,District-Sahibganj,Rural,60-69,723,306,417,211,86,125,208,76,132,16,7,9,157,74,83,21,8,13,5,2,3,57,35,22,48,18,30
C5120ST,20,352,District-Sahibganj,Rural,70-79,230,87,143,58,22,36,75,35,40,4,1,3,45,16,29,5,1,4,2,0,2,10,2,8,31,10,21
C5120ST,20,352,District-Sahibganj,Rural,80-89,49,19,30,14,4,10,13,8,5,2,1,1,10,5,5,1,0,1,0,0,0,3,1,2,6,0,6
C5120ST,20,352,District-Sahibganj,Rural,90+,14,7,7,4,3,1,5,2,3,1,1,0,1,0,1,0,0,0,0,0,0,1,0,1,2,1,1
C5120ST,20,352,District-Sahibganj,Rural,Age Not Stated,31,15,16,10,4,6,12,6,6,1,1,0,2,1,1,0,0,0,0,0,0,3,2,1,3,1,2
C5120ST,20,352,District-Sahibganj,Urban,Total,199,108,91,69,38,31,40,23,17,13,6,7,19,8,11,10,7,3,2,1,1,41,22,19,5,3,2
C5120ST,20,352,District-Sahibganj,Urban,0-4,17,7,10,5,3,2,5,2,3,1,0,1,0,0,0,0,0,0,0,0,0,5,2,3,1,0,1
C5120ST,20,352,District-Sahibganj,Urban,5-9,18,4,14,10,2,8,3,0,3,0,0,0,1,0,1,2,1,1,1,0,1,1,1,0,0,0,0
C5120ST,20,352,District-Sahibganj,Urban,10-19,29,13,16,8,4,4,7,2,5,0,0,0,4,1,3,1,1,0,0,0,0,8,4,4,1,1,0
C5120ST,20,352,District-Sahibganj,Urban,20-29,38,26,12,15,10,5,6,6,0,3,2,1,3,2,1,1,0,1,1,1,0,9,5,4,0,0,0
C5120ST,20,352,District-Sahibganj,Urban,30-39,24,14,10,8,4,4,5,3,2,2,2,0,1,0,1,2,2,0,0,0,0,5,3,2,1,0,1
C5120ST,20,352,District-Sahibganj,Urban,40-49,31,22,9,9,7,2,6,4,2,2,1,1,2,2,0,4,3,1,0,0,0,8,5,3,0,0,0
C5120ST,20,352,District-Sahibganj,Urban,50-59,12,7,5,5,2,3,3,3,0,1,0,1,2,2,0,0,0,0,0,0,0,1,0,1,0,0,0
C5120ST,20,352,District-Sahibganj,Urban,60-69,12,5,7,4,3,1,3,1,2,2,0,2,3,1,2,0,0,0,0,0,0,0,0,0,0,0,0
C5120ST,20,352,District-Sahibganj,Urban,70-79,7,4,3,3,2,1,1,1,0,0,0,0,2,0,2,0,0,0,0,0,0,0,0,0,1,1,0
C5120ST,20,352,District-Sahibganj,Urban,80-89,3,2,1,0,0,0,1,1,0,2,1,1,0,0,0,0,0,0,0,0,0,0,0,0,0,0,0
C5120ST,20,352,District-Sahibganj,Urban,90+,3,0,3,1,0,1,0,0,0,0,0,0,1,0,1,0,0,0,0,0,0,1,0,1,0,0,0
C5120ST,20,352,District-Sahibganj,Urban,Age Not Stated,5,4,1,1,1,0,0,0,0,0,0,0,0,0,0,0,0,0,0,0,0,3,2,1,1,1,0
C5120ST,20,353,District-Pakur,Total,Total,8893,4542,4351,3062,1535,1527,1836,914,922,359,190,169,1546,832,714,353,181,172,148,82,66,1127,593,534,462,215,247
C5120ST,20,353,District-Pakur,Total,0-4,742,378,364,352,183,169,167,75,92,4,1,3,36,24,12,30,14,16,3,1,2,122,62,60,28,18,10
C5120ST,20,353,District-Pakur,Total,5-9,996,510,486,407,212,195,205,106,99,47,18,29,98,47,51,47,25,22,3,1,2,138,76,62,51,25,26
C5120ST,20,353,District-Pakur,Total,10-19,1656,822,834,525,265,260,276,135,141,91,51,40,313,166,147,86,34,52,31,13,18,232,113,119,102,45,57
C5120ST,20,353,District-Pakur,Total,20-29,1221,635,586,401,194,207,239,119,120,67,31,36,203,126,77,59,35,24,31,18,13,171,87,84,50,25,25
C5120ST,20,353,District-Pakur,Total,30-39,1054,592,462,355,195,160,214,123,91,69,42,27,151,94,57,52,26,26,27,18,9,143,73,70,43,21,22
C5120ST,20,353,District-Pakur,Total,40-49,1095,621,474,343,183,160,252,143,109,40,24,16,200,122,78,44,26,18,26,17,9,155,88,67,35,18,17
C5120ST,20,353,District-Pakur,Total,50-59,833,438,395,300,152,148,179,86,93,22,11,11,195,114,81,15,9,6,13,7,6,66,39,27,43,20,23
C5120ST,20,353,District-Pakur,Total,60-69,864,371,493,269,103,166,202,85,117,14,8,6,226,99,127,15,10,5,8,5,3,70,36,34,60,25,35
C5120ST,20,353,District-Pakur,Total,70-79,320,125,195,79,35,44,81,32,49,4,3,1,98,30,68,4,1,3,4,2,2,17,9,8,33,13,20
C5120ST,20,353,District-Pakur,Total,80-89,73,31,42,17,8,9,16,8,8,1,1,0,22,8,14,0,0,0,2,0,2,4,3,1,11,3,8
C5120ST,20,353,District-Pakur,Total,90+,22,9,13,7,2,5,3,2,1,0,0,0,4,2,2,1,1,0,0,0,0,1,0,1,6,2,4
C5120ST,20,353,District-Pakur,Total,Age Not Stated,17,10,7,7,3,4,2,0,2,0,0,0,0,0,0,0,0,0,0,0,0,8,7,1,0,0,0
C5120ST,20,353,District-Pakur,Rural,Total,8836,4511,4325,3041,1524,1517,1820,903,917,359,190,169,1539,829,710,351,180,171,145,81,64,1120,590,530,461,214,247
C5120ST,20,353,District-Pakur,Rural,0-4,740,377,363,350,182,168,167,75,92,4,1,3,36,24,12,30,14,16,3,1,2,122,62,60,28,18,10
C5120ST,20,353,District-Pakur,Rural,5-9,990,507,483,405,211,194,203,105,98,47,18,29,96,46,50,47,25,22,3,1,2,138,76,62,51,25,26
C5120ST,20,353,District-Pakur,Rural,10-19,1643,817,826,519,264,255,273,133,140,91,51,40,312,166,146,85,33,52,31,13,18,230,112,118,102,45,57
C5120ST,20,353,District-Pakur,Rural,20-29,1213,629,584,398,191,207,237,118,119,67,31,36,202,125,77,59,35,24,31,18,13,169,86,83,50,25,25
C5120ST,20,353,District-Pakur,Rural,30-39,1047,586,461,352,192,160,211,121,90,69,42,27,151,94,57,52,26,26,27,18,9,142,72,70,43,21,22
C5120ST,20,353,District-Pakur,Rural,40-49,1088,618,470,341,183,158,249,141,108,40,24,16,199,122,77,44,26,18,26,17,9,155,88,67,34,17,17
C5120ST,20,353,District-Pakur,Rural,50-59,827,436,391,299,152,147,178,85,93,22,11,11,194,113,81,14,9,5,12,7,5,65,39,26,43,20,23
C5120ST,20,353,District-Pakur,Rural,60-69,859,369,490,268,102,166,201,84,117,14,8,6,225,99,126,15,10,5,7,5,2,69,36,33,60,25,35
C5120ST,20,353,District-Pakur,Rural,70-79,318,123,195,78,34,44,81,32,49,4,3,1,98,30,68,4,1,3,3,1,2,17,9,8,33,13,20
C5120ST,20,353,District-Pakur,Rural,80-89,72,30,42,17,8,9,15,7,8,1,1,0,22,8,14,0,0,0,2,0,2,4,3,1,11,3,8
C5120ST,20,353,District-Pakur,Rural,90+,22,9,13,7,2,5,3,2,1,0,0,0,4,2,2,1,1,0,0,0,0,1,0,1,6,2,4
C5120ST,20,353,District-Pakur,Rural,Age Not Stated,17,10,7,7,3,4,2,0,2,0,0,0,0,0,0,0,0,0,0,0,0,8,7,1,0,0,0
C5120ST,20,353,District-Pakur,Urban,Total,57,31,26,21,11,10,16,11,5,0,0,0,7,3,4,2,1,1,3,1,2,7,3,4,1,1,0
C5120ST,20,353,District-Pakur,Urban,0-4,2,1,1,2,1,1,0,0,0,0,0,0,0,0,0,0,0,0,0,0,0,0,0,0,0,0,0
C5120ST,20,353,District-Pakur,Urban,5-9,6,3,3,2,1,1,2,1,1,0,0,0,2,1,1,0,0,0,0,0,0,0,0,0,0,0,0
C5120ST,20,353,District-Pakur,Urban,10-19,13,5,8,6,1,5,3,2,1,0,0,0,1,0,1,1,1,0,0,0,0,2,1,1,0,0,0
C5120ST,20,353,District-Pakur,Urban,20-29,8,6,2,3,3,0,2,1,1,0,0,0,1,1,0,0,0,0,0,0,0,2,1,1,0,0,0
C5120ST,20,353,District-Pakur,Urban,30-39,7,6,1,3,3,0,3,2,1,0,0,0,0,0,0,0,0,0,0,0,0,1,1,0,0,0,0
C5120ST,20,353,District-Pakur,Urban,40-49,7,3,4,2,0,2,3,2,1,0,0,0,1,0,1,0,0,0,0,0,0,0,0,0,1,1,0
C5120ST,20,353,District-Pakur,Urban,50-59,6,2,4,1,0,1,1,1,0,0,0,0,1,1,0,1,0,1,1,0,1,1,0,1,0,0,0
C5120ST,20,353,District-Pakur,Urban,60-69,5,2,3,1,1,0,1,1,0,0,0,0,1,0,1,0,0,0,1,0,1,1,0,1,0,0,0
C5120ST,20,353,District-Pakur,Urban,70-79,2,2,0,1,1,0,0,0,0,0,0,0,0,0,0,0,0,0,1,1,0,0,0,0,0,0,0
C5120ST,20,353,District-Pakur,Urban,80-89,1,1,0,0,0,0,1,1,0,0,0,0,0,0,0,0,0,0,0,0,0,0,0,0,0,0,0
C5120ST,20,353,District-Pakur,Urban,90+,0,0,0,0,0,0,0,0,0,0,0,0,0,0,0,0,0,0,0,0,0,0,0,0,0,0,0
C5120ST,20,353,District-Pakur,Urban,Age Not Stated,0,0,0,0,0,0,0,0,0,0,0,0,0,0,0,0,0,0,0,0,0,0,0,0,0,0,0
C5120ST,20,354,District-Dhanbad,Total,Total,6150,3199,2951,1431,733,698,1616,830,786,274,169,105,906,500,406,267,143,124,100,64,36,1185,578,607,371,182,189
C5120ST,20,354,District-Dhanbad,Total,0-4,412,193,219,99,51,48,125,55,70,7,2,5,29,16,13,16,8,8,2,2,0,111,47,64,23,12,11
C5120ST,20,354,District-Dhanbad,Total,5-9,539,265,274,131,61,70,164,76,88,41,26,15,28,13,15,25,13,12,3,2,1,117,59,58,30,15,15
C5120ST,20,354,District-Dhanbad,Total,10-19,1216,661,555,255,138,117,280,141,139,82,52,30,172,88,84,92,53,39,27,19,8,237,130,107,71,40,31
C5120ST,20,354,District-Dhanbad,Total,20-29,946,494,452,193,102,91,239,131,108,50,30,20,145,83,62,43,20,23,25,18,7,210,91,119,41,19,22
C5120ST,20,354,District-Dhanbad,Total,30-39,778,431,347,179,96,83,221,113,108,33,24,9,108,67,41,42,29,13,15,5,10,156,81,75,24,16,8
C5120ST,20,354,District-Dhanbad,Total,40-49,671,376,295,156,85,71,195,120,75,23,14,9,111,67,44,18,8,10,18,12,6,126,58,68,24,12,12
C5120ST,20,354,District-Dhanbad,Total,50-59,629,320,309,154,72,82,179,95,84,15,11,4,123,67,56,19,8,11,4,2,2,96,46,50,39,19,20
C5120ST,20,354,District-Dhanbad,Total,60-69,585,275,310,156,76,80,141,67,74,12,4,8,126,61,65,4,0,4,4,3,1,75,34,41,67,30,37
C5120ST,20,354,District-Dhanbad,Total,70-79,228,112,116,79,39,40,39,17,22,3,1,2,40,24,16,5,3,2,1,1,0,26,14,12,35,13,22
C5120ST,20,354,District-Dhanbad,Total,80-89,56,28,28,13,6,7,12,6,6,1,1,0,12,6,6,2,0,2,0,0,0,6,5,1,10,4,6
C5120ST,20,354,District-Dhanbad,Total,90+,9,5,4,2,2,0,1,1,0,0,0,0,1,0,1,0,0,0,0,0,0,0,0,0,5,2,3
C5120ST,20,354,District-Dhanbad,Total,Age Not Stated,81,39,42,14,5,9,20,8,12,7,4,3,11,8,3,1,1,0,1,0,1,25,13,12,2,0,2
C5120ST,20,354,District-Dhanbad,Rural,Total,5271,2730,2541,1287,651,636,1368,708,660,213,130,83,787,433,354,236,125,111,87,56,31,983,471,512,310,156,154
C5120ST,20,354,District-Dhanbad,Rural,0-4,365,165,200,94,48,46,108,46,62,5,2,3,26,14,12,15,7,8,2,2,0,95,36,59,20,10,10
C5120ST,20,354,District-Dhanbad,Rural,5-9,482,237,245,123,56,67,147,66,81,33,22,11,28,13,15,22,13,9,2,2,0,99,50,49,28,15,13
C5120ST,20,354,District-Dhanbad,Rural,10-19,1023,550,473,217,115,102,233,117,116,60,35,25,148,77,71,80,45,35,23,17,6,197,105,92,65,39,26
C5120ST,20,354,District-Dhanbad,Rural,20-29,792,409,383,177,94,83,189,106,83,40,24,16,121,67,54,39,18,21,24,17,7,168,68,100,34,15,19
C5120ST,20,354,District-Dhanbad,Rural,30-39,690,385,305,161,87,74,193,101,92,26,19,7,103,62,41,38,27,11,12,3,9,135,71,64,22,15,7
C5120ST,20,354,District-Dhanbad,Rural,40-49,562,324,238,143,77,66,169,106,63,16,8,8,91,59,32,16,8,8,15,10,5,96,47,49,16,9,7
C5120ST,20,354,District-Dhanbad,Rural,50-59,517,256,261,128,60,68,147,77,70,15,11,4,105,55,50,15,4,11,3,1,2,80,35,45,24,13,11
C5120ST,20,354,District-Dhanbad,Rural,60-69,522,247,275,147,69,78,121,60,61,11,4,7,108,53,55,4,0,4,4,3,1,70,34,36,57,24,33
C5120ST,20,354,District-Dhanbad,Rural,70-79,204,99,105,70,33,37,36,17,19,1,0,1,37,22,15,5,3,2,1,1,0,25,13,12,29,10,19
C5120ST,20,354,District-Dhanbad,Rural,80-89,50,25,25,12,5,7,11,6,5,1,1,0,12,6,6,2,0,2,0,0,0,4,3,1,8,4,4
C5120ST,20,354,District-Dhanbad,Rural,90+,9,5,4,2,2,0,1,1,0,0,0,0,1,0,1,0,0,0,0,0,0,0,0,0,5,2,3
C5120ST,20,354,District-Dhanbad,Rural,Age Not Stated,55,28,27,13,5,8,13,5,8,5,4,1,7,5,2,0,0,0,1,0,1,14,9,5,2,0,2
C5120ST,20,354,District-Dhanbad,Urban,Total,879,469,410,144,82,62,248,122,126,61,39,22,119,67,52,31,18,13,13,8,5,202,107,95,61,26,35
C5120ST,20,354,District-Dhanbad,Urban,0-4,47,28,19,5,3,2,17,9,8,2,0,2,3,2,1,1,1,0,0,0,0,16,11,5,3,2,1
C5120ST,20,354,District-Dhanbad,Urban,5-9,57,28,29,8,5,3,17,10,7,8,4,4,0,0,0,3,0,3,1,0,1,18,9,9,2,0,2
C5120ST,20,354,District-Dhanbad,Urban,10-19,193,111,82,38,23,15,47,24,23,22,17,5,24,11,13,12,8,4,4,2,2,40,25,15,6,1,5
C5120ST,20,354,District-Dhanbad,Urban,20-29,154,85,69,16,8,8,50,25,25,10,6,4,24,16,8,4,2,2,1,1,0,42,23,19,7,4,3
C5120ST,20,354,District-Dhanbad,Urban,30-39,88,46,42,18,9,9,28,12,16,7,5,2,5,5,0,4,2,2,3,2,1,21,10,11,2,1,1
C5120ST,20,354,District-Dhanbad,Urban,40-49,109,52,57,13,8,5,26,14,12,7,6,1,20,8,12,2,0,2,3,2,1,30,11,19,8,3,5
C5120ST,20,354,District-Dhanbad,Urban,50-59,112,64,48,26,12,14,32,18,14,0,0,0,18,12,6,4,4,0,1,1,0,16,11,5,15,6,9
C5120ST,20,354,District-Dhanbad,Urban,60-69,63,28,35,9,7,2,20,7,13,1,0,1,18,8,10,0,0,0,0,0,0,5,0,5,10,6,4
C5120ST,20,354,District-Dhanbad,Urban,70-79,24,13,11,9,6,3,3,0,3,2,1,1,3,2,1,0,0,0,0,0,0,1,1,0,6,3,3
C5120ST,20,354,District-Dhanbad,Urban,80-89,6,3,3,1,1,0,1,0,1,0,0,0,0,0,0,0,0,0,0,0,0,2,2,0,2,0,2
C5120ST,20,354,District-Dhanbad,Urban,90+,0,0,0,0,0,0,0,0,0,0,0,0,0,0,0,0,0,0,0,0,0,0,0,0,0,0,0
C5120ST,20,354,District-Dhanbad,Urban,Age Not Stated,26,11,15,1,0,1,7,3,4,2,0,2,4,3,1,1,1,0,0,0,0,11,4,7,0,0,0
C5120ST,20,355,District-Bokaro,Total,Total,8648,4638,4010,3592,1874,1718,1667,834,833,272,154,118,1098,659,439,401,235,166,134,82,52,989,531,458,495,269,226
C5120ST,20,355,District-Bokaro,Total,0-4,590,300,290,309,156,153,121,47,74,6,3,3,25,19,6,18,14,4,2,1,1,83,43,40,26,17,9
C5120ST,20,355,District-Bokaro,Total,5-9,830,427,403,401,206,195,173,83,90,29,14,15,53,38,15,43,24,19,6,2,4,84,38,46,41,22,19
C5120ST,20,355,District-Bokaro,Total,10-19,1937,971,966,767,395,372,329,153,176,88,49,39,248,124,124,120,64,56,36,20,16,217,102,115,132,64,68
C5120ST,20,355,District-Bokaro,Total,20-29,1341,735,606,533,271,262,239,119,120,47,32,15,171,106,65,86,48,38,27,19,8,174,97,77,64,43,21
C5120ST,20,355,District-Bokaro,Total,30-39,1175,686,489,478,265,213,242,142,100,40,23,17,136,84,52,55,30,25,23,17,6,155,101,54,46,24,22
C5120ST,20,355,District-Bokaro,Total,40-49,988,553,435,429,229,200,193,94,99,24,13,11,146,99,47,41,27,14,22,12,10,109,62,47,24,17,7
C5120ST,20,355,District-Bokaro,Total,50-59,787,443,344,301,170,131,165,85,80,21,12,9,145,87,58,22,16,6,10,6,4,81,43,38,42,24,18
C5120ST,20,355,District-Bokaro,Total,60-69,616,331,285,245,120,125,118,67,51,11,7,4,109,63,46,12,10,2,5,2,3,51,30,21,65,32,33
C5120ST,20,355,District-Bokaro,Total,70-79,256,129,127,85,41,44,53,26,27,4,1,3,51,32,19,4,2,2,2,2,0,21,9,12,36,16,20
C5120ST,20,355,District-Bokaro,Total,80-89,57,29,28,18,9,9,16,9,7,1,0,1,6,3,3,0,0,0,0,0,0,2,1,1,14,7,7
C5120ST,20,355,District-Bokaro,Total,90+,23,8,15,6,2,4,6,2,4,0,0,0,6,2,4,0,0,0,0,0,0,1,0,1,4,2,2
C5120ST,20,355,District-Bokaro,Total,Age Not Stated,48,26,22,20,10,10,12,7,5,1,0,1,2,2,0,0,0,0,1,1,0,11,5,6,1,1,0
C5120ST,20,355,District-Bokaro,Rural,Total,6469,3417,3052,2758,1421,1337,1298,637,661,189,114,75,793,475,318,280,154,126,101,60,41,678,362,316,372,194,178
C5120ST,20,355,District-Bokaro,Rural,0-4,478,234,244,252,126,126,107,41,66,5,2,3,18,13,5,15,11,4,2,1,1,58,27,31,21,13,8
C5120ST,20,355,District-Bokaro,Rural,5-9,657,335,322,317,163,154,147,69,78,22,10,12,42,32,10,32,19,13,4,1,3,65,26,39,28,15,13
C5120ST,20,355,District-Bokaro,Rural,10-19,1450,713,737,585,292,293,266,124,142,59,37,22,180,88,92,79,37,42,29,16,13,154,75,79,98,44,54
C5120ST,20,355,District-Bokaro,Rural,20-29,918,485,433,388,199,189,162,69,93,28,22,6,106,63,43,55,26,29,21,14,7,110,60,50,48,32,16
C5120ST,20,355,District-Bokaro,Rural,30-39,880,506,374,370,203,167,186,108,78,31,17,14,96,57,39,42,23,19,19,14,5,99,67,32,37,17,20
C5120ST,20,355,District-Bokaro,Rural,40-49,720,411,309,303,158,145,150,80,70,15,10,5,121,86,35,29,18,11,13,7,6,72,41,31,17,11,6
C5120ST,20,355,District-Bokaro,Rural,50-59,557,313,244,218,121,97,122,60,62,15,10,5,101,60,41,14,9,5,9,5,4,50,29,21,28,19,9
C5120ST,20,355,District-Bokaro,Rural,60-69,486,263,223,210,102,108,83,50,33,9,6,3,78,47,31,10,9,1,3,1,2,41,24,17,52,24,28
C5120ST,20,355,District-Bokaro,Rural,70-79,217,106,111,78,38,40,48,22,26,3,0,3,40,25,15,4,2,2,0,0,0,18,8,10,26,11,15
C5120ST,20,355,District-Bokaro,Rural,80-89,45,21,24,15,8,7,12,6,6,1,0,1,4,1,3,0,0,0,0,0,0,1,1,0,12,5,7
C5120ST,20,355,District-Bokaro,Rural,90+,20,8,12,5,2,3,4,2,2,0,0,0,6,2,4,0,0,0,0,0,0,1,0,1,4,2,2
C5120ST,20,355,District-Bokaro,Rural,Age Not Stated,41,22,19,17,9,8,11,6,5,1,0,1,1,1,0,0,0,0,1,1,0,9,4,5,1,1,0
C5120ST,20,355,District-Bokaro,Urban,Total,2179,1221,958,834,453,381,369,197,172,83,40,43,305,184,121,121,81,40,33,22,11,311,169,142,123,75,48
C5120ST,20,355,District-Bokaro,Urban,0-4,112,66,46,57,30,27,14,6,8,1,1,0,7,6,1,3,3,0,0,0,0,25,16,9,5,4,1
C5120ST,20,355,District-Bokaro,Urban,5-9,173,92,81,84,43,41,26,14,12,7,4,3,11,6,5,11,5,6,2,1,1,19,12,7,13,7,6
C5120ST,20,355,District-Bokaro,Urban,10-19,487,258,229,182,103,79,63,29,34,29,12,17,68,36,32,41,27,14,7,4,3,63,27,36,34,20,14
C5120ST,20,355,District-Bokaro,Urban,20-29,423,250,173,145,72,73,77,50,27,19,10,9,65,43,22,31,22,9,6,5,1,64,37,27,16,11,5
C5120ST,20,355,District-Bokaro,Urban,30-39,295,180,115,108,62,46,56,34,22,9,6,3,40,27,13,13,7,6,4,3,1,56,34,22,9,7,2
C5120ST,20,355,District-Bokaro,Urban,40-49,268,142,126,126,71,55,43,14,29,9,3,6,25,13,12,12,9,3,9,5,4,37,21,16,7,6,1
C5120ST,20,355,District-Bokaro,Urban,50-59,230,130,100,83,49,34,43,25,18,6,2,4,44,27,17,8,7,1,1,1,0,31,14,17,14,5,9
C5120ST,20,355,District-Bokaro,Urban,60-69,130,68,62,35,18,17,35,17,18,2,1,1,31,16,15,2,1,1,2,1,1,10,6,4,13,8,5
C5120ST,20,355,District-Bokaro,Urban,70-79,39,23,16,7,3,4,5,4,1,1,1,0,11,7,4,0,0,0,2,2,0,3,1,2,10,5,5
C5120ST,20,355,District-Bokaro,Urban,80-89,12,8,4,3,1,2,4,3,1,0,0,0,2,2,0,0,0,0,0,0,0,1,0,1,2,2,0
C5120ST,20,355,District-Bokaro,Urban,90+,3,0,3,1,0,1,2,0,2,0,0,0,0,0,0,0,0,0,0,0,0,0,0,0,0,0,0
C5120ST,20,355,District-Bokaro,Urban,Age Not Stated,7,4,3,3,1,2,1,1,0,0,0,0,1,1,0,0,0,0,0,0,0,2,1,1,0,0,0
C5120ST,20,356,District-Lohardaga,Total,Total,4643,2453,2190,649,321,328,873,454,419,198,115,83,1483,824,659,291,155,136,191,106,85,555,282,273,403,196,207
C5120ST,20,356,District-Lohardaga,Total,0-4,178,97,81,35,17,18,49,22,27,6,4,2,33,18,15,8,5,3,2,2,0,34,21,13,11,8,3
C5120ST,20,356,District-Lohardaga,Total,5-9,426,264,162,57,31,26,143,100,43,34,19,15,56,36,20,35,20,15,8,6,2,59,33,26,34,19,15
C5120ST,20,356,District-Lohardaga,Total,10-19,923,524,399,115,62,53,166,104,62,68,37,31,251,145,106,96,51,45,36,24,12,113,60,53,78,41,37
C5120ST,20,356,District-Lohardaga,Total,20-29,603,335,268,75,37,38,80,38,42,31,21,10,202,131,71,43,19,24,34,19,15,97,48,49,41,22,19
C5120ST,20,356,District-Lohardaga,Total,30-39,499,255,244,59,28,31,85,37,48,21,15,6,157,91,66,39,23,16,38,16,22,75,34,41,25,11,14
C5120ST,20,356,District-Lohardaga,Total,40-49,442,245,197,54,26,28,74,28,46,13,6,7,159,103,56,30,18,12,34,23,11,57,29,28,21,12,9
C5120ST,20,356,District-Lohardaga,Total,50-59,455,229,226,69,33,36,69,31,38,9,5,4,178,98,80,19,11,8,23,10,13,46,23,23,42,18,24
C5120ST,20,356,District-Lohardaga,Total,60-69,656,284,372,115,52,63,132,57,75,9,5,4,247,103,144,17,6,11,12,4,8,51,23,28,73,34,39
C5120ST,20,356,District-Lohardaga,Total,70-79,334,160,174,51,26,25,53,29,24,7,3,4,140,69,71,3,1,2,3,1,2,17,8,9,60,23,37
C5120ST,20,356,District-Lohardaga,Total,80-89,107,55,52,16,9,7,18,7,11,0,0,0,51,28,23,1,1,0,1,1,0,5,2,3,15,7,8
C5120ST,20,356,District-Lohardaga,Total,90+,18,4,14,3,0,3,4,1,3,0,0,0,7,1,6,0,0,0,0,0,0,1,1,0,3,1,2
C5120ST,20,356,District-Lohardaga,Total,Age Not Stated,2,1,1,0,0,0,0,0,0,0,0,0,2,1,1,0,0,0,0,0,0,0,0,0,0,0,0
C5120ST,20,356,District-Lohardaga,Rural,Total,4452,2368,2084,628,313,315,856,448,408,191,112,79,1435,795,640,249,136,113,179,102,77,529,271,258,385,191,194
C5120ST,20,356,District-Lohardaga,Rural,0-4,171,95,76,34,17,17,48,22,26,6,4,2,33,18,15,6,4,2,2,2,0,33,20,13,9,8,1
C5120ST,20,356,District-Lohardaga,Rural,5-9,418,263,155,57,31,26,143,100,43,34,19,15,53,36,17,31,20,11,8,6,2,58,32,26,34,19,15
C5120ST,20,356,District-Lohardaga,Rural,10-19,886,502,384,111,61,50,163,102,61,65,37,28,245,139,106,86,43,43,34,23,11,109,58,51,73,39,34
C5120ST,20,356,District-Lohardaga,Rural,20-29,570,319,251,70,34,36,77,37,40,31,21,10,193,125,68,37,16,21,31,18,13,92,46,46,39,22,17
C5120ST,20,356,District-Lohardaga,Rural,30-39,468,243,225,56,26,30,82,36,46,17,12,5,152,88,64,30,21,9,35,16,19,72,33,39,24,11,13
C5120ST,20,356,District-Lohardaga,Rural,40-49,418,232,186,53,25,28,71,27,44,13,6,7,150,98,52,26,15,11,32,21,11,53,28,25,20,12,8
C5120ST,20,356,District-Lohardaga,Rural,50-59,437,222,215,66,33,33,67,31,36,9,5,4,175,96,79,17,10,7,21,10,11,43,21,22,39,16,23
C5120ST,20,356,District-Lohardaga,Rural,60-69,632,275,357,112,51,61,130,56,74,9,5,4,239,98,141,13,5,8,12,4,8,47,22,25,70,34,36
C5120ST,20,356,District-Lohardaga,Rural,70-79,328,158,170,50,26,24,53,29,24,7,3,4,137,68,69,2,1,1,3,1,2,17,8,9,59,22,37
C5120ST,20,356,District-Lohardaga,Rural,80-89,104,54,50,16,9,7,18,7,11,0,0,0,49,27,22,1,1,0,1,1,0,4,2,2,15,7,8
C5120ST,20,356,District-Lohardaga,Rural,90+,18,4,14,3,0,3,4,1,3,0,0,0,7,1,6,0,0,0,0,0,0,1,1,0,3,1,2
C5120ST,20,356,District-Lohardaga,Rural,Age Not Stated,2,1,1,0,0,0,0,0,0,0,0,0,2,1,1,0,0,0,0,0,0,0,0,0,0,0,0
C5120ST,20,356,District-Lohardaga,Urban,Total,191,85,106,21,8,13,17,6,11,7,3,4,48,29,19,42,19,23,12,4,8,26,11,15,18,5,13
C5120ST,20,356,District-Lohardaga,Urban,0-4,7,2,5,1,0,1,1,0,1,0,0,0,0,0,0,2,1,1,0,0,0,1,1,0,2,0,2
C5120ST,20,356,District-Lohardaga,Urban,5-9,8,1,7,0,0,0,0,0,0,0,0,0,3,0,3,4,0,4,0,0,0,1,1,0,0,0,0
C5120ST,20,356,District-Lohardaga,Urban,10-19,37,22,15,4,1,3,3,2,1,3,0,3,6,6,0,10,8,2,2,1,1,4,2,2,5,2,3
C5120ST,20,356,District-Lohardaga,Urban,20-29,33,16,17,5,3,2,3,1,2,0,0,0,9,6,3,6,3,3,3,1,2,5,2,3,2,0,2
C5120ST,20,356,District-Lohardaga,Urban,30-39,31,12,19,3,2,1,3,1,2,4,3,1,5,3,2,9,2,7,3,0,3,3,1,2,1,0,1
C5120ST,20,356,District-Lohardaga,Urban,40-49,24,13,11,1,1,0,3,1,2,0,0,0,9,5,4,4,3,1,2,2,0,4,1,3,1,0,1
C5120ST,20,356,District-Lohardaga,Urban,50-59,18,7,11,3,0,3,2,0,2,0,0,0,3,2,1,2,1,1,2,0,2,3,2,1,3,2,1
C5120ST,20,356,District-Lohardaga,Urban,60-69,24,9,15,3,1,2,2,1,1,0,0,0,8,5,3,4,1,3,0,0,0,4,1,3,3,0,3
C5120ST,20,356,District-Lohardaga,Urban,70-79,6,2,4,1,0,1,0,0,0,0,0,0,3,1,2,1,0,1,0,0,0,0,0,0,1,1,0
C5120ST,20,356,District-Lohardaga,Urban,80-89,3,1,2,0,0,0,0,0,0,0,0,0,2,1,1,0,0,0,0,0,0,1,0,1,0,0,0
C5120ST,20,356,District-Lohardaga,Urban,90+,0,0,0,0,0,0,0,0,0,0,0,0,0,0,0,0,0,0,0,0,0,0,0,0,0,0,0
C5120ST,20,356,District-Lohardaga,Urban,Age Not Stated,0,0,0,0,0,0,0,0,0,0,0,0,0,0,0,0,0,0,0,0,0,0,0,0,0,0,0
C5120ST,20,357,District-Purbi Singhbhum,Total,Total,9974,5155,4819,1676,827,849,2446,1238,1208,510,266,244,2379,1308,1071,455,220,235,335,167,168,1157,628,529,1016,501,515
C5120ST,20,357,District-Purbi Singhbhum,Total,0-4,395,211,184,78,37,41,127,75,52,9,6,3,45,29,16,17,7,10,3,3,0,79,38,41,37,16,21
C5120ST,20,357,District-Purbi Singhbhum,Total,5-9,613,345,268,89,53,36,153,76,77,86,46,40,85,55,30,39,26,13,10,6,4,72,33,39,79,50,29
C5120ST,20,357,District-Purbi Singhbhum,Total,10-19,1509,793,716,202,100,102,355,175,180,137,70,67,277,161,116,127,61,66,36,21,15,194,106,88,181,99,82
C5120ST,20,357,District-Purbi Singhbhum,Total,20-29,1381,780,601,152,85,67,326,179,147,101,57,44,315,185,130,91,48,43,75,37,38,208,124,84,113,65,48
C5120ST,20,357,District-Purbi Singhbhum,Total,30-39,1097,614,483,130,78,52,265,132,133,66,34,32,269,169,100,62,33,29,73,36,37,143,85,58,89,47,42
C5120ST,20,357,District-Purbi Singhbhum,Total,40-49,1186,641,545,180,95,85,315,171,144,56,28,28,285,170,115,55,21,34,61,28,33,178,96,82,56,32,24
C5120ST,20,357,District-Purbi Singhbhum,Total,50-59,1134,631,503,214,116,98,293,169,124,23,12,11,321,193,128,39,16,23,45,21,24,113,58,55,86,46,40
C5120ST,20,357,District-Purbi Singhbhum,Total,60-69,1509,671,838,372,158,214,356,150,206,19,7,12,448,220,228,15,4,11,23,11,12,119,63,56,157,58,99
C5120ST,20,357,District-Purbi Singhbhum,Total,70-79,854,340,514,201,84,117,198,80,118,11,5,6,251,90,161,4,0,4,5,2,3,42,20,22,142,59,83
C5120ST,20,357,District-Purbi Singhbhum,Total,80-89,243,107,136,50,17,33,48,28,20,2,1,1,63,27,36,3,2,1,3,2,1,8,4,4,66,26,40
C5120ST,20,357,District-Purbi Singhbhum,Total,90+,49,19,30,8,4,4,8,2,6,0,0,0,20,9,11,2,1,1,1,0,1,0,0,0,10,3,7
C5120ST,20,357,District-Purbi Singhbhum,Total,Age Not Stated,4,3,1,0,0,0,2,1,1,0,0,0,0,0,0,1,1,0,0,0,0,1,1,0,0,0,0
C5120ST,20,357,District-Purbi Singhbhum,Rural,Total,8230,4266,3964,1410,695,715,1979,1005,974,415,219,196,1980,1090,890,386,184,202,273,133,140,914,511,403,873,429,444
C5120ST,20,357,District-Purbi Singhbhum,Rural,0-4,313,173,140,63,31,32,88,56,32,9,6,3,42,28,14,16,6,10,1,1,0,63,31,32,31,14,17
C5120ST,20,357,District-Purbi Singhbhum,Rural,5-9,494,280,214,54,31,23,124,66,58,73,39,34,79,50,29,32,21,11,9,5,4,60,27,33,63,41,22
C5120ST,20,357,District-Purbi Singhbhum,Rural,10-19,1244,648,596,156,76,80,276,131,145,108,54,54,246,144,102,110,52,58,29,15,14,164,91,73,155,85,70
C5120ST,20,357,District-Purbi Singhbhum,Rural,20-29,1093,626,467,111,68,43,245,136,109,85,50,35,258,151,107,77,39,38,64,33,31,159,96,63,94,53,41
C5120ST,20,357,District-Purbi Singhbhum,Rural,30-39,860,485,375,99,60,39,192,97,95,56,29,27,219,138,81,48,26,22,59,28,31,114,70,44,73,37,36
C5120ST,20,357,District-Purbi Singhbhum,Rural,40-49,922,504,418,148,78,70,246,133,113,42,21,21,216,132,84,46,19,27,46,22,24,131,73,58,47,26,21
C5120ST,20,357,District-Purbi Singhbhum,Rural,50-59,944,537,407,193,107,86,266,155,111,17,10,7,238,146,92,33,14,19,38,16,22,88,49,39,71,40,31
C5120ST,20,357,District-Purbi Singhbhum,Rural,60-69,1327,589,738,347,147,200,312,131,181,15,7,8,381,185,196,15,4,11,19,9,10,93,53,40,145,53,92
C5120ST,20,357,District-Purbi Singhbhum,Rural,70-79,776,314,462,186,78,108,178,73,105,8,2,6,230,85,145,4,0,4,4,2,2,36,19,17,130,55,75
C5120ST,20,357,District-Purbi Singhbhum,Rural,80-89,211,93,118,46,16,30,43,24,19,2,1,1,52,23,29,3,2,1,3,2,1,6,2,4,56,23,33
C5120ST,20,357,District-Purbi Singhbhum,Rural,90+,44,16,28,7,3,4,7,2,5,0,0,0,19,8,11,2,1,1,1,0,1,0,0,0,8,2,6
C5120ST,20,357,District-Purbi Singhbhum,Rural,Age Not Stated,2,1,1,0,0,0,2,1,1,0,0,0,0,0,0,0,0,0,0,0,0,0,0,0,0,0,0
C5120ST,20,357,District-Purbi Singhbhum,Urban,Total,1744,889,855,266,132,134,467,233,234,95,47,48,399,218,181,69,36,33,62,34,28,243,117,126,143,72,71
C5120ST,20,357,District-Purbi Singhbhum,Urban,0-4,82,38,44,15,6,9,39,19,20,0,0,0,3,1,2,1,1,0,2,2,0,16,7,9,6,2,4
C5120ST,20,357,District-Purbi Singhbhum,Urban,5-9,119,65,54,35,22,13,29,10,19,13,7,6,6,5,1,7,5,2,1,1,0,12,6,6,16,9,7
C5120ST,20,357,District-Purbi Singhbhum,Urban,10-19,265,145,120,46,24,22,79,44,35,29,16,13,31,17,14,17,9,8,7,6,1,30,15,15,26,14,12
C5120ST,20,357,District-Purbi Singhbhum,Urban,20-29,288,154,134,41,17,24,81,43,38,16,7,9,57,34,23,14,9,5,11,4,7,49,28,21,19,12,7
C5120ST,20,357,District-Purbi Singhbhum,Urban,30-39,237,129,108,31,18,13,73,35,38,10,5,5,50,31,19,14,7,7,14,8,6,29,15,14,16,10,6
C5120ST,20,357,District-Purbi Singhbhum,Urban,40-49,264,137,127,32,17,15,69,38,31,14,7,7,69,38,31,9,2,7,15,6,9,47,23,24,9,6,3
C5120ST,20,357,District-Purbi Singhbhum,Urban,50-59,190,94,96,21,9,12,27,14,13,6,2,4,83,47,36,6,2,4,7,5,2,25,9,16,15,6,9
C5120ST,20,357,District-Purbi Singhbhum,Urban,60-69,182,82,100,25,11,14,44,19,25,4,0,4,67,35,32,0,0,0,4,2,2,26,10,16,12,5,7
C5120ST,20,357,District-Purbi Singhbhum,Urban,70-79,78,26,52,15,6,9,20,7,13,3,3,0,21,5,16,0,0,0,1,0,1,6,1,5,12,4,8
C5120ST,20,357,District-Purbi Singhbhum,Urban,80-89,32,14,18,4,1,3,5,4,1,0,0,0,11,4,7,0,0,0,0,0,0,2,2,0,10,3,7
C5120ST,20,357,District-Purbi Singhbhum,Urban,90+,5,3,2,1,1,0,1,0,1,0,0,0,1,1,0,0,0,0,0,0,0,0,0,0,2,1,1
C5120ST,20,357,District-Purbi Singhbhum,Urban,Age Not Stated,2,2,0,0,0,0,0,0,0,0,0,0,0,0,0,1,1,0,0,0,0,1,1,0,0,0,0
C5120ST,20,358,District-Palamu,Total,Total,5480,2907,2573,847,435,412,1089,565,524,174,104,70,1307,733,574,232,133,99,424,205,219,766,402,364,641,330,311
C5120ST,20,358,District-Palamu,Total,0-4,269,134,135,51,21,30,88,41,47,6,2,4,32,21,11,8,5,3,0,0,0,65,37,28,19,7,12
C5120ST,20,358,District-Palamu,Total,5-9,458,246,212,78,48,30,142,68,74,30,14,16,59,33,26,24,13,11,9,3,6,65,33,32,51,34,17
C5120ST,20,358,District-Palamu,Total,10-19,929,509,420,128,66,62,193,95,98,47,29,18,193,108,85,79,44,35,43,21,22,162,85,77,84,61,23
C5120ST,20,358,District-Palamu,Total,20-29,652,380,272,74,43,31,128,77,51,27,15,12,118,80,38,35,23,12,111,53,58,111,58,53,48,31,17
C5120ST,20,358,District-Palamu,Total,30-39,556,307,249,68,36,32,109,59,50,27,19,8,104,65,39,32,17,15,94,41,53,90,51,39,32,19,13
C5120ST,20,358,District-Palamu,Total,40-49,526,300,226,67,44,23,100,54,46,14,10,4,140,79,61,28,16,12,66,38,28,82,43,39,29,16,13
C5120ST,20,358,District-Palamu,Total,50-59,528,265,263,85,44,41,95,43,52,11,7,4,168,88,80,16,11,5,44,24,20,61,27,34,48,21,27
C5120ST,20,358,District-Palamu,Total,60-69,834,412,422,151,75,76,139,73,66,9,5,4,242,136,106,7,3,4,38,13,25,90,47,43,158,60,98
C5120ST,20,358,District-Palamu,Total,70-79,509,246,263,103,41,62,66,38,28,2,2,0,173,80,93,1,0,1,17,11,6,31,16,15,116,58,58
C5120ST,20,358,District-Palamu,Total,80-89,168,90,78,33,16,17,19,12,7,1,1,0,61,33,28,1,1,0,2,1,1,7,5,2,44,21,23
C5120ST,20,358,District-Palamu,Total,90+,47,17,30,9,1,8,8,5,3,0,0,0,16,9,7,1,0,1,0,0,0,1,0,1,12,2,10
C5120ST,20,358,District-Palamu,Total,Age Not Stated,4,1,3,0,0,0,2,0,2,0,0,0,1,1,0,0,0,0,0,0,0,1,0,1,0,0,0
C5120ST,20,358,District-Palamu,Rural,Total,5423,2878,2545,839,430,409,1077,561,516,172,102,70,1286,724,562,226,130,96,423,204,219,762,400,362,638,327,311
C5120ST,20,358,District-Palamu,Rural,0-4,264,130,134,51,21,30,85,39,46,6,2,4,32,21,11,7,4,3,0,0,0,64,36,28,19,7,12
C5120ST,20,358,District-Palamu,Rural,5-9,454,243,211,76,47,29,142,68,74,30,14,16,58,32,26,24,13,11,9,3,6,65,33,32,50,33,17
C5120ST,20,358,District-Palamu,Rural,10-19,923,505,418,127,65,62,193,95,98,46,28,18,190,106,84,78,44,34,43,21,22,162,85,77,84,61,23
C5120ST,20,358,District-Palamu,Rural,20-29,644,375,269,73,42,31,126,76,50,26,14,12,118,80,38,33,22,11,110,52,58,110,58,52,48,31,17
C5120ST,20,358,District-Palamu,Rural,30-39,548,304,244,67,35,32,106,59,47,27,19,8,101,64,37,32,17,15,94,41,53,89,50,39,32,19,13
C5120ST,20,358,District-Palamu,Rural,40-49,517,297,220,67,44,23,98,54,44,14,10,4,135,77,58,27,16,11,66,38,28,82,43,39,28,15,13
C5120ST,20,358,District-Palamu,Rural,50-59,520,261,259,84,44,40,93,42,51,11,7,4,166,87,79,15,10,5,44,24,20,60,27,33,47,20,27
C5120ST,20,358,District-Palamu,Rural,60-69,831,411,420,151,75,76,139,73,66,9,5,4,239,135,104,7,3,4,38,13,25,90,47,43,158,60,98
C5120ST,20,358,District-Palamu,Rural,70-79,506,245,261,102,41,61,66,38,28,2,2,0,171,79,92,1,0,1,17,11,6,31,16,15,116,58,58
C5120ST,20,358,District-Palamu,Rural,80-89,165,89,76,32,15,17,19,12,7,1,1,0,59,33,26,1,1,0,2,1,1,7,5,2,44,21,23
C5120ST,20,358,District-Palamu,Rural,90+,47,17,30,9,1,8,8,5,3,0,0,0,16,9,7,1,0,1,0,0,0,1,0,1,12,2,10
C5120ST,20,358,District-Palamu,Rural,Age Not Stated,4,1,3,0,0,0,2,0,2,0,0,0,1,1,0,0,0,0,0,0,0,1,0,1,0,0,0
C5120ST,20,358,District-Palamu,Urban,Total,57,29,28,8,5,3,12,4,8,2,2,0,21,9,12,6,3,3,1,1,0,4,2,2,3,3,0
C5120ST,20,358,District-Palamu,Urban,0-4,5,4,1,0,0,0,3,2,1,0,0,0,0,0,0,1,1,0,0,0,0,1,1,0,0,0,0
C5120ST,20,358,District-Palamu,Urban,5-9,4,3,1,2,1,1,0,0,0,0,0,0,1,1,0,0,0,0,0,0,0,0,0,0,1,1,0
C5120ST,20,358,District-Palamu,Urban,10-19,6,4,2,1,1,0,0,0,0,1,1,0,3,2,1,1,0,1,0,0,0,0,0,0,0,0,0
C5120ST,20,358,District-Palamu,Urban,20-29,8,5,3,1,1,0,2,1,1,1,1,0,0,0,0,2,1,1,1,1,0,1,0,1,0,0,0
C5120ST,20,358,District-Palamu,Urban,30-39,8,3,5,1,1,0,3,0,3,0,0,0,3,1,2,0,0,0,0,0,0,1,1,0,0,0,0
C5120ST,20,358,District-Palamu,Urban,40-49,9,3,6,0,0,0,2,0,2,0,0,0,5,2,3,1,0,1,0,0,0,0,0,0,1,1,0
C5120ST,20,358,District-Palamu,Urban,50-59,8,4,4,1,0,1,2,1,1,0,0,0,2,1,1,1,1,0,0,0,0,1,0,1,1,1,0
C5120ST,20,358,District-Palamu,Urban,60-69,3,1,2,0,0,0,0,0,0,0,0,0,3,1,2,0,0,0,0,0,0,0,0,0,0,0,0
C5120ST,20,358,District-Palamu,Urban,70-79,3,1,2,1,0,1,0,0,0,0,0,0,2,1,1,0,0,0,0,0,0,0,0,0,0,0,0
C5120ST,20,358,District-Palamu,Urban,80-89,3,1,2,1,1,0,0,0,0,0,0,0,2,0,2,0,0,0,0,0,0,0,0,0,0,0,0
C5120ST,20,358,District-Palamu,Urban,90+,0,0,0,0,0,0,0,0,0,0,0,0,0,0,0,0,0,0,0,0,0,0,0,0,0,0,0
C5120ST,20,358,District-Palamu,Urban,Age Not Stated,0,0,0,0,0,0,0,0,0,0,0,0,0,0,0,0,0,0,0,0,0,0,0,0,0,0,0
C5120ST,20,359,District-Latehar,Total,Total,6610,3588,3022,1166,585,581,1752,959,793,266,138,128,1527,871,656,274,153,121,199,102,97,946,541,405,480,239,241
C5120ST,20,359,District-Latehar,Total,0-4,458,249,209,84,40,44,174,87,87,9,7,2,53,35,18,11,5,6,4,0,4,101,62,39,22,13,9
C5120ST,20,359,District-Latehar,Total,5-9,606,330,276,112,53,59,188,106,82,48,26,22,80,46,34,27,13,14,6,3,3,97,56,41,48,27,21
C5120ST,20,359,District-Latehar,Total,10-19,1347,736,611,221,117,104,345,193,152,87,46,41,240,128,112,73,45,28,50,29,21,231,124,107,100,54,46
C5120ST,20,359,District-Latehar,Total,20-29,843,472,371,118,62,56,248,137,111,36,16,20,188,109,79,55,33,22,41,23,18,123,71,52,34,21,13
C5120ST,20,359,District-Latehar,Total,30-39,680,386,294,103,49,54,163,87,76,29,15,14,154,101,53,37,21,16,43,26,17,120,69,51,31,18,13
C5120ST,20,359,District-Latehar,Total,40-49,666,390,276,104,61,43,172,99,73,22,12,10,159,103,56,31,13,18,22,5,17,115,71,44,41,26,15
C5120ST,20,359,District-Latehar,Total,50-59,570,318,252,101,56,45,141,79,62,10,5,5,182,102,80,17,10,7,17,10,7,68,39,29,34,17,17
C5120ST,20,359,District-Latehar,Total,60-69,821,414,407,193,84,109,191,103,88,17,9,8,268,154,114,16,9,7,12,4,8,54,26,28,70,25,45
C5120ST,20,359,District-Latehar,Total,70-79,440,213,227,105,50,55,90,50,40,8,2,6,139,64,75,5,3,2,2,1,1,28,18,10,63,25,38
C5120ST,20,359,District-Latehar,Total,80-89,139,68,71,22,13,9,32,15,17,0,0,0,55,25,30,0,0,0,0,0,0,5,3,2,25,12,13
C5120ST,20,359,District-Latehar,Total,90+,38,12,26,3,0,3,8,3,5,0,0,0,8,4,4,2,1,1,2,1,1,3,2,1,12,1,11
C5120ST,20,359,District-Latehar,Total,Age Not Stated,2,0,2,0,0,0,0,0,0,0,0,0,1,0,1,0,0,0,0,0,0,1,0,1,0,0,0
C5120ST,20,359,District-Latehar,Rural,Total,6513,3538,2975,1151,578,573,1735,951,784,263,137,126,1494,852,642,273,153,120,197,101,96,929,532,397,471,234,237
C5120ST,20,359,District-Latehar,Rural,0-4,450,247,203,84,40,44,173,87,86,8,7,1,49,33,16,10,5,5,4,0,4,100,62,38,22,13,9
C5120ST,20,359,District-Latehar,Rural,5-9,601,327,274,111,53,58,188,106,82,48,26,22,77,44,33,27,13,14,6,3,3,97,56,41,47,26,21
C5120ST,20,359,District-Latehar,Rural,10-19,1332,730,602,217,116,101,342,192,150,87,46,41,235,125,110,73,45,28,50,29,21,230,124,106,98,53,45
C5120ST,20,359,District-Latehar,Rural,20-29,828,464,364,116,62,54,247,136,111,34,15,19,186,108,78,55,33,22,40,23,17,118,68,50,32,19,13
C5120ST,20,359,District-Latehar,Rural,30-39,669,379,290,102,49,53,162,86,76,29,15,14,150,98,52,37,21,16,42,25,17,117,68,49,30,17,13
C5120ST,20,359,District-Latehar,Rural,40-49,653,385,268,103,60,43,167,99,68,22,12,10,156,101,55,31,13,18,22,5,17,112,69,43,40,26,14
C5120ST,20,359,District-Latehar,Rural,50-59,558,311,247,97,53,44,141,79,62,10,5,5,176,99,77,17,10,7,17,10,7,67,38,29,33,17,16
C5120ST,20,359,District-Latehar,Rural,60-69,810,406,404,193,84,109,187,99,88,17,9,8,263,151,112,16,9,7,12,4,8,52,25,27,70,25,45
C5120ST,20,359,District-Latehar,Rural,70-79,434,209,225,103,48,55,89,49,40,8,2,6,138,64,74,5,3,2,2,1,1,27,17,10,62,25,37
C5120ST,20,359,District-Latehar,Rural,80-89,138,68,70,22,13,9,31,15,16,0,0,0,55,25,30,0,0,0,0,0,0,5,3,2,25,12,13
C5120ST,20,359,District-Latehar,Rural,90+,38,12,26,3,0,3,8,3,5,0,0,0,8,4,4,2,1,1,2,1,1,3,2,1,12,1,11
C5120ST,20,359,District-Latehar,Rural,Age Not Stated,2,0,2,0,0,0,0,0,0,0,0,0,1,0,1,0,0,0,0,0,0,1,0,1,0,0,0
C5120ST,20,359,District-Latehar,Urban,Total,97,50,47,15,7,8,17,8,9,3,1,2,33,19,14,1,0,1,2,1,1,17,9,8,9,5,4
C5120ST,20,359,District-Latehar,Urban,0-4,8,2,6,0,0,0,1,0,1,1,0,1,4,2,2,1,0,1,0,0,0,1,0,1,0,0,0
C5120ST,20,359,District-Latehar,Urban,5-9,5,3,2,1,0,1,0,0,0,0,0,0,3,2,1,0,0,0,0,0,0,0,0,0,1,1,0
C5120ST,20,359,District-Latehar,Urban,10-19,15,6,9,4,1,3,3,1,2,0,0,0,5,3,2,0,0,0,0,0,0,1,0,1,2,1,1
C5120ST,20,359,District-Latehar,Urban,20-29,15,8,7,2,0,2,1,1,0,2,1,1,2,1,1,0,0,0,1,0,1,5,3,2,2,2,0
C5120ST,20,359,District-Latehar,Urban,30-39,11,7,4,1,0,1,1,1,0,0,0,0,4,3,1,0,0,0,1,1,0,3,1,2,1,1,0
C5120ST,20,359,District-Latehar,Urban,40-49,13,5,8,1,1,0,5,0,5,0,0,0,3,2,1,0,0,0,0,0,0,3,2,1,1,0,1
C5120ST,20,359,District-Latehar,Urban,50-59,12,7,5,4,3,1,0,0,0,0,0,0,6,3,3,0,0,0,0,0,0,1,1,0,1,0,1
C5120ST,20,359,District-Latehar,Urban,60-69,11,8,3,0,0,0,4,4,0,0,0,0,5,3,2,0,0,0,0,0,0,2,1,1,0,0,0
C5120ST,20,359,District-Latehar,Urban,70-79,6,4,2,2,2,0,1,1,0,0,0,0,1,0,1,0,0,0,0,0,0,1,1,0,1,0,1
C5120ST,20,359,District-Latehar,Urban,80-89,1,0,1,0,0,0,1,0,1,0,0,0,0,0,0,0,0,0,0,0,0,0,0,0,0,0,0
C5120ST,20,359,District-Latehar,Urban,90+,0,0,0,0,0,0,0,0,0,0,0,0,0,0,0,0,0,0,0,0,0,0,0,0,0,0,0
C5120ST,20,359,District-Latehar,Urban,Age Not Stated,0,0,0,0,0,0,0,0,0,0,0,0,0,0,0,0,0,0,0,0,0,0,0,0,0,0,0
C5120ST,20,360,District-Hazaribagh,Total,Total,2066,1120,946,364,192,172,488,254,234,81,34,47,510,306,204,130,77,53,51,25,26,231,126,105,211,106,105
C5120ST,20,360,District-Hazaribagh,Total,0-4,97,52,45,24,10,14,33,19,14,1,1,0,9,4,5,3,2,1,2,2,0,18,12,6,7,2,5
C5120ST,20,360,District-Hazaribagh,Total,5-9,187,108,79,34,22,12,45,24,21,15,5,10,23,16,7,14,9,5,4,2,2,25,12,13,27,18,9
C5120ST,20,360,District-Hazaribagh,Total,10-19,460,225,235,58,31,27,116,51,65,25,12,13,96,47,49,50,31,19,9,3,6,55,25,30,51,25,26
C5120ST,20,360,District-Hazaribagh,Total,20-29,293,178,115,44,25,19,65,39,26,12,5,7,83,52,31,24,11,13,9,7,2,33,21,12,23,18,5
C5120ST,20,360,District-Hazaribagh,Total,30-39,215,121,94,34,21,13,43,23,20,6,3,3,57,37,20,17,9,8,9,6,3,31,16,15,18,6,12
C5120ST,20,360,District-Hazaribagh,Total,40-49,231,133,98,40,19,21,56,35,21,11,6,5,60,39,21,13,9,4,10,4,6,28,13,15,13,8,5
C5120ST,20,360,District-Hazaribagh,Total,50-59,198,111,87,47,24,23,47,23,24,6,1,5,64,47,17,5,3,2,2,0,2,15,9,6,12,4,8
C5120ST,20,360,District-Hazaribagh,Total,60-69,195,97,98,47,20,27,39,20,19,4,1,3,60,33,27,3,2,1,3,0,3,14,9,5,25,12,13
C5120ST,20,360,District-Hazaribagh,Total,70-79,134,70,64,24,14,10,29,13,16,1,0,1,39,24,15,1,1,0,2,1,1,8,6,2,30,11,19
C5120ST,20,360,District-Hazaribagh,Total,80-89,40,15,25,9,3,6,9,5,4,0,0,0,15,5,10,0,0,0,1,0,1,3,2,1,3,0,3
C5120ST,20,360,District-Hazaribagh,Total,90+,16,10,6,3,3,0,6,2,4,0,0,0,4,2,2,0,0,0,0,0,0,1,1,0,2,2,0
C5120ST,20,360,District-Hazaribagh,Total,Age Not Stated,0,0,0,0,0,0,0,0,0,0,0,0,0,0,0,0,0,0,0,0,0,0,0,0,0,0,0
C5120ST,20,360,District-Hazaribagh,Rural,Total,1824,1004,820,331,176,155,451,237,214,62,28,34,440,268,172,119,70,49,45,23,22,202,108,94,174,94,80
C5120ST,20,360,District-Hazaribagh,Rural,0-4,81,46,35,22,10,12,28,17,11,1,1,0,6,3,3,3,2,1,2,2,0,16,10,6,3,1,2
C5120ST,20,360,District-Hazaribagh,Rural,5-9,161,94,67,32,20,12,40,21,19,9,4,5,18,13,5,14,9,5,4,2,2,23,10,13,21,15,6
C5120ST,20,360,District-Hazaribagh,Rural,10-19,408,204,204,54,29,25,107,48,59,20,11,9,84,40,44,48,30,18,8,3,5,49,22,27,38,21,17
C5120ST,20,360,District-Hazaribagh,Rural,20-29,259,156,103,43,24,19,59,35,24,10,4,6,70,43,27,22,11,11,7,6,1,26,16,10,22,17,5
C5120ST,20,360,District-Hazaribagh,Rural,30-39,186,104,82,29,17,12,40,21,19,5,2,3,52,33,19,14,7,7,7,5,2,26,14,12,13,5,8
C5120ST,20,360,District-Hazaribagh,Rural,40-49,198,117,81,35,17,18,51,34,17,8,5,3,51,34,17,10,6,4,9,4,5,25,11,14,9,6,3
C5120ST,20,360,District-Hazaribagh,Rural,50-59,172,99,73,40,21,19,45,22,23,6,1,5,52,40,12,5,3,2,2,0,2,13,8,5,9,4,5
C5120ST,20,360,District-Hazaribagh,Rural,60-69,186,94,92,45,19,26,39,20,19,2,0,2,56,33,23,2,1,1,3,0,3,14,9,5,25,12,13
C5120ST,20,360,District-Hazaribagh,Rural,70-79,120,65,55,21,13,8,27,12,15,1,0,1,33,22,11,1,1,0,2,1,1,6,5,1,29,11,18
C5120ST,20,360,District-Hazaribagh,Rural,80-89,37,15,22,7,3,4,9,5,4,0,0,0,14,5,9,0,0,0,1,0,1,3,2,1,3,0,3
C5120ST,20,360,District-Hazaribagh,Rural,90+,16,10,6,3,3,0,6,2,4,0,0,0,4,2,2,0,0,0,0,0,0,1,1,0,2,2,0
C5120ST,20,360,District-Hazaribagh,Rural,Age Not Stated,0,0,0,0,0,0,0,0,0,0,0,0,0,0,0,0,0,0,0,0,0,0,0,0,0,0,0
C5120ST,20,360,District-Hazaribagh,Urban,Total,242,116,126,33,16,17,37,17,20,19,6,13,70,38,32,11,7,4,6,2,4,29,18,11,37,12,25
C5120ST,20,360,District-Hazaribagh,Urban,0-4,16,6,10,2,0,2,5,2,3,0,0,0,3,1,2,0,0,0,0,0,0,2,2,0,4,1,3
C5120ST,20,360,District-Hazaribagh,Urban,5-9,26,14,12,2,2,0,5,3,2,6,1,5,5,3,2,0,0,0,0,0,0,2,2,0,6,3,3
C5120ST,20,360,District-Hazaribagh,Urban,10-19,52,21,31,4,2,2,9,3,6,5,1,4,12,7,5,2,1,1,1,0,1,6,3,3,13,4,9
C5120ST,20,360,District-Hazaribagh,Urban,20-29,34,22,12,1,1,0,6,4,2,2,1,1,13,9,4,2,0,2,2,1,1,7,5,2,1,1,0
C5120ST,20,360,District-Hazaribagh,Urban,30-39,29,17,12,5,4,1,3,2,1,1,1,0,5,4,1,3,2,1,2,1,1,5,2,3,5,1,4
C5120ST,20,360,District-Hazaribagh,Urban,40-49,33,16,17,5,2,3,5,1,4,3,1,2,9,5,4,3,3,0,1,0,1,3,2,1,4,2,2
C5120ST,20,360,District-Hazaribagh,Urban,50-59,26,12,14,7,3,4,2,1,1,0,0,0,12,7,5,0,0,0,0,0,0,2,1,1,3,0,3
C5120ST,20,360,District-Hazaribagh,Urban,60-69,9,3,6,2,1,1,0,0,0,2,1,1,4,0,4,1,1,0,0,0,0,0,0,0,0,0,0
C5120ST,20,360,District-Hazaribagh,Urban,70-79,14,5,9,3,1,2,2,1,1,0,0,0,6,2,4,0,0,0,0,0,0,2,1,1,1,0,1
C5120ST,20,360,District-Hazaribagh,Urban,80-89,3,0,3,2,0,2,0,0,0,0,0,0,1,0,1,0,0,0,0,0,0,0,0,0,0,0,0
C5120ST,20,360,District-Hazaribagh,Urban,90+,0,0,0,0,0,0,0,0,0,0,0,0,0,0,0,0,0,0,0,0,0,0,0,0,0,0,0
C5120ST,20,360,District-Hazaribagh,Urban,Age Not Stated,0,0,0,0,0,0,0,0,0,0,0,0,0,0,0,0,0,0,0,0,0,0,0,0,0,0,0
C5120ST,20,361,District-Ramgarh,Total,Total,3121,1710,1411,501,245,256,503,269,234,182,95,87,936,543,393,177,88,89,101,53,48,479,294,185,242,123,119
C5120ST,20,361,District-Ramgarh,Total,0-4,134,71,63,16,9,7,26,14,12,2,2,0,28,15,13,6,4,2,0,0,0,39,21,18,17,6,11
C5120ST,20,361,District-Ramgarh,Total,5-9,216,123,93,29,13,16,32,23,9,28,13,15,39,22,17,18,9,9,8,6,2,43,23,20,19,14,5
C5120ST,20,361,District-Ramgarh,Total,10-19,713,367,346,90,43,47,99,43,56,72,35,37,191,96,95,66,36,30,23,10,13,105,67,38,67,37,30
C5120ST,20,361,District-Ramgarh,Total,20-29,470,281,189,41,22,19,71,43,28,23,14,9,159,103,56,33,14,19,25,14,11,82,53,29,36,18,18
C5120ST,20,361,District-Ramgarh,Total,30-39,350,201,149,53,26,27,58,34,24,20,8,12,95,66,29,24,14,10,16,7,9,65,37,28,19,9,10
C5120ST,20,361,District-Ramgarh,Total,40-49,333,211,122,64,42,22,49,28,21,18,13,5,100,60,40,14,7,7,15,8,7,57,42,15,16,11,5
C5120ST,20,361,District-Ramgarh,Total,50-59,312,175,137,54,24,30,50,32,18,7,3,4,128,78,50,10,2,8,9,5,4,44,26,18,10,5,5
C5120ST,20,361,District-Ramgarh,Total,60-69,347,166,181,92,38,54,71,31,40,8,5,3,115,60,55,5,2,3,5,3,2,28,15,13,23,12,11
C5120ST,20,361,District-Ramgarh,Total,70-79,174,86,88,43,23,20,32,15,17,4,2,2,65,33,32,1,0,1,0,0,0,11,7,4,18,6,12
C5120ST,20,361,District-Ramgarh,Total,80-89,52,21,31,14,3,11,10,5,5,0,0,0,13,8,5,0,0,0,0,0,0,5,3,2,10,2,8
C5120ST,20,361,District-Ramgarh,Total,90+,19,8,11,5,2,3,5,1,4,0,0,0,2,2,0,0,0,0,0,0,0,0,0,0,7,3,4
C5120ST,20,361,District-Ramgarh,Total,Age Not Stated,1,0,1,0,0,0,0,0,0,0,0,0,1,0,1,0,0,0,0,0,0,0,0,0,0,0,0
C5120ST,20,361,District-Ramgarh,Rural,Total,2319,1279,1040,396,200,196,363,200,163,134,75,59,711,413,298,123,57,66,72,39,33,335,200,135,185,95,90
C5120ST,20,361,District-Ramgarh,Rural,0-4,106,55,51,11,6,5,21,12,9,2,2,0,26,13,13,4,2,2,0,0,0,27,14,13,15,6,9
C5120ST,20,361,District-Ramgarh,Rural,5-9,158,91,67,26,11,15,23,17,6,19,12,7,29,17,12,11,5,6,6,5,1,31,15,16,13,9,4
C5120ST,20,361,District-Ramgarh,Rural,10-19,528,264,264,71,33,38,62,24,38,54,25,29,144,70,74,48,25,23,20,8,12,75,48,27,54,31,23
C5120ST,20,361,District-Ramgarh,Rural,20-29,333,205,128,32,20,12,49,31,18,16,12,4,113,77,36,23,8,15,17,9,8,62,37,25,21,11,10
C5120ST,20,361,District-Ramgarh,Rural,30-39,243,135,108,36,16,20,41,24,17,15,6,9,71,47,24,16,8,8,11,5,6,38,22,16,15,7,8
C5120ST,20,361,District-Ramgarh,Rural,40-49,244,162,82,51,36,15,37,25,12,15,11,4,75,45,30,9,5,4,8,5,3,35,25,10,14,10,4
C5120ST,20,361,District-Ramgarh,Rural,50-59,238,139,99,41,20,21,38,23,15,2,1,1,101,65,36,8,2,6,7,5,2,33,19,14,8,4,4
C5120ST,20,361,District-Ramgarh,Rural,60-69,279,134,145,79,33,46,56,27,29,7,4,3,88,45,43,4,2,2,3,2,1,24,13,11,18,8,10
C5120ST,20,361,District-Ramgarh,Rural,70-79,143,74,69,37,21,16,26,12,14,4,2,2,54,28,26,0,0,0,0,0,0,8,6,2,14,5,9
C5120ST,20,361,District-Ramgarh,Rural,80-89,36,16,20,9,2,7,7,5,2,0,0,0,10,6,4,0,0,0,0,0,0,2,1,1,8,2,6
C5120ST,20,361,District-Ramgarh,Rural,90+,11,4,7,3,2,1,3,0,3,0,0,0,0,0,0,0,0,0,0,0,0,0,0,0,5,2,3
C5120ST,20,361,District-Ramgarh,Rural,Age Not Stated,0,0,0,0,0,0,0,0,0,0,0,0,0,0,0,0,0,0,0,0,0,0,0,0,0,0,0
C5120ST,20,361,District-Ramgarh,Urban,Total,802,431,371,105,45,60,140,69,71,48,20,28,225,130,95,54,31,23,29,14,15,144,94,50,57,28,29
C5120ST,20,361,District-Ramgarh,Urban,0-4,28,16,12,5,3,2,5,2,3,0,0,0,2,2,0,2,2,0,0,0,0,12,7,5,2,0,2
C5120ST,20,361,District-Ramgarh,Urban,5-9,58,32,26,3,2,1,9,6,3,9,1,8,10,5,5,7,4,3,2,1,1,12,8,4,6,5,1
C5120ST,20,361,District-Ramgarh,Urban,10-19,185,103,82,19,10,9,37,19,18,18,10,8,47,26,21,18,11,7,3,2,1,30,19,11,13,6,7
C5120ST,20,361,District-Ramgarh,Urban,20-29,137,76,61,9,2,7,22,12,10,7,2,5,46,26,20,10,6,4,8,5,3,20,16,4,15,7,8
C5120ST,20,361,District-Ramgarh,Urban,30-39,107,66,41,17,10,7,17,10,7,5,2,3,24,19,5,8,6,2,5,2,3,27,15,12,4,2,2
C5120ST,20,361,District-Ramgarh,Urban,40-49,89,49,40,13,6,7,12,3,9,3,2,1,25,15,10,5,2,3,7,3,4,22,17,5,2,1,1
C5120ST,20,361,District-Ramgarh,Urban,50-59,74,36,38,13,4,9,12,9,3,5,2,3,27,13,14,2,0,2,2,0,2,11,7,4,2,1,1
C5120ST,20,361,District-Ramgarh,Urban,60-69,68,32,36,13,5,8,15,4,11,1,1,0,27,15,12,1,0,1,2,1,1,4,2,2,5,4,1
C5120ST,20,361,District-Ramgarh,Urban,70-79,31,12,19,6,2,4,6,3,3,0,0,0,11,5,6,1,0,1,0,0,0,3,1,2,4,1,3
C5120ST,20,361,District-Ramgarh,Urban,80-89,16,5,11,5,1,4,3,0,3,0,0,0,3,2,1,0,0,0,0,0,0,3,2,1,2,0,2
C5120ST,20,361,District-Ramgarh,Urban,90+,8,4,4,2,0,2,2,1,1,0,0,0,2,2,0,0,0,0,0,0,0,0,0,0,2,1,1
C5120ST,20,361,District-Ramgarh,Urban,Age Not Stated,1,0,1,0,0,0,0,0,0,0,0,0,1,0,1,0,0,0,0,0,0,0,0,0,0,0,0
C5120ST,20,362,District-Dumka,Total,Total,14868,7766,7102,4383,2240,2143,3473,1785,1688,545,294,251,2410,1347,1063,686,355,331,245,129,116,2343,1238,1105,783,378,405
C5120ST,20,362,District-Dumka,Total,0-4,1026,529,497,393,214,179,287,142,145,13,9,4,47,24,23,38,19,19,1,0,1,204,101,103,43,20,23
C5120ST,20,362,District-Dumka,Total,5-9,1317,699,618,456,244,212,303,156,147,64,32,32,85,57,28,78,40,38,12,9,3,245,127,118,74,34,40
C5120ST,20,362,District-Dumka,Total,10-19,2561,1284,1277,731,351,380,544,277,267,144,71,73,402,199,203,159,84,75,49,20,29,401,215,186,131,67,64
C5120ST,20,362,District-Dumka,Total,20-29,2145,1146,999,578,291,287,494,255,239,111,65,46,337,201,136,111,48,63,47,29,18,360,194,166,107,63,44
C5120ST,20,362,District-Dumka,Total,30-39,1943,1120,823,560,319,241,467,270,197,82,46,36,289,183,106,101,59,42,45,22,23,336,184,152,63,37,26
C5120ST,20,362,District-Dumka,Total,40-49,1847,1035,812,543,289,254,447,257,190,61,34,27,325,202,123,86,49,37,43,24,19,293,155,138,49,25,24
C5120ST,20,362,District-Dumka,Total,50-59,1516,808,708,450,242,208,377,193,184,38,20,18,309,170,139,54,28,26,23,14,9,215,114,101,50,27,23
C5120ST,20,362,District-Dumka,Total,60-69,1677,778,899,458,204,254,366,156,210,23,12,11,425,207,218,44,21,23,18,8,10,213,109,104,130,61,69
C5120ST,20,362,District-Dumka,Total,70-79,637,282,355,165,62,103,139,57,82,4,3,1,160,89,71,10,5,5,6,2,4,59,31,28,94,33,61
C5120ST,20,362,District-Dumka,Total,80-89,130,57,73,36,20,16,30,12,18,3,1,2,23,12,11,2,1,1,1,1,0,5,2,3,30,8,22
C5120ST,20,362,District-Dumka,Total,90+,40,12,28,6,1,5,8,2,6,1,1,0,7,3,4,0,0,0,0,0,0,6,2,4,12,3,9
C5120ST,20,362,District-Dumka,Total,Age Not Stated,29,16,13,7,3,4,11,8,3,1,0,1,1,0,1,3,1,2,0,0,0,6,4,2,0,0,0
C5120ST,20,362,District-Dumka,Rural,Total,14739,7694,7045,4358,2227,2131,3437,1760,1677,538,290,248,2392,1339,1053,684,355,329,244,129,115,2318,1226,1092,768,368,400
C5120ST,20,362,District-Dumka,Rural,0-4,1017,525,492,391,212,179,282,141,141,13,9,4,47,24,23,38,19,19,1,0,1,202,100,102,43,20,23
C5120ST,20,362,District-Dumka,Rural,5-9,1309,694,615,453,242,211,302,155,147,63,31,32,84,57,27,78,40,38,12,9,3,243,126,117,74,34,40
C5120ST,20,362,District-Dumka,Rural,10-19,2531,1265,1266,723,348,375,541,274,267,142,70,72,400,199,201,159,84,75,48,20,28,397,212,185,121,58,63
C5120ST,20,362,District-Dumka,Rural,20-29,2122,1138,984,575,289,286,489,253,236,110,64,46,333,201,132,111,48,63,47,29,18,352,192,160,105,62,43
C5120ST,20,362,District-Dumka,Rural,30-39,1921,1108,813,556,317,239,459,264,195,81,46,35,285,180,105,100,59,41,45,22,23,334,183,151,61,37,24
C5120ST,20,362,District-Dumka,Rural,40-49,1831,1026,805,542,288,254,438,249,189,61,34,27,323,202,121,85,49,36,43,24,19,291,155,136,48,25,23
C5120ST,20,362,District-Dumka,Rural,50-59,1506,800,706,449,242,207,374,190,184,36,19,17,307,168,139,54,28,26,23,14,9,213,112,101,50,27,23
C5120ST,20,362,District-Dumka,Rural,60-69,1668,772,896,456,203,253,364,155,209,23,12,11,422,204,218,44,21,23,18,8,10,211,108,103,130,61,69
C5120ST,20,362,District-Dumka,Rural,70-79,636,281,355,165,62,103,139,57,82,4,3,1,160,89,71,10,5,5,6,2,4,58,30,28,94,33,61
C5120ST,20,362,District-Dumka,Rural,80-89,129,57,72,35,20,15,30,12,18,3,1,2,23,12,11,2,1,1,1,1,0,5,2,3,30,8,22
C5120ST,20,362,District-Dumka,Rural,90+,40,12,28,6,1,5,8,2,6,1,1,0,7,3,4,0,0,0,0,0,0,6,2,4,12,3,9
C5120ST,20,362,District-Dumka,Rural,Age Not Stated,29,16,13,7,3,4,11,8,3,1,0,1,1,0,1,3,1,2,0,0,0,6,4,2,0,0,0
C5120ST,20,362,District-Dumka,Urban,Total,129,72,57,25,13,12,36,25,11,7,4,3,18,8,10,2,0,2,1,0,1,25,12,13,15,10,5
C5120ST,20,362,District-Dumka,Urban,0-4,9,4,5,2,2,0,5,1,4,0,0,0,0,0,0,0,0,0,0,0,0,2,1,1,0,0,0
C5120ST,20,362,District-Dumka,Urban,5-9,8,5,3,3,2,1,1,1,0,1,1,0,1,0,1,0,0,0,0,0,0,2,1,1,0,0,0
C5120ST,20,362,District-Dumka,Urban,10-19,30,19,11,8,3,5,3,3,0,2,1,1,2,0,2,0,0,0,1,0,1,4,3,1,10,9,1
C5120ST,20,362,District-Dumka,Urban,20-29,23,8,15,3,2,1,5,2,3,1,1,0,4,0,4,0,0,0,0,0,0,8,2,6,2,1,1
C5120ST,20,362,District-Dumka,Urban,30-39,22,12,10,4,2,2,8,6,2,1,0,1,4,3,1,1,0,1,0,0,0,2,1,1,2,0,2
C5120ST,20,362,District-Dumka,Urban,40-49,16,9,7,1,1,0,9,8,1,0,0,0,2,0,2,1,0,1,0,0,0,2,0,2,1,0,1
C5120ST,20,362,District-Dumka,Urban,50-59,10,8,2,1,0,1,3,3,0,2,1,1,2,2,0,0,0,0,0,0,0,2,2,0,0,0,0
C5120ST,20,362,District-Dumka,Urban,60-69,9,6,3,2,1,1,2,1,1,0,0,0,3,3,0,0,0,0,0,0,0,2,1,1,0,0,0
C5120ST,20,362,District-Dumka,Urban,70-79,1,1,0,0,0,0,0,0,0,0,0,0,0,0,0,0,0,0,0,0,0,1,1,0,0,0,0
C5120ST,20,362,District-Dumka,Urban,80-89,1,0,1,1,0,1,0,0,0,0,0,0,0,0,0,0,0,0,0,0,0,0,0,0,0,0,0
C5120ST,20,362,District-Dumka,Urban,90+,0,0,0,0,0,0,0,0,0,0,0,0,0,0,0,0,0,0,0,0,0,0,0,0,0,0,0
C5120ST,20,362,District-Dumka,Urban,Age Not Stated,0,0,0,0,0,0,0,0,0,0,0,0,0,0,0,0,0,0,0,0,0,0,0,0,0,0,0
C5120ST,20,363,District-Jamtara,Total,Total,6168,3337,2831,1578,847,731,1210,648,562,284,152,132,1093,624,469,278,154,124,141,81,60,1231,662,569,353,169,184
C5120ST,20,363,District-Jamtara,Total,0-4,394,213,181,143,77,66,70,38,32,8,3,5,29,14,15,11,10,1,0,0,0,115,61,54,18,10,8
C5120ST,20,363,District-Jamtara,Total,5-9,569,304,265,170,85,85,108,55,53,46,19,27,47,27,20,23,13,10,4,3,1,134,82,52,37,20,17
C5120ST,20,363,District-Jamtara,Total,10-19,1151,607,544,300,147,153,214,111,103,79,48,31,166,93,73,66,29,37,22,14,8,233,129,104,71,36,35
C5120ST,20,363,District-Jamtara,Total,20-29,903,472,431,224,116,108,174,85,89,54,27,27,162,102,60,59,29,30,33,17,16,158,80,78,39,16,23
C5120ST,20,363,District-Jamtara,Total,30-39,811,459,352,192,118,74,167,99,68,50,26,24,117,67,50,37,26,11,27,14,13,183,89,94,38,20,18
C5120ST,20,363,District-Jamtara,Total,40-49,690,397,293,178,109,69,127,74,53,18,9,9,142,85,57,35,17,18,25,14,11,132,68,64,33,21,12
C5120ST,20,363,District-Jamtara,Total,50-59,585,339,246,142,85,57,128,75,53,10,7,3,147,86,61,23,14,9,17,10,7,90,49,41,28,13,15
C5120ST,20,363,District-Jamtara,Total,60-69,623,339,284,133,71,62,135,66,69,11,7,4,166,98,68,12,9,3,11,8,3,118,64,54,37,16,21
C5120ST,20,363,District-Jamtara,Total,70-79,296,142,154,74,34,40,62,32,30,4,3,1,72,35,37,5,4,1,2,1,1,39,21,18,38,12,26
C5120ST,20,363,District-Jamtara,Total,80-89,74,23,51,10,1,9,17,6,11,1,1,0,25,6,19,3,1,2,0,0,0,8,5,3,10,3,7
C5120ST,20,363,District-Jamtara,Total,90+,26,13,13,9,3,6,4,3,1,1,1,0,7,3,4,1,0,1,0,0,0,2,2,0,2,1,1
C5120ST,20,363,District-Jamtara,Total,Age Not Stated,46,29,17,3,1,2,4,4,0,2,1,1,13,8,5,3,2,1,0,0,0,19,12,7,2,1,1
C5120ST,20,363,District-Jamtara,Rural,Total,6107,3309,2798,1561,841,720,1208,647,561,282,152,130,1074,613,461,274,153,121,141,81,60,1218,655,563,349,167,182
C5120ST,20,363,District-Jamtara,Rural,0-4,392,213,179,142,77,65,70,38,32,8,3,5,29,14,15,11,10,1,0,0,0,114,61,53,18,10,8
C5120ST,20,363,District-Jamtara,Rural,5-9,565,303,262,170,85,85,108,55,53,46,19,27,46,27,19,22,13,9,4,3,1,134,82,52,35,19,16
C5120ST,20,363,District-Jamtara,Rural,10-19,1143,603,540,297,147,150,214,111,103,79,48,31,164,91,73,65,29,36,22,14,8,231,127,104,71,36,35
C5120ST,20,363,District-Jamtara,Rural,20-29,892,465,427,223,116,107,172,84,88,54,27,27,157,98,59,59,29,30,33,17,16,155,78,77,39,16,23
C5120ST,20,363,District-Jamtara,Rural,30-39,805,458,347,191,117,74,167,99,68,50,26,24,116,67,49,36,26,10,27,14,13,181,89,92,37,20,17
C5120ST,20,363,District-Jamtara,Rural,40-49,684,395,289,176,108,68,127,74,53,18,9,9,141,85,56,35,17,18,25,14,11,129,67,62,33,21,12
C5120ST,20,363,District-Jamtara,Rural,50-59,576,336,240,139,85,54,128,75,53,8,7,1,144,84,60,23,14,9,17,10,7,90,49,41,27,12,15
C5120ST,20,363,District-Jamtara,Rural,60-69,616,334,282,130,69,61,135,66,69,11,7,4,163,96,67,11,8,3,11,8,3,118,64,54,37,16,21
C5120ST,20,363,District-Jamtara,Rural,70-79,289,137,152,71,32,39,62,32,30,4,3,1,70,34,36,5,4,1,2,1,1,37,19,18,38,12,26
C5120ST,20,363,District-Jamtara,Rural,80-89,74,23,51,10,1,9,17,6,11,1,1,0,25,6,19,3,1,2,0,0,0,8,5,3,10,3,7
C5120ST,20,363,District-Jamtara,Rural,90+,26,13,13,9,3,6,4,3,1,1,1,0,7,3,4,1,0,1,0,0,0,2,2,0,2,1,1
C5120ST,20,363,District-Jamtara,Rural,Age Not Stated,45,29,16,3,1,2,4,4,0,2,1,1,12,8,4,3,2,1,0,0,0,19,12,7,2,1,1
C5120ST,20,363,District-Jamtara,Urban,Total,61,28,33,17,6,11,2,1,1,2,0,2,19,11,8,4,1,3,0,0,0,13,7,6,4,2,2
C5120ST,20,363,District-Jamtara,Urban,0-4,2,0,2,1,0,1,0,0,0,0,0,0,0,0,0,0,0,0,0,0,0,1,0,1,0,0,0
C5120ST,20,363,District-Jamtara,Urban,5-9,4,1,3,0,0,0,0,0,0,0,0,0,1,0,1,1,0,1,0,0,0,0,0,0,2,1,1
C5120ST,20,363,District-Jamtara,Urban,10-19,8,4,4,3,0,3,0,0,0,0,0,0,2,2,0,1,0,1,0,0,0,2,2,0,0,0,0
C5120ST,20,363,District-Jamtara,Urban,20-29,11,7,4,1,0,1,2,1,1,0,0,0,5,4,1,0,0,0,0,0,0,3,2,1,0,0,0
C5120ST,20,363,District-Jamtara,Urban,30-39,6,1,5,1,1,0,0,0,0,0,0,0,1,0,1,1,0,1,0,0,0,2,0,2,1,0,1
C5120ST,20,363,District-Jamtara,Urban,40-49,6,2,4,2,1,1,0,0,0,0,0,0,1,0,1,0,0,0,0,0,0,3,1,2,0,0,0
C5120ST,20,363,District-Jamtara,Urban,50-59,9,3,6,3,0,3,0,0,0,2,0,2,3,2,1,0,0,0,0,0,0,0,0,0,1,1,0
C5120ST,20,363,District-Jamtara,Urban,60-69,7,5,2,3,2,1,0,0,0,0,0,0,3,2,1,1,1,0,0,0,0,0,0,0,0,0,0
C5120ST,20,363,District-Jamtara,Urban,70-79,7,5,2,3,2,1,0,0,0,0,0,0,2,1,1,0,0,0,0,0,0,2,2,0,0,0,0
C5120ST,20,363,District-Jamtara,Urban,80-89,0,0,0,0,0,0,0,0,0,0,0,0,0,0,0,0,0,0,0,0,0,0,0,0,0,0,0
C5120ST,20,363,District-Jamtara,Urban,90+,0,0,0,0,0,0,0,0,0,0,0,0,0,0,0,0,0,0,0,0,0,0,0,0,0,0,0
C5120ST,20,363,District-Jamtara,Urban,Age Not Stated,1,0,1,0,0,0,0,0,0,0,0,0,1,0,1,0,0,0,0,0,0,0,0,0,0,0,0
C5120ST,20,364,District-Ranchi,Total,Total,23463,12461,11002,4990,2587,2403,6518,3382,3136,1195,597,598,4095,2346,1749,1049,595,454,576,344,232,3693,1912,1781,1347,698,649
C5120ST,20,364,District-Ranchi,Total,0-4,1378,693,685,312,150,162,488,225,263,32,17,15,101,66,35,45,27,18,0,0,0,330,175,155,70,33,37
C5120ST,20,364,District-Ranchi,Total,5-9,1923,1051,872,449,230,219,593,329,264,135,76,59,158,90,68,105,60,45,26,15,11,322,173,149,135,78,57
C5120ST,20,364,District-Ranchi,Total,10-19,4466,2344,2122,959,512,447,1292,668,624,296,134,162,572,330,242,296,170,126,87,50,37,707,355,352,257,125,132
C5120ST,20,364,District-Ranchi,Total,20-29,3419,1851,1568,645,336,309,917,488,429,204,110,94,581,334,247,192,110,82,125,77,48,600,306,294,155,90,65
C5120ST,20,364,District-Ranchi,Total,30-39,2986,1678,1308,568,323,245,900,482,418,170,74,96,462,295,167,132,72,60,123,73,50,517,287,230,114,72,42
C5120ST,20,364,District-Ranchi,Total,40-49,2719,1522,1197,583,320,263,728,397,331,143,68,75,514,312,202,126,73,53,101,63,38,434,236,198,90,53,37
C5120ST,20,364,District-Ranchi,Total,50-59,2090,1119,971,454,226,228,564,292,272,100,60,40,462,279,183,72,42,30,55,34,21,295,140,155,88,46,42
C5120ST,20,364,District-Ranchi,Total,60-69,2421,1198,1223,571,274,297,576,272,304,71,34,37,679,354,325,50,20,30,40,20,20,273,152,121,161,72,89
C5120ST,20,364,District-Ranchi,Total,70-79,1266,597,669,267,122,145,282,135,147,27,12,15,372,188,184,16,11,5,13,7,6,123,53,70,166,69,97
C5120ST,20,364,District-Ranchi,Total,80-89,400,208,192,84,46,38,75,37,38,4,3,1,124,65,59,5,2,3,3,3,0,27,9,18,78,43,35
C5120ST,20,364,District-Ranchi,Total,90+,113,55,58,16,9,7,29,14,15,0,0,0,34,15,19,0,0,0,1,1,0,13,6,7,20,10,10
C5120ST,20,364,District-Ranchi,Total,Age Not Stated,282,145,137,82,39,43,74,43,31,13,9,4,36,18,18,10,8,2,2,1,1,52,20,32,13,7,6
C5120ST,20,364,District-Ranchi,Rural,Total,17854,9482,8372,3764,1972,1792,5099,2667,2432,852,426,426,3143,1790,1353,821,456,365,403,216,187,2690,1393,1297,1082,562,520
C5120ST,20,364,District-Ranchi,Rural,0-4,1110,553,557,252,119,133,400,184,216,22,9,13,86,56,30,40,24,16,0,0,0,249,131,118,61,30,31
C5120ST,20,364,District-Ranchi,Rural,5-9,1539,838,701,353,182,171,482,265,217,104,55,49,135,77,58,90,53,37,19,9,10,240,130,110,116,67,49
C5120ST,20,364,District-Ranchi,Rural,10-19,3432,1848,1584,679,384,295,1007,544,463,224,103,121,471,273,198,248,144,104,72,38,34,522,262,260,209,100,109
C5120ST,20,364,District-Ranchi,Rural,20-29,2442,1326,1116,448,231,217,668,361,307,140,75,65,434,255,179,140,80,60,78,43,35,410,205,205,124,76,48
C5120ST,20,364,District-Ranchi,Rural,30-39,2176,1213,963,419,236,183,695,372,323,99,44,55,341,214,127,89,42,47,81,41,40,367,206,161,85,58,27
C5120ST,20,364,District-Ranchi,Rural,40-49,2044,1128,916,449,251,198,550,295,255,106,49,57,385,233,152,94,48,46,74,42,32,317,169,148,69,41,28
C5120ST,20,364,District-Ranchi,Rural,50-59,1606,878,728,375,192,183,452,236,216,71,47,24,338,207,131,53,32,21,37,22,15,215,107,108,65,35,30
C5120ST,20,364,District-Ranchi,Rural,60-69,1906,928,978,461,224,237,474,218,256,55,27,28,511,261,250,39,15,24,29,15,14,210,117,93,127,51,76
C5120ST,20,364,District-Ranchi,Rural,70-79,1003,462,541,200,84,116,243,119,124,20,8,12,287,139,148,14,9,5,9,3,6,90,40,50,140,60,80
C5120ST,20,364,District-Ranchi,Rural,80-89,310,163,147,60,35,25,56,32,24,2,2,0,98,49,49,5,2,3,3,3,0,23,8,15,63,32,31
C5120ST,20,364,District-Ranchi,Rural,90+,89,44,45,10,5,5,21,12,9,0,0,0,31,15,16,0,0,0,0,0,0,10,4,6,17,8,9
C5120ST,20,364,District-Ranchi,Rural,Age Not Stated,197,101,96,58,29,29,51,29,22,9,7,2,26,11,15,9,7,2,1,0,1,37,14,23,6,4,2
C5120ST,20,364,District-Ranchi,Urban,Total,5609,2979,2630,1226,615,611,1419,715,704,343,171,172,952,556,396,228,139,89,173,128,45,1003,519,484,265,136,129
C5120ST,20,364,District-Ranchi,Urban,0-4,268,140,128,60,31,29,88,41,47,10,8,2,15,10,5,5,3,2,0,0,0,81,44,37,9,3,6
C5120ST,20,364,District-Ranchi,Urban,5-9,384,213,171,96,48,48,111,64,47,31,21,10,23,13,10,15,7,8,7,6,1,82,43,39,19,11,8
C5120ST,20,364,District-Ranchi,Urban,10-19,1034,496,538,280,128,152,285,124,161,72,31,41,101,57,44,48,26,22,15,12,3,185,93,92,48,25,23
C5120ST,20,364,District-Ranchi,Urban,20-29,977,525,452,197,105,92,249,127,122,64,35,29,147,79,68,52,30,22,47,34,13,190,101,89,31,14,17
C5120ST,20,364,District-Ranchi,Urban,30-39,810,465,345,149,87,62,205,110,95,71,30,41,121,81,40,43,30,13,42,32,10,150,81,69,29,14,15
C5120ST,20,364,District-Ranchi,Urban,40-49,675,394,281,134,69,65,178,102,76,37,19,18,129,79,50,32,25,7,27,21,6,117,67,50,21,12,9
C5120ST,20,364,District-Ranchi,Urban,50-59,484,241,243,79,34,45,112,56,56,29,13,16,124,72,52,19,10,9,18,12,6,80,33,47,23,11,12
C5120ST,20,364,District-Ranchi,Urban,60-69,515,270,245,110,50,60,102,54,48,16,7,9,168,93,75,11,5,6,11,5,6,63,35,28,34,21,13
C5120ST,20,364,District-Ranchi,Urban,70-79,263,135,128,67,38,29,39,16,23,7,4,3,85,49,36,2,2,0,4,4,0,33,13,20,26,9,17
C5120ST,20,364,District-Ranchi,Urban,80-89,90,45,45,24,11,13,19,5,14,2,1,1,26,16,10,0,0,0,0,0,0,4,1,3,15,11,4
C5120ST,20,364,District-Ranchi,Urban,90+,24,11,13,6,4,2,8,2,6,0,0,0,3,0,3,0,0,0,1,1,0,3,2,1,3,2,1
C5120ST,20,364,District-Ranchi,Urban,Age Not Stated,85,44,41,24,10,14,23,14,9,4,2,2,10,7,3,1,1,0,1,1,0,15,6,9,7,3,4
C5120ST,20,365,District-Khunti,Total,Total,5928,3193,2735,707,382,325,1324,695,629,240,139,101,1528,855,673,298,144,154,235,125,110,1123,600,523,473,253,220
C5120ST,20,365,District-Khunti,Total,0-4,296,158,138,28,16,12,90,43,47,6,4,2,43,22,21,17,10,7,4,3,1,93,52,41,15,8,7
C5120ST,20,365,District-Khunti,Total,5-9,510,278,232,38,20,18,179,89,90,44,27,17,53,35,18,22,15,7,7,1,6,118,61,57,49,30,19
C5120ST,20,365,District-Khunti,Total,10-19,957,502,455,62,31,31,182,103,79,61,36,25,236,127,109,85,32,53,29,20,9,221,112,109,81,41,40
C5120ST,20,365,District-Khunti,Total,20-29,788,442,346,61,39,22,164,91,73,45,22,23,176,97,79,61,39,22,57,33,24,173,92,81,51,29,22
C5120ST,20,365,District-Khunti,Total,30-39,684,406,278,68,40,28,133,82,51,34,17,17,175,108,67,34,18,16,44,24,20,164,95,69,32,22,10
C5120ST,20,365,District-Khunti,Total,40-49,692,384,308,98,54,44,141,70,71,16,11,5,197,119,78,38,18,20,41,23,18,123,70,53,38,19,19
C5120ST,20,365,District-Khunti,Total,50-59,640,348,292,97,46,51,136,68,68,16,11,5,209,130,79,15,7,8,26,10,16,95,52,43,46,24,22
C5120ST,20,365,District-Khunti,Total,60-69,828,430,398,163,90,73,178,92,86,11,7,4,262,144,118,20,3,17,22,9,13,92,43,49,80,42,38
C5120ST,20,365,District-Khunti,Total,70-79,360,162,198,64,32,32,87,46,41,4,3,1,118,44,74,5,2,3,4,1,3,35,16,19,43,18,25
C5120ST,20,365,District-Khunti,Total,80-89,141,68,73,22,13,9,30,9,21,3,1,2,47,26,21,1,0,1,0,0,0,7,5,2,31,14,17
C5120ST,20,365,District-Khunti,Total,90+,28,13,15,5,1,4,3,1,2,0,0,0,11,3,8,0,0,0,1,1,0,1,1,0,7,6,1
C5120ST,20,365,District-Khunti,Total,Age Not Stated,4,2,2,1,0,1,1,1,0,0,0,0,1,0,1,0,0,0,0,0,0,1,1,0,0,0,0
C5120ST,20,365,District-Khunti,Rural,Total,5634,3036,2598,681,368,313,1252,656,596,231,136,95,1448,817,631,289,137,152,218,117,101,1071,570,501,444,235,209
C5120ST,20,365,District-Khunti,Rural,0-4,288,155,133,27,15,12,89,43,46,5,4,1,43,22,21,16,9,7,4,3,1,89,51,38,15,8,7
C5120ST,20,365,District-Khunti,Rural,5-9,491,266,225,36,19,17,176,88,88,42,26,16,48,31,17,21,14,7,7,1,6,115,60,55,46,27,19
C5120ST,20,365,District-Khunti,Rural,10-19,926,486,440,62,31,31,175,97,78,59,35,24,229,124,105,85,32,53,27,18,9,212,109,103,77,40,37
C5120ST,20,365,District-Khunti,Rural,20-29,744,416,328,58,36,22,155,85,70,43,22,21,167,93,74,59,37,22,53,30,23,161,85,76,48,28,20
C5120ST,20,365,District-Khunti,Rural,30-39,642,381,261,63,37,26,122,75,47,33,17,16,167,103,64,30,16,14,41,24,17,157,88,69,29,21,8
C5120ST,20,365,District-Khunti,Rural,40-49,658,368,290,92,52,40,131,66,65,16,11,5,189,117,72,37,17,20,40,22,18,117,66,51,36,17,19
C5120ST,20,365,District-Khunti,Rural,50-59,608,333,275,94,46,48,133,68,65,15,10,5,194,120,74,15,7,8,22,9,13,93,51,42,42,22,20
C5120ST,20,365,District-Khunti,Rural,60-69,784,404,380,159,86,73,163,82,81,11,7,4,247,139,108,20,3,17,21,9,12,87,40,47,76,38,38
C5120ST,20,365,District-Khunti,Rural,70-79,335,149,186,63,32,31,79,43,36,4,3,1,111,40,71,5,2,3,2,0,2,32,13,19,39,16,23
C5120ST,20,365,District-Khunti,Rural,80-89,131,63,68,22,13,9,26,7,19,3,1,2,44,25,19,1,0,1,0,0,0,6,5,1,29,12,17
C5120ST,20,365,District-Khunti,Rural,90+,24,13,11,5,1,4,2,1,1,0,0,0,8,3,5,0,0,0,1,1,0,1,1,0,7,6,1
C5120ST,20,365,District-Khunti,Rural,Age Not Stated,3,2,1,0,0,0,1,1,0,0,0,0,1,0,1,0,0,0,0,0,0,1,1,0,0,0,0
C5120ST,20,365,District-Khunti,Urban,Total,294,157,137,26,14,12,72,39,33,9,3,6,80,38,42,9,7,2,17,8,9,52,30,22,29,18,11
C5120ST,20,365,District-Khunti,Urban,0-4,8,3,5,1,1,0,1,0,1,1,0,1,0,0,0,1,1,0,0,0,0,4,1,3,0,0,0
C5120ST,20,365,District-Khunti,Urban,5-9,19,12,7,2,1,1,3,1,2,2,1,1,5,4,1,1,1,0,0,0,0,3,1,2,3,3,0
C5120ST,20,365,District-Khunti,Urban,10-19,31,16,15,0,0,0,7,6,1,2,1,1,7,3,4,0,0,0,2,2,0,9,3,6,4,1,3
C5120ST,20,365,District-Khunti,Urban,20-29,44,26,18,3,3,0,9,6,3,2,0,2,9,4,5,2,2,0,4,3,1,12,7,5,3,1,2
C5120ST,20,365,District-Khunti,Urban,30-39,42,25,17,5,3,2,11,7,4,1,0,1,8,5,3,4,2,2,3,0,3,7,7,0,3,1,2
C5120ST,20,365,District-Khunti,Urban,40-49,34,16,18,6,2,4,10,4,6,0,0,0,8,2,6,1,1,0,1,1,0,6,4,2,2,2,0
C5120ST,20,365,District-Khunti,Urban,50-59,32,15,17,3,0,3,3,0,3,1,1,0,15,10,5,0,0,0,4,1,3,2,1,1,4,2,2
C5120ST,20,365,District-Khunti,Urban,60-69,44,26,18,4,4,0,15,10,5,0,0,0,15,5,10,0,0,0,1,0,1,5,3,2,4,4,0
C5120ST,20,365,District-Khunti,Urban,70-79,25,13,12,1,0,1,8,3,5,0,0,0,7,4,3,0,0,0,2,1,1,3,3,0,4,2,2
C5120ST,20,365,District-Khunti,Urban,80-89,10,5,5,0,0,0,4,2,2,0,0,0,3,1,2,0,0,0,0,0,0,1,0,1,2,2,0
C5120ST,20,365,District-Khunti,Urban,90+,4,0,4,0,0,0,1,0,1,0,0,0,3,0,3,0,0,0,0,0,0,0,0,0,0,0,0
C5120ST,20,365,District-Khunti,Urban,Age Not Stated,1,0,1,1,0,1,0,0,0,0,0,0,0,0,0,0,0,0,0,0,0,0,0,0,0,0,0
C5120ST,20,366,District-Gumla,Total,Total,13046,6790,6256,1736,894,842,3101,1453,1648,541,278,263,3608,2063,1545,673,335,338,452,223,229,1807,983,824,1128,561,567
C5120ST,20,366,District-Gumla,Total,0-4,614,324,290,50,21,29,209,105,104,22,11,11,76,41,35,22,13,9,2,0,2,191,103,88,42,30,12
C5120ST,20,366,District-Gumla,Total,5-9,957,527,430,119,71,48,280,129,151,103,60,43,128,77,51,57,31,26,17,13,4,187,105,82,66,41,25
C5120ST,20,366,District-Gumla,Total,10-19,2277,1162,1115,236,127,109,538,244,294,145,72,73,482,272,210,198,94,104,69,38,31,399,198,201,210,117,93
C5120ST,20,366,District-Gumla,Total,20-29,1583,825,758,162,98,64,360,150,210,87,43,44,416,255,161,128,61,67,84,38,46,240,125,115,106,55,51
C5120ST,20,366,District-Gumla,Total,30-39,1335,725,610,142,72,70,322,148,174,58,27,31,350,214,136,99,55,44,98,52,46,188,108,80,78,49,29
C5120ST,20,366,District-Gumla,Total,40-49,1393,774,619,156,93,63,312,156,156,50,22,28,433,269,164,82,39,43,90,38,52,196,117,79,74,40,34
C5120ST,20,366,District-Gumla,Total,50-59,1312,700,612,200,100,100,283,132,151,31,18,13,456,272,184,36,20,16,47,20,27,174,105,69,85,33,52
C5120ST,20,366,District-Gumla,Total,60-69,1876,923,953,353,169,184,451,206,245,33,16,17,661,366,295,33,13,20,34,15,19,143,71,72,168,67,101
C5120ST,20,366,District-Gumla,Total,70-79,1228,597,631,238,104,134,270,145,125,8,6,2,434,204,230,10,6,4,9,7,2,71,43,28,188,82,106
C5120ST,20,366,District-Gumla,Total,80-89,380,187,193,69,31,38,58,29,29,4,3,1,139,75,64,7,3,4,1,1,0,13,7,6,89,38,51
C5120ST,20,366,District-Gumla,Total,90+,83,43,40,10,8,2,15,9,6,0,0,0,31,16,15,1,0,1,1,1,0,3,0,3,22,9,13
C5120ST,20,366,District-Gumla,Total,Age Not Stated,8,3,5,1,0,1,3,0,3,0,0,0,2,2,0,0,0,0,0,0,0,2,1,1,0,0,0
C5120ST,20,366,District-Gumla,Rural,Total,12641,6591,6050,1654,852,802,3040,1428,1612,524,270,254,3482,2002,1480,644,322,322,439,218,221,1766,960,806,1092,539,553
C5120ST,20,366,District-Gumla,Rural,0-4,606,318,288,50,21,29,207,104,103,22,11,11,75,40,35,21,12,9,2,0,2,188,100,88,41,30,11
C5120ST,20,366,District-Gumla,Rural,5-9,927,510,417,110,64,46,278,128,150,99,57,42,126,77,49,55,31,24,17,13,4,180,102,78,62,38,24
C5120ST,20,366,District-Gumla,Rural,10-19,2179,1116,1063,213,116,97,519,236,283,140,70,70,469,269,200,183,87,96,68,38,30,388,192,196,199,108,91
C5120ST,20,366,District-Gumla,Rural,20-29,1523,797,726,158,94,64,355,149,206,86,43,43,386,241,145,123,58,65,81,37,44,235,123,112,99,52,47
C5120ST,20,366,District-Gumla,Rural,30-39,1284,699,585,131,67,64,316,146,170,56,26,30,330,203,127,98,54,44,93,49,44,185,106,79,75,48,27
C5120ST,20,366,District-Gumla,Rural,40-49,1343,747,596,145,88,57,304,152,152,47,21,26,421,261,160,77,38,39,88,37,51,191,113,78,70,37,33
C5120ST,20,366,District-Gumla,Rural,50-59,1278,683,595,191,96,95,279,131,148,29,17,12,443,264,179,36,20,16,46,20,26,171,103,68,83,32,51
C5120ST,20,366,District-Gumla,Rural,60-69,1835,905,930,341,164,177,444,202,242,33,16,17,644,358,286,33,13,20,33,15,18,140,71,69,167,66,101
C5120ST,20,366,District-Gumla,Rural,70-79,1206,588,618,238,104,134,263,143,120,8,6,2,421,198,223,10,6,4,9,7,2,70,42,28,187,82,105
C5120ST,20,366,District-Gumla,Rural,80-89,370,183,187,66,30,36,57,28,29,4,3,1,135,74,61,7,3,4,1,1,0,13,7,6,87,37,50
C5120ST,20,366,District-Gumla,Rural,90+,82,42,40,10,8,2,15,9,6,0,0,0,30,15,15,1,0,1,1,1,0,3,0,3,22,9,13
C5120ST,20,366,District-Gumla,Rural,Age Not Stated,8,3,5,1,0,1,3,0,3,0,0,0,2,2,0,0,0,0,0,0,0,2,1,1,0,0,0
C5120ST,20,366,District-Gumla,Urban,Total,405,199,206,82,42,40,61,25,36,17,8,9,126,61,65,29,13,16,13,5,8,41,23,18,36,22,14
C5120ST,20,366,District-Gumla,Urban,0-4,8,6,2,0,0,0,2,1,1,0,0,0,1,1,0,1,1,0,0,0,0,3,3,0,1,0,1
C5120ST,20,366,District-Gumla,Urban,5-9,30,17,13,9,7,2,2,1,1,4,3,1,2,0,2,2,0,2,0,0,0,7,3,4,4,3,1
C5120ST,20,366,District-Gumla,Urban,10-19,98,46,52,23,11,12,19,8,11,5,2,3,13,3,10,15,7,8,1,0,1,11,6,5,11,9,2
C5120ST,20,366,District-Gumla,Urban,20-29,60,28,32,4,4,0,5,1,4,1,0,1,30,14,16,5,3,2,3,1,2,5,2,3,7,3,4
C5120ST,20,366,District-Gumla,Urban,30-39,51,26,25,11,5,6,6,2,4,2,1,1,20,11,9,1,1,0,5,3,2,3,2,1,3,1,2
C5120ST,20,366,District-Gumla,Urban,40-49,50,27,23,11,5,6,8,4,4,3,1,2,12,8,4,5,1,4,2,1,1,5,4,1,4,3,1
C5120ST,20,366,District-Gumla,Urban,50-59,34,17,17,9,4,5,4,1,3,2,1,1,13,8,5,0,0,0,1,0,1,3,2,1,2,1,1
C5120ST,20,366,District-Gumla,Urban,60-69,41,18,23,12,5,7,7,4,3,0,0,0,17,8,9,0,0,0,1,0,1,3,0,3,1,1,0
C5120ST,20,366,District-Gumla,Urban,70-79,22,9,13,0,0,0,7,2,5,0,0,0,13,6,7,0,0,0,0,0,0,1,1,0,1,0,1
C5120ST,20,366,District-Gumla,Urban,80-89,10,4,6,3,1,2,1,1,0,0,0,0,4,1,3,0,0,0,0,0,0,0,0,0,2,1,1
C5120ST,20,366,District-Gumla,Urban,90+,1,1,0,0,0,0,0,0,0,0,0,0,1,1,0,0,0,0,0,0,0,0,0,0,0,0,0
C5120ST,20,366,District-Gumla,Urban,Age Not Stated,0,0,0,0,0,0,0,0,0,0,0,0,0,0,0,0,0,0,0,0,0,0,0,0,0,0,0
C5120ST,20,367,District-Simdega,Total,Total,7048,3701,3347,759,370,389,1438,747,691,286,143,143,2132,1229,903,342,150,192,335,177,158,1061,542,519,695,343,352
C5120ST,20,367,District-Simdega,Total,0-4,244,142,102,22,14,8,87,58,29,5,1,4,28,17,11,8,2,6,1,0,1,67,37,30,26,13,13
C5120ST,20,367,District-Simdega,Total,5-9,441,218,223,23,13,10,99,47,52,38,16,22,78,49,29,21,9,12,13,6,7,108,47,61,61,31,30
C5120ST,20,367,District-Simdega,Total,10-19,1016,516,500,80,36,44,190,100,90,70,38,32,245,130,115,99,38,61,35,23,12,179,90,89,118,61,57
C5120ST,20,367,District-Simdega,Total,20-29,905,500,405,47,26,21,149,75,74,50,26,24,290,178,112,72,40,32,77,40,37,138,73,65,82,42,40
C5120ST,20,367,District-Simdega,Total,30-39,755,425,330,44,25,19,132,73,59,46,23,23,219,142,77,54,28,26,61,27,34,136,71,65,63,36,27
C5120ST,20,367,District-Simdega,Total,40-49,827,486,341,88,46,42,155,92,63,28,18,10,263,169,94,49,23,26,63,37,26,123,66,57,58,35,23
C5120ST,20,367,District-Simdega,Total,50-59,788,438,350,105,56,49,149,81,68,24,10,14,294,189,105,19,5,14,45,20,25,115,57,58,37,20,17
C5120ST,20,367,District-Simdega,Total,60-69,1138,535,603,201,88,113,274,128,146,17,6,11,367,191,176,18,4,14,25,15,10,133,62,71,103,41,62
C5120ST,20,367,District-Simdega,Total,70-79,671,320,351,103,44,59,146,67,79,4,4,0,245,115,130,2,1,1,12,8,4,52,34,18,107,47,60
C5120ST,20,367,District-Simdega,Total,80-89,215,96,119,35,16,19,47,22,25,4,1,3,88,41,47,0,0,0,2,0,2,7,4,3,32,12,20
C5120ST,20,367,District-Simdega,Total,90+,44,23,21,11,6,5,8,3,5,0,0,0,15,8,7,0,0,0,1,1,0,1,0,1,8,5,3
C5120ST,20,367,District-Simdega,Total,Age Not Stated,4,2,2,0,0,0,2,1,1,0,0,0,0,0,0,0,0,0,0,0,0,2,1,1,0,0,0
C5120ST,20,367,District-Simdega,Rural,Total,6803,3573,3230,748,364,384,1397,725,672,275,136,139,2026,1169,857,330,146,184,323,171,152,1029,529,500,675,333,342
C5120ST,20,367,District-Simdega,Rural,0-4,236,137,99,21,13,8,84,55,29,5,1,4,28,17,11,8,2,6,1,0,1,66,36,30,23,13,10
C5120ST,20,367,District-Simdega,Rural,5-9,426,208,218,22,13,9,97,46,51,37,15,22,74,45,29,21,9,12,13,6,7,102,44,58,60,30,30
C5120ST,20,367,District-Simdega,Rural,10-19,974,498,476,79,36,43,181,96,85,66,36,30,237,127,110,95,37,58,33,22,11,174,88,86,109,56,53
C5120ST,20,367,District-Simdega,Rural,20-29,851,475,376,45,25,20,147,73,74,48,25,23,259,163,96,69,38,31,73,38,35,129,71,58,81,42,39
C5120ST,20,367,District-Simdega,Rural,30-39,729,408,321,44,25,19,131,72,59,46,23,23,204,132,72,52,27,25,58,26,32,132,68,64,62,35,27
C5120ST,20,367,District-Simdega,Rural,40-49,796,466,330,87,45,42,148,87,61,26,16,10,250,160,90,47,23,24,61,35,26,120,66,54,57,34,23
C5120ST,20,367,District-Simdega,Rural,50-59,766,427,339,102,54,48,143,80,63,24,10,14,284,182,102,19,5,14,44,20,24,113,56,57,37,20,17
C5120ST,20,367,District-Simdega,Rural,60-69,1117,523,594,199,87,112,271,126,145,16,6,10,356,183,173,17,4,13,25,15,10,132,62,70,101,40,61
C5120ST,20,367,District-Simdega,Rural,70-79,651,312,339,103,44,59,140,65,75,3,3,0,234,111,123,2,1,1,12,8,4,51,33,18,106,47,59
C5120ST,20,367,District-Simdega,Rural,80-89,209,94,115,35,16,19,45,21,24,4,1,3,85,41,44,0,0,0,2,0,2,7,4,3,31,11,20
C5120ST,20,367,District-Simdega,Rural,90+,44,23,21,11,6,5,8,3,5,0,0,0,15,8,7,0,0,0,1,1,0,1,0,1,8,5,3
C5120ST,20,367,District-Simdega,Rural,Age Not Stated,4,2,2,0,0,0,2,1,1,0,0,0,0,0,0,0,0,0,0,0,0,2,1,1,0,0,0
C5120ST,20,367,District-Simdega,Urban,Total,245,128,117,11,6,5,41,22,19,11,7,4,106,60,46,12,4,8,12,6,6,32,13,19,20,10,10
C5120ST,20,367,District-Simdega,Urban,0-4,8,5,3,1,1,0,3,3,0,0,0,0,0,0,0,0,0,0,0,0,0,1,1,0,3,0,3
C5120ST,20,367,District-Simdega,Urban,5-9,15,10,5,1,0,1,2,1,1,1,1,0,4,4,0,0,0,0,0,0,0,6,3,3,1,1,0
C5120ST,20,367,District-Simdega,Urban,10-19,42,18,24,1,0,1,9,4,5,4,2,2,8,3,5,4,1,3,2,1,1,5,2,3,9,5,4
C5120ST,20,367,District-Simdega,Urban,20-29,54,25,29,2,1,1,2,2,0,2,1,1,31,15,16,3,2,1,4,2,2,9,2,7,1,0,1
C5120ST,20,367,District-Simdega,Urban,30-39,26,17,9,0,0,0,1,1,0,0,0,0,15,10,5,2,1,1,3,1,2,4,3,1,1,1,0
C5120ST,20,367,District-Simdega,Urban,40-49,31,20,11,1,1,0,7,5,2,2,2,0,13,9,4,2,0,2,2,2,0,3,0,3,1,1,0
C5120ST,20,367,District-Simdega,Urban,50-59,22,11,11,3,2,1,6,1,5,0,0,0,10,7,3,0,0,0,1,0,1,2,1,1,0,0,0
C5120ST,20,367,District-Simdega,Urban,60-69,21,12,9,2,1,1,3,2,1,1,0,1,11,8,3,1,0,1,0,0,0,1,0,1,2,1,1
C5120ST,20,367,District-Simdega,Urban,70-79,20,8,12,0,0,0,6,2,4,1,1,0,11,4,7,0,0,0,0,0,0,1,1,0,1,0,1
C5120ST,20,367,District-Simdega,Urban,80-89,6,2,4,0,0,0,2,1,1,0,0,0,3,0,3,0,0,0,0,0,0,0,0,0,1,1,0
C5120ST,20,367,District-Simdega,Urban,90+,0,0,0,0,0,0,0,0,0,0,0,0,0,0,0,0,0,0,0,0,0,0,0,0,0,0,0
C5120ST,20,367,District-Simdega,Urban,Age Not Stated,0,0,0,0,0,0,0,0,0,0,0,0,0,0,0,0,0,0,0,0,0,0,0,0,0,0,0
C5120ST,20,368,District-Pashchimi Singhbhum,Total,Total,12198,6086,6112,1547,741,806,2522,1200,1322,620,304,316,3856,1963,1893,420,235,185,328,157,171,1794,964,830,1111,522,589
C5120ST,20,368,District-Pashchimi Singhbhum,Total,0-4,515,272,243,29,11,18,147,73,74,13,9,4,116,68,48,11,7,4,2,2,0,144,75,69,53,27,26
C5120ST,20,368,District-Pashchimi Singhbhum,Total,5-9,907,458,449,70,38,32,228,115,113,104,50,54,137,58,79,47,27,20,12,6,6,192,97,95,117,67,50
C5120ST,20,368,District-Pashchimi Singhbhum,Total,10-19,2016,1090,926,144,72,72,442,222,220,190,98,92,502,261,241,123,83,40,47,24,23,368,206,162,200,124,76
C5120ST,20,368,District-Pashchimi Singhbhum,Total,20-29,1440,780,660,106,58,48,282,143,139,109,50,59,444,263,181,68,33,35,68,31,37,253,138,115,110,64,46
C5120ST,20,368,District-Pashchimi Singhbhum,Total,30-39,1194,681,513,112,70,42,228,115,113,67,27,40,376,242,134,70,32,38,69,31,38,203,125,78,69,39,30
C5120ST,20,368,District-Pashchimi Singhbhum,Total,40-49,1387,802,585,178,105,73,253,135,118,67,41,26,488,302,186,48,27,21,60,32,28,209,113,96,84,47,37
C5120ST,20,368,District-Pashchimi Singhbhum,Total,50-59,1370,705,665,235,113,122,289,130,159,38,14,24,485,273,212,32,15,17,39,22,17,184,104,80,68,34,34
C5120ST,20,368,District-Pashchimi Singhbhum,Total,60-69,1992,803,1189,413,175,238,421,171,250,23,10,13,756,295,461,18,10,8,20,5,15,162,77,85,179,60,119
C5120ST,20,368,District-Pashchimi Singhbhum,Total,70-79,1068,379,689,219,83,136,180,72,108,6,4,2,426,152,274,3,1,2,7,3,4,67,24,43,160,40,120
C5120ST,20,368,District-Pashchimi Singhbhum,Total,80-89,255,97,158,37,13,24,44,22,22,3,1,2,114,44,70,0,0,0,2,0,2,7,4,3,48,13,35
C5120ST,20,368,District-Pashchimi Singhbhum,Total,90+,53,19,34,4,3,1,8,2,6,0,0,0,11,5,6,0,0,0,2,1,1,5,1,4,23,7,16
C5120ST,20,368,District-Pashchimi Singhbhum,Total,Age Not Stated,1,0,1,0,0,0,0,0,0,0,0,0,1,0,1,0,0,0,0,0,0,0,0,0,0,0,0
C5120ST,20,368,District-Pashchimi Singhbhum,Rural,Total,11428,5685,5743,1455,688,767,2414,1152,1262,590,293,297,3618,1822,1796,383,213,170,284,139,145,1667,902,765,1017,476,541
C5120ST,20,368,District-Pashchimi Singhbhum,Rural,0-4,496,265,231,27,10,17,140,71,69,13,9,4,111,65,46,11,7,4,2,2,0,139,74,65,53,27,26
C5120ST,20,368,District-Pashchimi Singhbhum,Rural,5-9,869,444,425,68,37,31,222,112,110,100,50,50,128,55,73,46,26,20,11,5,6,183,94,89,111,65,46
C5120ST,20,368,District-Pashchimi Singhbhum,Rural,10-19,1889,1025,864,134,67,67,425,214,211,184,97,87,476,245,231,108,72,36,32,19,13,352,201,151,178,110,68
C5120ST,20,368,District-Pashchimi Singhbhum,Rural,20-29,1312,715,597,96,51,45,269,139,130,101,46,55,404,240,164,61,30,31,62,28,34,224,125,99,95,56,39
C5120ST,20,368,District-Pashchimi Singhbhum,Rural,30-39,1104,626,478,103,63,40,218,108,110,63,26,37,349,223,126,64,29,35,61,28,33,188,115,73,58,34,24
C5120ST,20,368,District-Pashchimi Singhbhum,Rural,40-49,1274,737,537,166,96,70,239,128,111,63,39,24,453,284,169,42,23,19,56,30,26,182,96,86,73,41,32
C5120ST,20,368,District-Pashchimi Singhbhum,Rural,50-59,1269,640,629,219,105,114,274,120,154,36,12,24,443,243,200,32,15,17,35,20,15,170,97,73,60,28,32
C5120ST,20,368,District-Pashchimi Singhbhum,Rural,60-69,1914,766,1148,397,167,230,408,170,238,22,9,13,722,274,448,16,10,6,18,5,13,156,73,83,175,58,117
C5120ST,20,368,District-Pashchimi Singhbhum,Rural,70-79,1020,366,654,207,79,128,175,71,104,6,4,2,410,147,263,3,1,2,6,2,4,62,22,40,151,40,111
C5120ST,20,368,District-Pashchimi Singhbhum,Rural,80-89,233,87,146,34,10,24,37,18,19,2,1,1,110,41,69,0,0,0,0,0,0,7,4,3,43,13,30
C5120ST,20,368,District-Pashchimi Singhbhum,Rural,90+,47,14,33,4,3,1,7,1,6,0,0,0,11,5,6,0,0,0,1,0,1,4,1,3,20,4,16
C5120ST,20,368,District-Pashchimi Singhbhum,Rural,Age Not Stated,1,0,1,0,0,0,0,0,0,0,0,0,1,0,1,0,0,0,0,0,0,0,0,0,0,0,0
C5120ST,20,368,District-Pashchimi Singhbhum,Urban,Total,770,401,369,92,53,39,108,48,60,30,11,19,238,141,97,37,22,15,44,18,26,127,62,65,94,46,48
C5120ST,20,368,District-Pashchimi Singhbhum,Urban,0-4,19,7,12,2,1,1,7,2,5,0,0,0,5,3,2,0,0,0,0,0,0,5,1,4,0,0,0
C5120ST,20,368,District-Pashchimi Singhbhum,Urban,5-9,38,14,24,2,1,1,6,3,3,4,0,4,9,3,6,1,1,0,1,1,0,9,3,6,6,2,4
C5120ST,20,368,District-Pashchimi Singhbhum,Urban,10-19,127,65,62,10,5,5,17,8,9,6,1,5,26,16,10,15,11,4,15,5,10,16,5,11,22,14,8
C5120ST,20,368,District-Pashchimi Singhbhum,Urban,20-29,128,65,63,10,7,3,13,4,9,8,4,4,40,23,17,7,3,4,6,3,3,29,13,16,15,8,7
C5120ST,20,368,District-Pashchimi Singhbhum,Urban,30-39,90,55,35,9,7,2,10,7,3,4,1,3,27,19,8,6,3,3,8,3,5,15,10,5,11,5,6
C5120ST,20,368,District-Pashchimi Singhbhum,Urban,40-49,113,65,48,12,9,3,14,7,7,4,2,2,35,18,17,6,4,2,4,2,2,27,17,10,11,6,5
C5120ST,20,368,District-Pashchimi Singhbhum,Urban,50-59,101,65,36,16,8,8,15,10,5,2,2,0,42,30,12,0,0,0,4,2,2,14,7,7,8,6,2
C5120ST,20,368,District-Pashchimi Singhbhum,Urban,60-69,78,37,41,16,8,8,13,1,12,1,1,0,34,21,13,2,0,2,2,0,2,6,4,2,4,2,2
C5120ST,20,368,District-Pashchimi Singhbhum,Urban,70-79,48,13,35,12,4,8,5,1,4,0,0,0,16,5,11,0,0,0,1,1,0,5,2,3,9,0,9
C5120ST,20,368,District-Pashchimi Singhbhum,Urban,80-89,22,10,12,3,3,0,7,4,3,1,0,1,4,3,1,0,0,0,2,0,2,0,0,0,5,0,5
C5120ST,20,368,District-Pashchimi Singhbhum,Urban,90+,6,5,1,0,0,0,1,1,0,0,0,0,0,0,0,0,0,0,1,1,0,1,0,1,3,3,0
C5120ST,20,368,District-Pashchimi Singhbhum,Urban,Age Not Stated,0,0,0,0,0,0,0,0,0,0,0,0,0,0,0,0,0,0,0,0,0,0,0,0,0,0,0
C5120ST,20,369,District-Saraikela-Kharsawan,Total,Total,8719,4537,4182,2694,1403,1291,2284,1187,1097,264,140,124,1173,611,562,393,206,187,145,80,65,1240,642,598,526,268,258
C5120ST,20,369,District-Saraikela-Kharsawan,Total,0-4,588,309,279,203,103,100,184,100,84,6,3,3,25,16,9,28,15,13,1,1,0,119,60,59,22,11,11
C5120ST,20,369,District-Saraikela-Kharsawan,Total,5-9,806,432,374,251,128,123,230,130,100,46,26,20,54,26,28,50,26,24,3,2,1,128,62,66,44,32,12
C5120ST,20,369,District-Saraikela-Kharsawan,Total,10-19,1525,803,722,485,254,231,382,204,178,83,40,43,133,62,71,99,54,45,21,11,10,229,128,101,93,50,43
C5120ST,20,369,District-Saraikela-Kharsawan,Total,20-29,1178,630,548,355,195,160,326,156,170,48,29,19,138,80,58,61,27,34,18,11,7,183,99,84,49,33,16
C5120ST,20,369,District-Saraikela-Kharsawan,Total,30-39,1065,589,476,335,192,143,284,159,125,28,14,14,137,80,57,48,22,26,32,21,11,175,83,92,26,18,8
C5120ST,20,369,District-Saraikela-Kharsawan,Total,40-49,963,567,396,294,173,121,262,155,107,15,7,8,147,93,54,43,25,18,35,21,14,141,75,66,26,18,8
C5120ST,20,369,District-Saraikela-Kharsawan,Total,50-59,829,436,393,253,133,120,212,110,102,13,7,6,154,91,63,32,18,14,15,5,10,103,49,54,47,23,24
C5120ST,20,369,District-Saraikela-Kharsawan,Total,60-69,1046,467,579,320,134,186,251,108,143,13,7,6,217,100,117,21,12,9,15,6,9,102,55,47,107,45,62
C5120ST,20,369,District-Saraikela-Kharsawan,Total,70-79,517,222,295,136,66,70,113,47,66,9,6,3,132,50,82,6,3,3,3,1,2,42,23,19,76,26,50
C5120ST,20,369,District-Saraikela-Kharsawan,Total,80-89,146,53,93,46,16,30,29,10,19,2,0,2,29,10,19,2,2,0,2,1,1,6,3,3,30,11,19
C5120ST,20,369,District-Saraikela-Kharsawan,Total,90+,37,17,20,11,5,6,5,3,2,1,1,0,7,3,4,2,2,0,0,0,0,7,2,5,4,1,3
C5120ST,20,369,District-Saraikela-Kharsawan,Total,Age Not Stated,19,12,7,5,4,1,6,5,1,0,0,0,0,0,0,1,0,1,0,0,0,5,3,2,2,0,2
C5120ST,20,369,District-Saraikela-Kharsawan,Rural,Total,7908,4096,3812,2380,1224,1156,2028,1059,969,250,131,119,1114,571,543,362,191,171,134,77,57,1145,597,548,495,246,249
C5120ST,20,369,District-Saraikela-Kharsawan,Rural,0-4,524,270,254,174,83,91,166,90,76,6,3,3,23,15,8,27,15,12,1,1,0,107,54,53,20,9,11
C5120ST,20,369,District-Saraikela-Kharsawan,Rural,5-9,717,383,334,221,111,110,200,115,85,43,24,19,52,25,27,46,24,22,3,2,1,113,54,59,39,28,11
C5120ST,20,369,District-Saraikela-Kharsawan,Rural,10-19,1382,731,651,417,220,197,354,193,161,78,36,42,122,55,67,91,51,40,19,11,8,217,121,96,84,44,40
C5120ST,20,369,District-Saraikela-Kharsawan,Rural,20-29,1014,545,469,279,150,129,275,136,139,46,29,17,131,74,57,54,23,31,15,9,6,169,94,75,45,30,15
C5120ST,20,369,District-Saraikela-Kharsawan,Rural,30-39,933,500,433,296,163,133,225,122,103,27,13,14,127,72,55,44,20,24,31,21,10,162,75,87,21,14,7
C5120ST,20,369,District-Saraikela-Kharsawan,Rural,40-49,863,513,350,257,156,101,233,137,96,13,6,7,138,88,50,40,23,17,31,20,11,127,67,60,24,16,8
C5120ST,20,369,District-Saraikela-Kharsawan,Rural,50-59,782,409,373,240,126,114,197,102,95,12,6,6,144,83,61,29,17,12,14,5,9,99,47,52,47,23,24
C5120ST,20,369,District-Saraikela-Kharsawan,Rural,60-69,1010,454,556,309,128,181,237,105,132,13,7,6,212,97,115,21,12,9,15,6,9,97,54,43,106,45,61
C5120ST,20,369,District-Saraikela-Kharsawan,Rural,70-79,496,214,282,131,63,68,105,44,61,9,6,3,130,49,81,6,3,3,3,1,2,37,23,14,75,25,50
C5120ST,20,369,District-Saraikela-Kharsawan,Rural,80-89,137,50,87,41,15,26,27,8,19,2,0,2,29,10,19,2,2,0,2,1,1,6,3,3,28,11,17
C5120ST,20,369,District-Saraikela-Kharsawan,Rural,90+,32,15,17,10,5,5,3,2,1,1,1,0,6,3,3,1,1,0,0,0,0,7,2,5,4,1,3
C5120ST,20,369,District-Saraikela-Kharsawan,Rural,Age Not Stated,18,12,6,5,4,1,6,5,1,0,0,0,0,0,0,1,0,1,0,0,0,4,3,1,2,0,2
C5120ST,20,369,District-Saraikela-Kharsawan,Urban,Total,811,441,370,314,179,135,256,128,128,14,9,5,59,40,19,31,15,16,11,3,8,95,45,50,31,22,9
C5120ST,20,369,District-Saraikela-Kharsawan,Urban,0-4,64,39,25,29,20,9,18,10,8,0,0,0,2,1,1,1,0,1,0,0,0,12,6,6,2,2,0
C5120ST,20,369,District-Saraikela-Kharsawan,Urban,5-9,89,49,40,30,17,13,30,15,15,3,2,1,2,1,1,4,2,2,0,0,0,15,8,7,5,4,1
C5120ST,20,369,District-Saraikela-Kharsawan,Urban,10-19,143,72,71,68,34,34,28,11,17,5,4,1,11,7,4,8,3,5,2,0,2,12,7,5,9,6,3
C5120ST,20,369,District-Saraikela-Kharsawan,Urban,20-29,164,85,79,76,45,31,51,20,31,2,0,2,7,6,1,7,4,3,3,2,1,14,5,9,4,3,1
C5120ST,20,369,District-Saraikela-Kharsawan,Urban,30-39,132,89,43,39,29,10,59,37,22,1,1,0,10,8,2,4,2,2,1,0,1,13,8,5,5,4,1
C5120ST,20,369,District-Saraikela-Kharsawan,Urban,40-49,100,54,46,37,17,20,29,18,11,2,1,1,9,5,4,3,2,1,4,1,3,14,8,6,2,2,0
C5120ST,20,369,District-Saraikela-Kharsawan,Urban,50-59,47,27,20,13,7,6,15,8,7,1,1,0,10,8,2,3,1,2,1,0,1,4,2,2,0,0,0
C5120ST,20,369,District-Saraikela-Kharsawan,Urban,60-69,36,13,23,11,6,5,14,3,11,0,0,0,5,3,2,0,0,0,0,0,0,5,1,4,1,0,1
C5120ST,20,369,District-Saraikela-Kharsawan,Urban,70-79,21,8,13,5,3,2,8,3,5,0,0,0,2,1,1,0,0,0,0,0,0,5,0,5,1,1,0
C5120ST,20,369,District-Saraikela-Kharsawan,Urban,80-89,9,3,6,5,1,4,2,2,0,0,0,0,0,0,0,0,0,0,0,0,0,0,0,0,2,0,2
C5120ST,20,369,District-Saraikela-Kharsawan,Urban,90+,5,2,3,1,0,1,2,1,1,0,0,0,1,0,1,1,1,0,0,0,0,0,0,0,0,0,0
C5120ST,20,369,District-Saraikela-Kharsawan,Urban,Age Not Stated,1,0,1,0,0,0,0,0,0,0,0,0,0,0,0,0,0,0,0,0,0,1,0,1,0,0,0
C5120ST,21,0,State-ODISHA,Total,Total,253779,130588,123191,57589,28998,28591,55642,27858,27784,9845,5313,4532,51537,28237,23300,12105,6310,5795,7506,3688,3818,35641,18622,17019,23914,11562,12352
C5120ST,21,0,State-ODISHA,Total,0-4,13282,6979,6303,3399,1741,1658,3110,1614,1496,238,132,106,1453,804,649,603,326,277,80,44,36,3372,1747,1625,1027,571,456
C5120ST,21,0,State-ODISHA,Total,5-9,22584,12081,10503,4828,2539,2289,5424,2761,2663,1624,919,705,2405,1391,1014,1673,918,755,279,173,106,4206,2170,2036,2145,1210,935
C5120ST,21,0,State-ODISHA,Total,10-19,41511,21749,19762,7911,4128,3783,9483,4702,4781,2592,1343,1249,6218,3471,2747,3283,1802,1481,934,469,465,6964,3599,3365,4126,2235,1891
C5120ST,21,0,State-ODISHA,Total,20-29,31883,16911,14972,5609,2941,2668,6694,3361,3333,1777,947,830,6692,3887,2805,2149,1088,1061,1432,744,688,5100,2707,2393,2430,1236,1194
C5120ST,21,0,State-ODISHA,Total,30-39,27646,15008,12638,5306,2883,2423,6173,3226,2947,1203,666,537,5763,3423,2340,1622,823,799,1639,831,808,4218,2276,1942,1722,880,842
C5120ST,21,0,State-ODISHA,Total,40-49,28315,15680,12635,6196,3545,2651,6308,3317,2991,975,545,430,6511,3881,2630,1321,687,634,1528,732,796,3896,2153,1743,1580,820,760
C5120ST,21,0,State-ODISHA,Total,50-59,25830,13349,12481,6595,3303,3292,5662,2841,2821,652,372,280,6571,3659,2912,743,345,398,874,386,488,2884,1555,1329,1849,888,961
C5120ST,21,0,State-ODISHA,Total,60-69,34961,16512,18449,10252,4660,5592,7375,3508,3867,532,270,262,8871,4511,4360,497,223,274,528,219,309,2999,1463,1536,3907,1658,2249
C5120ST,21,0,State-ODISHA,Total,70-79,19615,8659,10956,5479,2356,3123,3903,1793,2110,177,90,87,5070,2306,2764,145,62,83,159,68,91,1323,623,700,3359,1361,1998
C5120ST,21,0,State-ODISHA,Total,80-89,5748,2522,3226,1465,634,831,1060,515,545,40,11,29,1496,677,819,33,18,15,29,10,19,328,144,184,1297,513,784
C5120ST,21,0,State-ODISHA,Total,90+,1503,699,804,340,156,184,255,141,114,11,5,6,357,170,187,12,8,4,8,6,2,102,47,55,418,166,252
C5120ST,21,0,State-ODISHA,Total,Age Not Stated,901,439,462,209,112,97,195,79,116,24,13,11,130,57,73,24,10,14,16,6,10,249,138,111,54,24,30
C5120ST,21,0,State-ODISHA,Rural,Total,239840,123298,116542,54686,27527,27159,52646,26409,26237,9236,4988,4248,48707,26631,22076,11405,5922,5483,7123,3488,3635,33181,17322,15859,22856,11011,11845
C5120ST,21,0,State-ODISHA,Rural,0-4,12637,6652,5985,3241,1667,1574,2947,1534,1413,227,129,98,1401,775,626,573,313,260,77,41,36,3187,1650,1537,984,543,441
C5120ST,21,0,State-ODISHA,Rural,5-9,21402,11450,9952,4553,2389,2164,5146,2619,2527,1542,879,663,2308,1341,967,1595,866,729,263,167,96,3964,2042,1922,2031,1147,884
C5120ST,21,0,State-ODISHA,Rural,10-19,38918,20395,18523,7346,3821,3525,8948,4450,4498,2449,1271,1178,5915,3298,2617,3077,1683,1394,888,445,443,6422,3337,3085,3873,2090,1783
C5120ST,21,0,State-ODISHA,Rural,20-29,29701,15712,13989,5216,2739,2477,6232,3134,3098,1658,883,775,6296,3646,2650,1983,1001,982,1352,692,660,4652,2455,2197,2312,1162,1150
C5120ST,21,0,State-ODISHA,Rural,30-39,26003,14122,11881,5003,2712,2291,5797,3037,2760,1105,615,490,5447,3238,2209,1530,765,765,1557,790,767,3912,2117,1795,1652,848,804
C5120ST,21,0,State-ODISHA,Rural,40-49,26641,14758,11883,5881,3369,2512,5952,3125,2827,902,501,401,6073,3620,2453,1258,658,600,1449,698,751,3614,2004,1610,1512,783,729
C5120ST,21,0,State-ODISHA,Rural,50-59,24395,12554,11841,6307,3158,3149,5377,2696,2681,611,344,267,6122,3384,2738,703,326,377,824,361,463,2671,1435,1236,1780,850,930
C5120ST,21,0,State-ODISHA,Rural,60-69,33523,15824,17699,9923,4512,5411,7075,3387,3688,503,253,250,8424,4272,4152,479,216,263,511,209,302,2850,1381,1469,3758,1594,2164
C5120ST,21,0,State-ODISHA,Rural,70-79,18789,8309,10480,5272,2284,2988,3731,1722,2009,170,86,84,4817,2187,2630,142,60,82,152,65,87,1256,587,669,3249,1318,1931
C5120ST,21,0,State-ODISHA,Rural,80-89,5538,2428,3110,1419,614,805,1010,492,518,39,10,29,1440,654,786,30,16,14,28,9,19,316,137,179,1256,496,760
C5120ST,21,0,State-ODISHA,Rural,90+,1436,673,763,326,152,174,246,137,109,8,5,3,342,163,179,12,8,4,8,6,2,97,46,51,397,156,241
C5120ST,21,0,State-ODISHA,Rural,Age Not Stated,857,421,436,199,110,89,185,76,109,22,12,10,122,53,69,23,10,13,14,5,9,240,131,109,52,24,28
C5120ST,21,0,State-ODISHA,Urban,Total,13939,7290,6649,2903,1471,1432,2996,1449,1547,609,325,284,2830,1606,1224,700,388,312,383,200,183,2460,1300,1160,1058,551,507
C5120ST,21,0,State-ODISHA,Urban,0-4,645,327,318,158,74,84,163,80,83,11,3,8,52,29,23,30,13,17,3,3,0,185,97,88,43,28,15
C5120ST,21,0,State-ODISHA,Urban,5-9,1182,631,551,275,150,125,278,142,136,82,40,42,97,50,47,78,52,26,16,6,10,242,128,114,114,63,51
C5120ST,21,0,State-ODISHA,Urban,10-19,2593,1354,1239,565,307,258,535,252,283,143,72,71,303,173,130,206,119,87,46,24,22,542,262,280,253,145,108
C5120ST,21,0,State-ODISHA,Urban,20-29,2182,1199,983,393,202,191,462,227,235,119,64,55,396,241,155,166,87,79,80,52,28,448,252,196,118,74,44
C5120ST,21,0,State-ODISHA,Urban,30-39,1643,886,757,303,171,132,376,189,187,98,51,47,316,185,131,92,58,34,82,41,41,306,159,147,70,32,38
C5120ST,21,0,State-ODISHA,Urban,40-49,1674,922,752,315,176,139,356,192,164,73,44,29,438,261,177,63,29,34,79,34,45,282,149,133,68,37,31
C5120ST,21,0,State-ODISHA,Urban,50-59,1435,795,640,288,145,143,285,145,140,41,28,13,449,275,174,40,19,21,50,25,25,213,120,93,69,38,31
C5120ST,21,0,State-ODISHA,Urban,60-69,1438,688,750,329,148,181,300,121,179,29,17,12,447,239,208,18,7,11,17,10,7,149,82,67,149,64,85
C5120ST,21,0,State-ODISHA,Urban,70-79,826,350,476,207,72,135,172,71,101,7,4,3,253,119,134,3,2,1,7,3,4,67,36,31,110,43,67
C5120ST,21,0,State-ODISHA,Urban,80-89,210,94,116,46,20,26,50,23,27,1,1,0,56,23,33,3,2,1,1,1,0,12,7,5,41,17,24
C5120ST,21,0,State-ODISHA,Urban,90+,67,26,41,14,4,10,9,4,5,3,0,3,15,7,8,0,0,0,0,0,0,5,1,4,21,10,11
C5120ST,21,0,State-ODISHA,Urban,Age Not Stated,44,18,26,10,2,8,10,3,7,2,1,1,8,4,4,1,0,1,2,1,1,9,7,2,2,0,2
C5120ST,21,370,District-Bargarh,Total,Total,7575,4001,3574,1424,748,676,1309,643,666,292,167,125,1944,1114,830,405,230,175,366,180,186,839,461,378,996,458,538
C5120ST,21,370,District-Bargarh,Total,0-4,234,139,95,46,31,15,34,24,10,7,5,2,39,22,17,13,7,6,2,1,1,68,34,34,25,15,10
C5120ST,21,370,District-Bargarh,Total,5-9,441,262,179,92,53,39,62,33,29,47,24,23,52,31,21,48,31,17,9,7,2,58,36,22,73,47,26
C5120ST,21,370,District-Bargarh,Total,10-19,1010,576,434,147,82,65,167,97,70,70,40,30,204,119,85,107,60,47,25,15,10,146,76,70,144,87,57
C5120ST,21,370,District-Bargarh,Total,20-29,903,485,418,114,65,49,121,52,69,50,26,24,274,158,116,87,49,38,68,36,32,98,61,37,91,38,53
C5120ST,21,370,District-Bargarh,Total,30-39,806,459,347,99,58,41,131,66,65,37,27,10,207,132,75,63,35,28,89,48,41,104,58,46,76,35,41
C5120ST,21,370,District-Bargarh,Total,40-49,863,485,378,142,68,74,150,81,69,38,22,16,242,153,89,44,29,15,83,39,44,117,72,45,47,21,26
C5120ST,21,370,District-Bargarh,Total,50-59,799,412,387,177,94,83,144,75,69,17,10,7,223,132,91,23,10,13,41,17,24,103,54,49,71,20,51
C5120ST,21,370,District-Bargarh,Total,60-69,1228,590,638,304,152,152,245,107,138,19,10,9,359,193,166,13,7,6,34,12,22,76,40,36,178,69,109
C5120ST,21,370,District-Bargarh,Total,70-79,860,374,486,210,87,123,181,74,107,5,3,2,232,112,120,6,1,5,13,5,8,46,22,24,167,70,97
C5120ST,21,370,District-Bargarh,Total,80-89,336,171,165,77,49,28,60,26,34,2,0,2,84,46,38,1,1,0,1,0,1,20,7,13,91,42,49
C5120ST,21,370,District-Bargarh,Total,90+,84,43,41,15,8,7,9,6,3,0,0,0,25,15,10,0,0,0,1,0,1,3,1,2,31,13,18
C5120ST,21,370,District-Bargarh,Total,Age Not Stated,11,5,6,1,1,0,5,2,3,0,0,0,3,1,2,0,0,0,0,0,0,0,0,0,2,1,1
C5120ST,21,370,District-Bargarh,Rural,Total,7345,3885,3460,1385,731,654,1290,633,657,280,160,120,1886,1081,805,388,221,167,353,177,176,823,451,372,940,431,509
C5120ST,21,370,District-Bargarh,Rural,0-4,230,138,92,46,31,15,34,24,10,7,5,2,37,21,16,12,7,5,2,1,1,68,34,34,24,15,9
C5120ST,21,370,District-Bargarh,Rural,5-9,418,246,172,87,50,37,62,33,29,47,24,23,52,31,21,46,31,15,8,6,2,54,32,22,62,39,23
C5120ST,21,370,District-Bargarh,Rural,10-19,967,551,416,141,79,62,164,95,69,66,39,27,201,116,85,102,57,45,22,13,9,140,73,67,131,79,52
C5120ST,21,370,District-Bargarh,Rural,20-29,881,472,409,113,65,48,118,50,68,49,25,24,269,154,115,84,47,37,66,36,30,97,60,37,85,35,50
C5120ST,21,370,District-Bargarh,Rural,30-39,783,446,337,96,55,41,131,66,65,35,26,9,199,126,73,59,33,26,87,48,39,103,58,45,73,34,39
C5120ST,21,370,District-Bargarh,Rural,40-49,842,476,366,139,66,73,148,81,67,35,20,15,232,149,83,44,29,15,82,39,43,116,71,45,46,21,25
C5120ST,21,370,District-Bargarh,Rural,50-59,779,402,377,173,92,81,143,74,69,15,8,7,218,129,89,22,9,13,37,17,20,102,54,48,69,19,50
C5120ST,21,370,District-Bargarh,Rural,60-69,1196,577,619,296,149,147,244,106,138,19,10,9,345,187,158,12,6,6,34,12,22,75,39,36,171,68,103
C5120ST,21,370,District-Bargarh,Rural,70-79,830,362,468,204,86,118,174,70,104,5,3,2,225,109,116,6,1,5,13,5,8,45,22,23,158,66,92
C5120ST,21,370,District-Bargarh,Rural,80-89,326,168,158,74,49,25,58,26,32,2,0,2,81,44,37,1,1,0,1,0,1,20,7,13,89,41,48
C5120ST,21,370,District-Bargarh,Rural,90+,82,42,40,15,8,7,9,6,3,0,0,0,24,14,10,0,0,0,1,0,1,3,1,2,30,13,17
C5120ST,21,370,District-Bargarh,Rural,Age Not Stated,11,5,6,1,1,0,5,2,3,0,0,0,3,1,2,0,0,0,0,0,0,0,0,0,2,1,1
C5120ST,21,370,District-Bargarh,Urban,Total,230,116,114,39,17,22,19,10,9,12,7,5,58,33,25,17,9,8,13,3,10,16,10,6,56,27,29
C5120ST,21,370,District-Bargarh,Urban,0-4,4,1,3,0,0,0,0,0,0,0,0,0,2,1,1,1,0,1,0,0,0,0,0,0,1,0,1
C5120ST,21,370,District-Bargarh,Urban,5-9,23,16,7,5,3,2,0,0,0,0,0,0,0,0,0,2,0,2,1,1,0,4,4,0,11,8,3
C5120ST,21,370,District-Bargarh,Urban,10-19,43,25,18,6,3,3,3,2,1,4,1,3,3,3,0,5,3,2,3,2,1,6,3,3,13,8,5
C5120ST,21,370,District-Bargarh,Urban,20-29,22,13,9,1,0,1,3,2,1,1,1,0,5,4,1,3,2,1,2,0,2,1,1,0,6,3,3
C5120ST,21,370,District-Bargarh,Urban,30-39,23,13,10,3,3,0,0,0,0,2,1,1,8,6,2,4,2,2,2,0,2,1,0,1,3,1,2
C5120ST,21,370,District-Bargarh,Urban,40-49,21,9,12,3,2,1,2,0,2,3,2,1,10,4,6,0,0,0,1,0,1,1,1,0,1,0,1
C5120ST,21,370,District-Bargarh,Urban,50-59,20,10,10,4,2,2,1,1,0,2,2,0,5,3,2,1,1,0,4,0,4,1,0,1,2,1,1
C5120ST,21,370,District-Bargarh,Urban,60-69,32,13,19,8,3,5,1,1,0,0,0,0,14,6,8,1,1,0,0,0,0,1,1,0,7,1,6
C5120ST,21,370,District-Bargarh,Urban,70-79,30,12,18,6,1,5,7,4,3,0,0,0,7,3,4,0,0,0,0,0,0,1,0,1,9,4,5
C5120ST,21,370,District-Bargarh,Urban,80-89,10,3,7,3,0,3,2,0,2,0,0,0,3,2,1,0,0,0,0,0,0,0,0,0,2,1,1
C5120ST,21,370,District-Bargarh,Urban,90+,2,1,1,0,0,0,0,0,0,0,0,0,1,1,0,0,0,0,0,0,0,0,0,0,1,0,1
C5120ST,21,370,District-Bargarh,Urban,Age Not Stated,0,0,0,0,0,0,0,0,0,0,0,0,0,0,0,0,0,0,0,0,0,0,0,0,0,0,0
C5120ST,21,371,District-Jharsuguda,Total,Total,7192,3601,3591,1608,827,781,1270,621,649,206,122,84,1627,846,781,306,149,157,229,105,124,1032,498,534,914,433,481
C5120ST,21,371,District-Jharsuguda,Total,0-4,204,105,99,67,35,32,28,12,16,5,5,0,20,11,9,5,1,4,3,0,3,53,27,26,23,14,9
C5120ST,21,371,District-Jharsuguda,Total,5-9,348,193,155,69,28,41,51,30,21,37,25,12,28,17,11,38,22,16,11,6,5,53,28,25,61,37,24
C5120ST,21,371,District-Jharsuguda,Total,10-19,903,463,440,188,93,95,162,88,74,57,30,27,128,69,59,81,43,38,19,6,13,161,74,87,107,60,47
C5120ST,21,371,District-Jharsuguda,Total,20-29,874,446,428,168,82,86,148,67,81,39,27,12,195,120,75,64,32,32,42,23,19,148,66,82,70,29,41
C5120ST,21,371,District-Jharsuguda,Total,30-39,739,365,374,121,58,63,124,62,62,25,10,15,187,106,81,44,25,19,48,24,24,142,65,77,48,15,33
C5120ST,21,371,District-Jharsuguda,Total,40-49,850,473,377,224,139,85,160,78,82,15,11,4,191,116,75,26,9,17,42,20,22,134,69,65,58,31,27
C5120ST,21,371,District-Jharsuguda,Total,50-59,830,403,427,174,96,78,163,67,96,14,8,6,215,111,104,26,7,19,34,10,24,134,70,64,70,34,36
C5120ST,21,371,District-Jharsuguda,Total,60-69,1227,604,623,315,164,151,218,104,114,8,5,3,346,163,183,16,6,10,22,11,11,123,64,59,179,87,92
C5120ST,21,371,District-Jharsuguda,Total,70-79,850,384,466,210,97,113,140,67,73,4,1,3,225,98,127,5,4,1,7,4,3,61,26,35,198,87,111
C5120ST,21,371,District-Jharsuguda,Total,80-89,279,130,149,62,32,30,47,31,16,2,0,2,76,29,47,0,0,0,0,0,0,13,6,7,79,32,47
C5120ST,21,371,District-Jharsuguda,Total,90+,78,32,46,9,3,6,23,14,9,0,0,0,16,6,10,0,0,0,0,0,0,9,2,7,21,7,14
C5120ST,21,371,District-Jharsuguda,Total,Age Not Stated,10,3,7,1,0,1,6,1,5,0,0,0,0,0,0,1,0,1,1,1,0,1,1,0,0,0,0
C5120ST,21,371,District-Jharsuguda,Rural,Total,6223,3109,3114,1423,732,691,1092,532,560,178,102,76,1382,720,662,248,117,131,207,94,113,852,409,443,841,403,438
C5120ST,21,371,District-Jharsuguda,Rural,0-4,169,90,79,57,30,27,23,10,13,5,5,0,15,9,6,1,0,1,3,0,3,46,24,22,19,12,7
C5120ST,21,371,District-Jharsuguda,Rural,5-9,291,163,128,61,26,35,43,23,20,34,23,11,21,15,6,32,18,14,8,5,3,38,18,20,54,35,19
C5120ST,21,371,District-Jharsuguda,Rural,10-19,750,388,362,159,79,80,137,74,63,48,25,23,111,66,45,66,36,30,18,6,12,116,49,67,95,53,42
C5120ST,21,371,District-Jharsuguda,Rural,20-29,731,364,367,147,70,77,126,56,70,34,23,11,156,94,62,49,24,25,38,20,18,119,52,67,62,25,37
C5120ST,21,371,District-Jharsuguda,Rural,30-39,616,308,308,105,52,53,101,50,51,20,7,13,150,87,63,35,17,18,44,23,21,118,57,61,43,15,28
C5120ST,21,371,District-Jharsuguda,Rural,40-49,707,391,316,197,119,78,130,67,63,13,9,4,149,90,59,22,8,14,35,16,19,111,56,55,50,26,24
C5120ST,21,371,District-Jharsuguda,Rural,50-59,729,352,377,150,84,66,144,59,85,11,5,6,182,95,87,25,6,19,32,9,23,117,60,57,68,34,34
C5120ST,21,371,District-Jharsuguda,Rural,60-69,1112,545,567,297,152,145,194,90,104,7,4,3,300,139,161,13,5,8,21,10,11,112,61,51,168,84,84
C5120ST,21,371,District-Jharsuguda,Rural,70-79,779,352,427,184,87,97,126,60,66,4,1,3,211,91,120,4,3,1,7,4,3,54,23,31,189,83,106
C5120ST,21,371,District-Jharsuguda,Rural,80-89,264,123,141,57,30,27,44,29,15,2,0,2,73,28,45,0,0,0,0,0,0,13,6,7,75,30,45
C5120ST,21,371,District-Jharsuguda,Rural,90+,66,30,36,8,3,5,19,13,6,0,0,0,14,6,8,0,0,0,0,0,0,7,2,5,18,6,12
C5120ST,21,371,District-Jharsuguda,Rural,Age Not Stated,9,3,6,1,0,1,5,1,4,0,0,0,0,0,0,1,0,1,1,1,0,1,1,0,0,0,0
C5120ST,21,371,District-Jharsuguda,Urban,Total,969,492,477,185,95,90,178,89,89,28,20,8,245,126,119,58,32,26,22,11,11,180,89,91,73,30,43
C5120ST,21,371,District-Jharsuguda,Urban,0-4,35,15,20,10,5,5,5,2,3,0,0,0,5,2,3,4,1,3,0,0,0,7,3,4,4,2,2
C5120ST,21,371,District-Jharsuguda,Urban,5-9,57,30,27,8,2,6,8,7,1,3,2,1,7,2,5,6,4,2,3,1,2,15,10,5,7,2,5
C5120ST,21,371,District-Jharsuguda,Urban,10-19,153,75,78,29,14,15,25,14,11,9,5,4,17,3,14,15,7,8,1,0,1,45,25,20,12,7,5
C5120ST,21,371,District-Jharsuguda,Urban,20-29,143,82,61,21,12,9,22,11,11,5,4,1,39,26,13,15,8,7,4,3,1,29,14,15,8,4,4
C5120ST,21,371,District-Jharsuguda,Urban,30-39,123,57,66,16,6,10,23,12,11,5,3,2,37,19,18,9,8,1,4,1,3,24,8,16,5,0,5
C5120ST,21,371,District-Jharsuguda,Urban,40-49,143,82,61,27,20,7,30,11,19,2,2,0,42,26,16,4,1,3,7,4,3,23,13,10,8,5,3
C5120ST,21,371,District-Jharsuguda,Urban,50-59,101,51,50,24,12,12,19,8,11,3,3,0,33,16,17,1,1,0,2,1,1,17,10,7,2,0,2
C5120ST,21,371,District-Jharsuguda,Urban,60-69,115,59,56,18,12,6,24,14,10,1,1,0,46,24,22,3,1,2,1,1,0,11,3,8,11,3,8
C5120ST,21,371,District-Jharsuguda,Urban,70-79,71,32,39,26,10,16,14,7,7,0,0,0,14,7,7,1,1,0,0,0,0,7,3,4,9,4,5
C5120ST,21,371,District-Jharsuguda,Urban,80-89,15,7,8,5,2,3,3,2,1,0,0,0,3,1,2,0,0,0,0,0,0,0,0,0,4,2,2
C5120ST,21,371,District-Jharsuguda,Urban,90+,12,2,10,1,0,1,4,1,3,0,0,0,2,0,2,0,0,0,0,0,0,2,0,2,3,1,2
C5120ST,21,371,District-Jharsuguda,Urban,Age Not Stated,1,0,1,0,0,0,1,0,1,0,0,0,0,0,0,0,0,0,0,0,0,0,0,0,0,0,0
C5120ST,21,372,District-Sambalpur,Total,Total,11790,6115,5675,2444,1289,1155,2577,1302,1275,393,224,169,2538,1366,1172,461,226,235,388,177,211,1887,968,919,1102,563,539
C5120ST,21,372,District-Sambalpur,Total,0-4,476,246,230,119,52,67,98,42,56,11,9,2,41,22,19,15,9,6,4,4,0,149,83,66,39,25,14
C5120ST,21,372,District-Sambalpur,Total,5-9,768,449,319,205,117,88,136,85,51,51,31,20,79,42,37,41,23,18,17,12,5,158,89,69,81,50,31
C5120ST,21,372,District-Sambalpur,Total,10-19,1834,936,898,365,201,164,447,214,233,103,50,53,253,135,118,128,65,63,31,13,18,331,163,168,176,95,81
C5120ST,21,372,District-Sambalpur,Total,20-29,1604,804,800,288,139,149,348,173,175,79,42,37,322,164,158,93,43,50,84,44,40,294,148,146,96,51,45
C5120ST,21,372,District-Sambalpur,Total,30-39,1322,707,615,220,126,94,296,141,155,50,26,24,275,175,100,58,24,34,95,47,48,253,133,120,75,35,40
C5120ST,21,372,District-Sambalpur,Total,40-49,1381,756,625,277,159,118,309,170,139,41,32,9,323,184,139,64,31,33,66,20,46,227,121,106,74,39,35
C5120ST,21,372,District-Sambalpur,Total,50-59,1213,666,547,282,156,126,252,135,117,28,19,9,333,198,135,32,15,17,53,22,31,154,82,72,79,39,40
C5120ST,21,372,District-Sambalpur,Total,60-69,1634,819,815,350,173,177,361,185,176,25,12,13,481,254,227,18,9,9,26,12,14,188,90,98,185,84,101
C5120ST,21,372,District-Sambalpur,Total,70-79,1062,523,539,245,131,114,240,120,120,4,3,1,304,133,171,8,5,3,5,1,4,84,42,42,172,88,84
C5120ST,21,372,District-Sambalpur,Total,80-89,365,152,213,72,27,45,71,31,40,1,0,1,101,45,56,2,1,1,3,0,3,30,11,19,85,37,48
C5120ST,21,372,District-Sambalpur,Total,90+,100,45,55,19,8,11,16,6,10,0,0,0,21,10,11,0,0,0,2,1,1,5,2,3,37,18,19
C5120ST,21,372,District-Sambalpur,Total,Age Not Stated,31,12,19,2,0,2,3,0,3,0,0,0,5,4,1,2,1,1,2,1,1,14,4,10,3,2,1
C5120ST,21,372,District-Sambalpur,Rural,Total,10495,5429,5066,2013,1062,951,2349,1195,1154,343,194,149,2339,1245,1094,415,206,209,359,161,198,1632,834,798,1045,532,513
C5120ST,21,372,District-Sambalpur,Rural,0-4,393,204,189,79,34,45,85,36,49,10,8,2,39,21,18,13,8,5,2,2,0,129,73,56,36,22,14
C5120ST,21,372,District-Sambalpur,Rural,5-9,652,380,272,158,89,69,122,75,47,42,26,16,73,39,34,38,22,16,15,12,3,130,70,60,74,47,27
C5120ST,21,372,District-Sambalpur,Rural,10-19,1565,807,758,268,147,121,395,196,199,95,46,49,227,118,109,114,60,54,30,13,17,277,140,137,159,87,72
C5120ST,21,372,District-Sambalpur,Rural,20-29,1365,681,684,207,98,109,300,153,147,68,36,32,295,147,148,79,36,43,79,39,40,251,127,124,86,45,41
C5120ST,21,372,District-Sambalpur,Rural,30-39,1152,615,537,162,93,69,266,128,138,39,20,19,257,164,93,52,20,32,84,42,42,221,115,106,71,33,38
C5120ST,21,372,District-Sambalpur,Rural,40-49,1235,676,559,232,135,97,283,159,124,37,28,9,288,161,127,62,31,31,65,20,45,198,104,94,70,38,32
C5120ST,21,372,District-Sambalpur,Rural,50-59,1099,593,506,252,140,112,234,119,115,25,16,9,304,178,126,29,14,15,48,19,29,129,69,60,78,38,40
C5120ST,21,372,District-Sambalpur,Rural,60-69,1540,766,774,331,164,167,351,178,173,22,11,11,445,234,211,17,8,9,26,12,14,168,78,90,180,81,99
C5120ST,21,372,District-Sambalpur,Rural,70-79,1015,505,510,233,128,105,227,115,112,4,3,1,289,125,164,8,5,3,5,1,4,81,42,39,168,86,82
C5120ST,21,372,District-Sambalpur,Rural,80-89,352,146,206,70,26,44,68,30,38,1,0,1,97,44,53,1,1,0,3,0,3,29,10,19,83,35,48
C5120ST,21,372,District-Sambalpur,Rural,90+,99,45,54,19,8,11,16,6,10,0,0,0,20,10,10,0,0,0,2,1,1,5,2,3,37,18,19
C5120ST,21,372,District-Sambalpur,Rural,Age Not Stated,28,11,17,2,0,2,2,0,2,0,0,0,5,4,1,2,1,1,0,0,0,14,4,10,3,2,1
C5120ST,21,372,District-Sambalpur,Urban,Total,1295,686,609,431,227,204,228,107,121,50,30,20,199,121,78,46,20,26,29,16,13,255,134,121,57,31,26
C5120ST,21,372,District-Sambalpur,Urban,0-4,83,42,41,40,18,22,13,6,7,1,1,0,2,1,1,2,1,1,2,2,0,20,10,10,3,3,0
C5120ST,21,372,District-Sambalpur,Urban,5-9,116,69,47,47,28,19,14,10,4,9,5,4,6,3,3,3,1,2,2,0,2,28,19,9,7,3,4
C5120ST,21,372,District-Sambalpur,Urban,10-19,269,129,140,97,54,43,52,18,34,8,4,4,26,17,9,14,5,9,1,0,1,54,23,31,17,8,9
C5120ST,21,372,District-Sambalpur,Urban,20-29,239,123,116,81,41,40,48,20,28,11,6,5,27,17,10,14,7,7,5,5,0,43,21,22,10,6,4
C5120ST,21,372,District-Sambalpur,Urban,30-39,170,92,78,58,33,25,30,13,17,11,6,5,18,11,7,6,4,2,11,5,6,32,18,14,4,2,2
C5120ST,21,372,District-Sambalpur,Urban,40-49,146,80,66,45,24,21,26,11,15,4,4,0,35,23,12,2,0,2,1,0,1,29,17,12,4,1,3
C5120ST,21,372,District-Sambalpur,Urban,50-59,114,73,41,30,16,14,18,16,2,3,3,0,29,20,9,3,1,2,5,3,2,25,13,12,1,1,0
C5120ST,21,372,District-Sambalpur,Urban,60-69,94,53,41,19,9,10,10,7,3,3,1,2,36,20,16,1,1,0,0,0,0,20,12,8,5,3,2
C5120ST,21,372,District-Sambalpur,Urban,70-79,47,18,29,12,3,9,13,5,8,0,0,0,15,8,7,0,0,0,0,0,0,3,0,3,4,2,2
C5120ST,21,372,District-Sambalpur,Urban,80-89,13,6,7,2,1,1,3,1,2,0,0,0,4,1,3,1,0,1,0,0,0,1,1,0,2,2,0
C5120ST,21,372,District-Sambalpur,Urban,90+,1,0,1,0,0,0,0,0,0,0,0,0,1,0,1,0,0,0,0,0,0,0,0,0,0,0,0
C5120ST,21,372,District-Sambalpur,Urban,Age Not Stated,3,1,2,0,0,0,1,0,1,0,0,0,0,0,0,0,0,0,2,1,1,0,0,0,0,0,0
C5120ST,21,373,District-Debagarh,Total,Total,3043,1610,1433,485,253,232,666,329,337,131,75,56,771,454,317,166,89,77,119,53,66,439,226,213,266,131,135
C5120ST,21,373,District-Debagarh,Total,0-4,144,75,69,29,15,14,30,13,17,4,0,4,21,10,11,2,2,0,2,2,0,42,26,16,14,7,7
C5120ST,21,373,District-Debagarh,Total,5-9,224,125,99,27,14,13,60,33,27,20,15,5,29,16,13,19,9,10,2,2,0,44,22,22,23,14,9
C5120ST,21,373,District-Debagarh,Total,10-19,603,313,290,56,28,28,145,70,75,48,28,20,96,60,36,49,24,25,21,8,13,124,60,64,64,35,29
C5120ST,21,373,District-Debagarh,Total,20-29,406,214,192,44,23,21,64,21,43,20,12,8,132,82,50,35,19,16,27,13,14,60,31,29,24,13,11
C5120ST,21,373,District-Debagarh,Total,30-39,371,194,177,47,29,18,88,44,44,21,10,11,110,60,50,21,11,10,25,12,13,38,15,23,21,13,8
C5120ST,21,373,District-Debagarh,Total,40-49,330,186,144,60,33,27,57,32,25,8,4,4,101,63,38,17,10,7,22,7,15,49,28,21,16,9,7
C5120ST,21,373,District-Debagarh,Total,50-59,323,178,145,68,29,39,75,43,32,4,2,2,99,63,36,12,7,5,11,5,6,28,16,12,26,13,13
C5120ST,21,373,District-Debagarh,Total,60-69,353,180,173,74,36,38,96,52,44,4,3,1,110,62,48,7,4,3,5,2,3,25,12,13,32,9,23
C5120ST,21,373,District-Debagarh,Total,70-79,194,100,94,56,30,26,35,15,20,2,1,1,53,32,21,3,2,1,3,1,2,18,11,7,24,8,16
C5120ST,21,373,District-Debagarh,Total,80-89,68,34,34,19,13,6,15,6,9,0,0,0,12,3,9,0,0,0,1,1,0,7,3,4,14,8,6
C5120ST,21,373,District-Debagarh,Total,90+,22,9,13,4,3,1,1,0,1,0,0,0,8,3,5,1,1,0,0,0,0,2,0,2,6,2,4
C5120ST,21,373,District-Debagarh,Total,Age Not Stated,5,2,3,1,0,1,0,0,0,0,0,0,0,0,0,0,0,0,0,0,0,2,2,0,2,0,2
C5120ST,21,373,District-Debagarh,Rural,Total,2843,1511,1332,442,231,211,646,322,324,122,71,51,738,436,302,155,84,71,115,52,63,364,186,178,261,129,132
C5120ST,21,373,District-Debagarh,Rural,0-4,134,70,64,25,13,12,30,13,17,3,0,3,20,10,10,2,2,0,2,2,0,38,23,15,14,7,7
C5120ST,21,373,District-Debagarh,Rural,5-9,210,119,91,24,13,11,59,33,26,20,15,5,28,16,12,18,8,10,2,2,0,37,18,19,22,14,8
C5120ST,21,373,District-Debagarh,Rural,10-19,537,282,255,48,25,23,141,69,72,47,27,20,94,59,35,46,24,22,19,7,12,82,38,44,60,33,27
C5120ST,21,373,District-Debagarh,Rural,20-29,382,202,180,33,18,15,62,21,41,20,12,8,127,79,48,31,16,15,27,13,14,58,30,28,24,13,11
C5120ST,21,373,District-Debagarh,Rural,30-39,342,180,162,40,24,16,84,42,42,17,8,9,105,59,46,20,10,10,25,12,13,30,12,18,21,13,8
C5120ST,21,373,District-Debagarh,Rural,40-49,308,176,132,56,31,25,56,31,25,8,4,4,94,59,35,15,10,5,21,7,14,42,25,17,16,9,7
C5120ST,21,373,District-Debagarh,Rural,50-59,312,172,140,65,28,37,74,42,32,3,2,1,95,60,35,12,7,5,11,5,6,26,15,11,26,13,13
C5120ST,21,373,District-Debagarh,Rural,60-69,338,170,168,72,34,38,90,50,40,2,2,0,106,58,48,7,4,3,5,2,3,24,11,13,32,9,23
C5120ST,21,373,District-Debagarh,Rural,70-79,187,95,92,55,29,26,34,15,19,2,1,1,51,30,21,3,2,1,2,1,1,16,9,7,24,8,16
C5120ST,21,373,District-Debagarh,Rural,80-89,67,34,33,19,13,6,15,6,9,0,0,0,11,3,8,0,0,0,1,1,0,7,3,4,14,8,6
C5120ST,21,373,District-Debagarh,Rural,90+,21,9,12,4,3,1,1,0,1,0,0,0,7,3,4,1,1,0,0,0,0,2,0,2,6,2,4
C5120ST,21,373,District-Debagarh,Rural,Age Not Stated,5,2,3,1,0,1,0,0,0,0,0,0,0,0,0,0,0,0,0,0,0,2,2,0,2,0,2
C5120ST,21,373,District-Debagarh,Urban,Total,200,99,101,43,22,21,20,7,13,9,4,5,33,18,15,11,5,6,4,1,3,75,40,35,5,2,3
C5120ST,21,373,District-Debagarh,Urban,0-4,10,5,5,4,2,2,0,0,0,1,0,1,1,0,1,0,0,0,0,0,0,4,3,1,0,0,0
C5120ST,21,373,District-Debagarh,Urban,5-9,14,6,8,3,1,2,1,0,1,0,0,0,1,0,1,1,1,0,0,0,0,7,4,3,1,0,1
C5120ST,21,373,District-Debagarh,Urban,10-19,66,31,35,8,3,5,4,1,3,1,1,0,2,1,1,3,0,3,2,1,1,42,22,20,4,2,2
C5120ST,21,373,District-Debagarh,Urban,20-29,24,12,12,11,5,6,2,0,2,0,0,0,5,3,2,4,3,1,0,0,0,2,1,1,0,0,0
C5120ST,21,373,District-Debagarh,Urban,30-39,29,14,15,7,5,2,4,2,2,4,2,2,5,1,4,1,1,0,0,0,0,8,3,5,0,0,0
C5120ST,21,373,District-Debagarh,Urban,40-49,22,10,12,4,2,2,1,1,0,0,0,0,7,4,3,2,0,2,1,0,1,7,3,4,0,0,0
C5120ST,21,373,District-Debagarh,Urban,50-59,11,6,5,3,1,2,1,1,0,1,0,1,4,3,1,0,0,0,0,0,0,2,1,1,0,0,0
C5120ST,21,373,District-Debagarh,Urban,60-69,15,10,5,2,2,0,6,2,4,2,1,1,4,4,0,0,0,0,0,0,0,1,1,0,0,0,0
C5120ST,21,373,District-Debagarh,Urban,70-79,7,5,2,1,1,0,1,0,1,0,0,0,2,2,0,0,0,0,1,0,1,2,2,0,0,0,0
C5120ST,21,373,District-Debagarh,Urban,80-89,1,0,1,0,0,0,0,0,0,0,0,0,1,0,1,0,0,0,0,0,0,0,0,0,0,0,0
C5120ST,21,373,District-Debagarh,Urban,90+,1,0,1,0,0,0,0,0,0,0,0,0,1,0,1,0,0,0,0,0,0,0,0,0,0,0,0
C5120ST,21,373,District-Debagarh,Urban,Age Not Stated,0,0,0,0,0,0,0,0,0,0,0,0,0,0,0,0,0,0,0,0,0,0,0,0,0,0,0
C5120ST,21,374,District-Sundargarh,Total,Total,24727,12758,11969,3826,1991,1835,5255,2514,2741,1060,590,470,6159,3353,2806,1270,659,611,981,487,494,3718,1953,1765,2458,1211,1247
C5120ST,21,374,District-Sundargarh,Total,0-4,966,519,447,132,69,63,237,118,119,21,12,9,121,72,49,54,29,25,6,4,2,310,167,143,85,48,37
C5120ST,21,374,District-Sundargarh,Total,5-9,1677,865,812,217,119,98,393,178,215,136,71,65,206,130,76,150,76,74,34,23,11,344,166,178,197,102,95
C5120ST,21,374,District-Sundargarh,Total,10-19,3607,1875,1732,477,245,232,800,360,440,258,144,114,561,333,228,356,188,168,125,64,61,644,323,321,386,218,168
C5120ST,21,374,District-Sundargarh,Total,20-29,3220,1719,1501,316,165,151,624,302,322,209,121,88,807,464,343,247,141,106,173,81,92,562,296,266,282,149,133
C5120ST,21,374,District-Sundargarh,Total,30-39,2782,1533,1249,320,186,134,543,287,256,134,78,56,670,388,282,182,85,97,229,120,109,509,288,221,195,101,94
C5120ST,21,374,District-Sundargarh,Total,40-49,2911,1588,1323,454,247,207,593,309,284,127,73,54,778,458,320,148,79,69,203,102,101,438,227,211,170,93,77
C5120ST,21,374,District-Sundargarh,Total,50-59,2712,1404,1308,500,259,241,608,293,315,73,39,34,835,457,378,84,38,46,114,45,69,323,193,130,175,80,95
C5120ST,21,374,District-Sundargarh,Total,60-69,3746,1770,1976,825,409,416,810,359,451,69,35,34,1147,557,590,29,13,16,70,34,36,355,173,182,441,190,251
C5120ST,21,374,District-Sundargarh,Total,70-79,2231,1049,1182,430,212,218,480,225,255,18,9,9,753,356,397,12,7,5,19,10,9,170,84,86,349,146,203
C5120ST,21,374,District-Sundargarh,Total,80-89,626,312,314,109,61,48,127,58,69,7,3,4,214,108,106,5,2,3,4,2,2,37,19,18,123,59,64
C5120ST,21,374,District-Sundargarh,Total,90+,179,91,88,37,17,20,24,17,7,4,1,3,49,22,27,0,0,0,1,1,0,14,10,4,50,23,27
C5120ST,21,374,District-Sundargarh,Total,Age Not Stated,70,33,37,9,2,7,16,8,8,4,4,0,18,8,10,3,1,2,3,1,2,12,7,5,5,2,3
C5120ST,21,374,District-Sundargarh,Rural,Total,21655,11183,10472,3412,1785,1627,4646,2224,2422,922,518,404,5379,2931,2448,1103,570,533,864,430,434,3097,1638,1459,2232,1087,1145
C5120ST,21,374,District-Sundargarh,Rural,0-4,852,465,387,113,61,52,211,107,104,19,12,7,112,66,46,47,27,20,5,3,2,270,147,123,75,42,33
C5120ST,21,374,District-Sundargarh,Rural,5-9,1506,784,722,193,107,86,349,154,195,120,67,53,191,122,69,137,69,68,33,22,11,304,149,155,179,94,85
C5120ST,21,374,District-Sundargarh,Rural,10-19,3153,1650,1503,420,219,201,723,326,397,233,129,104,481,281,200,315,166,149,111,57,54,527,276,251,343,196,147
C5120ST,21,374,District-Sundargarh,Rural,20-29,2692,1420,1272,253,133,120,542,258,284,181,105,76,676,389,287,202,113,89,149,68,81,441,231,210,248,123,125
C5120ST,21,374,District-Sundargarh,Rural,30-39,2369,1297,1072,270,156,114,474,248,226,110,64,46,574,334,240,154,68,86,203,105,98,405,229,176,179,93,86
C5120ST,21,374,District-Sundargarh,Rural,40-49,2532,1398,1134,406,220,186,523,267,256,103,60,43,668,405,263,135,73,62,178,95,83,364,193,171,155,85,70
C5120ST,21,374,District-Sundargarh,Rural,50-59,2388,1234,1154,460,239,221,538,266,272,66,36,30,732,394,338,69,34,35,100,38,62,266,157,109,157,70,87
C5120ST,21,374,District-Sundargarh,Rural,60-69,3388,1603,1785,771,380,391,720,329,391,63,32,31,1026,492,534,26,12,14,64,32,32,316,153,163,402,173,229
C5120ST,21,374,District-Sundargarh,Rural,70-79,1990,939,1051,390,195,195,420,196,224,15,7,8,661,318,343,11,6,5,14,7,7,150,73,77,329,137,192
C5120ST,21,374,District-Sundargarh,Rural,80-89,576,289,287,101,60,41,113,51,62,6,2,4,197,102,95,4,1,3,3,1,2,33,16,17,119,56,63
C5120ST,21,374,District-Sundargarh,Rural,90+,156,77,79,31,14,17,22,16,6,3,1,2,45,20,25,0,0,0,1,1,0,12,9,3,42,16,26
C5120ST,21,374,District-Sundargarh,Rural,Age Not Stated,53,27,26,4,1,3,11,6,5,3,3,0,16,8,8,3,1,2,3,1,2,9,5,4,4,2,2
C5120ST,21,374,District-Sundargarh,Urban,Total,3072,1575,1497,414,206,208,609,290,319,138,72,66,780,422,358,167,89,78,117,57,60,621,315,306,226,124,102
C5120ST,21,374,District-Sundargarh,Urban,0-4,114,54,60,19,8,11,26,11,15,2,0,2,9,6,3,7,2,5,1,1,0,40,20,20,10,6,4
C5120ST,21,374,District-Sundargarh,Urban,5-9,171,81,90,24,12,12,44,24,20,16,4,12,15,8,7,13,7,6,1,1,0,40,17,23,18,8,10
C5120ST,21,374,District-Sundargarh,Urban,10-19,454,225,229,57,26,31,77,34,43,25,15,10,80,52,28,41,22,19,14,7,7,117,47,70,43,22,21
C5120ST,21,374,District-Sundargarh,Urban,20-29,528,299,229,63,32,31,82,44,38,28,16,12,131,75,56,45,28,17,24,13,11,121,65,56,34,26,8
C5120ST,21,374,District-Sundargarh,Urban,30-39,413,236,177,50,30,20,69,39,30,24,14,10,96,54,42,28,17,11,26,15,11,104,59,45,16,8,8
C5120ST,21,374,District-Sundargarh,Urban,40-49,379,190,189,48,27,21,70,42,28,24,13,11,110,53,57,13,6,7,25,7,18,74,34,40,15,8,7
C5120ST,21,374,District-Sundargarh,Urban,50-59,324,170,154,40,20,20,70,27,43,7,3,4,103,63,40,15,4,11,14,7,7,57,36,21,18,10,8
C5120ST,21,374,District-Sundargarh,Urban,60-69,358,167,191,54,29,25,90,30,60,6,3,3,121,65,56,3,1,2,6,2,4,39,20,19,39,17,22
C5120ST,21,374,District-Sundargarh,Urban,70-79,241,110,131,40,17,23,60,29,31,3,2,1,92,38,54,1,1,0,5,3,2,20,11,9,20,9,11
C5120ST,21,374,District-Sundargarh,Urban,80-89,50,23,27,8,1,7,14,7,7,1,1,0,17,6,11,1,1,0,1,1,0,4,3,1,4,3,1
C5120ST,21,374,District-Sundargarh,Urban,90+,23,14,9,6,3,3,2,1,1,1,0,1,4,2,2,0,0,0,0,0,0,2,1,1,8,7,1
C5120ST,21,374,District-Sundargarh,Urban,Age Not Stated,17,6,11,5,1,4,5,2,3,1,1,0,2,0,2,0,0,0,0,0,0,3,2,1,1,0,1
C5120ST,21,375,District-Kendujhar,Total,Total,18255,9732,8523,3343,1734,1609,4142,2214,1928,706,376,330,3732,2148,1584,686,373,313,585,306,279,3693,1885,1808,1368,696,672
C5120ST,21,375,District-Kendujhar,Total,0-4,1383,721,662,240,125,115,240,120,120,23,15,8,117,61,56,31,15,16,6,1,5,661,349,312,65,35,30
C5120ST,21,375,District-Kendujhar,Total,5-9,1970,1060,910,295,177,118,380,200,180,119,60,59,191,116,75,99,54,45,19,13,6,743,362,381,124,78,46
C5120ST,21,375,District-Kendujhar,Total,10-19,3173,1713,1460,470,265,205,653,338,315,174,85,89,504,294,210,210,133,77,44,24,20,843,422,421,275,152,123
C5120ST,21,375,District-Kendujhar,Total,20-29,2436,1334,1102,354,178,176,569,311,258,139,86,53,540,326,214,120,61,59,132,73,59,451,233,218,131,66,65
C5120ST,21,375,District-Kendujhar,Total,30-39,1957,1115,842,321,176,145,523,294,229,91,44,47,433,272,161,97,54,43,131,68,63,273,163,110,88,44,44
C5120ST,21,375,District-Kendujhar,Total,40-49,1983,1164,819,327,196,131,513,304,209,77,42,35,543,341,202,68,30,38,125,67,58,226,120,106,104,64,40
C5120ST,21,375,District-Kendujhar,Total,50-59,1753,954,799,420,215,205,398,227,171,44,28,16,501,286,215,34,14,20,75,33,42,171,87,84,110,64,46
C5120ST,21,375,District-Kendujhar,Total,60-69,2033,998,1035,550,259,291,490,240,250,27,10,17,520,285,235,21,9,12,40,20,20,175,79,96,210,96,114
C5120ST,21,375,District-Kendujhar,Total,70-79,1057,457,600,275,110,165,259,123,136,9,5,4,264,117,147,3,1,2,6,2,4,75,33,42,166,66,100
C5120ST,21,375,District-Kendujhar,Total,80-89,342,140,202,66,22,44,81,41,40,3,1,2,94,38,56,1,1,0,4,2,2,22,10,12,71,25,46
C5120ST,21,375,District-Kendujhar,Total,90+,82,34,48,14,5,9,22,9,13,0,0,0,16,9,7,0,0,0,2,2,0,6,4,2,22,5,17
C5120ST,21,375,District-Kendujhar,Total,Age Not Stated,86,42,44,11,6,5,14,7,7,0,0,0,9,3,6,2,1,1,1,1,0,47,23,24,2,1,1
C5120ST,21,375,District-Kendujhar,Rural,Total,17039,9072,7967,3191,1658,1533,3710,1972,1738,658,349,309,3551,2036,1515,646,355,291,564,296,268,3429,1749,1680,1290,657,633
C5120ST,21,375,District-Kendujhar,Rural,0-4,1296,681,615,227,120,107,216,109,107,21,15,6,112,58,54,31,15,16,6,1,5,621,330,291,62,33,29
C5120ST,21,375,District-Kendujhar,Rural,5-9,1832,977,855,278,164,114,332,173,159,110,54,56,183,110,73,98,54,44,17,12,5,698,337,361,116,73,43
C5120ST,21,375,District-Kendujhar,Rural,10-19,2933,1574,1359,441,248,193,575,292,283,161,79,82,487,282,205,197,126,71,42,22,20,778,388,390,252,137,115
C5120ST,21,375,District-Kendujhar,Rural,20-29,2235,1233,1002,335,172,163,502,276,226,128,78,50,503,306,197,109,58,51,129,72,57,407,209,198,122,62,60
C5120ST,21,375,District-Kendujhar,Rural,30-39,1812,1038,774,306,168,138,453,259,194,88,44,44,406,256,150,93,51,42,126,65,61,258,156,102,82,39,43
C5120ST,21,375,District-Kendujhar,Rural,40-49,1824,1061,763,308,183,125,442,255,187,70,37,33,519,322,197,62,26,36,120,66,54,205,110,95,98,62,36
C5120ST,21,375,District-Kendujhar,Rural,50-59,1649,898,751,405,209,196,367,209,158,44,28,16,471,266,205,31,13,18,71,31,40,155,80,75,105,62,43
C5120ST,21,375,District-Kendujhar,Rural,60-69,1954,961,993,538,255,283,465,226,239,25,8,17,499,275,224,20,9,11,40,20,20,164,72,92,203,96,107
C5120ST,21,375,District-Kendujhar,Rural,70-79,1013,441,572,264,106,158,251,121,130,8,5,3,254,112,142,3,1,2,6,2,4,70,31,39,157,63,94
C5120ST,21,375,District-Kendujhar,Rural,80-89,330,134,196,66,22,44,72,37,35,3,1,2,92,37,55,1,1,0,4,2,2,22,10,12,70,24,46
C5120ST,21,375,District-Kendujhar,Rural,90+,79,33,46,13,5,8,21,8,13,0,0,0,16,9,7,0,0,0,2,2,0,6,4,2,21,5,16
C5120ST,21,375,District-Kendujhar,Rural,Age Not Stated,82,41,41,10,6,4,14,7,7,0,0,0,9,3,6,1,1,0,1,1,0,45,22,23,2,1,1
C5120ST,21,375,District-Kendujhar,Urban,Total,1216,660,556,152,76,76,432,242,190,48,27,21,181,112,69,40,18,22,21,10,11,264,136,128,78,39,39
C5120ST,21,375,District-Kendujhar,Urban,0-4,87,40,47,13,5,8,24,11,13,2,0,2,5,3,2,0,0,0,0,0,0,40,19,21,3,2,1
C5120ST,21,375,District-Kendujhar,Urban,5-9,138,83,55,17,13,4,48,27,21,9,6,3,8,6,2,1,0,1,2,1,1,45,25,20,8,5,3
C5120ST,21,375,District-Kendujhar,Urban,10-19,240,139,101,29,17,12,78,46,32,13,6,7,17,12,5,13,7,6,2,2,0,65,34,31,23,15,8
C5120ST,21,375,District-Kendujhar,Urban,20-29,201,101,100,19,6,13,67,35,32,11,8,3,37,20,17,11,3,8,3,1,2,44,24,20,9,4,5
C5120ST,21,375,District-Kendujhar,Urban,30-39,145,77,68,15,8,7,70,35,35,3,0,3,27,16,11,4,3,1,5,3,2,15,7,8,6,5,1
C5120ST,21,375,District-Kendujhar,Urban,40-49,159,103,56,19,13,6,71,49,22,7,5,2,24,19,5,6,4,2,5,1,4,21,10,11,6,2,4
C5120ST,21,375,District-Kendujhar,Urban,50-59,104,56,48,15,6,9,31,18,13,0,0,0,30,20,10,3,1,2,4,2,2,16,7,9,5,2,3
C5120ST,21,375,District-Kendujhar,Urban,60-69,79,37,42,12,4,8,25,14,11,2,2,0,21,10,11,1,0,1,0,0,0,11,7,4,7,0,7
C5120ST,21,375,District-Kendujhar,Urban,70-79,44,16,28,11,4,7,8,2,6,1,0,1,10,5,5,0,0,0,0,0,0,5,2,3,9,3,6
C5120ST,21,375,District-Kendujhar,Urban,80-89,12,6,6,0,0,0,9,4,5,0,0,0,2,1,1,0,0,0,0,0,0,0,0,0,1,1,0
C5120ST,21,375,District-Kendujhar,Urban,90+,3,1,2,1,0,1,1,1,0,0,0,0,0,0,0,0,0,0,0,0,0,0,0,0,1,0,1
C5120ST,21,375,District-Kendujhar,Urban,Age Not Stated,4,1,3,1,0,1,0,0,0,0,0,0,0,0,0,1,0,1,0,0,0,2,1,1,0,0,0
C5120ST,21,376,District-Mayurbhanj,Total,Total,36153,19064,17089,6923,3656,3267,7953,4058,3895,1344,696,648,8039,4397,3642,2050,1094,956,1319,670,649,4897,2612,2285,3628,1881,1747
C5120ST,21,376,District-Mayurbhanj,Total,0-4,1689,890,799,387,187,200,428,220,208,42,24,18,189,108,81,113,64,49,8,6,2,382,205,177,140,76,64
C5120ST,21,376,District-Mayurbhanj,Total,5-9,3174,1729,1445,591,330,261,750,382,368,251,142,109,387,223,164,291,162,129,38,24,14,540,277,263,326,189,137
C5120ST,21,376,District-Mayurbhanj,Total,10-19,6113,3214,2899,1072,564,508,1309,643,666,373,164,209,938,517,421,563,317,246,140,71,69,968,523,445,750,415,335
C5120ST,21,376,District-Mayurbhanj,Total,20-29,4518,2421,2097,660,349,311,937,465,472,228,118,110,944,557,387,363,181,182,255,146,109,731,388,343,400,217,183
C5120ST,21,376,District-Mayurbhanj,Total,30-39,4056,2252,1804,701,389,312,879,467,412,158,92,66,928,565,363,263,139,124,281,147,134,581,316,265,265,137,128
C5120ST,21,376,District-Mayurbhanj,Total,40-49,4434,2386,2048,815,467,348,952,497,455,119,60,59,1126,602,524,220,115,105,295,138,157,610,341,269,297,166,131
C5120ST,21,376,District-Mayurbhanj,Total,50-59,4056,2183,1873,815,452,363,942,491,451,79,47,32,1179,659,520,119,57,62,178,89,89,434,216,218,310,172,138
C5120ST,21,376,District-Mayurbhanj,Total,60-69,4528,2335,2193,1076,518,558,992,525,467,66,32,34,1339,723,616,72,39,33,83,33,50,425,229,196,475,236,239
C5120ST,21,376,District-Mayurbhanj,Total,70-79,2588,1190,1398,601,294,307,554,263,291,19,12,7,739,332,407,36,14,22,35,14,21,171,86,85,433,175,258
C5120ST,21,376,District-Mayurbhanj,Total,80-89,723,335,388,151,79,72,158,78,80,4,2,2,192,79,113,7,3,4,3,1,2,29,15,14,179,78,101
C5120ST,21,376,District-Mayurbhanj,Total,90+,193,91,102,42,23,19,32,17,15,0,0,0,62,28,34,1,1,0,0,0,0,7,4,3,49,18,31
C5120ST,21,376,District-Mayurbhanj,Total,Age Not Stated,81,38,43,12,4,8,20,10,10,5,3,2,16,4,12,2,2,0,3,1,2,19,12,7,4,2,2
C5120ST,21,376,District-Mayurbhanj,Rural,Total,34984,18427,16557,6776,3583,3193,7703,3933,3770,1296,673,623,7769,4258,3511,1953,1028,925,1273,644,629,4715,2515,2200,3499,1793,1706
C5120ST,21,376,District-Mayurbhanj,Rural,0-4,1647,865,782,385,186,199,410,211,199,40,24,16,182,103,79,109,61,48,8,6,2,376,201,175,137,73,64
C5120ST,21,376,District-Mayurbhanj,Rural,5-9,3069,1669,1400,577,324,253,725,371,354,246,141,105,376,217,159,274,146,128,35,24,11,525,268,257,311,178,133
C5120ST,21,376,District-Mayurbhanj,Rural,10-19,5863,3074,2789,1027,539,488,1266,625,641,363,160,203,917,509,408,513,280,233,140,71,69,932,504,428,705,386,319
C5120ST,21,376,District-Mayurbhanj,Rural,20-29,4360,2331,2029,643,343,300,887,438,449,220,114,106,918,540,378,353,178,175,244,136,108,702,370,332,393,212,181
C5120ST,21,376,District-Mayurbhanj,Rural,30-39,3945,2191,1754,689,382,307,850,453,397,148,86,62,905,550,355,257,137,120,276,144,132,562,306,256,258,133,125
C5120ST,21,376,District-Mayurbhanj,Rural,40-49,4288,2313,1975,795,460,335,925,481,444,114,58,56,1084,582,502,217,113,104,282,133,149,587,331,256,284,155,129
C5120ST,21,376,District-Mayurbhanj,Rural,50-59,3900,2095,1805,802,443,359,914,475,439,75,43,32,1121,627,494,114,54,60,167,83,84,409,206,203,298,164,134
C5120ST,21,376,District-Mayurbhanj,Rural,60-69,4414,2270,2144,1066,512,554,977,516,461,62,30,32,1297,703,594,71,39,32,80,31,49,402,215,187,459,224,235
C5120ST,21,376,District-Mayurbhanj,Rural,70-79,2533,1169,1364,592,291,301,545,261,284,19,12,7,712,321,391,35,14,21,35,14,21,167,83,84,428,173,255
C5120ST,21,376,District-Mayurbhanj,Rural,80-89,697,324,373,147,76,71,152,75,77,4,2,2,183,77,106,7,3,4,3,1,2,27,15,12,174,75,99
C5120ST,21,376,District-Mayurbhanj,Rural,90+,188,88,100,41,23,18,32,17,15,0,0,0,59,25,34,1,1,0,0,0,0,7,4,3,48,18,30
C5120ST,21,376,District-Mayurbhanj,Rural,Age Not Stated,80,38,42,12,4,8,20,10,10,5,3,2,15,4,11,2,2,0,3,1,2,19,12,7,4,2,2
C5120ST,21,376,District-Mayurbhanj,Urban,Total,1169,637,532,147,73,74,250,125,125,48,23,25,270,139,131,97,66,31,46,26,20,182,97,85,129,88,41
C5120ST,21,376,District-Mayurbhanj,Urban,0-4,42,25,17,2,1,1,18,9,9,2,0,2,7,5,2,4,3,1,0,0,0,6,4,2,3,3,0
C5120ST,21,376,District-Mayurbhanj,Urban,5-9,105,60,45,14,6,8,25,11,14,5,1,4,11,6,5,17,16,1,3,0,3,15,9,6,15,11,4
C5120ST,21,376,District-Mayurbhanj,Urban,10-19,250,140,110,45,25,20,43,18,25,10,4,6,21,8,13,50,37,13,0,0,0,36,19,17,45,29,16
C5120ST,21,376,District-Mayurbhanj,Urban,20-29,158,90,68,17,6,11,50,27,23,8,4,4,26,17,9,10,3,7,11,10,1,29,18,11,7,5,2
C5120ST,21,376,District-Mayurbhanj,Urban,30-39,111,61,50,12,7,5,29,14,15,10,6,4,23,15,8,6,2,4,5,3,2,19,10,9,7,4,3
C5120ST,21,376,District-Mayurbhanj,Urban,40-49,146,73,73,20,7,13,27,16,11,5,2,3,42,20,22,3,2,1,13,5,8,23,10,13,13,11,2
C5120ST,21,376,District-Mayurbhanj,Urban,50-59,156,88,68,13,9,4,28,16,12,4,4,0,58,32,26,5,3,2,11,6,5,25,10,15,12,8,4
C5120ST,21,376,District-Mayurbhanj,Urban,60-69,114,65,49,10,6,4,15,9,6,4,2,2,42,20,22,1,0,1,3,2,1,23,14,9,16,12,4
C5120ST,21,376,District-Mayurbhanj,Urban,70-79,55,21,34,9,3,6,9,2,7,0,0,0,27,11,16,1,0,1,0,0,0,4,3,1,5,2,3
C5120ST,21,376,District-Mayurbhanj,Urban,80-89,26,11,15,4,3,1,6,3,3,0,0,0,9,2,7,0,0,0,0,0,0,2,0,2,5,3,2
C5120ST,21,376,District-Mayurbhanj,Urban,90+,5,3,2,1,0,1,0,0,0,0,0,0,3,3,0,0,0,0,0,0,0,0,0,0,1,0,1
C5120ST,21,376,District-Mayurbhanj,Urban,Age Not Stated,1,0,1,0,0,0,0,0,0,0,0,0,1,0,1,0,0,0,0,0,0,0,0,0,0,0,0
C5120ST,21,377,District-Baleshwar,Total,Total,7016,3727,3289,1738,900,838,1627,817,810,297,155,142,1439,869,570,318,171,147,191,96,95,858,446,412,548,273,275
C5120ST,21,377,District-Baleshwar,Total,0-4,409,219,190,114,57,57,99,55,44,5,3,2,45,26,19,24,16,8,1,1,0,88,46,42,33,15,18
C5120ST,21,377,District-Baleshwar,Total,5-9,629,329,300,142,73,69,171,84,87,62,30,32,63,40,23,39,26,13,8,5,3,92,41,51,52,30,22
C5120ST,21,377,District-Baleshwar,Total,10-19,1190,611,579,270,122,148,298,148,150,76,45,31,153,81,72,72,41,31,29,18,11,183,96,87,109,60,49
C5120ST,21,377,District-Baleshwar,Total,20-29,942,503,439,208,110,98,220,119,101,48,22,26,165,100,65,62,25,37,43,22,21,117,69,48,79,36,43
C5120ST,21,377,District-Baleshwar,Total,30-39,775,431,344,182,95,87,174,86,88,28,15,13,162,103,59,45,24,21,40,18,22,96,59,37,48,31,17
C5120ST,21,377,District-Baleshwar,Total,40-49,812,429,383,209,126,83,179,72,107,24,15,9,191,119,72,38,20,18,29,12,17,102,49,53,40,16,24
C5120ST,21,377,District-Baleshwar,Total,50-59,723,389,334,185,96,89,150,72,78,22,11,11,218,138,80,21,9,12,18,7,11,67,32,35,42,24,18
C5120ST,21,377,District-Baleshwar,Total,60-69,886,487,399,253,139,114,181,98,83,20,10,10,278,166,112,15,10,5,18,10,8,72,35,37,49,19,30
C5120ST,21,377,District-Baleshwar,Total,70-79,452,237,215,126,61,65,109,60,49,9,4,5,118,73,45,2,0,2,4,3,1,30,14,16,54,22,32
C5120ST,21,377,District-Baleshwar,Total,80-89,144,71,73,38,16,22,31,18,13,2,0,2,34,17,17,0,0,0,1,0,1,9,4,5,29,16,13
C5120ST,21,377,District-Baleshwar,Total,90+,41,17,24,9,4,5,11,5,6,0,0,0,6,3,3,0,0,0,0,0,0,2,1,1,13,4,9
C5120ST,21,377,District-Baleshwar,Total,Age Not Stated,13,4,9,2,1,1,4,0,4,1,0,1,6,3,3,0,0,0,0,0,0,0,0,0,0,0,0
C5120ST,21,377,District-Baleshwar,Rural,Total,6464,3434,3030,1666,867,799,1500,758,742,274,145,129,1261,771,490,296,161,135,178,87,91,780,399,381,509,246,263
C5120ST,21,377,District-Baleshwar,Rural,0-4,383,203,180,111,55,56,93,53,40,5,3,2,42,24,18,21,14,7,1,1,0,80,40,40,30,13,17
C5120ST,21,377,District-Baleshwar,Rural,5-9,586,310,276,137,73,64,162,78,84,59,30,29,57,36,21,37,25,12,8,5,3,79,35,44,47,28,19
C5120ST,21,377,District-Baleshwar,Rural,10-19,1113,572,541,256,116,140,274,137,137,69,42,27,144,77,67,69,39,30,27,16,11,171,90,81,103,55,48
C5120ST,21,377,District-Baleshwar,Rural,20-29,865,461,404,204,108,96,196,108,88,43,19,24,150,90,60,56,24,32,37,19,18,103,59,44,76,34,42
C5120ST,21,377,District-Baleshwar,Rural,30-39,734,406,328,178,92,86,163,83,80,23,12,11,156,97,59,43,22,21,36,15,21,91,56,35,44,29,15
C5120ST,21,377,District-Baleshwar,Rural,40-49,743,395,348,205,124,81,167,67,100,23,14,9,157,102,55,34,19,15,29,12,17,90,43,47,38,14,24
C5120ST,21,377,District-Baleshwar,Rural,50-59,632,335,297,172,90,82,138,64,74,22,11,11,166,108,58,20,8,12,17,6,11,60,28,32,37,20,17
C5120ST,21,377,District-Baleshwar,Rural,60-69,805,446,359,239,130,109,164,91,73,19,10,9,244,153,91,14,10,4,18,10,8,66,30,36,41,12,29
C5120ST,21,377,District-Baleshwar,Rural,70-79,417,219,198,117,59,58,98,55,43,9,4,5,106,64,42,2,0,2,4,3,1,29,13,16,52,21,31
C5120ST,21,377,District-Baleshwar,Rural,80-89,136,67,69,37,15,22,30,17,13,2,0,2,28,15,13,0,0,0,1,0,1,9,4,5,29,16,13
C5120ST,21,377,District-Baleshwar,Rural,90+,39,17,22,8,4,4,11,5,6,0,0,0,6,3,3,0,0,0,0,0,0,2,1,1,12,4,8
C5120ST,21,377,District-Baleshwar,Rural,Age Not Stated,11,3,8,2,1,1,4,0,4,0,0,0,5,2,3,0,0,0,0,0,0,0,0,0,0,0,0
C5120ST,21,377,District-Baleshwar,Urban,Total,552,293,259,72,33,39,127,59,68,23,10,13,178,98,80,22,10,12,13,9,4,78,47,31,39,27,12
C5120ST,21,377,District-Baleshwar,Urban,0-4,26,16,10,3,2,1,6,2,4,0,0,0,3,2,1,3,2,1,0,0,0,8,6,2,3,2,1
C5120ST,21,377,District-Baleshwar,Urban,5-9,43,19,24,5,0,5,9,6,3,3,0,3,6,4,2,2,1,1,0,0,0,13,6,7,5,2,3
C5120ST,21,377,District-Baleshwar,Urban,10-19,77,39,38,14,6,8,24,11,13,7,3,4,9,4,5,3,2,1,2,2,0,12,6,6,6,5,1
C5120ST,21,377,District-Baleshwar,Urban,20-29,77,42,35,4,2,2,24,11,13,5,3,2,15,10,5,6,1,5,6,3,3,14,10,4,3,2,1
C5120ST,21,377,District-Baleshwar,Urban,30-39,41,25,16,4,3,1,11,3,8,5,3,2,6,6,0,2,2,0,4,3,1,5,3,2,4,2,2
C5120ST,21,377,District-Baleshwar,Urban,40-49,69,34,35,4,2,2,12,5,7,1,1,0,34,17,17,4,1,3,0,0,0,12,6,6,2,2,0
C5120ST,21,377,District-Baleshwar,Urban,50-59,91,54,37,13,6,7,12,8,4,0,0,0,52,30,22,1,1,0,1,1,0,7,4,3,5,4,1
C5120ST,21,377,District-Baleshwar,Urban,60-69,81,41,40,14,9,5,17,7,10,1,0,1,34,13,21,1,0,1,0,0,0,6,5,1,8,7,1
C5120ST,21,377,District-Baleshwar,Urban,70-79,35,18,17,9,2,7,11,5,6,0,0,0,12,9,3,0,0,0,0,0,0,1,1,0,2,1,1
C5120ST,21,377,District-Baleshwar,Urban,80-89,8,4,4,1,1,0,1,1,0,0,0,0,6,2,4,0,0,0,0,0,0,0,0,0,0,0,0
C5120ST,21,377,District-Baleshwar,Urban,90+,2,0,2,1,0,1,0,0,0,0,0,0,0,0,0,0,0,0,0,0,0,0,0,0,1,0,1
C5120ST,21,377,District-Baleshwar,Urban,Age Not Stated,2,1,1,0,0,0,0,0,0,1,0,1,1,1,0,0,0,0,0,0,0,0,0,0,0,0,0
C5120ST,21,378,District-Bhadrak,Total,Total,752,387,365,150,83,67,181,94,87,31,12,19,129,72,57,29,16,13,10,5,5,143,75,68,79,30,49
C5120ST,21,378,District-Bhadrak,Total,0-4,47,21,26,8,6,2,15,5,10,0,0,0,1,0,1,1,0,1,0,0,0,19,9,10,3,1,2
C5120ST,21,378,District-Bhadrak,Total,5-9,67,36,31,7,4,3,15,9,6,6,3,3,10,5,5,1,0,1,0,0,0,27,15,12,1,0,1
C5120ST,21,378,District-Bhadrak,Total,10-19,130,60,70,20,9,11,31,15,16,10,3,7,11,6,5,8,5,3,0,0,0,45,19,26,5,3,2
C5120ST,21,378,District-Bhadrak,Total,20-29,94,53,41,8,6,2,27,15,12,3,0,3,18,10,8,9,4,5,3,1,2,23,15,8,3,2,1
C5120ST,21,378,District-Bhadrak,Total,30-39,61,38,23,8,4,4,22,13,9,3,2,1,11,9,2,5,4,1,2,2,0,6,2,4,4,2,2
C5120ST,21,378,District-Bhadrak,Total,40-49,85,49,36,24,15,9,24,16,8,3,1,2,16,8,8,3,1,2,5,2,3,8,5,3,2,1,1
C5120ST,21,378,District-Bhadrak,Total,50-59,81,42,39,26,14,12,18,9,9,4,1,3,18,10,8,1,1,0,0,0,0,6,4,2,8,3,5
C5120ST,21,378,District-Bhadrak,Total,60-69,96,46,50,31,15,16,19,8,11,1,1,0,16,10,6,1,1,0,0,0,0,6,4,2,22,7,15
C5120ST,21,378,District-Bhadrak,Total,70-79,71,32,39,14,8,6,8,3,5,1,1,0,22,10,12,0,0,0,0,0,0,2,1,1,24,9,15
C5120ST,21,378,District-Bhadrak,Total,80-89,15,8,7,3,1,2,1,1,0,0,0,0,5,4,1,0,0,0,0,0,0,0,0,0,6,2,4
C5120ST,21,378,District-Bhadrak,Total,90+,4,1,3,1,1,0,1,0,1,0,0,0,1,0,1,0,0,0,0,0,0,0,0,0,1,0,1
C5120ST,21,378,District-Bhadrak,Total,Age Not Stated,1,1,0,0,0,0,0,0,0,0,0,0,0,0,0,0,0,0,0,0,0,1,1,0,0,0,0
C5120ST,21,378,District-Bhadrak,Rural,Total,576,298,278,111,62,49,150,80,70,24,10,14,99,51,48,23,13,10,9,5,4,113,61,52,47,16,31
C5120ST,21,378,District-Bhadrak,Rural,0-4,41,17,24,5,4,1,15,5,10,0,0,0,1,0,1,1,0,1,0,0,0,16,7,9,3,1,2
C5120ST,21,378,District-Bhadrak,Rural,5-9,49,30,19,4,4,0,12,7,5,4,3,1,7,3,4,1,0,1,0,0,0,21,13,8,0,0,0
C5120ST,21,378,District-Bhadrak,Rural,10-19,107,51,56,17,8,9,23,13,10,8,2,6,8,3,5,8,5,3,0,0,0,40,19,21,3,1,2
C5120ST,21,378,District-Bhadrak,Rural,20-29,64,35,29,4,4,0,21,12,9,1,0,1,14,6,8,7,3,4,2,1,1,13,8,5,2,1,1
C5120ST,21,378,District-Bhadrak,Rural,30-39,50,33,17,5,2,3,19,12,7,3,2,1,9,8,1,5,4,1,2,2,0,4,1,3,3,2,1
C5120ST,21,378,District-Bhadrak,Rural,40-49,66,42,24,18,12,6,22,15,7,3,1,2,11,7,4,0,0,0,5,2,3,5,4,1,2,1,1
C5120ST,21,378,District-Bhadrak,Rural,50-59,64,32,32,21,10,11,14,7,7,4,1,3,15,8,7,1,1,0,0,0,0,5,3,2,4,2,2
C5120ST,21,378,District-Bhadrak,Rural,60-69,72,33,39,26,13,13,15,5,10,1,1,0,12,7,5,0,0,0,0,0,0,6,4,2,12,3,9
C5120ST,21,378,District-Bhadrak,Rural,70-79,48,18,30,9,4,5,7,3,4,0,0,0,17,6,11,0,0,0,0,0,0,2,1,1,13,4,9
C5120ST,21,378,District-Bhadrak,Rural,80-89,11,6,5,2,1,1,1,1,0,0,0,0,4,3,1,0,0,0,0,0,0,0,0,0,4,1,3
C5120ST,21,378,District-Bhadrak,Rural,90+,3,0,3,0,0,0,1,0,1,0,0,0,1,0,1,0,0,0,0,0,0,0,0,0,1,0,1
C5120ST,21,378,District-Bhadrak,Rural,Age Not Stated,1,1,0,0,0,0,0,0,0,0,0,0,0,0,0,0,0,0,0,0,0,1,1,0,0,0,0
C5120ST,21,378,District-Bhadrak,Urban,Total,176,89,87,39,21,18,31,14,17,7,2,5,30,21,9,6,3,3,1,0,1,30,14,16,32,14,18
C5120ST,21,378,District-Bhadrak,Urban,0-4,6,4,2,3,2,1,0,0,0,0,0,0,0,0,0,0,0,0,0,0,0,3,2,1,0,0,0
C5120ST,21,378,District-Bhadrak,Urban,5-9,18,6,12,3,0,3,3,2,1,2,0,2,3,2,1,0,0,0,0,0,0,6,2,4,1,0,1
C5120ST,21,378,District-Bhadrak,Urban,10-19,23,9,14,3,1,2,8,2,6,2,1,1,3,3,0,0,0,0,0,0,0,5,0,5,2,2,0
C5120ST,21,378,District-Bhadrak,Urban,20-29,30,18,12,4,2,2,6,3,3,2,0,2,4,4,0,2,1,1,1,0,1,10,7,3,1,1,0
C5120ST,21,378,District-Bhadrak,Urban,30-39,11,5,6,3,2,1,3,1,2,0,0,0,2,1,1,0,0,0,0,0,0,2,1,1,1,0,1
C5120ST,21,378,District-Bhadrak,Urban,40-49,19,7,12,6,3,3,2,1,1,0,0,0,5,1,4,3,1,2,0,0,0,3,1,2,0,0,0
C5120ST,21,378,District-Bhadrak,Urban,50-59,17,10,7,5,4,1,4,2,2,0,0,0,3,2,1,0,0,0,0,0,0,1,1,0,4,1,3
C5120ST,21,378,District-Bhadrak,Urban,60-69,24,13,11,5,2,3,4,3,1,0,0,0,4,3,1,1,1,0,0,0,0,0,0,0,10,4,6
C5120ST,21,378,District-Bhadrak,Urban,70-79,23,14,9,5,4,1,1,0,1,1,1,0,5,4,1,0,0,0,0,0,0,0,0,0,11,5,6
C5120ST,21,378,District-Bhadrak,Urban,80-89,4,2,2,1,0,1,0,0,0,0,0,0,1,1,0,0,0,0,0,0,0,0,0,0,2,1,1
C5120ST,21,378,District-Bhadrak,Urban,90+,1,1,0,1,1,0,0,0,0,0,0,0,0,0,0,0,0,0,0,0,0,0,0,0,0,0,0
C5120ST,21,378,District-Bhadrak,Urban,Age Not Stated,0,0,0,0,0,0,0,0,0,0,0,0,0,0,0,0,0,0,0,0,0,0,0,0,0,0,0
C5120ST,21,379,District-Kendrapara ,Total,Total,232,133,99,22,14,8,39,21,18,3,2,1,54,30,24,76,45,31,3,1,2,20,13,7,15,7,8
C5120ST,21,379,District-Kendrapara ,Total,0-4,10,4,6,0,0,0,4,1,3,0,0,0,3,2,1,2,0,2,0,0,0,1,1,0,0,0,0
C5120ST,21,379,District-Kendrapara ,Total,5-9,75,46,29,3,3,0,5,2,3,0,0,0,1,1,0,59,36,23,0,0,0,4,2,2,3,2,1
C5120ST,21,379,District-Kendrapara ,Total,10-19,31,17,14,5,4,1,4,2,2,1,1,0,8,4,4,6,4,2,0,0,0,3,1,2,4,1,3
C5120ST,21,379,District-Kendrapara ,Total,20-29,32,17,15,3,1,2,11,5,6,1,1,0,6,3,3,5,3,2,0,0,0,4,3,1,2,1,1
C5120ST,21,379,District-Kendrapara ,Total,30-39,20,13,7,2,2,0,3,1,2,0,0,0,9,6,3,2,1,1,0,0,0,2,2,0,2,1,1
C5120ST,21,379,District-Kendrapara ,Total,40-49,19,14,5,1,1,0,4,4,0,0,0,0,9,7,2,1,1,0,3,1,2,1,0,1,0,0,0
C5120ST,21,379,District-Kendrapara ,Total,50-59,14,8,6,0,0,0,3,2,1,0,0,0,6,3,3,1,0,1,0,0,0,3,2,1,1,1,0
C5120ST,21,379,District-Kendrapara ,Total,60-69,14,7,7,2,1,1,2,2,0,1,0,1,5,1,4,0,0,0,0,0,0,2,2,0,2,1,1
C5120ST,21,379,District-Kendrapara ,Total,70-79,11,6,5,3,2,1,2,1,1,0,0,0,5,3,2,0,0,0,0,0,0,0,0,0,1,0,1
C5120ST,21,379,District-Kendrapara ,Total,80-89,4,0,4,3,0,3,0,0,0,0,0,0,1,0,1,0,0,0,0,0,0,0,0,0,0,0,0
C5120ST,21,379,District-Kendrapara ,Total,90+,1,1,0,0,0,0,1,1,0,0,0,0,0,0,0,0,0,0,0,0,0,0,0,0,0,0,0
C5120ST,21,379,District-Kendrapara ,Total,Age Not Stated,1,0,1,0,0,0,0,0,0,0,0,0,1,0,1,0,0,0,0,0,0,0,0,0,0,0,0
C5120ST,21,379,District-Kendrapara ,Rural,Total,209,120,89,18,11,7,36,19,17,3,2,1,48,26,22,72,43,29,3,1,2,16,12,4,13,6,7
C5120ST,21,379,District-Kendrapara ,Rural,0-4,8,3,5,0,0,0,4,1,3,0,0,0,2,1,1,1,0,1,0,0,0,1,1,0,0,0,0
C5120ST,21,379,District-Kendrapara ,Rural,5-9,74,45,29,3,3,0,5,2,3,0,0,0,1,1,0,59,36,23,0,0,0,4,2,2,2,1,1
C5120ST,21,379,District-Kendrapara ,Rural,10-19,26,15,11,4,3,1,4,2,2,1,1,0,8,4,4,5,3,2,0,0,0,1,1,0,3,1,2
C5120ST,21,379,District-Kendrapara ,Rural,20-29,28,16,12,3,1,2,10,5,5,1,1,0,6,3,3,4,3,1,0,0,0,2,2,0,2,1,1
C5120ST,21,379,District-Kendrapara ,Rural,30-39,15,9,6,1,1,0,2,0,2,0,0,0,6,4,2,2,1,1,0,0,0,2,2,0,2,1,1
C5120ST,21,379,District-Kendrapara ,Rural,40-49,16,11,5,1,1,0,3,3,0,0,0,0,8,6,2,0,0,0,3,1,2,1,0,1,0,0,0
C5120ST,21,379,District-Kendrapara ,Rural,50-59,14,8,6,0,0,0,3,2,1,0,0,0,6,3,3,1,0,1,0,0,0,3,2,1,1,1,0
C5120ST,21,379,District-Kendrapara ,Rural,60-69,13,6,7,1,0,1,2,2,0,1,0,1,5,1,4,0,0,0,0,0,0,2,2,0,2,1,1
C5120ST,21,379,District-Kendrapara ,Rural,70-79,11,6,5,3,2,1,2,1,1,0,0,0,5,3,2,0,0,0,0,0,0,0,0,0,1,0,1
C5120ST,21,379,District-Kendrapara ,Rural,80-89,3,0,3,2,0,2,0,0,0,0,0,0,1,0,1,0,0,0,0,0,0,0,0,0,0,0,0
C5120ST,21,379,District-Kendrapara ,Rural,90+,1,1,0,0,0,0,1,1,0,0,0,0,0,0,0,0,0,0,0,0,0,0,0,0,0,0,0
C5120ST,21,379,District-Kendrapara ,Rural,Age Not Stated,0,0,0,0,0,0,0,0,0,0,0,0,0,0,0,0,0,0,0,0,0,0,0,0,0,0,0
C5120ST,21,379,District-Kendrapara ,Urban,Total,23,13,10,4,3,1,3,2,1,0,0,0,6,4,2,4,2,2,0,0,0,4,1,3,2,1,1
C5120ST,21,379,District-Kendrapara ,Urban,0-4,2,1,1,0,0,0,0,0,0,0,0,0,1,1,0,1,0,1,0,0,0,0,0,0,0,0,0
C5120ST,21,379,District-Kendrapara ,Urban,5-9,1,1,0,0,0,0,0,0,0,0,0,0,0,0,0,0,0,0,0,0,0,0,0,0,1,1,0
C5120ST,21,379,District-Kendrapara ,Urban,10-19,5,2,3,1,1,0,0,0,0,0,0,0,0,0,0,1,1,0,0,0,0,2,0,2,1,0,1
C5120ST,21,379,District-Kendrapara ,Urban,20-29,4,1,3,0,0,0,1,0,1,0,0,0,0,0,0,1,0,1,0,0,0,2,1,1,0,0,0
C5120ST,21,379,District-Kendrapara ,Urban,30-39,5,4,1,1,1,0,1,1,0,0,0,0,3,2,1,0,0,0,0,0,0,0,0,0,0,0,0
C5120ST,21,379,District-Kendrapara ,Urban,40-49,3,3,0,0,0,0,1,1,0,0,0,0,1,1,0,1,1,0,0,0,0,0,0,0,0,0,0
C5120ST,21,379,District-Kendrapara ,Urban,50-59,0,0,0,0,0,0,0,0,0,0,0,0,0,0,0,0,0,0,0,0,0,0,0,0,0,0,0
C5120ST,21,379,District-Kendrapara ,Urban,60-69,1,1,0,1,1,0,0,0,0,0,0,0,0,0,0,0,0,0,0,0,0,0,0,0,0,0,0
C5120ST,21,379,District-Kendrapara ,Urban,70-79,0,0,0,0,0,0,0,0,0,0,0,0,0,0,0,0,0,0,0,0,0,0,0,0,0,0,0
C5120ST,21,379,District-Kendrapara ,Urban,80-89,1,0,1,1,0,1,0,0,0,0,0,0,0,0,0,0,0,0,0,0,0,0,0,0,0,0,0
C5120ST,21,379,District-Kendrapara ,Urban,90+,0,0,0,0,0,0,0,0,0,0,0,0,0,0,0,0,0,0,0,0,0,0,0,0,0,0,0
C5120ST,21,379,District-Kendrapara ,Urban,Age Not Stated,1,0,1,0,0,0,0,0,0,0,0,0,1,0,1,0,0,0,0,0,0,0,0,0,0,0,0
C5120ST,21,380,District-Jagatsinghapur ,Total,Total,211,122,89,77,42,35,32,23,9,5,4,1,40,26,14,14,4,10,1,1,0,39,19,20,3,3,0
C5120ST,21,380,District-Jagatsinghapur ,Total,0-4,17,9,8,7,5,2,1,0,1,0,0,0,1,0,1,3,0,3,0,0,0,4,3,1,1,1,0
C5120ST,21,380,District-Jagatsinghapur ,Total,5-9,27,19,8,11,7,4,6,5,1,1,1,0,4,3,1,0,0,0,0,0,0,4,2,2,1,1,0
C5120ST,21,380,District-Jagatsinghapur ,Total,10-19,40,25,15,20,15,5,3,2,1,2,2,0,5,2,3,4,0,4,0,0,0,5,3,2,1,1,0
C5120ST,21,380,District-Jagatsinghapur ,Total,20-29,35,16,19,10,2,8,5,3,2,1,1,0,3,2,1,4,3,1,1,1,0,11,4,7,0,0,0
C5120ST,21,380,District-Jagatsinghapur ,Total,30-39,25,16,9,9,4,5,5,5,0,0,0,0,7,5,2,1,1,0,0,0,0,3,1,2,0,0,0
C5120ST,21,380,District-Jagatsinghapur ,Total,40-49,23,14,9,5,3,2,7,5,2,0,0,0,3,3,0,2,0,2,0,0,0,6,3,3,0,0,0
C5120ST,21,380,District-Jagatsinghapur ,Total,50-59,19,10,9,6,2,4,2,0,2,0,0,0,10,8,2,0,0,0,0,0,0,1,0,1,0,0,0
C5120ST,21,380,District-Jagatsinghapur ,Total,60-69,18,10,8,5,3,2,3,3,0,1,0,1,6,3,3,0,0,0,0,0,0,3,1,2,0,0,0
C5120ST,21,380,District-Jagatsinghapur ,Total,70-79,2,2,0,1,1,0,0,0,0,0,0,0,0,0,0,0,0,0,0,0,0,1,1,0,0,0,0
C5120ST,21,380,District-Jagatsinghapur ,Total,80-89,5,1,4,3,0,3,0,0,0,0,0,0,1,0,1,0,0,0,0,0,0,1,1,0,0,0,0
C5120ST,21,380,District-Jagatsinghapur ,Total,90+,0,0,0,0,0,0,0,0,0,0,0,0,0,0,0,0,0,0,0,0,0,0,0,0,0,0,0
C5120ST,21,380,District-Jagatsinghapur ,Total,Age Not Stated,0,0,0,0,0,0,0,0,0,0,0,0,0,0,0,0,0,0,0,0,0,0,0,0,0,0,0
C5120ST,21,380,District-Jagatsinghapur ,Rural,Total,106,65,41,27,15,12,15,12,3,1,1,0,26,19,7,5,1,4,1,1,0,29,14,15,2,2,0
C5120ST,21,380,District-Jagatsinghapur ,Rural,0-4,6,4,2,2,1,1,0,0,0,0,0,0,0,0,0,0,0,0,0,0,0,3,2,1,1,1,0
C5120ST,21,380,District-Jagatsinghapur ,Rural,5-9,17,12,5,2,1,1,6,5,1,0,0,0,4,3,1,0,0,0,0,0,0,4,2,2,1,1,0
C5120ST,21,380,District-Jagatsinghapur ,Rural,10-19,19,12,7,9,7,2,2,2,0,0,0,0,1,1,0,3,0,3,0,0,0,4,2,2,0,0,0
C5120ST,21,380,District-Jagatsinghapur ,Rural,20-29,15,7,8,0,0,0,2,1,1,1,1,0,3,2,1,0,0,0,1,1,0,8,2,6,0,0,0
C5120ST,21,380,District-Jagatsinghapur ,Rural,30-39,11,8,3,1,1,0,1,1,0,0,0,0,5,4,1,1,1,0,0,0,0,3,1,2,0,0,0
C5120ST,21,380,District-Jagatsinghapur ,Rural,40-49,15,9,6,4,2,2,2,1,1,0,0,0,3,3,0,1,0,1,0,0,0,5,3,2,0,0,0
C5120ST,21,380,District-Jagatsinghapur ,Rural,50-59,7,4,3,2,0,2,0,0,0,0,0,0,5,4,1,0,0,0,0,0,0,0,0,0,0,0,0
C5120ST,21,380,District-Jagatsinghapur ,Rural,60-69,11,7,4,4,2,2,2,2,0,0,0,0,4,2,2,0,0,0,0,0,0,1,1,0,0,0,0
C5120ST,21,380,District-Jagatsinghapur ,Rural,70-79,2,2,0,1,1,0,0,0,0,0,0,0,0,0,0,0,0,0,0,0,0,1,1,0,0,0,0
C5120ST,21,380,District-Jagatsinghapur ,Rural,80-89,3,0,3,2,0,2,0,0,0,0,0,0,1,0,1,0,0,0,0,0,0,0,0,0,0,0,0
C5120ST,21,380,District-Jagatsinghapur ,Rural,90+,0,0,0,0,0,0,0,0,0,0,0,0,0,0,0,0,0,0,0,0,0,0,0,0,0,0,0
C5120ST,21,380,District-Jagatsinghapur ,Rural,Age Not Stated,0,0,0,0,0,0,0,0,0,0,0,0,0,0,0,0,0,0,0,0,0,0,0,0,0,0,0
C5120ST,21,380,District-Jagatsinghapur ,Urban,Total,105,57,48,50,27,23,17,11,6,4,3,1,14,7,7,9,3,6,0,0,0,10,5,5,1,1,0
C5120ST,21,380,District-Jagatsinghapur ,Urban,0-4,11,5,6,5,4,1,1,0,1,0,0,0,1,0,1,3,0,3,0,0,0,1,1,0,0,0,0
C5120ST,21,380,District-Jagatsinghapur ,Urban,5-9,10,7,3,9,6,3,0,0,0,1,1,0,0,0,0,0,0,0,0,0,0,0,0,0,0,0,0
C5120ST,21,380,District-Jagatsinghapur ,Urban,10-19,21,13,8,11,8,3,1,0,1,2,2,0,4,1,3,1,0,1,0,0,0,1,1,0,1,1,0
C5120ST,21,380,District-Jagatsinghapur ,Urban,20-29,20,9,11,10,2,8,3,2,1,0,0,0,0,0,0,4,3,1,0,0,0,3,2,1,0,0,0
C5120ST,21,380,District-Jagatsinghapur ,Urban,30-39,14,8,6,8,3,5,4,4,0,0,0,0,2,1,1,0,0,0,0,0,0,0,0,0,0,0,0
C5120ST,21,380,District-Jagatsinghapur ,Urban,40-49,8,5,3,1,1,0,5,4,1,0,0,0,0,0,0,1,0,1,0,0,0,1,0,1,0,0,0
C5120ST,21,380,District-Jagatsinghapur ,Urban,50-59,12,6,6,4,2,2,2,0,2,0,0,0,5,4,1,0,0,0,0,0,0,1,0,1,0,0,0
C5120ST,21,380,District-Jagatsinghapur ,Urban,60-69,7,3,4,1,1,0,1,1,0,1,0,1,2,1,1,0,0,0,0,0,0,2,0,2,0,0,0
C5120ST,21,380,District-Jagatsinghapur ,Urban,70-79,0,0,0,0,0,0,0,0,0,0,0,0,0,0,0,0,0,0,0,0,0,0,0,0,0,0,0
C5120ST,21,380,District-Jagatsinghapur ,Urban,80-89,2,1,1,1,0,1,0,0,0,0,0,0,0,0,0,0,0,0,0,0,0,1,1,0,0,0,0
C5120ST,21,380,District-Jagatsinghapur ,Urban,90+,0,0,0,0,0,0,0,0,0,0,0,0,0,0,0,0,0,0,0,0,0,0,0,0,0,0,0
C5120ST,21,380,District-Jagatsinghapur ,Urban,Age Not Stated,0,0,0,0,0,0,0,0,0,0,0,0,0,0,0,0,0,0,0,0,0,0,0,0,0,0,0
C5120ST,21,381,District-Cuttack,Total,Total,3808,1996,1812,1376,689,687,624,330,294,90,54,36,638,357,281,174,92,82,88,50,38,356,193,163,462,231,231
C5120ST,21,381,District-Cuttack,Total,0-4,131,74,57,43,23,20,34,19,15,2,2,0,13,4,9,5,4,1,0,0,0,21,13,8,13,9,4
C5120ST,21,381,District-Cuttack,Total,5-9,210,117,93,52,27,25,55,26,29,18,12,6,25,13,12,14,10,4,1,1,0,26,12,14,19,16,3
C5120ST,21,381,District-Cuttack,Total,10-19,436,220,216,115,47,68,82,44,38,23,13,10,70,40,30,45,26,19,17,9,8,56,26,30,28,15,13
C5120ST,21,381,District-Cuttack,Total,20-29,345,197,148,82,48,34,72,28,44,16,11,5,55,37,18,26,13,13,15,11,4,51,32,19,28,17,11
C5120ST,21,381,District-Cuttack,Total,30-39,348,197,151,99,49,50,62,42,20,10,5,5,66,39,27,29,17,12,22,13,9,39,22,17,21,10,11
C5120ST,21,381,District-Cuttack,Total,40-49,469,265,204,196,108,88,55,33,22,10,4,6,74,45,29,26,14,12,20,12,8,55,38,17,33,11,22
C5120ST,21,381,District-Cuttack,Total,50-59,532,261,271,242,122,120,77,40,37,5,3,2,97,53,44,16,5,11,8,4,4,33,14,19,54,20,34
C5120ST,21,381,District-Cuttack,Total,60-69,764,365,399,335,157,178,111,55,56,5,4,1,148,74,74,10,2,8,5,0,5,46,21,25,104,52,52
C5120ST,21,381,District-Cuttack,Total,70-79,448,234,214,173,91,82,57,31,26,1,0,1,72,41,31,3,1,2,0,0,0,25,12,13,117,58,59
C5120ST,21,381,District-Cuttack,Total,80-89,101,56,45,32,14,18,15,10,5,0,0,0,14,9,5,0,0,0,0,0,0,3,3,0,37,20,17
C5120ST,21,381,District-Cuttack,Total,90+,20,8,12,5,2,3,3,1,2,0,0,0,3,2,1,0,0,0,0,0,0,1,0,1,8,3,5
C5120ST,21,381,District-Cuttack,Total,Age Not Stated,4,2,2,2,1,1,1,1,0,0,0,0,1,0,1,0,0,0,0,0,0,0,0,0,0,0,0
C5120ST,21,381,District-Cuttack,Rural,Total,3437,1801,1636,1229,622,607,560,295,265,74,45,29,571,318,253,161,86,75,84,46,38,308,162,146,450,227,223
C5120ST,21,381,District-Cuttack,Rural,0-4,111,63,48,32,17,15,29,15,14,2,2,0,13,4,9,4,3,1,0,0,0,19,13,6,12,9,3
C5120ST,21,381,District-Cuttack,Rural,5-9,182,108,74,47,27,20,46,24,22,14,10,4,23,13,10,12,9,3,0,0,0,23,11,12,17,14,3
C5120ST,21,381,District-Cuttack,Rural,10-19,370,188,182,79,30,49,70,38,32,19,11,8,61,35,26,43,25,18,17,9,8,54,25,29,27,15,12
C5120ST,21,381,District-Cuttack,Rural,20-29,285,160,125,58,33,25,62,25,37,14,11,3,50,33,17,23,11,12,13,9,4,37,21,16,28,17,11
C5120ST,21,381,District-Cuttack,Rural,30-39,296,170,126,77,41,36,52,34,18,9,4,5,61,36,25,27,16,11,22,13,9,30,17,13,18,9,9
C5120ST,21,381,District-Cuttack,Rural,40-49,412,231,181,179,100,79,48,28,20,8,3,5,58,34,24,24,14,10,19,11,8,45,30,15,31,11,20
C5120ST,21,381,District-Cuttack,Rural,50-59,492,240,252,228,114,114,72,37,35,2,0,2,84,48,36,15,5,10,8,4,4,29,12,17,54,20,34
C5120ST,21,381,District-Cuttack,Rural,60-69,737,351,386,327,155,172,107,53,54,5,4,1,138,67,71,10,2,8,5,0,5,42,18,24,103,52,51
C5120ST,21,381,District-Cuttack,Rural,70-79,435,227,208,169,90,79,55,29,26,1,0,1,67,38,29,3,1,2,0,0,0,25,12,13,115,57,58
C5120ST,21,381,District-Cuttack,Rural,80-89,96,54,42,28,13,15,15,10,5,0,0,0,13,8,5,0,0,0,0,0,0,3,3,0,37,20,17
C5120ST,21,381,District-Cuttack,Rural,90+,19,8,11,5,2,3,3,1,2,0,0,0,2,2,0,0,0,0,0,0,0,1,0,1,8,3,5
C5120ST,21,381,District-Cuttack,Rural,Age Not Stated,2,1,1,0,0,0,1,1,0,0,0,0,1,0,1,0,0,0,0,0,0,0,0,0,0,0,0
C5120ST,21,381,District-Cuttack,Urban,Total,371,195,176,147,67,80,64,35,29,16,9,7,67,39,28,13,6,7,4,4,0,48,31,17,12,4,8
C5120ST,21,381,District-Cuttack,Urban,0-4,20,11,9,11,6,5,5,4,1,0,0,0,0,0,0,1,1,0,0,0,0,2,0,2,1,0,1
C5120ST,21,381,District-Cuttack,Urban,5-9,28,9,19,5,0,5,9,2,7,4,2,2,2,0,2,2,1,1,1,1,0,3,1,2,2,2,0
C5120ST,21,381,District-Cuttack,Urban,10-19,66,32,34,36,17,19,12,6,6,4,2,2,9,5,4,2,1,1,0,0,0,2,1,1,1,0,1
C5120ST,21,381,District-Cuttack,Urban,20-29,60,37,23,24,15,9,10,3,7,2,0,2,5,4,1,3,2,1,2,2,0,14,11,3,0,0,0
C5120ST,21,381,District-Cuttack,Urban,30-39,52,27,25,22,8,14,10,8,2,1,1,0,5,3,2,2,1,1,0,0,0,9,5,4,3,1,2
C5120ST,21,381,District-Cuttack,Urban,40-49,57,34,23,17,8,9,7,5,2,2,1,1,16,11,5,2,0,2,1,1,0,10,8,2,2,0,2
C5120ST,21,381,District-Cuttack,Urban,50-59,40,21,19,14,8,6,5,3,2,3,3,0,13,5,8,1,0,1,0,0,0,4,2,2,0,0,0
C5120ST,21,381,District-Cuttack,Urban,60-69,27,14,13,8,2,6,4,2,2,0,0,0,10,7,3,0,0,0,0,0,0,4,3,1,1,0,1
C5120ST,21,381,District-Cuttack,Urban,70-79,13,7,6,4,1,3,2,2,0,0,0,0,5,3,2,0,0,0,0,0,0,0,0,0,2,1,1
C5120ST,21,381,District-Cuttack,Urban,80-89,5,2,3,4,1,3,0,0,0,0,0,0,1,1,0,0,0,0,0,0,0,0,0,0,0,0,0
C5120ST,21,381,District-Cuttack,Urban,90+,1,0,1,0,0,0,0,0,0,0,0,0,1,0,1,0,0,0,0,0,0,0,0,0,0,0,0
C5120ST,21,381,District-Cuttack,Urban,Age Not Stated,2,1,1,2,1,1,0,0,0,0,0,0,0,0,0,0,0,0,0,0,0,0,0,0,0,0,0
C5120ST,21,382,District-Jajapur  ,Total,Total,2893,1583,1310,606,313,293,759,400,359,121,61,60,566,362,204,125,67,58,70,33,37,412,233,179,234,114,120
C5120ST,21,382,District-Jajapur  ,Total,0-4,175,99,76,50,25,25,49,23,26,0,0,0,21,16,5,6,2,4,0,0,0,38,26,12,11,7,4
C5120ST,21,382,District-Jajapur  ,Total,5-9,296,167,129,71,41,30,92,51,41,16,10,6,34,21,13,7,4,3,2,0,2,48,24,24,26,16,10
C5120ST,21,382,District-Jajapur  ,Total,10-19,508,258,250,98,44,54,131,65,66,33,17,16,86,45,41,43,29,14,5,3,2,78,38,40,34,17,17
C5120ST,21,382,District-Jajapur  ,Total,20-29,420,234,186,76,37,39,102,51,51,24,14,10,93,63,30,19,8,11,12,5,7,70,44,26,24,12,12
C5120ST,21,382,District-Jajapur  ,Total,30-39,340,188,152,55,29,26,109,55,54,21,9,12,56,34,22,14,6,8,22,13,9,49,33,16,14,9,5
C5120ST,21,382,District-Jajapur  ,Total,40-49,327,195,132,54,32,22,92,51,41,11,5,6,84,60,24,16,7,9,18,10,8,40,21,19,12,9,3
C5120ST,21,382,District-Jajapur  ,Total,50-59,268,154,114,58,30,28,45,30,15,6,2,4,75,52,23,10,7,3,5,1,4,43,24,19,26,8,18
C5120ST,21,382,District-Jajapur  ,Total,60-69,279,139,140,61,37,24,69,33,36,8,3,5,56,33,23,9,3,6,5,1,4,23,10,13,48,19,29
C5120ST,21,382,District-Jajapur  ,Total,70-79,202,109,93,62,30,32,49,26,23,2,1,1,43,30,13,1,1,0,1,0,1,17,8,9,27,13,14
C5120ST,21,382,District-Jajapur  ,Total,80-89,53,25,28,17,5,12,17,12,5,0,0,0,12,6,6,0,0,0,0,0,0,2,1,1,5,1,4
C5120ST,21,382,District-Jajapur  ,Total,90+,17,10,7,4,3,1,2,2,0,0,0,0,3,1,2,0,0,0,0,0,0,1,1,0,7,3,4
C5120ST,21,382,District-Jajapur  ,Total,Age Not Stated,8,5,3,0,0,0,2,1,1,0,0,0,3,1,2,0,0,0,0,0,0,3,3,0,0,0,0
C5120ST,21,382,District-Jajapur  ,Rural,Total,2675,1474,1201,558,287,271,680,368,312,117,59,58,544,349,195,120,64,56,64,29,35,371,210,161,221,108,113
C5120ST,21,382,District-Jajapur  ,Rural,0-4,148,89,59,47,24,23,38,19,19,0,0,0,19,16,3,5,2,3,0,0,0,30,22,8,9,6,3
C5120ST,21,382,District-Jajapur  ,Rural,5-9,271,158,113,64,37,27,80,50,30,15,9,6,33,20,13,7,4,3,2,0,2,44,22,22,26,16,10
C5120ST,21,382,District-Jajapur  ,Rural,10-19,473,237,236,88,40,48,116,56,60,33,17,16,84,44,40,41,27,14,5,3,2,73,34,39,33,16,17
C5120ST,21,382,District-Jajapur  ,Rural,20-29,382,216,166,66,33,33,93,49,44,22,13,9,90,60,30,18,7,11,9,4,5,60,38,22,24,12,12
C5120ST,21,382,District-Jajapur  ,Rural,30-39,313,169,144,50,24,26,95,47,48,20,9,11,54,32,22,13,6,7,21,12,9,46,30,16,14,9,5
C5120ST,21,382,District-Jajapur  ,Rural,40-49,312,189,123,52,31,21,88,50,38,11,5,6,81,59,22,16,7,9,16,8,8,36,20,16,12,9,3
C5120ST,21,382,District-Jajapur  ,Rural,50-59,249,142,107,52,27,25,40,25,15,6,2,4,73,50,23,10,7,3,5,1,4,39,22,17,24,8,16
C5120ST,21,382,District-Jajapur  ,Rural,60-69,261,133,128,58,35,23,66,33,33,8,3,5,53,33,20,9,3,6,5,1,4,22,10,12,40,15,25
C5120ST,21,382,District-Jajapur  ,Rural,70-79,192,104,88,60,28,32,46,26,20,2,1,1,40,28,12,1,1,0,1,0,1,15,7,8,27,13,14
C5120ST,21,382,District-Jajapur  ,Rural,80-89,49,22,27,17,5,12,14,10,4,0,0,0,11,5,6,0,0,0,0,0,0,2,1,1,5,1,4
C5120ST,21,382,District-Jajapur  ,Rural,90+,17,10,7,4,3,1,2,2,0,0,0,0,3,1,2,0,0,0,0,0,0,1,1,0,7,3,4
C5120ST,21,382,District-Jajapur  ,Rural,Age Not Stated,8,5,3,0,0,0,2,1,1,0,0,0,3,1,2,0,0,0,0,0,0,3,3,0,0,0,0
C5120ST,21,382,District-Jajapur  ,Urban,Total,218,109,109,48,26,22,79,32,47,4,2,2,22,13,9,5,3,2,6,4,2,41,23,18,13,6,7
C5120ST,21,382,District-Jajapur  ,Urban,0-4,27,10,17,3,1,2,11,4,7,0,0,0,2,0,2,1,0,1,0,0,0,8,4,4,2,1,1
C5120ST,21,382,District-Jajapur  ,Urban,5-9,25,9,16,7,4,3,12,1,11,1,1,0,1,1,0,0,0,0,0,0,0,4,2,2,0,0,0
C5120ST,21,382,District-Jajapur  ,Urban,10-19,35,21,14,10,4,6,15,9,6,0,0,0,2,1,1,2,2,0,0,0,0,5,4,1,1,1,0
C5120ST,21,382,District-Jajapur  ,Urban,20-29,38,18,20,10,4,6,9,2,7,2,1,1,3,3,0,1,1,0,3,1,2,10,6,4,0,0,0
C5120ST,21,382,District-Jajapur  ,Urban,30-39,27,19,8,5,5,0,14,8,6,1,0,1,2,2,0,1,0,1,1,1,0,3,3,0,0,0,0
C5120ST,21,382,District-Jajapur  ,Urban,40-49,15,6,9,2,1,1,4,1,3,0,0,0,3,1,2,0,0,0,2,2,0,4,1,3,0,0,0
C5120ST,21,382,District-Jajapur  ,Urban,50-59,19,12,7,6,3,3,5,5,0,0,0,0,2,2,0,0,0,0,0,0,0,4,2,2,2,0,2
C5120ST,21,382,District-Jajapur  ,Urban,60-69,18,6,12,3,2,1,3,0,3,0,0,0,3,0,3,0,0,0,0,0,0,1,0,1,8,4,4
C5120ST,21,382,District-Jajapur  ,Urban,70-79,10,5,5,2,2,0,3,0,3,0,0,0,3,2,1,0,0,0,0,0,0,2,1,1,0,0,0
C5120ST,21,382,District-Jajapur  ,Urban,80-89,4,3,1,0,0,0,3,2,1,0,0,0,1,1,0,0,0,0,0,0,0,0,0,0,0,0,0
C5120ST,21,382,District-Jajapur  ,Urban,90+,0,0,0,0,0,0,0,0,0,0,0,0,0,0,0,0,0,0,0,0,0,0,0,0,0,0,0
C5120ST,21,382,District-Jajapur  ,Urban,Age Not Stated,0,0,0,0,0,0,0,0,0,0,0,0,0,0,0,0,0,0,0,0,0,0,0,0,0,0,0
C5120ST,21,383,District-Dhenkanal,Total,Total,4394,2366,2028,1023,552,471,847,427,420,142,86,56,972,551,421,237,135,102,158,86,72,626,342,284,389,187,202
C5120ST,21,383,District-Dhenkanal,Total,0-4,216,110,106,72,38,34,49,25,24,0,0,0,23,12,11,17,7,10,0,0,0,43,21,22,12,7,5
C5120ST,21,383,District-Dhenkanal,Total,5-9,348,180,168,79,40,39,67,30,37,28,17,11,49,26,23,22,13,9,3,2,1,64,31,33,36,21,15
C5120ST,21,383,District-Dhenkanal,Total,10-19,678,371,307,132,68,64,128,76,52,37,23,14,110,62,48,49,30,19,14,5,9,151,79,72,57,28,29
C5120ST,21,383,District-Dhenkanal,Total,20-29,545,310,235,107,53,54,90,45,45,37,26,11,98,63,35,60,33,27,34,18,16,75,48,27,44,24,20
C5120ST,21,383,District-Dhenkanal,Total,30-39,538,299,239,116,67,49,94,46,48,11,5,6,114,74,40,36,24,12,54,34,20,93,43,50,20,6,14
C5120ST,21,383,District-Dhenkanal,Total,40-49,493,298,195,115,73,42,102,44,58,15,6,9,121,88,33,19,10,9,28,15,13,67,44,23,26,18,8
C5120ST,21,383,District-Dhenkanal,Total,50-59,469,242,227,139,73,66,91,43,48,6,4,2,125,61,64,18,12,6,11,2,9,48,34,14,31,13,18
C5120ST,21,383,District-Dhenkanal,Total,60-69,567,281,286,148,76,72,113,58,55,6,4,2,159,75,84,14,5,9,8,6,2,50,26,24,69,31,38
C5120ST,21,383,District-Dhenkanal,Total,70-79,407,194,213,81,40,41,89,46,43,0,0,0,133,64,69,2,1,1,5,3,2,30,13,17,67,27,40
C5120ST,21,383,District-Dhenkanal,Total,80-89,96,61,35,28,20,8,14,9,5,1,0,1,33,23,10,0,0,0,0,0,0,2,1,1,18,8,10
C5120ST,21,383,District-Dhenkanal,Total,90+,30,16,14,5,3,2,9,5,4,1,1,0,5,2,3,0,0,0,1,1,0,1,1,0,8,3,5
C5120ST,21,383,District-Dhenkanal,Total,Age Not Stated,7,4,3,1,1,0,1,0,1,0,0,0,2,1,1,0,0,0,0,0,0,2,1,1,1,1,0
C5120ST,21,383,District-Dhenkanal,Rural,Total,4290,2307,1983,1016,548,468,823,416,407,140,86,54,949,535,414,231,131,100,152,83,69,597,324,273,382,184,198
C5120ST,21,383,District-Dhenkanal,Rural,0-4,213,108,105,71,38,33,48,24,24,0,0,0,23,12,11,17,7,10,0,0,0,43,21,22,11,6,5
C5120ST,21,383,District-Dhenkanal,Rural,5-9,336,176,160,78,40,38,64,30,34,27,17,10,48,25,23,22,13,9,3,2,1,59,29,30,35,20,15
C5120ST,21,383,District-Dhenkanal,Rural,10-19,648,351,297,129,66,63,122,72,50,37,23,14,106,59,47,46,27,19,14,5,9,140,72,68,54,27,27
C5120ST,21,383,District-Dhenkanal,Rural,20-29,530,301,229,107,53,54,84,41,43,36,26,10,96,62,34,60,33,27,33,17,16,71,45,26,43,24,19
C5120ST,21,383,District-Dhenkanal,Rural,30-39,524,292,232,115,66,49,92,45,47,11,5,6,114,74,40,34,23,11,52,34,18,86,39,47,20,6,14
C5120ST,21,383,District-Dhenkanal,Rural,40-49,482,290,192,115,73,42,100,44,56,15,6,9,116,83,33,19,10,9,27,14,13,65,42,23,25,18,7
C5120ST,21,383,District-Dhenkanal,Rural,50-59,460,238,222,139,73,66,89,42,47,6,4,2,119,58,61,18,12,6,10,2,8,48,34,14,31,13,18
C5120ST,21,383,District-Dhenkanal,Rural,60-69,560,277,283,148,76,72,112,58,54,6,4,2,155,72,83,13,5,8,7,5,2,50,26,24,69,31,38
C5120ST,21,383,District-Dhenkanal,Rural,70-79,404,193,211,80,39,41,88,46,42,0,0,0,132,64,68,2,1,1,5,3,2,30,13,17,67,27,40
C5120ST,21,383,District-Dhenkanal,Rural,80-89,96,61,35,28,20,8,14,9,5,1,0,1,33,23,10,0,0,0,0,0,0,2,1,1,18,8,10
C5120ST,21,383,District-Dhenkanal,Rural,90+,30,16,14,5,3,2,9,5,4,1,1,0,5,2,3,0,0,0,1,1,0,1,1,0,8,3,5
C5120ST,21,383,District-Dhenkanal,Rural,Age Not Stated,7,4,3,1,1,0,1,0,1,0,0,0,2,1,1,0,0,0,0,0,0,2,1,1,1,1,0
C5120ST,21,383,District-Dhenkanal,Urban,Total,104,59,45,7,4,3,24,11,13,2,0,2,23,16,7,6,4,2,6,3,3,29,18,11,7,3,4
C5120ST,21,383,District-Dhenkanal,Urban,0-4,3,2,1,1,0,1,1,1,0,0,0,0,0,0,0,0,0,0,0,0,0,0,0,0,1,1,0
C5120ST,21,383,District-Dhenkanal,Urban,5-9,12,4,8,1,0,1,3,0,3,1,0,1,1,1,0,0,0,0,0,0,0,5,2,3,1,1,0
C5120ST,21,383,District-Dhenkanal,Urban,10-19,30,20,10,3,2,1,6,4,2,0,0,0,4,3,1,3,3,0,0,0,0,11,7,4,3,1,2
C5120ST,21,383,District-Dhenkanal,Urban,20-29,15,9,6,0,0,0,6,4,2,1,0,1,2,1,1,0,0,0,1,1,0,4,3,1,1,0,1
C5120ST,21,383,District-Dhenkanal,Urban,30-39,14,7,7,1,1,0,2,1,1,0,0,0,0,0,0,2,1,1,2,0,2,7,4,3,0,0,0
C5120ST,21,383,District-Dhenkanal,Urban,40-49,11,8,3,0,0,0,2,0,2,0,0,0,5,5,0,0,0,0,1,1,0,2,2,0,1,0,1
C5120ST,21,383,District-Dhenkanal,Urban,50-59,9,4,5,0,0,0,2,1,1,0,0,0,6,3,3,0,0,0,1,0,1,0,0,0,0,0,0
C5120ST,21,383,District-Dhenkanal,Urban,60-69,7,4,3,0,0,0,1,0,1,0,0,0,4,3,1,1,0,1,1,1,0,0,0,0,0,0,0
C5120ST,21,383,District-Dhenkanal,Urban,70-79,3,1,2,1,1,0,1,0,1,0,0,0,1,0,1,0,0,0,0,0,0,0,0,0,0,0,0
C5120ST,21,383,District-Dhenkanal,Urban,80-89,0,0,0,0,0,0,0,0,0,0,0,0,0,0,0,0,0,0,0,0,0,0,0,0,0,0,0
C5120ST,21,383,District-Dhenkanal,Urban,90+,0,0,0,0,0,0,0,0,0,0,0,0,0,0,0,0,0,0,0,0,0,0,0,0,0,0,0
C5120ST,21,383,District-Dhenkanal,Urban,Age Not Stated,0,0,0,0,0,0,0,0,0,0,0,0,0,0,0,0,0,0,0,0,0,0,0,0,0,0,0
C5120ST,21,384,District-Anugul  ,Total,Total,4481,2417,2064,884,464,420,1015,513,502,216,128,88,916,541,375,239,121,118,108,63,45,714,389,325,389,198,191
C5120ST,21,384,District-Anugul  ,Total,0-4,272,140,132,54,29,25,74,34,40,4,3,1,24,9,15,13,6,7,0,0,0,79,46,33,24,13,11
C5120ST,21,384,District-Anugul  ,Total,5-9,426,228,198,94,44,50,98,55,43,30,20,10,52,36,16,32,14,18,5,4,1,84,39,45,31,16,15
C5120ST,21,384,District-Anugul  ,Total,10-19,827,449,378,131,61,70,200,116,84,56,33,23,131,77,54,77,41,36,20,12,8,151,80,71,61,29,32
C5120ST,21,384,District-Anugul  ,Total,20-29,606,319,287,91,55,36,140,65,75,36,17,19,124,69,55,38,21,17,26,17,9,107,51,56,44,24,20
C5120ST,21,384,District-Anugul  ,Total,30-39,538,299,239,105,59,46,116,62,54,21,13,8,107,66,41,30,15,15,15,8,7,108,60,48,36,16,20
C5120ST,21,384,District-Anugul  ,Total,40-49,490,289,201,93,58,35,127,62,65,20,15,5,120,81,39,23,10,13,16,8,8,64,41,23,27,14,13
C5120ST,21,384,District-Anugul  ,Total,50-59,405,224,181,92,50,42,68,24,44,22,13,9,103,65,38,12,8,4,15,9,6,51,33,18,42,22,20
C5120ST,21,384,District-Anugul  ,Total,60-69,479,249,230,121,60,61,90,46,44,17,8,9,148,85,63,11,4,7,8,4,4,39,21,18,45,21,24
C5120ST,21,384,District-Anugul  ,Total,70-79,310,152,158,72,34,38,78,36,42,9,5,4,78,37,41,2,1,1,2,1,1,18,10,8,51,28,23
C5120ST,21,384,District-Anugul  ,Total,80-89,82,41,41,20,9,11,16,6,10,0,0,0,22,11,11,1,1,0,0,0,0,4,3,1,19,11,8
C5120ST,21,384,District-Anugul  ,Total,90+,26,15,11,8,3,5,7,6,1,0,0,0,3,2,1,0,0,0,0,0,0,1,1,0,7,3,4
C5120ST,21,384,District-Anugul  ,Total,Age Not Stated,20,12,8,3,2,1,1,1,0,1,1,0,4,3,1,0,0,0,1,0,1,8,4,4,2,1,1
C5120ST,21,384,District-Anugul  ,Rural,Total,4183,2264,1919,855,456,399,918,470,448,202,119,83,860,506,354,217,106,111,99,57,42,687,374,313,345,176,169
C5120ST,21,384,District-Anugul  ,Rural,0-4,252,129,123,54,29,25,63,29,34,4,3,1,23,9,14,12,5,7,0,0,0,76,44,32,20,10,10
C5120ST,21,384,District-Anugul  ,Rural,5-9,400,216,184,94,44,50,87,50,37,29,19,10,47,34,13,29,12,17,5,4,1,81,38,43,28,15,13
C5120ST,21,384,District-Anugul  ,Rural,10-19,779,424,355,127,61,66,184,107,77,52,29,23,128,74,54,71,37,34,19,11,8,145,79,66,53,26,27
C5120ST,21,384,District-Anugul  ,Rural,20-29,545,285,260,89,55,34,116,53,63,32,15,17,116,64,52,33,17,16,23,16,7,102,47,55,34,18,16
C5120ST,21,384,District-Anugul  ,Rural,30-39,497,280,217,98,56,42,102,56,46,18,11,7,102,63,39,27,13,14,15,8,7,105,59,46,30,14,16
C5120ST,21,384,District-Anugul  ,Rural,40-49,459,273,186,91,57,34,119,61,58,18,15,3,111,75,36,22,10,12,13,5,8,60,38,22,25,12,13
C5120ST,21,384,District-Anugul  ,Rural,50-59,375,208,167,84,48,36,64,22,42,22,13,9,93,60,33,10,6,4,14,8,6,48,30,18,40,21,19
C5120ST,21,384,District-Anugul  ,Rural,60-69,461,241,220,119,60,59,85,44,41,17,8,9,142,81,61,10,4,6,8,4,4,39,21,18,41,19,22
C5120ST,21,384,District-Anugul  ,Rural,70-79,292,142,150,68,32,36,75,35,40,9,5,4,70,31,39,2,1,1,1,1,0,18,10,8,49,27,22
C5120ST,21,384,District-Anugul  ,Rural,80-89,77,39,38,20,9,11,15,6,9,0,0,0,21,10,11,1,1,0,0,0,0,4,3,1,16,10,6
C5120ST,21,384,District-Anugul  ,Rural,90+,26,15,11,8,3,5,7,6,1,0,0,0,3,2,1,0,0,0,0,0,0,1,1,0,7,3,4
C5120ST,21,384,District-Anugul  ,Rural,Age Not Stated,20,12,8,3,2,1,1,1,0,1,1,0,4,3,1,0,0,0,1,0,1,8,4,4,2,1,1
C5120ST,21,384,District-Anugul  ,Urban,Total,298,153,145,29,8,21,97,43,54,14,9,5,56,35,21,22,15,7,9,6,3,27,15,12,44,22,22
C5120ST,21,384,District-Anugul  ,Urban,0-4,20,11,9,0,0,0,11,5,6,0,0,0,1,0,1,1,1,0,0,0,0,3,2,1,4,3,1
C5120ST,21,384,District-Anugul  ,Urban,5-9,26,12,14,0,0,0,11,5,6,1,1,0,5,2,3,3,2,1,0,0,0,3,1,2,3,1,2
C5120ST,21,384,District-Anugul  ,Urban,10-19,48,25,23,4,0,4,16,9,7,4,4,0,3,3,0,6,4,2,1,1,0,6,1,5,8,3,5
C5120ST,21,384,District-Anugul  ,Urban,20-29,61,34,27,2,0,2,24,12,12,4,2,2,8,5,3,5,4,1,3,1,2,5,4,1,10,6,4
C5120ST,21,384,District-Anugul  ,Urban,30-39,41,19,22,7,3,4,14,6,8,3,2,1,5,3,2,3,2,1,0,0,0,3,1,2,6,2,4
C5120ST,21,384,District-Anugul  ,Urban,40-49,31,16,15,2,1,1,8,1,7,2,0,2,9,6,3,1,0,1,3,3,0,4,3,1,2,2,0
C5120ST,21,384,District-Anugul  ,Urban,50-59,30,16,14,8,2,6,4,2,2,0,0,0,10,5,5,2,2,0,1,1,0,3,3,0,2,1,1
C5120ST,21,384,District-Anugul  ,Urban,60-69,18,8,10,2,0,2,5,2,3,0,0,0,6,4,2,1,0,1,0,0,0,0,0,0,4,2,2
C5120ST,21,384,District-Anugul  ,Urban,70-79,18,10,8,4,2,2,3,1,2,0,0,0,8,6,2,0,0,0,1,0,1,0,0,0,2,1,1
C5120ST,21,384,District-Anugul  ,Urban,80-89,5,2,3,0,0,0,1,0,1,0,0,0,1,1,0,0,0,0,0,0,0,0,0,0,3,1,2
C5120ST,21,384,District-Anugul  ,Urban,90+,0,0,0,0,0,0,0,0,0,0,0,0,0,0,0,0,0,0,0,0,0,0,0,0,0,0,0
C5120ST,21,384,District-Anugul  ,Urban,Age Not Stated,0,0,0,0,0,0,0,0,0,0,0,0,0,0,0,0,0,0,0,0,0,0,0,0,0,0,0
C5120ST,21,385,District-Nayagarh  ,Total,Total,2420,1229,1191,574,293,281,327,159,168,81,41,40,571,303,268,129,70,59,88,42,46,327,157,170,323,164,159
C5120ST,21,385,District-Nayagarh  ,Total,0-4,65,32,33,17,9,8,11,6,5,2,1,1,5,1,4,7,5,2,0,0,0,15,4,11,8,6,2
C5120ST,21,385,District-Nayagarh  ,Total,5-9,173,98,75,47,32,15,27,10,17,18,10,8,14,9,5,22,14,8,3,1,2,23,13,10,19,9,10
C5120ST,21,385,District-Nayagarh  ,Total,10-19,316,161,155,56,25,31,57,29,28,26,12,14,51,30,21,40,19,21,17,10,7,36,20,16,33,16,17
C5120ST,21,385,District-Nayagarh  ,Total,20-29,226,120,106,37,20,17,31,16,15,10,5,5,47,28,19,15,6,9,18,8,10,49,26,23,19,11,8
C5120ST,21,385,District-Nayagarh  ,Total,30-39,221,108,113,29,17,12,37,17,20,9,5,4,61,25,36,18,12,6,15,9,6,36,16,20,16,7,9
C5120ST,21,385,District-Nayagarh  ,Total,40-49,259,133,126,59,36,23,34,17,17,9,4,5,74,39,35,8,2,6,22,12,10,36,16,20,17,7,10
C5120ST,21,385,District-Nayagarh  ,Total,50-59,261,122,139,60,26,34,32,14,18,4,2,2,85,47,38,8,5,3,3,1,2,37,17,20,32,10,22
C5120ST,21,385,District-Nayagarh  ,Total,60-69,432,204,228,129,55,74,50,25,25,2,2,0,122,58,64,7,3,4,7,1,6,46,20,26,69,40,29
C5120ST,21,385,District-Nayagarh  ,Total,70-79,303,153,150,101,52,49,32,12,20,1,0,1,76,42,34,4,4,0,3,0,3,23,11,12,63,32,31
C5120ST,21,385,District-Nayagarh  ,Total,80-89,118,69,49,30,14,16,10,8,2,0,0,0,28,19,9,0,0,0,0,0,0,17,10,7,33,18,15
C5120ST,21,385,District-Nayagarh  ,Total,90+,38,23,15,8,6,2,4,4,0,0,0,0,6,3,3,0,0,0,0,0,0,6,2,4,14,8,6
C5120ST,21,385,District-Nayagarh  ,Total,Age Not Stated,8,6,2,1,1,0,2,1,1,0,0,0,2,2,0,0,0,0,0,0,0,3,2,1,0,0,0
C5120ST,21,385,District-Nayagarh  ,Rural,Total,2361,1196,1165,539,274,265,324,157,167,80,40,40,558,295,263,128,69,59,88,42,46,322,155,167,322,164,158
C5120ST,21,385,District-Nayagarh  ,Rural,0-4,65,32,33,17,9,8,11,6,5,2,1,1,5,1,4,7,5,2,0,0,0,15,4,11,8,6,2
C5120ST,21,385,District-Nayagarh  ,Rural,5-9,145,76,69,23,13,10,26,9,17,18,10,8,14,9,5,22,14,8,3,1,2,20,11,9,19,9,10
C5120ST,21,385,District-Nayagarh  ,Rural,10-19,305,160,145,47,25,22,57,29,28,26,12,14,50,29,21,40,19,21,17,10,7,36,20,16,32,16,16
C5120ST,21,385,District-Nayagarh  ,Rural,20-29,223,119,104,37,20,17,31,16,15,10,5,5,45,27,18,15,6,9,18,8,10,48,26,22,19,11,8
C5120ST,21,385,District-Nayagarh  ,Rural,30-39,218,106,112,29,17,12,36,17,19,9,5,4,60,24,36,17,11,6,15,9,6,36,16,20,16,7,9
C5120ST,21,385,District-Nayagarh  ,Rural,40-49,254,132,122,58,36,22,34,17,17,8,3,5,72,39,33,8,2,6,22,12,10,35,16,19,17,7,10
C5120ST,21,385,District-Nayagarh  ,Rural,50-59,259,120,139,60,26,34,32,14,18,4,2,2,83,45,38,8,5,3,3,1,2,37,17,20,32,10,22
C5120ST,21,385,District-Nayagarh  ,Rural,60-69,427,201,226,128,55,73,50,25,25,2,2,0,118,55,63,7,3,4,7,1,6,46,20,26,69,40,29
C5120ST,21,385,District-Nayagarh  ,Rural,70-79,301,152,149,101,52,49,31,11,20,1,0,1,75,42,33,4,4,0,3,0,3,23,11,12,63,32,31
C5120ST,21,385,District-Nayagarh  ,Rural,80-89,118,69,49,30,14,16,10,8,2,0,0,0,28,19,9,0,0,0,0,0,0,17,10,7,33,18,15
C5120ST,21,385,District-Nayagarh  ,Rural,90+,38,23,15,8,6,2,4,4,0,0,0,0,6,3,3,0,0,0,0,0,0,6,2,4,14,8,6
C5120ST,21,385,District-Nayagarh  ,Rural,Age Not Stated,8,6,2,1,1,0,2,1,1,0,0,0,2,2,0,0,0,0,0,0,0,3,2,1,0,0,0
C5120ST,21,385,District-Nayagarh  ,Urban,Total,59,33,26,35,19,16,3,2,1,1,1,0,13,8,5,1,1,0,0,0,0,5,2,3,1,0,1
C5120ST,21,385,District-Nayagarh  ,Urban,0-4,0,0,0,0,0,0,0,0,0,0,0,0,0,0,0,0,0,0,0,0,0,0,0,0,0,0,0
C5120ST,21,385,District-Nayagarh  ,Urban,5-9,28,22,6,24,19,5,1,1,0,0,0,0,0,0,0,0,0,0,0,0,0,3,2,1,0,0,0
C5120ST,21,385,District-Nayagarh  ,Urban,10-19,11,1,10,9,0,9,0,0,0,0,0,0,1,1,0,0,0,0,0,0,0,0,0,0,1,0,1
C5120ST,21,385,District-Nayagarh  ,Urban,20-29,3,1,2,0,0,0,0,0,0,0,0,0,2,1,1,0,0,0,0,0,0,1,0,1,0,0,0
C5120ST,21,385,District-Nayagarh  ,Urban,30-39,3,2,1,0,0,0,1,0,1,0,0,0,1,1,0,1,1,0,0,0,0,0,0,0,0,0,0
C5120ST,21,385,District-Nayagarh  ,Urban,40-49,5,1,4,1,0,1,0,0,0,1,1,0,2,0,2,0,0,0,0,0,0,1,0,1,0,0,0
C5120ST,21,385,District-Nayagarh  ,Urban,50-59,2,2,0,0,0,0,0,0,0,0,0,0,2,2,0,0,0,0,0,0,0,0,0,0,0,0,0
C5120ST,21,385,District-Nayagarh  ,Urban,60-69,5,3,2,1,0,1,0,0,0,0,0,0,4,3,1,0,0,0,0,0,0,0,0,0,0,0,0
C5120ST,21,385,District-Nayagarh  ,Urban,70-79,2,1,1,0,0,0,1,1,0,0,0,0,1,0,1,0,0,0,0,0,0,0,0,0,0,0,0
C5120ST,21,385,District-Nayagarh  ,Urban,80-89,0,0,0,0,0,0,0,0,0,0,0,0,0,0,0,0,0,0,0,0,0,0,0,0,0,0,0
C5120ST,21,385,District-Nayagarh  ,Urban,90+,0,0,0,0,0,0,0,0,0,0,0,0,0,0,0,0,0,0,0,0,0,0,0,0,0,0,0
C5120ST,21,385,District-Nayagarh  ,Urban,Age Not Stated,0,0,0,0,0,0,0,0,0,0,0,0,0,0,0,0,0,0,0,0,0,0,0,0,0,0,0
C5120ST,21,386,District-Khordha ,Total,Total,2669,1474,1195,634,321,313,608,326,282,137,81,56,476,301,175,194,117,77,85,46,39,383,200,183,152,82,70
C5120ST,21,386,District-Khordha ,Total,0-4,146,71,75,48,23,25,29,17,12,2,1,1,18,9,9,8,5,3,0,0,0,36,12,24,5,4,1
C5120ST,21,386,District-Khordha ,Total,5-9,244,142,102,52,27,25,67,37,30,20,14,6,23,17,6,19,12,7,1,1,0,40,20,20,22,14,8
C5120ST,21,386,District-Khordha ,Total,10-19,492,247,245,115,57,58,114,51,63,39,22,17,56,31,25,38,21,17,16,6,10,68,32,36,46,27,19
C5120ST,21,386,District-Khordha ,Total,20-29,393,221,172,77,45,32,93,46,47,19,11,8,65,38,27,51,30,21,13,8,5,57,33,24,18,10,8
C5120ST,21,386,District-Khordha ,Total,30-39,377,212,165,75,41,34,93,49,44,23,11,12,60,43,17,41,25,16,13,8,5,61,31,30,11,4,7
C5120ST,21,386,District-Khordha ,Total,40-49,324,202,122,67,37,30,73,44,29,17,10,7,79,57,22,15,8,7,22,13,9,41,27,14,10,6,4
C5120ST,21,386,District-Khordha ,Total,50-59,258,144,114,55,28,27,57,28,29,10,9,1,63,36,27,12,9,3,15,8,7,38,22,16,8,4,4
C5120ST,21,386,District-Khordha ,Total,60-69,234,136,98,70,33,37,49,33,16,4,3,1,65,44,21,3,2,1,2,2,0,22,12,10,19,7,12
C5120ST,21,386,District-Khordha ,Total,70-79,145,73,72,56,25,31,21,13,8,1,0,1,36,20,16,3,2,1,2,0,2,14,8,6,12,5,7
C5120ST,21,386,District-Khordha ,Total,80-89,37,18,19,16,4,12,7,6,1,0,0,0,7,3,4,3,3,0,1,0,1,2,1,1,1,1,0
C5120ST,21,386,District-Khordha ,Total,90+,12,4,8,2,1,1,3,1,2,2,0,2,2,1,1,0,0,0,0,0,0,3,1,2,0,0,0
C5120ST,21,386,District-Khordha ,Total,Age Not Stated,7,4,3,1,0,1,2,1,1,0,0,0,2,2,0,1,0,1,0,0,0,1,1,0,0,0,0
C5120ST,21,386,District-Khordha ,Rural,Total,1833,991,842,443,215,228,443,243,200,58,33,25,353,216,137,132,74,58,67,35,32,238,122,116,99,53,46
C5120ST,21,386,District-Khordha ,Rural,0-4,106,49,57,38,17,21,20,12,8,0,0,0,15,7,8,7,4,3,0,0,0,22,6,16,4,3,1
C5120ST,21,386,District-Khordha ,Rural,5-9,146,85,61,34,18,16,43,25,18,9,5,4,17,14,3,9,3,6,1,1,0,23,12,11,10,7,3
C5120ST,21,386,District-Khordha ,Rural,10-19,298,141,157,66,28,38,72,33,39,18,10,8,39,22,17,25,11,14,11,3,8,40,18,22,27,16,11
C5120ST,21,386,District-Khordha ,Rural,20-29,247,140,107,44,27,17,64,31,33,10,5,5,45,24,21,32,21,11,10,6,4,32,20,12,10,6,4
C5120ST,21,386,District-Khordha ,Rural,30-39,274,155,119,53,27,26,75,39,36,7,4,3,48,34,14,30,17,13,11,7,4,42,24,18,8,3,5
C5120ST,21,386,District-Khordha ,Rural,40-49,221,139,82,43,24,19,52,32,20,8,4,4,57,42,15,13,7,6,17,11,6,26,15,11,5,4,1
C5120ST,21,386,District-Khordha ,Rural,50-59,171,89,82,33,17,16,41,21,20,4,4,0,47,24,23,7,5,2,12,5,7,21,11,10,6,2,4
C5120ST,21,386,District-Khordha ,Rural,60-69,196,109,87,62,28,34,44,30,14,2,1,1,49,31,18,3,2,1,2,2,0,17,9,8,17,6,11
C5120ST,21,386,District-Khordha ,Rural,70-79,127,63,64,52,24,28,20,12,8,0,0,0,28,15,13,3,2,1,2,0,2,11,5,6,11,5,6
C5120ST,21,386,District-Khordha ,Rural,80-89,35,16,19,16,4,12,7,6,1,0,0,0,6,2,4,2,2,0,1,0,1,2,1,1,1,1,0
C5120ST,21,386,District-Khordha ,Rural,90+,9,4,5,2,1,1,3,1,2,0,0,0,2,1,1,0,0,0,0,0,0,2,1,1,0,0,0
C5120ST,21,386,District-Khordha ,Rural,Age Not Stated,3,1,2,0,0,0,2,1,1,0,0,0,0,0,0,1,0,1,0,0,0,0,0,0,0,0,0
C5120ST,21,386,District-Khordha ,Urban,Total,836,483,353,191,106,85,165,83,82,79,48,31,123,85,38,62,43,19,18,11,7,145,78,67,53,29,24
C5120ST,21,386,District-Khordha ,Urban,0-4,40,22,18,10,6,4,9,5,4,2,1,1,3,2,1,1,1,0,0,0,0,14,6,8,1,1,0
C5120ST,21,386,District-Khordha ,Urban,5-9,98,57,41,18,9,9,24,12,12,11,9,2,6,3,3,10,9,1,0,0,0,17,8,9,12,7,5
C5120ST,21,386,District-Khordha ,Urban,10-19,194,106,88,49,29,20,42,18,24,21,12,9,17,9,8,13,10,3,5,3,2,28,14,14,19,11,8
C5120ST,21,386,District-Khordha ,Urban,20-29,146,81,65,33,18,15,29,15,14,9,6,3,20,14,6,19,9,10,3,2,1,25,13,12,8,4,4
C5120ST,21,386,District-Khordha ,Urban,30-39,103,57,46,22,14,8,18,10,8,16,7,9,12,9,3,11,8,3,2,1,1,19,7,12,3,1,2
C5120ST,21,386,District-Khordha ,Urban,40-49,103,63,40,24,13,11,21,12,9,9,6,3,22,15,7,2,1,1,5,2,3,15,12,3,5,2,3
C5120ST,21,386,District-Khordha ,Urban,50-59,87,55,32,22,11,11,16,7,9,6,5,1,16,12,4,5,4,1,3,3,0,17,11,6,2,2,0
C5120ST,21,386,District-Khordha ,Urban,60-69,38,27,11,8,5,3,5,3,2,2,2,0,16,13,3,0,0,0,0,0,0,5,3,2,2,1,1
C5120ST,21,386,District-Khordha ,Urban,70-79,18,10,8,4,1,3,1,1,0,1,0,1,8,5,3,0,0,0,0,0,0,3,3,0,1,0,1
C5120ST,21,386,District-Khordha ,Urban,80-89,2,2,0,0,0,0,0,0,0,0,0,0,1,1,0,1,1,0,0,0,0,0,0,0,0,0,0
C5120ST,21,386,District-Khordha ,Urban,90+,3,0,3,0,0,0,0,0,0,2,0,2,0,0,0,0,0,0,0,0,0,1,0,1,0,0,0
C5120ST,21,386,District-Khordha ,Urban,Age Not Stated,4,3,1,1,0,1,0,0,0,0,0,0,2,2,0,0,0,0,0,0,0,1,1,0,0,0,0
C5120ST,21,387,District-Puri,Total,Total,204,120,84,37,19,18,36,22,14,13,9,4,42,26,16,15,13,2,8,5,3,28,14,14,25,12,13
C5120ST,21,387,District-Puri,Total,0-4,8,4,4,0,0,0,1,0,1,1,1,0,3,2,1,1,1,0,0,0,0,0,0,0,2,0,2
C5120ST,21,387,District-Puri,Total,5-9,23,13,10,5,1,4,7,6,1,5,3,2,2,1,1,0,0,0,0,0,0,4,2,2,0,0,0
C5120ST,21,387,District-Puri,Total,10-19,49,34,15,9,7,2,4,3,1,3,2,1,7,6,1,8,7,1,1,0,1,9,4,5,8,5,3
C5120ST,21,387,District-Puri,Total,20-29,17,11,6,0,0,0,3,3,0,2,1,1,4,1,3,2,1,1,3,3,0,3,2,1,0,0,0
C5120ST,21,387,District-Puri,Total,30-39,16,7,9,3,2,1,3,0,3,1,1,0,3,1,2,2,2,0,1,1,0,3,0,3,0,0,0
C5120ST,21,387,District-Puri,Total,40-49,23,16,7,5,2,3,3,1,2,1,1,0,5,5,0,1,1,0,1,1,0,5,4,1,2,1,1
C5120ST,21,387,District-Puri,Total,50-59,12,7,5,1,0,1,5,2,3,0,0,0,3,3,0,0,0,0,0,0,0,3,2,1,0,0,0
C5120ST,21,387,District-Puri,Total,60-69,26,12,14,10,5,5,4,3,1,0,0,0,4,2,2,1,1,0,1,0,1,1,0,1,5,1,4
C5120ST,21,387,District-Puri,Total,70-79,22,11,11,3,1,2,5,3,2,0,0,0,10,5,5,0,0,0,1,0,1,0,0,0,3,2,1
C5120ST,21,387,District-Puri,Total,80-89,8,5,3,1,1,0,1,1,0,0,0,0,1,0,1,0,0,0,0,0,0,0,0,0,5,3,2
C5120ST,21,387,District-Puri,Total,90+,0,0,0,0,0,0,0,0,0,0,0,0,0,0,0,0,0,0,0,0,0,0,0,0,0,0,0
C5120ST,21,387,District-Puri,Total,Age Not Stated,0,0,0,0,0,0,0,0,0,0,0,0,0,0,0,0,0,0,0,0,0,0,0,0,0,0,0
C5120ST,21,387,District-Puri,Rural,Total,159,91,68,31,17,14,27,17,10,9,6,3,30,18,12,13,11,2,4,2,2,21,9,12,24,11,13
C5120ST,21,387,District-Puri,Rural,0-4,8,4,4,0,0,0,1,0,1,1,1,0,3,2,1,1,1,0,0,0,0,0,0,0,2,0,2
C5120ST,21,387,District-Puri,Rural,5-9,10,4,6,3,1,2,2,2,0,2,1,1,1,0,1,0,0,0,0,0,0,2,0,2,0,0,0
C5120ST,21,387,District-Puri,Rural,10-19,36,26,10,7,6,1,2,2,0,3,2,1,2,2,0,8,7,1,0,0,0,6,2,4,8,5,3
C5120ST,21,387,District-Puri,Rural,20-29,13,7,6,0,0,0,3,3,0,1,0,1,4,1,3,1,0,1,1,1,0,3,2,1,0,0,0
C5120ST,21,387,District-Puri,Rural,30-39,12,7,5,3,2,1,1,0,1,1,1,0,2,1,1,2,2,0,1,1,0,2,0,2,0,0,0
C5120ST,21,387,District-Puri,Rural,40-49,18,11,7,4,1,3,3,1,2,1,1,0,4,4,0,0,0,0,0,0,0,4,3,1,2,1,1
C5120ST,21,387,District-Puri,Rural,50-59,11,6,5,1,0,1,5,2,3,0,0,0,2,2,0,0,0,0,0,0,0,3,2,1,0,0,0
C5120ST,21,387,District-Puri,Rural,60-69,23,10,13,9,5,4,4,3,1,0,0,0,3,1,2,1,1,0,1,0,1,1,0,1,4,0,4
C5120ST,21,387,District-Puri,Rural,70-79,20,11,9,3,1,2,5,3,2,0,0,0,8,5,3,0,0,0,1,0,1,0,0,0,3,2,1
C5120ST,21,387,District-Puri,Rural,80-89,8,5,3,1,1,0,1,1,0,0,0,0,1,0,1,0,0,0,0,0,0,0,0,0,5,3,2
C5120ST,21,387,District-Puri,Rural,90+,0,0,0,0,0,0,0,0,0,0,0,0,0,0,0,0,0,0,0,0,0,0,0,0,0,0,0
C5120ST,21,387,District-Puri,Rural,Age Not Stated,0,0,0,0,0,0,0,0,0,0,0,0,0,0,0,0,0,0,0,0,0,0,0,0,0,0,0
C5120ST,21,387,District-Puri,Urban,Total,45,29,16,6,2,4,9,5,4,4,3,1,12,8,4,2,2,0,4,3,1,7,5,2,1,1,0
C5120ST,21,387,District-Puri,Urban,0-4,0,0,0,0,0,0,0,0,0,0,0,0,0,0,0,0,0,0,0,0,0,0,0,0,0,0,0
C5120ST,21,387,District-Puri,Urban,5-9,13,9,4,2,0,2,5,4,1,3,2,1,1,1,0,0,0,0,0,0,0,2,2,0,0,0,0
C5120ST,21,387,District-Puri,Urban,10-19,13,8,5,2,1,1,2,1,1,0,0,0,5,4,1,0,0,0,1,0,1,3,2,1,0,0,0
C5120ST,21,387,District-Puri,Urban,20-29,4,4,0,0,0,0,0,0,0,1,1,0,0,0,0,1,1,0,2,2,0,0,0,0,0,0,0
C5120ST,21,387,District-Puri,Urban,30-39,4,0,4,0,0,0,2,0,2,0,0,0,1,0,1,0,0,0,0,0,0,1,0,1,0,0,0
C5120ST,21,387,District-Puri,Urban,40-49,5,5,0,1,1,0,0,0,0,0,0,0,1,1,0,1,1,0,1,1,0,1,1,0,0,0,0
C5120ST,21,387,District-Puri,Urban,50-59,1,1,0,0,0,0,0,0,0,0,0,0,1,1,0,0,0,0,0,0,0,0,0,0,0,0,0
C5120ST,21,387,District-Puri,Urban,60-69,3,2,1,1,0,1,0,0,0,0,0,0,1,1,0,0,0,0,0,0,0,0,0,0,1,1,0
C5120ST,21,387,District-Puri,Urban,70-79,2,0,2,0,0,0,0,0,0,0,0,0,2,0,2,0,0,0,0,0,0,0,0,0,0,0,0
C5120ST,21,387,District-Puri,Urban,80-89,0,0,0,0,0,0,0,0,0,0,0,0,0,0,0,0,0,0,0,0,0,0,0,0,0,0,0
C5120ST,21,387,District-Puri,Urban,90+,0,0,0,0,0,0,0,0,0,0,0,0,0,0,0,0,0,0,0,0,0,0,0,0,0,0,0
C5120ST,21,387,District-Puri,Urban,Age Not Stated,0,0,0,0,0,0,0,0,0,0,0,0,0,0,0,0,0,0,0,0,0,0,0,0,0,0,0
C5120ST,21,388,District-Ganjam,Total,Total,3380,1757,1623,1153,556,597,632,314,318,152,81,71,590,367,223,133,59,74,60,34,26,419,229,190,241,117,124
C5120ST,21,388,District-Ganjam,Total,0-4,211,106,105,106,50,56,36,19,17,3,1,2,11,7,4,10,6,4,1,1,0,35,18,17,9,4,5
C5120ST,21,388,District-Ganjam,Total,5-9,356,194,162,117,61,56,67,39,28,21,12,9,37,17,20,21,10,11,3,1,2,51,31,20,39,23,16
C5120ST,21,388,District-Ganjam,Total,10-19,642,329,313,192,87,105,121,52,69,52,31,21,105,60,45,31,15,16,14,11,3,80,45,35,47,28,19
C5120ST,21,388,District-Ganjam,Total,20-29,482,259,223,150,79,71,84,44,40,24,10,14,111,73,38,16,5,11,14,8,6,57,27,30,26,13,13
C5120ST,21,388,District-Ganjam,Total,30-39,378,208,170,113,49,64,81,51,30,22,10,12,67,48,19,17,7,10,13,7,6,45,24,21,20,12,8
C5120ST,21,388,District-Ganjam,Total,40-49,324,190,134,113,68,45,55,27,28,13,6,7,59,38,21,14,7,7,5,4,1,55,37,18,10,3,7
C5120ST,21,388,District-Ganjam,Total,50-59,314,155,159,105,48,57,63,30,33,7,4,3,63,39,24,12,4,8,5,1,4,41,19,22,18,10,8
C5120ST,21,388,District-Ganjam,Total,60-69,368,185,183,125,63,62,72,29,43,8,6,2,86,57,29,10,4,6,1,0,1,32,17,15,34,9,25
C5120ST,21,388,District-Ganjam,Total,70-79,201,82,119,86,32,54,41,14,27,2,1,1,35,20,15,2,1,1,4,1,3,11,5,6,20,8,12
C5120ST,21,388,District-Ganjam,Total,80-89,60,28,32,27,10,17,6,5,1,0,0,0,9,4,5,0,0,0,0,0,0,6,3,3,12,6,6
C5120ST,21,388,District-Ganjam,Total,90+,23,10,13,6,2,4,2,2,0,0,0,0,7,4,3,0,0,0,0,0,0,2,1,1,6,1,5
C5120ST,21,388,District-Ganjam,Total,Age Not Stated,21,11,10,13,7,6,4,2,2,0,0,0,0,0,0,0,0,0,0,0,0,4,2,2,0,0,0
C5120ST,21,388,District-Ganjam,Rural,Total,3163,1637,1526,1067,512,555,607,301,306,141,77,64,558,347,211,124,51,73,56,32,24,386,207,179,224,110,114
C5120ST,21,388,District-Ganjam,Rural,0-4,199,100,99,100,46,54,35,19,16,2,0,2,11,7,4,10,6,4,1,1,0,32,17,15,8,4,4
C5120ST,21,388,District-Ganjam,Rural,5-9,325,178,147,105,54,51,64,37,27,18,11,7,34,16,18,19,8,11,3,1,2,50,31,19,32,20,12
C5120ST,21,388,District-Ganjam,Rural,10-19,602,308,294,176,80,96,116,50,66,48,31,17,103,58,45,29,13,16,12,10,2,73,39,34,45,27,18
C5120ST,21,388,District-Ganjam,Rural,20-29,446,239,207,137,72,65,81,43,38,22,9,13,105,71,34,15,4,11,13,7,6,48,20,28,25,13,12
C5120ST,21,388,District-Ganjam,Rural,30-39,356,198,158,106,47,59,77,50,27,22,10,12,61,43,18,16,6,10,13,7,6,41,23,18,20,12,8
C5120ST,21,388,District-Ganjam,Rural,40-49,300,171,129,104,62,42,53,25,28,13,6,7,53,32,21,11,5,6,5,4,1,51,34,17,10,3,7
C5120ST,21,388,District-Ganjam,Rural,50-59,291,144,147,94,43,51,59,28,31,7,4,3,60,38,22,12,4,8,4,1,3,38,17,21,17,9,8
C5120ST,21,388,District-Ganjam,Rural,60-69,352,174,178,120,59,61,70,27,43,8,6,2,80,54,26,10,4,6,1,0,1,31,16,15,32,8,24
C5120ST,21,388,District-Ganjam,Rural,70-79,193,77,116,81,30,51,40,13,27,1,0,1,35,20,15,2,1,1,4,1,3,10,4,6,20,8,12
C5120ST,21,388,District-Ganjam,Rural,80-89,59,28,31,26,10,16,6,5,1,0,0,0,9,4,5,0,0,0,0,0,0,6,3,3,12,6,6
C5120ST,21,388,District-Ganjam,Rural,90+,20,9,11,6,2,4,2,2,0,0,0,0,7,4,3,0,0,0,0,0,0,2,1,1,3,0,3
C5120ST,21,388,District-Ganjam,Rural,Age Not Stated,20,11,9,12,7,5,4,2,2,0,0,0,0,0,0,0,0,0,0,0,0,4,2,2,0,0,0
C5120ST,21,388,District-Ganjam,Urban,Total,217,120,97,86,44,42,25,13,12,11,4,7,32,20,12,9,8,1,4,2,2,33,22,11,17,7,10
C5120ST,21,388,District-Ganjam,Urban,0-4,12,6,6,6,4,2,1,0,1,1,1,0,0,0,0,0,0,0,0,0,0,3,1,2,1,0,1
C5120ST,21,388,District-Ganjam,Urban,5-9,31,16,15,12,7,5,3,2,1,3,1,2,3,1,2,2,2,0,0,0,0,1,0,1,7,3,4
C5120ST,21,388,District-Ganjam,Urban,10-19,40,21,19,16,7,9,5,2,3,4,0,4,2,2,0,2,2,0,2,1,1,7,6,1,2,1,1
C5120ST,21,388,District-Ganjam,Urban,20-29,36,20,16,13,7,6,3,1,2,2,1,1,6,2,4,1,1,0,1,1,0,9,7,2,1,0,1
C5120ST,21,388,District-Ganjam,Urban,30-39,22,10,12,7,2,5,4,1,3,0,0,0,6,5,1,1,1,0,0,0,0,4,1,3,0,0,0
C5120ST,21,388,District-Ganjam,Urban,40-49,24,19,5,9,6,3,2,2,0,0,0,0,6,6,0,3,2,1,0,0,0,4,3,1,0,0,0
C5120ST,21,388,District-Ganjam,Urban,50-59,23,11,12,11,5,6,4,2,2,0,0,0,3,1,2,0,0,0,1,0,1,3,2,1,1,1,0
C5120ST,21,388,District-Ganjam,Urban,60-69,16,11,5,5,4,1,2,2,0,0,0,0,6,3,3,0,0,0,0,0,0,1,1,0,2,1,1
C5120ST,21,388,District-Ganjam,Urban,70-79,8,5,3,5,2,3,1,1,0,1,1,0,0,0,0,0,0,0,0,0,0,1,1,0,0,0,0
C5120ST,21,388,District-Ganjam,Urban,80-89,1,0,1,1,0,1,0,0,0,0,0,0,0,0,0,0,0,0,0,0,0,0,0,0,0,0,0
C5120ST,21,388,District-Ganjam,Urban,90+,3,1,2,0,0,0,0,0,0,0,0,0,0,0,0,0,0,0,0,0,0,0,0,0,3,1,2
C5120ST,21,388,District-Ganjam,Urban,Age Not Stated,1,0,1,1,0,1,0,0,0,0,0,0,0,0,0,0,0,0,0,0,0,0,0,0,0,0,0
C5120ST,21,389,District-Gajapati,Total,Total,8958,4534,4424,2392,1133,1259,2092,1089,1003,429,212,217,1756,967,789,436,208,228,164,76,88,963,516,447,726,333,393
C5120ST,21,389,District-Gajapati,Total,0-4,522,277,245,166,87,79,141,87,54,6,1,5,62,34,28,25,14,11,5,2,3,73,29,44,44,23,21
C5120ST,21,389,District-Gajapati,Total,5-9,1009,546,463,268,135,133,269,160,109,81,43,38,106,57,49,67,35,32,8,5,3,134,71,63,76,40,36
C5120ST,21,389,District-Gajapati,Total,10-19,1707,871,836,350,177,173,390,201,189,135,58,77,312,169,143,134,61,73,32,16,16,218,120,98,136,69,67
C5120ST,21,389,District-Gajapati,Total,20-29,1285,658,627,270,125,145,258,136,122,75,36,39,326,182,144,75,37,38,26,17,9,154,80,74,101,45,56
C5120ST,21,389,District-Gajapati,Total,30-39,949,506,443,235,123,112,242,116,126,51,32,19,201,119,82,42,15,27,25,7,18,109,69,40,44,25,19
C5120ST,21,389,District-Gajapati,Total,40-49,993,546,447,246,132,114,260,141,119,36,16,20,224,136,88,40,16,24,36,16,20,112,69,43,39,20,19
C5120ST,21,389,District-Gajapati,Total,50-59,874,442,432,288,140,148,179,91,88,27,16,11,204,105,99,29,18,11,16,7,9,65,35,30,66,30,36
C5120ST,21,389,District-Gajapati,Total,60-69,958,420,538,333,121,212,221,100,121,11,5,6,207,116,91,15,7,8,12,5,7,56,24,32,103,42,61
C5120ST,21,389,District-Gajapati,Total,70-79,443,165,278,171,62,109,82,30,52,4,3,1,80,31,49,5,3,2,2,0,2,24,12,12,75,24,51
C5120ST,21,389,District-Gajapati,Total,80-89,132,58,74,44,18,26,29,17,12,0,0,0,21,10,11,0,0,0,1,1,0,3,2,1,34,10,24
C5120ST,21,389,District-Gajapati,Total,90+,28,17,11,7,5,2,5,3,2,1,1,0,3,1,2,1,1,0,0,0,0,4,1,3,7,5,2
C5120ST,21,389,District-Gajapati,Total,Age Not Stated,58,28,30,14,8,6,16,7,9,2,1,1,10,7,3,3,1,2,1,0,1,11,4,7,1,0,1
C5120ST,21,389,District-Gajapati,Rural,Total,8821,4469,4352,2346,1108,1238,2066,1077,989,426,210,216,1735,957,778,429,208,221,163,76,87,942,506,436,714,327,387
C5120ST,21,389,District-Gajapati,Rural,0-4,518,276,242,165,87,78,140,87,53,6,1,5,61,34,27,25,14,11,5,2,3,73,29,44,43,22,21
C5120ST,21,389,District-Gajapati,Rural,5-9,992,537,455,261,131,130,263,158,105,80,42,38,106,57,49,67,35,32,8,5,3,132,70,62,75,39,36
C5120ST,21,389,District-Gajapati,Rural,10-19,1662,851,811,338,170,168,380,193,187,134,58,76,307,166,141,127,61,66,31,16,15,209,118,91,136,69,67
C5120ST,21,389,District-Gajapati,Rural,20-29,1269,652,617,264,120,144,256,136,120,75,36,39,322,182,140,75,37,38,26,17,9,150,79,71,101,45,56
C5120ST,21,389,District-Gajapati,Rural,30-39,940,499,441,235,123,112,240,116,124,50,31,19,198,116,82,42,15,27,25,7,18,107,67,40,43,24,19
C5120ST,21,389,District-Gajapati,Rural,40-49,985,540,445,242,130,112,259,140,119,36,16,20,224,136,88,40,16,24,36,16,20,109,66,43,39,20,19
C5120ST,21,389,District-Gajapati,Rural,50-59,862,434,428,282,136,146,179,91,88,27,16,11,199,102,97,29,18,11,16,7,9,65,35,30,65,29,36
C5120ST,21,389,District-Gajapati,Rural,60-69,945,416,529,328,120,208,219,99,120,11,5,6,205,116,89,15,7,8,12,5,7,55,23,32,100,41,59
C5120ST,21,389,District-Gajapati,Rural,70-79,434,163,271,167,61,106,81,30,51,4,3,1,80,31,49,5,3,2,2,0,2,24,12,12,71,23,48
C5120ST,21,389,District-Gajapati,Rural,80-89,130,57,73,43,17,26,29,17,12,0,0,0,21,10,11,0,0,0,1,1,0,3,2,1,33,10,23
C5120ST,21,389,District-Gajapati,Rural,90+,28,17,11,7,5,2,5,3,2,1,1,0,3,1,2,1,1,0,0,0,0,4,1,3,7,5,2
C5120ST,21,389,District-Gajapati,Rural,Age Not Stated,56,27,29,14,8,6,15,7,8,2,1,1,9,6,3,3,1,2,1,0,1,11,4,7,1,0,1
C5120ST,21,389,District-Gajapati,Urban,Total,137,65,72,46,25,21,26,12,14,3,2,1,21,10,11,7,0,7,1,0,1,21,10,11,12,6,6
C5120ST,21,389,District-Gajapati,Urban,0-4,4,1,3,1,0,1,1,0,1,0,0,0,1,0,1,0,0,0,0,0,0,0,0,0,1,1,0
C5120ST,21,389,District-Gajapati,Urban,5-9,17,9,8,7,4,3,6,2,4,1,1,0,0,0,0,0,0,0,0,0,0,2,1,1,1,1,0
C5120ST,21,389,District-Gajapati,Urban,10-19,45,20,25,12,7,5,10,8,2,1,0,1,5,3,2,7,0,7,1,0,1,9,2,7,0,0,0
C5120ST,21,389,District-Gajapati,Urban,20-29,16,6,10,6,5,1,2,0,2,0,0,0,4,0,4,0,0,0,0,0,0,4,1,3,0,0,0
C5120ST,21,389,District-Gajapati,Urban,30-39,9,7,2,0,0,0,2,0,2,1,1,0,3,3,0,0,0,0,0,0,0,2,2,0,1,1,0
C5120ST,21,389,District-Gajapati,Urban,40-49,8,6,2,4,2,2,1,1,0,0,0,0,0,0,0,0,0,0,0,0,0,3,3,0,0,0,0
C5120ST,21,389,District-Gajapati,Urban,50-59,12,8,4,6,4,2,0,0,0,0,0,0,5,3,2,0,0,0,0,0,0,0,0,0,1,1,0
C5120ST,21,389,District-Gajapati,Urban,60-69,13,4,9,5,1,4,2,1,1,0,0,0,2,0,2,0,0,0,0,0,0,1,1,0,3,1,2
C5120ST,21,389,District-Gajapati,Urban,70-79,9,2,7,4,1,3,1,0,1,0,0,0,0,0,0,0,0,0,0,0,0,0,0,0,4,1,3
C5120ST,21,389,District-Gajapati,Urban,80-89,2,1,1,1,1,0,0,0,0,0,0,0,0,0,0,0,0,0,0,0,0,0,0,0,1,0,1
C5120ST,21,389,District-Gajapati,Urban,90+,0,0,0,0,0,0,0,0,0,0,0,0,0,0,0,0,0,0,0,0,0,0,0,0,0,0,0
C5120ST,21,389,District-Gajapati,Urban,Age Not Stated,2,1,1,0,0,0,1,0,1,0,0,0,1,1,0,0,0,0,0,0,0,0,0,0,0,0,0
C5120ST,21,390,District-Kandhamal,Total,Total,12380,6257,6123,2715,1297,1418,2692,1379,1313,471,264,207,2633,1405,1228,573,314,259,382,176,206,1348,697,651,1566,725,841
C5120ST,21,390,District-Kandhamal,Total,0-4,510,263,247,87,46,41,142,77,65,14,8,6,79,35,44,26,18,8,3,1,2,111,54,57,48,24,24
C5120ST,21,390,District-Kandhamal,Total,5-9,963,534,429,130,60,70,235,130,105,82,51,31,146,73,73,89,56,33,18,11,7,135,73,62,128,80,48
C5120ST,21,390,District-Kandhamal,Total,10-19,1859,963,896,251,123,128,430,219,211,124,71,53,339,182,157,182,98,84,57,31,26,239,125,114,237,114,123
C5120ST,21,390,District-Kandhamal,Total,20-29,1483,760,723,193,95,98,370,185,185,103,56,47,322,173,149,78,41,37,71,33,38,223,120,103,123,57,66
C5120ST,21,390,District-Kandhamal,Total,30-39,1272,682,590,203,101,102,300,163,137,52,27,25,299,185,114,72,35,37,79,32,47,171,87,84,96,52,44
C5120ST,21,390,District-Kandhamal,Total,40-49,1325,725,600,305,186,119,276,136,140,42,22,20,310,178,132,63,40,23,75,36,39,161,81,80,93,46,47
C5120ST,21,390,District-Kandhamal,Total,50-59,1374,670,704,356,172,184,289,142,147,25,12,13,370,189,181,30,15,15,47,18,29,114,63,51,143,59,84
C5120ST,21,390,District-Kandhamal,Total,60-69,2094,1032,1062,715,334,381,435,227,208,19,12,7,442,232,210,28,10,18,24,12,12,131,65,66,300,140,160
C5120ST,21,390,District-Kandhamal,Total,70-79,1100,467,633,367,138,229,160,76,84,7,4,3,239,114,125,3,1,2,6,1,5,50,22,28,268,111,157
C5120ST,21,390,District-Kandhamal,Total,80-89,310,116,194,87,31,56,44,19,25,1,0,1,71,32,39,1,0,1,1,0,1,8,5,3,97,29,68
C5120ST,21,390,District-Kandhamal,Total,90+,71,37,34,17,8,9,8,5,3,0,0,0,12,10,2,0,0,0,0,0,0,3,1,2,31,13,18
C5120ST,21,390,District-Kandhamal,Total,Age Not Stated,19,8,11,4,3,1,3,0,3,2,1,1,4,2,2,1,0,1,1,1,0,2,1,1,2,0,2
C5120ST,21,390,District-Kandhamal,Rural,Total,12098,6134,5964,2646,1265,1381,2629,1352,1277,462,259,203,2559,1368,1191,566,310,256,374,173,201,1320,686,634,1542,721,821
C5120ST,21,390,District-Kandhamal,Rural,0-4,503,259,244,86,45,41,141,76,65,14,8,6,77,34,43,26,18,8,3,1,2,108,53,55,48,24,24
C5120ST,21,390,District-Kandhamal,Rural,5-9,950,531,419,129,60,69,228,127,101,82,51,31,143,73,70,89,56,33,17,11,6,134,73,61,128,80,48
C5120ST,21,390,District-Kandhamal,Rural,10-19,1802,946,856,242,120,122,413,212,201,123,70,53,322,179,143,180,97,83,57,31,26,234,124,110,231,113,118
C5120ST,21,390,District-Kandhamal,Rural,20-29,1450,743,707,186,89,97,360,182,178,99,54,45,319,171,148,77,41,36,71,33,38,217,116,101,121,57,64
C5120ST,21,390,District-Kandhamal,Rural,30-39,1242,667,575,198,99,99,298,162,136,50,27,23,286,177,109,70,34,36,76,31,45,168,85,83,96,52,44
C5120ST,21,390,District-Kandhamal,Rural,40-49,1294,705,589,298,181,117,268,132,136,42,22,20,302,171,131,61,38,23,73,35,38,157,80,77,93,46,47
C5120ST,21,390,District-Kandhamal,Rural,50-59,1349,657,692,351,169,182,284,139,145,24,11,13,362,183,179,30,15,15,46,18,28,111,63,48,141,59,82
C5120ST,21,390,District-Kandhamal,Rural,60-69,2050,1012,1038,699,328,371,422,222,200,18,11,7,431,225,206,28,10,18,23,11,12,131,65,66,298,140,158
C5120ST,21,390,District-Kandhamal,Rural,70-79,1068,457,611,353,134,219,160,76,84,7,4,3,230,111,119,3,1,2,6,1,5,48,21,27,261,109,152
C5120ST,21,390,District-Kandhamal,Rural,80-89,302,112,190,84,29,55,44,19,25,1,0,1,71,32,39,1,0,1,1,0,1,7,4,3,93,28,65
C5120ST,21,390,District-Kandhamal,Rural,90+,69,37,32,16,8,8,8,5,3,0,0,0,12,10,2,0,0,0,0,0,0,3,1,2,30,13,17
C5120ST,21,390,District-Kandhamal,Rural,Age Not Stated,19,8,11,4,3,1,3,0,3,2,1,1,4,2,2,1,0,1,1,1,0,2,1,1,2,0,2
C5120ST,21,390,District-Kandhamal,Urban,Total,282,123,159,69,32,37,63,27,36,9,5,4,74,37,37,7,4,3,8,3,5,28,11,17,24,4,20
C5120ST,21,390,District-Kandhamal,Urban,0-4,7,4,3,1,1,0,1,1,0,0,0,0,2,1,1,0,0,0,0,0,0,3,1,2,0,0,0
C5120ST,21,390,District-Kandhamal,Urban,5-9,13,3,10,1,0,1,7,3,4,0,0,0,3,0,3,0,0,0,1,0,1,1,0,1,0,0,0
C5120ST,21,390,District-Kandhamal,Urban,10-19,57,17,40,9,3,6,17,7,10,1,1,0,17,3,14,2,1,1,0,0,0,5,1,4,6,1,5
C5120ST,21,390,District-Kandhamal,Urban,20-29,33,17,16,7,6,1,10,3,7,4,2,2,3,2,1,1,0,1,0,0,0,6,4,2,2,0,2
C5120ST,21,390,District-Kandhamal,Urban,30-39,30,15,15,5,2,3,2,1,1,2,0,2,13,8,5,2,1,1,3,1,2,3,2,1,0,0,0
C5120ST,21,390,District-Kandhamal,Urban,40-49,31,20,11,7,5,2,8,4,4,0,0,0,8,7,1,2,2,0,2,1,1,4,1,3,0,0,0
C5120ST,21,390,District-Kandhamal,Urban,50-59,25,13,12,5,3,2,5,3,2,1,1,0,8,6,2,0,0,0,1,0,1,3,0,3,2,0,2
C5120ST,21,390,District-Kandhamal,Urban,60-69,44,20,24,16,6,10,13,5,8,1,1,0,11,7,4,0,0,0,1,1,0,0,0,0,2,0,2
C5120ST,21,390,District-Kandhamal,Urban,70-79,32,10,22,14,4,10,0,0,0,0,0,0,9,3,6,0,0,0,0,0,0,2,1,1,7,2,5
C5120ST,21,390,District-Kandhamal,Urban,80-89,8,4,4,3,2,1,0,0,0,0,0,0,0,0,0,0,0,0,0,0,0,1,1,0,4,1,3
C5120ST,21,390,District-Kandhamal,Urban,90+,2,0,2,1,0,1,0,0,0,0,0,0,0,0,0,0,0,0,0,0,0,0,0,0,1,0,1
C5120ST,21,390,District-Kandhamal,Urban,Age Not Stated,0,0,0,0,0,0,0,0,0,0,0,0,0,0,0,0,0,0,0,0,0,0,0,0,0,0,0
C5120ST,21,391,District-Baudh,Total,Total,1503,763,740,260,137,123,291,139,152,83,46,37,377,207,170,58,32,26,35,11,24,229,114,115,170,77,93
C5120ST,21,391,District-Baudh,Total,0-4,69,30,39,11,5,6,14,8,6,2,2,0,7,2,5,6,2,4,0,0,0,22,9,13,7,2,5
C5120ST,21,391,District-Baudh,Total,5-9,115,59,56,12,6,6,20,9,11,16,8,8,14,10,4,18,8,10,3,2,1,18,7,11,14,9,5
C5120ST,21,391,District-Baudh,Total,10-19,226,127,99,22,13,9,36,18,18,33,20,13,32,20,12,17,10,7,6,2,4,43,21,22,37,23,14
C5120ST,21,391,District-Baudh,Total,20-29,148,85,63,20,10,10,29,16,13,8,4,4,26,20,6,3,3,0,7,3,4,37,20,17,18,9,9
C5120ST,21,391,District-Baudh,Total,30-39,163,92,71,21,13,8,36,21,15,10,4,6,40,25,15,5,5,0,7,3,4,28,16,12,16,5,11
C5120ST,21,391,District-Baudh,Total,40-49,149,78,71,26,13,13,31,14,17,4,4,0,39,24,15,5,4,1,6,1,5,27,14,13,11,4,7
C5120ST,21,391,District-Baudh,Total,50-59,158,82,76,43,25,18,38,20,18,3,0,3,40,22,18,2,0,2,2,0,2,19,10,9,11,5,6
C5120ST,21,391,District-Baudh,Total,60-69,283,140,143,70,40,30,45,22,23,4,3,1,111,50,61,0,0,0,3,0,3,22,13,9,28,12,16
C5120ST,21,391,District-Baudh,Total,70-79,137,53,84,28,11,17,24,7,17,3,1,2,53,26,27,0,0,0,1,0,1,7,1,6,21,7,14
C5120ST,21,391,District-Baudh,Total,80-89,42,11,31,7,1,6,13,2,11,0,0,0,12,6,6,0,0,0,0,0,0,4,1,3,6,1,5
C5120ST,21,391,District-Baudh,Total,90+,10,4,6,0,0,0,5,2,3,0,0,0,1,0,1,1,0,1,0,0,0,2,2,0,1,0,1
C5120ST,21,391,District-Baudh,Total,Age Not Stated,3,2,1,0,0,0,0,0,0,0,0,0,2,2,0,1,0,1,0,0,0,0,0,0,0,0,0
C5120ST,21,391,District-Baudh,Rural,Total,1491,757,734,257,135,122,290,139,151,83,46,37,373,205,168,57,32,25,35,11,24,226,112,114,170,77,93
C5120ST,21,391,District-Baudh,Rural,0-4,69,30,39,11,5,6,14,8,6,2,2,0,7,2,5,6,2,4,0,0,0,22,9,13,7,2,5
C5120ST,21,391,District-Baudh,Rural,5-9,114,59,55,11,6,5,20,9,11,16,8,8,14,10,4,18,8,10,3,2,1,18,7,11,14,9,5
C5120ST,21,391,District-Baudh,Rural,10-19,223,125,98,21,12,9,36,18,18,33,20,13,31,19,12,16,10,6,6,2,4,43,21,22,37,23,14
C5120ST,21,391,District-Baudh,Rural,20-29,148,85,63,20,10,10,29,16,13,8,4,4,26,20,6,3,3,0,7,3,4,37,20,17,18,9,9
C5120ST,21,391,District-Baudh,Rural,30-39,160,90,70,21,13,8,36,21,15,10,4,6,39,25,14,5,5,0,7,3,4,26,14,12,16,5,11
C5120ST,21,391,District-Baudh,Rural,40-49,147,77,70,25,12,13,31,14,17,4,4,0,38,24,14,5,4,1,6,1,5,27,14,13,11,4,7
C5120ST,21,391,District-Baudh,Rural,50-59,158,82,76,43,25,18,38,20,18,3,0,3,40,22,18,2,0,2,2,0,2,19,10,9,11,5,6
C5120ST,21,391,District-Baudh,Rural,60-69,282,139,143,70,40,30,45,22,23,4,3,1,110,49,61,0,0,0,3,0,3,22,13,9,28,12,16
C5120ST,21,391,District-Baudh,Rural,70-79,136,53,83,28,11,17,24,7,17,3,1,2,53,26,27,0,0,0,1,0,1,6,1,5,21,7,14
C5120ST,21,391,District-Baudh,Rural,80-89,41,11,30,7,1,6,12,2,10,0,0,0,12,6,6,0,0,0,0,0,0,4,1,3,6,1,5
C5120ST,21,391,District-Baudh,Rural,90+,10,4,6,0,0,0,5,2,3,0,0,0,1,0,1,1,0,1,0,0,0,2,2,0,1,0,1
C5120ST,21,391,District-Baudh,Rural,Age Not Stated,3,2,1,0,0,0,0,0,0,0,0,0,2,2,0,1,0,1,0,0,0,0,0,0,0,0,0
C5120ST,21,391,District-Baudh,Urban,Total,12,6,6,3,2,1,1,0,1,0,0,0,4,2,2,1,0,1,0,0,0,3,2,1,0,0,0
C5120ST,21,391,District-Baudh,Urban,0-4,0,0,0,0,0,0,0,0,0,0,0,0,0,0,0,0,0,0,0,0,0,0,0,0,0,0,0
C5120ST,21,391,District-Baudh,Urban,5-9,1,0,1,1,0,1,0,0,0,0,0,0,0,0,0,0,0,0,0,0,0,0,0,0,0,0,0
C5120ST,21,391,District-Baudh,Urban,10-19,3,2,1,1,1,0,0,0,0,0,0,0,1,1,0,1,0,1,0,0,0,0,0,0,0,0,0
C5120ST,21,391,District-Baudh,Urban,20-29,0,0,0,0,0,0,0,0,0,0,0,0,0,0,0,0,0,0,0,0,0,0,0,0,0,0,0
C5120ST,21,391,District-Baudh,Urban,30-39,3,2,1,0,0,0,0,0,0,0,0,0,1,0,1,0,0,0,0,0,0,2,2,0,0,0,0
C5120ST,21,391,District-Baudh,Urban,40-49,2,1,1,1,1,0,0,0,0,0,0,0,1,0,1,0,0,0,0,0,0,0,0,0,0,0,0
C5120ST,21,391,District-Baudh,Urban,50-59,0,0,0,0,0,0,0,0,0,0,0,0,0,0,0,0,0,0,0,0,0,0,0,0,0,0,0
C5120ST,21,391,District-Baudh,Urban,60-69,1,1,0,0,0,0,0,0,0,0,0,0,1,1,0,0,0,0,0,0,0,0,0,0,0,0,0
C5120ST,21,391,District-Baudh,Urban,70-79,1,0,1,0,0,0,0,0,0,0,0,0,0,0,0,0,0,0,0,0,0,1,0,1,0,0,0
C5120ST,21,391,District-Baudh,Urban,80-89,1,0,1,0,0,0,1,0,1,0,0,0,0,0,0,0,0,0,0,0,0,0,0,0,0,0,0
C5120ST,21,391,District-Baudh,Urban,90+,0,0,0,0,0,0,0,0,0,0,0,0,0,0,0,0,0,0,0,0,0,0,0,0,0,0,0
C5120ST,21,391,District-Baudh,Urban,Age Not Stated,0,0,0,0,0,0,0,0,0,0,0,0,0,0,0,0,0,0,0,0,0,0,0,0,0,0,0
C5120ST,21,392,District-Subarnapur,Total,Total,1469,774,695,300,151,149,249,123,126,67,34,33,398,225,173,72,42,30,61,27,34,183,93,90,139,79,60
C5120ST,21,392,District-Subarnapur,Total,0-4,49,24,25,18,8,10,4,1,3,1,0,1,8,5,3,4,4,0,0,0,0,6,2,4,8,4,4
C5120ST,21,392,District-Subarnapur,Total,5-9,104,56,48,28,17,11,15,9,6,9,5,4,14,8,6,10,5,5,0,0,0,20,6,14,8,6,2
C5120ST,21,392,District-Subarnapur,Total,10-19,234,125,109,38,21,17,37,19,18,14,6,8,41,20,21,22,13,9,8,5,3,39,18,21,35,23,12
C5120ST,21,392,District-Subarnapur,Total,20-29,233,124,109,31,12,19,32,16,16,12,7,5,87,51,36,12,6,6,12,6,6,27,17,10,20,9,11
C5120ST,21,392,District-Subarnapur,Total,30-39,180,102,78,32,15,17,35,16,19,13,9,4,46,30,16,13,7,6,6,3,3,27,15,12,8,7,1
C5120ST,21,392,District-Subarnapur,Total,40-49,144,82,62,24,18,6,24,10,14,7,3,4,41,27,14,8,5,3,16,7,9,13,7,6,11,5,6
C5120ST,21,392,District-Subarnapur,Total,50-59,121,71,50,23,15,8,32,17,15,1,0,1,33,23,10,1,0,1,11,3,8,14,11,3,6,2,4
C5120ST,21,392,District-Subarnapur,Total,60-69,209,102,107,59,29,30,37,18,19,6,2,4,62,33,29,0,0,0,6,1,5,21,10,11,18,9,9
C5120ST,21,392,District-Subarnapur,Total,70-79,129,52,77,29,6,23,24,11,13,2,1,1,45,18,27,1,1,0,1,1,0,11,5,6,16,9,7
C5120ST,21,392,District-Subarnapur,Total,80-89,47,28,19,13,8,5,6,5,1,2,1,1,17,8,9,1,1,0,1,1,0,2,1,1,5,3,2
C5120ST,21,392,District-Subarnapur,Total,90+,11,5,6,2,0,2,3,1,2,0,0,0,2,2,0,0,0,0,0,0,0,0,0,0,4,2,2
C5120ST,21,392,District-Subarnapur,Total,Age Not Stated,8,3,5,3,2,1,0,0,0,0,0,0,2,0,2,0,0,0,0,0,0,3,1,2,0,0,0
C5120ST,21,392,District-Subarnapur,Rural,Total,1434,755,679,298,151,147,242,120,122,65,33,32,389,219,170,70,42,28,59,25,34,177,89,88,134,76,58
C5120ST,21,392,District-Subarnapur,Rural,0-4,49,24,25,18,8,10,4,1,3,1,0,1,8,5,3,4,4,0,0,0,0,6,2,4,8,4,4
C5120ST,21,392,District-Subarnapur,Rural,5-9,99,55,44,26,17,9,15,9,6,9,5,4,14,8,6,9,5,4,0,0,0,18,5,13,8,6,2
C5120ST,21,392,District-Subarnapur,Rural,10-19,226,120,106,38,21,17,36,18,18,13,6,7,38,18,20,22,13,9,7,4,3,38,18,20,34,22,12
C5120ST,21,392,District-Subarnapur,Rural,20-29,229,121,108,31,12,19,31,15,16,11,6,5,86,50,36,11,6,5,12,6,6,27,17,10,20,9,11
C5120ST,21,392,District-Subarnapur,Rural,30-39,176,100,76,32,15,17,33,16,17,13,9,4,45,29,16,13,7,6,5,2,3,27,15,12,8,7,1
C5120ST,21,392,District-Subarnapur,Rural,40-49,141,79,62,24,18,6,24,10,14,7,3,4,40,26,14,8,5,3,16,7,9,11,5,6,11,5,6
C5120ST,21,392,District-Subarnapur,Rural,50-59,118,70,48,23,15,8,31,17,14,1,0,1,32,23,9,1,0,1,11,3,8,13,10,3,6,2,4
C5120ST,21,392,District-Subarnapur,Rural,60-69,204,100,104,59,29,30,36,18,18,6,2,4,60,32,28,0,0,0,6,1,5,21,10,11,16,8,8
C5120ST,21,392,District-Subarnapur,Rural,70-79,126,50,76,29,6,23,23,10,13,2,1,1,45,18,27,1,1,0,1,1,0,11,5,6,14,8,6
C5120ST,21,392,District-Subarnapur,Rural,80-89,47,28,19,13,8,5,6,5,1,2,1,1,17,8,9,1,1,0,1,1,0,2,1,1,5,3,2
C5120ST,21,392,District-Subarnapur,Rural,90+,11,5,6,2,0,2,3,1,2,0,0,0,2,2,0,0,0,0,0,0,0,0,0,0,4,2,2
C5120ST,21,392,District-Subarnapur,Rural,Age Not Stated,8,3,5,3,2,1,0,0,0,0,0,0,2,0,2,0,0,0,0,0,0,3,1,2,0,0,0
C5120ST,21,392,District-Subarnapur,Urban,Total,35,19,16,2,0,2,7,3,4,2,1,1,9,6,3,2,0,2,2,2,0,6,4,2,5,3,2
C5120ST,21,392,District-Subarnapur,Urban,0-4,0,0,0,0,0,0,0,0,0,0,0,0,0,0,0,0,0,0,0,0,0,0,0,0,0,0,0
C5120ST,21,392,District-Subarnapur,Urban,5-9,5,1,4,2,0,2,0,0,0,0,0,0,0,0,0,1,0,1,0,0,0,2,1,1,0,0,0
C5120ST,21,392,District-Subarnapur,Urban,10-19,8,5,3,0,0,0,1,1,0,1,0,1,3,2,1,0,0,0,1,1,0,1,0,1,1,1,0
C5120ST,21,392,District-Subarnapur,Urban,20-29,4,3,1,0,0,0,1,1,0,1,1,0,1,1,0,1,0,1,0,0,0,0,0,0,0,0,0
C5120ST,21,392,District-Subarnapur,Urban,30-39,4,2,2,0,0,0,2,0,2,0,0,0,1,1,0,0,0,0,1,1,0,0,0,0,0,0,0
C5120ST,21,392,District-Subarnapur,Urban,40-49,3,3,0,0,0,0,0,0,0,0,0,0,1,1,0,0,0,0,0,0,0,2,2,0,0,0,0
C5120ST,21,392,District-Subarnapur,Urban,50-59,3,1,2,0,0,0,1,0,1,0,0,0,1,0,1,0,0,0,0,0,0,1,1,0,0,0,0
C5120ST,21,392,District-Subarnapur,Urban,60-69,5,2,3,0,0,0,1,0,1,0,0,0,2,1,1,0,0,0,0,0,0,0,0,0,2,1,1
C5120ST,21,392,District-Subarnapur,Urban,70-79,3,2,1,0,0,0,1,1,0,0,0,0,0,0,0,0,0,0,0,0,0,0,0,0,2,1,1
C5120ST,21,392,District-Subarnapur,Urban,80-89,0,0,0,0,0,0,0,0,0,0,0,0,0,0,0,0,0,0,0,0,0,0,0,0,0,0,0
C5120ST,21,392,District-Subarnapur,Urban,90+,0,0,0,0,0,0,0,0,0,0,0,0,0,0,0,0,0,0,0,0,0,0,0,0,0,0,0
C5120ST,21,392,District-Subarnapur,Urban,Age Not Stated,0,0,0,0,0,0,0,0,0,0,0,0,0,0,0,0,0,0,0,0,0,0,0,0,0,0,0
C5120ST,21,393,District-Balangir,Total,Total,11266,5815,5451,2980,1577,1403,2175,1098,1077,525,294,231,2345,1235,1110,547,276,271,320,145,175,1347,691,656,1027,499,528
C5120ST,21,393,District-Balangir,Total,0-4,583,311,272,184,104,80,113,58,55,15,6,9,62,33,29,32,17,15,8,4,4,122,61,61,47,28,19
C5120ST,21,393,District-Balangir,Total,5-9,842,468,374,224,113,111,162,87,75,83,54,29,87,50,37,70,37,33,11,7,4,122,67,55,83,53,30
C5120ST,21,393,District-Balangir,Total,10-19,1813,967,846,485,262,223,367,192,175,133,69,64,265,142,123,136,77,59,33,15,18,226,117,109,168,93,75
C5120ST,21,393,District-Balangir,Total,20-29,1418,762,656,365,223,142,245,122,123,71,41,30,297,164,133,95,44,51,55,25,30,183,93,90,107,50,57
C5120ST,21,393,District-Balangir,Total,30-39,1168,610,558,270,150,120,232,107,125,61,36,25,217,110,107,73,34,39,57,30,27,177,96,81,81,47,34
C5120ST,21,393,District-Balangir,Total,40-49,1223,688,535,289,179,110,259,142,117,64,37,27,268,166,102,60,30,30,71,33,38,155,75,80,57,26,31
C5120ST,21,393,District-Balangir,Total,50-59,1055,547,508,290,144,146,224,121,103,36,17,19,259,138,121,31,12,19,39,19,20,117,61,56,59,35,24
C5120ST,21,393,District-Balangir,Total,60-69,1580,782,798,421,205,216,279,134,145,45,27,18,428,238,190,35,21,14,38,10,28,157,81,76,177,66,111
C5120ST,21,393,District-Balangir,Total,70-79,1051,459,592,303,131,172,202,89,113,12,6,6,314,137,177,10,2,8,6,2,4,60,30,30,144,62,82
C5120ST,21,393,District-Balangir,Total,80-89,387,164,223,115,51,64,65,33,32,3,0,3,115,47,68,4,1,3,2,0,2,13,5,8,70,27,43
C5120ST,21,393,District-Balangir,Total,90+,107,40,67,27,10,17,18,9,9,1,1,0,27,8,19,1,1,0,0,0,0,6,2,4,27,9,18
C5120ST,21,393,District-Balangir,Total,Age Not Stated,39,17,22,7,5,2,9,4,5,1,0,1,6,2,4,0,0,0,0,0,0,9,3,6,7,3,4
C5120ST,21,393,District-Balangir,Rural,Total,10871,5615,5256,2888,1530,1358,2079,1055,1024,506,283,223,2260,1186,1074,528,267,261,311,141,170,1303,670,633,996,483,513
C5120ST,21,393,District-Balangir,Rural,0-4,562,303,259,179,104,75,103,52,51,15,6,9,61,33,28,31,16,15,8,4,4,119,60,59,46,28,18
C5120ST,21,393,District-Balangir,Rural,5-9,819,457,362,219,110,109,156,84,72,80,52,28,85,50,35,66,35,31,11,7,4,120,66,54,82,53,29
C5120ST,21,393,District-Balangir,Rural,10-19,1739,931,808,469,251,218,351,188,163,126,66,60,254,136,118,130,74,56,31,14,17,216,113,103,162,89,73
C5120ST,21,393,District-Balangir,Rural,20-29,1359,724,635,356,217,139,230,114,116,67,39,28,286,156,130,91,42,49,53,23,30,174,87,87,102,46,56
C5120ST,21,393,District-Balangir,Rural,30-39,1120,593,527,261,146,115,218,103,115,61,36,25,211,108,103,72,34,38,54,29,25,165,91,74,78,46,32
C5120ST,21,393,District-Balangir,Rural,40-49,1172,660,512,273,170,103,246,136,110,63,37,26,256,157,99,59,29,30,70,33,37,152,74,78,53,24,29
C5120ST,21,393,District-Balangir,Rural,50-59,1013,526,487,279,139,140,216,117,99,34,15,19,244,129,115,30,12,18,38,19,19,115,60,55,57,35,22
C5120ST,21,393,District-Balangir,Rural,60-69,1538,757,781,410,199,211,274,131,143,43,25,18,409,227,182,34,21,13,38,10,28,156,80,76,174,64,110
C5120ST,21,393,District-Balangir,Rural,70-79,1030,450,580,297,130,167,198,87,111,12,6,6,309,134,175,10,2,8,6,2,4,58,29,29,140,60,80
C5120ST,21,393,District-Balangir,Rural,80-89,377,158,219,113,49,64,62,31,31,3,0,3,112,46,66,4,1,3,2,0,2,13,5,8,68,26,42
C5120ST,21,393,District-Balangir,Rural,90+,103,39,64,25,10,15,16,8,8,1,1,0,27,8,19,1,1,0,0,0,0,6,2,4,27,9,18
C5120ST,21,393,District-Balangir,Rural,Age Not Stated,39,17,22,7,5,2,9,4,5,1,0,1,6,2,4,0,0,0,0,0,0,9,3,6,7,3,4
C5120ST,21,393,District-Balangir,Urban,Total,395,200,195,92,47,45,96,43,53,19,11,8,85,49,36,19,9,10,9,4,5,44,21,23,31,16,15
C5120ST,21,393,District-Balangir,Urban,0-4,21,8,13,5,0,5,10,6,4,0,0,0,1,0,1,1,1,0,0,0,0,3,1,2,1,0,1
C5120ST,21,393,District-Balangir,Urban,5-9,23,11,12,5,3,2,6,3,3,3,2,1,2,0,2,4,2,2,0,0,0,2,1,1,1,0,1
C5120ST,21,393,District-Balangir,Urban,10-19,74,36,38,16,11,5,16,4,12,7,3,4,11,6,5,6,3,3,2,1,1,10,4,6,6,4,2
C5120ST,21,393,District-Balangir,Urban,20-29,59,38,21,9,6,3,15,8,7,4,2,2,11,8,3,4,2,2,2,2,0,9,6,3,5,4,1
C5120ST,21,393,District-Balangir,Urban,30-39,48,17,31,9,4,5,14,4,10,0,0,0,6,2,4,1,0,1,3,1,2,12,5,7,3,1,2
C5120ST,21,393,District-Balangir,Urban,40-49,51,28,23,16,9,7,13,6,7,1,0,1,12,9,3,1,1,0,1,0,1,3,1,2,4,2,2
C5120ST,21,393,District-Balangir,Urban,50-59,42,21,21,11,5,6,8,4,4,2,2,0,15,9,6,1,0,1,1,0,1,2,1,1,2,0,2
C5120ST,21,393,District-Balangir,Urban,60-69,42,25,17,11,6,5,5,3,2,2,2,0,19,11,8,1,0,1,0,0,0,1,1,0,3,2,1
C5120ST,21,393,District-Balangir,Urban,70-79,21,9,12,6,1,5,4,2,2,0,0,0,5,3,2,0,0,0,0,0,0,2,1,1,4,2,2
C5120ST,21,393,District-Balangir,Urban,80-89,10,6,4,2,2,0,3,2,1,0,0,0,3,1,2,0,0,0,0,0,0,0,0,0,2,1,1
C5120ST,21,393,District-Balangir,Urban,90+,4,1,3,2,0,2,2,1,1,0,0,0,0,0,0,0,0,0,0,0,0,0,0,0,0,0,0
C5120ST,21,393,District-Balangir,Urban,Age Not Stated,0,0,0,0,0,0,0,0,0,0,0,0,0,0,0,0,0,0,0,0,0,0,0,0,0,0,0
C5120ST,21,394,District-Nuapada,Total,Total,6394,3128,3266,1600,757,843,1094,512,582,289,153,136,1423,734,689,254,122,132,174,78,96,916,483,433,644,289,355
C5120ST,21,394,District-Nuapada,Total,0-4,300,142,158,89,39,50,61,31,30,3,2,1,44,24,20,16,9,7,2,0,2,61,25,36,24,12,12
C5120ST,21,394,District-Nuapada,Total,5-9,506,265,241,144,73,71,71,36,35,49,23,26,53,35,18,22,9,13,10,5,5,99,50,49,58,34,24
C5120ST,21,394,District-Nuapada,Total,10-19,1022,535,487,214,110,104,181,86,95,87,52,35,170,92,78,64,36,28,27,12,15,170,90,80,109,57,52
C5120ST,21,394,District-Nuapada,Total,20-29,723,391,332,142,78,64,123,72,51,44,21,23,172,91,81,41,20,21,28,13,15,127,74,53,46,22,24
C5120ST,21,394,District-Nuapada,Total,30-39,651,341,310,141,72,69,92,47,45,31,19,12,140,84,56,46,17,29,23,10,13,122,64,58,56,28,28
C5120ST,21,394,District-Nuapada,Total,40-49,636,351,285,129,67,62,122,65,57,27,16,11,177,112,65,23,14,9,28,15,13,91,47,44,39,15,24
C5120ST,21,394,District-Nuapada,Total,50-59,676,318,358,169,82,87,122,42,80,26,13,13,179,87,92,22,8,14,31,12,19,88,52,36,39,22,17
C5120ST,21,394,District-Nuapada,Total,60-69,979,446,533,330,147,183,180,78,102,18,5,13,224,106,118,14,5,9,15,5,10,98,57,41,100,43,57
C5120ST,21,394,District-Nuapada,Total,70-79,599,230,369,167,63,104,106,41,65,3,2,1,169,68,101,4,3,1,6,3,3,39,16,23,105,34,71
C5120ST,21,394,District-Nuapada,Total,80-89,226,76,150,56,14,42,30,11,19,0,0,0,71,27,44,2,1,1,3,2,1,14,4,10,50,17,33
C5120ST,21,394,District-Nuapada,Total,90+,63,27,36,17,10,7,4,2,2,0,0,0,21,8,13,0,0,0,1,1,0,3,1,2,17,5,12
C5120ST,21,394,District-Nuapada,Total,Age Not Stated,13,6,7,2,2,0,2,1,1,1,0,1,3,0,3,0,0,0,0,0,0,4,3,1,1,0,1
C5120ST,21,394,District-Nuapada,Rural,Total,6327,3090,3237,1582,748,834,1082,504,578,285,152,133,1412,727,685,249,118,131,170,76,94,904,476,428,643,289,354
C5120ST,21,394,District-Nuapada,Rural,0-4,299,142,157,88,39,49,61,31,30,3,2,1,44,24,20,16,9,7,2,0,2,61,25,36,24,12,12
C5120ST,21,394,District-Nuapada,Rural,5-9,501,262,239,142,72,70,70,35,35,49,23,26,53,35,18,21,9,12,10,5,5,98,49,49,58,34,24
C5120ST,21,394,District-Nuapada,Rural,10-19,1011,529,482,214,110,104,179,85,94,87,52,35,168,92,76,62,34,28,24,11,13,168,88,80,109,57,52
C5120ST,21,394,District-Nuapada,Rural,20-29,715,384,331,141,77,64,122,71,51,44,21,23,172,91,81,40,19,21,27,12,15,123,71,52,46,22,24
C5120ST,21,394,District-Nuapada,Rural,30-39,647,338,309,140,71,69,91,46,45,31,19,12,139,84,55,46,17,29,23,10,13,121,63,58,56,28,28
C5120ST,21,394,District-Nuapada,Rural,40-49,625,343,282,128,66,62,120,64,56,25,15,10,173,108,65,22,13,9,28,15,13,90,47,43,39,15,24
C5120ST,21,394,District-Nuapada,Rural,50-59,666,313,353,164,80,84,120,40,80,26,13,13,177,86,91,22,8,14,31,12,19,87,52,35,39,22,17
C5120ST,21,394,District-Nuapada,Rural,60-69,967,442,525,326,145,181,178,77,101,16,5,11,223,105,118,14,5,9,15,5,10,96,57,39,99,43,56
C5120ST,21,394,District-Nuapada,Rural,70-79,594,228,366,164,62,102,105,41,64,3,2,1,168,67,101,4,3,1,6,3,3,39,16,23,105,34,71
C5120ST,21,394,District-Nuapada,Rural,80-89,226,76,150,56,14,42,30,11,19,0,0,0,71,27,44,2,1,1,3,2,1,14,4,10,50,17,33
C5120ST,21,394,District-Nuapada,Rural,90+,63,27,36,17,10,7,4,2,2,0,0,0,21,8,13,0,0,0,1,1,0,3,1,2,17,5,12
C5120ST,21,394,District-Nuapada,Rural,Age Not Stated,13,6,7,2,2,0,2,1,1,1,0,1,3,0,3,0,0,0,0,0,0,4,3,1,1,0,1
C5120ST,21,394,District-Nuapada,Urban,Total,67,38,29,18,9,9,12,8,4,4,1,3,11,7,4,5,4,1,4,2,2,12,7,5,1,0,1
C5120ST,21,394,District-Nuapada,Urban,0-4,1,0,1,1,0,1,0,0,0,0,0,0,0,0,0,0,0,0,0,0,0,0,0,0,0,0,0
C5120ST,21,394,District-Nuapada,Urban,5-9,5,3,2,2,1,1,1,1,0,0,0,0,0,0,0,1,0,1,0,0,0,1,1,0,0,0,0
C5120ST,21,394,District-Nuapada,Urban,10-19,11,6,5,0,0,0,2,1,1,0,0,0,2,0,2,2,2,0,3,1,2,2,2,0,0,0,0
C5120ST,21,394,District-Nuapada,Urban,20-29,8,7,1,1,1,0,1,1,0,0,0,0,0,0,0,1,1,0,1,1,0,4,3,1,0,0,0
C5120ST,21,394,District-Nuapada,Urban,30-39,4,3,1,1,1,0,1,1,0,0,0,0,1,0,1,0,0,0,0,0,0,1,1,0,0,0,0
C5120ST,21,394,District-Nuapada,Urban,40-49,11,8,3,1,1,0,2,1,1,2,1,1,4,4,0,1,1,0,0,0,0,1,0,1,0,0,0
C5120ST,21,394,District-Nuapada,Urban,50-59,10,5,5,5,2,3,2,2,0,0,0,0,2,1,1,0,0,0,0,0,0,1,0,1,0,0,0
C5120ST,21,394,District-Nuapada,Urban,60-69,12,4,8,4,2,2,2,1,1,2,0,2,1,1,0,0,0,0,0,0,0,2,0,2,1,0,1
C5120ST,21,394,District-Nuapada,Urban,70-79,5,2,3,3,1,2,1,0,1,0,0,0,1,1,0,0,0,0,0,0,0,0,0,0,0,0,0
C5120ST,21,394,District-Nuapada,Urban,80-89,0,0,0,0,0,0,0,0,0,0,0,0,0,0,0,0,0,0,0,0,0,0,0,0,0,0,0
C5120ST,21,394,District-Nuapada,Urban,90+,0,0,0,0,0,0,0,0,0,0,0,0,0,0,0,0,0,0,0,0,0,0,0,0,0,0,0
C5120ST,21,394,District-Nuapada,Urban,Age Not Stated,0,0,0,0,0,0,0,0,0,0,0,0,0,0,0,0,0,0,0,0,0,0,0,0,0,0,0
C5120ST,21,395,District-Kalahandi,Total,Total,12052,6256,5796,2754,1408,1346,2636,1389,1247,512,282,230,2138,1092,1046,613,306,307,312,163,149,2124,1148,976,963,468,495
C5120ST,21,395,District-Kalahandi,Total,0-4,672,362,310,164,95,69,131,70,61,12,7,5,74,35,39,25,10,15,7,5,2,207,106,101,52,34,18
C5120ST,21,395,District-Kalahandi,Total,5-9,1083,549,534,254,126,128,236,105,131,74,40,34,117,63,54,84,42,42,9,6,3,197,112,85,112,55,57
C5120ST,21,395,District-Kalahandi,Total,10-19,2254,1258,996,464,249,215,601,384,217,111,56,55,260,123,137,161,99,62,25,14,11,420,220,200,212,113,99
C5120ST,21,395,District-Kalahandi,Total,20-29,1420,759,661,262,146,116,289,137,152,87,44,43,237,142,95,98,45,53,56,32,24,288,161,127,103,52,51
C5120ST,21,395,District-Kalahandi,Total,30-39,1426,776,650,275,146,129,320,174,146,79,49,30,238,139,99,77,37,40,81,42,39,269,145,124,87,44,43
C5120ST,21,395,District-Kalahandi,Total,40-49,1342,739,603,278,158,120,291,148,143,47,31,16,268,145,123,74,40,34,65,40,25,264,149,115,55,28,27
C5120ST,21,395,District-Kalahandi,Total,50-59,1121,589,532,227,118,109,253,133,120,39,23,16,276,142,134,43,17,26,36,15,21,187,108,79,60,33,27
C5120ST,21,395,District-Kalahandi,Total,60-69,1483,709,774,448,209,239,307,151,156,39,20,19,350,174,176,41,13,28,27,7,20,173,92,81,98,43,55
C5120ST,21,395,District-Kalahandi,Total,70-79,823,325,498,267,104,163,133,57,76,18,10,8,204,80,124,5,2,3,5,2,3,67,29,38,124,41,83
C5120ST,21,395,District-Kalahandi,Total,80-89,288,113,175,75,31,44,45,13,32,4,1,3,88,38,50,1,1,0,1,0,1,23,9,14,51,20,31
C5120ST,21,395,District-Kalahandi,Total,90+,75,40,35,23,12,11,18,12,6,1,1,0,19,9,10,2,0,2,0,0,0,5,2,3,7,4,3
C5120ST,21,395,District-Kalahandi,Total,Age Not Stated,65,37,28,17,14,3,12,5,7,1,0,1,7,2,5,2,0,2,0,0,0,24,15,9,2,1,1
C5120ST,21,395,District-Kalahandi,Rural,Total,11865,6146,5719,2710,1378,1332,2585,1366,1219,507,280,227,2115,1076,1039,605,302,303,311,163,148,2084,1123,961,948,458,490
C5120ST,21,395,District-Kalahandi,Rural,0-4,666,357,309,164,95,69,128,67,61,12,7,5,74,35,39,25,10,15,7,5,2,204,104,100,52,34,18
C5120ST,21,395,District-Kalahandi,Rural,5-9,1065,539,526,248,123,125,232,104,128,74,40,34,116,62,54,80,40,40,9,6,3,196,111,85,110,53,57
C5120ST,21,395,District-Kalahandi,Rural,10-19,2205,1230,975,448,238,210,585,378,207,110,56,54,259,122,137,161,99,62,25,14,11,413,216,197,204,107,97
C5120ST,21,395,District-Kalahandi,Rural,20-29,1398,744,654,257,143,114,284,134,150,86,43,43,232,139,93,98,45,53,56,32,24,283,157,126,102,51,51
C5120ST,21,395,District-Kalahandi,Rural,30-39,1394,760,634,269,142,127,310,168,142,78,49,29,234,138,96,73,35,38,81,42,39,264,143,121,85,43,42
C5120ST,21,395,District-Kalahandi,Rural,40-49,1316,725,591,273,155,118,286,146,140,45,30,15,264,142,122,74,40,34,64,40,24,255,144,111,55,28,27
C5120ST,21,395,District-Kalahandi,Rural,50-59,1108,580,528,227,118,109,249,132,117,39,23,16,270,136,134,43,17,26,36,15,21,184,106,78,60,33,27
C5120ST,21,395,District-Kalahandi,Rural,60-69,1470,701,769,444,205,239,304,150,154,39,20,19,348,173,175,41,13,28,27,7,20,170,90,80,97,43,54
C5120ST,21,395,District-Kalahandi,Rural,70-79,820,322,498,266,103,163,133,57,76,18,10,8,204,80,124,5,2,3,5,2,3,65,27,38,124,41,83
C5120ST,21,395,District-Kalahandi,Rural,80-89,284,112,172,74,30,44,44,13,31,4,1,3,88,38,50,1,1,0,1,0,1,22,9,13,50,20,30
C5120ST,21,395,District-Kalahandi,Rural,90+,75,40,35,23,12,11,18,12,6,1,1,0,19,9,10,2,0,2,0,0,0,5,2,3,7,4,3
C5120ST,21,395,District-Kalahandi,Rural,Age Not Stated,64,36,28,17,14,3,12,5,7,1,0,1,7,2,5,2,0,2,0,0,0,23,14,9,2,1,1
C5120ST,21,395,District-Kalahandi,Urban,Total,187,110,77,44,30,14,51,23,28,5,2,3,23,16,7,8,4,4,1,0,1,40,25,15,15,10,5
C5120ST,21,395,District-Kalahandi,Urban,0-4,6,5,1,0,0,0,3,3,0,0,0,0,0,0,0,0,0,0,0,0,0,3,2,1,0,0,0
C5120ST,21,395,District-Kalahandi,Urban,5-9,18,10,8,6,3,3,4,1,3,0,0,0,1,1,0,4,2,2,0,0,0,1,1,0,2,2,0
C5120ST,21,395,District-Kalahandi,Urban,10-19,49,28,21,16,11,5,16,6,10,1,0,1,1,1,0,0,0,0,0,0,0,7,4,3,8,6,2
C5120ST,21,395,District-Kalahandi,Urban,20-29,22,15,7,5,3,2,5,3,2,1,1,0,5,3,2,0,0,0,0,0,0,5,4,1,1,1,0
C5120ST,21,395,District-Kalahandi,Urban,30-39,32,16,16,6,4,2,10,6,4,1,0,1,4,1,3,4,2,2,0,0,0,5,2,3,2,1,1
C5120ST,21,395,District-Kalahandi,Urban,40-49,26,14,12,5,3,2,5,2,3,2,1,1,4,3,1,0,0,0,1,0,1,9,5,4,0,0,0
C5120ST,21,395,District-Kalahandi,Urban,50-59,13,9,4,0,0,0,4,1,3,0,0,0,6,6,0,0,0,0,0,0,0,3,2,1,0,0,0
C5120ST,21,395,District-Kalahandi,Urban,60-69,13,8,5,4,4,0,3,1,2,0,0,0,2,1,1,0,0,0,0,0,0,3,2,1,1,0,1
C5120ST,21,395,District-Kalahandi,Urban,70-79,3,3,0,1,1,0,0,0,0,0,0,0,0,0,0,0,0,0,0,0,0,2,2,0,0,0,0
C5120ST,21,395,District-Kalahandi,Urban,80-89,4,1,3,1,1,0,1,0,1,0,0,0,0,0,0,0,0,0,0,0,0,1,0,1,1,0,1
C5120ST,21,395,District-Kalahandi,Urban,90+,0,0,0,0,0,0,0,0,0,0,0,0,0,0,0,0,0,0,0,0,0,0,0,0,0,0,0
C5120ST,21,395,District-Kalahandi,Urban,Age Not Stated,1,1,0,0,0,0,0,0,0,0,0,0,0,0,0,0,0,0,0,0,0,1,1,0,0,0,0
C5120ST,21,396,District-Rayagada  ,Total,Total,15501,7316,8185,4539,1932,2607,4335,2132,2203,416,210,206,1902,1017,885,495,250,245,224,113,111,1726,856,870,1864,806,1058
C5120ST,21,396,District-Rayagada  ,Total,0-4,947,485,462,275,134,141,307,153,154,10,6,4,84,47,37,26,12,14,4,4,0,121,69,52,120,60,60
C5120ST,21,396,District-Rayagada  ,Total,5-9,1701,892,809,413,214,199,534,293,241,80,44,36,127,79,48,91,49,42,8,4,4,245,115,130,203,94,109
C5120ST,21,396,District-Rayagada  ,Total,10-19,2678,1409,1269,511,259,252,844,435,409,114,61,53,338,202,136,135,69,66,43,27,16,347,180,167,346,176,170
C5120ST,21,396,District-Rayagada  ,Total,20-29,1881,965,916,372,187,185,524,261,263,75,39,36,300,168,132,87,47,40,51,20,31,244,123,121,228,120,108
C5120ST,21,396,District-Rayagada  ,Total,30-39,1566,786,780,373,183,190,471,241,230,43,17,26,223,121,102,63,29,34,29,16,13,215,106,109,149,73,76
C5120ST,21,396,District-Rayagada  ,Total,40-49,1683,900,783,485,242,243,533,297,236,37,17,20,187,111,76,56,27,29,45,22,23,206,119,87,134,65,69
C5120ST,21,396,District-Rayagada  ,Total,50-59,1477,641,836,595,240,355,381,170,211,22,11,11,176,95,81,21,11,10,23,10,13,132,57,75,127,47,80
C5120ST,21,396,District-Rayagada  ,Total,60-69,2170,748,1422,946,292,654,473,173,300,25,10,15,297,119,178,12,4,8,20,9,11,132,51,81,265,90,175
C5120ST,21,396,District-Rayagada  ,Total,70-79,1049,359,690,434,135,299,203,74,129,8,3,5,135,60,75,2,0,2,1,1,0,52,22,30,214,64,150
C5120ST,21,396,District-Rayagada  ,Total,80-89,231,71,160,90,23,67,39,22,17,1,1,0,25,9,16,0,0,0,0,0,0,14,4,10,62,12,50
C5120ST,21,396,District-Rayagada  ,Total,90+,49,22,27,21,8,13,7,3,4,0,0,0,8,5,3,1,1,0,0,0,0,2,1,1,10,4,6
C5120ST,21,396,District-Rayagada  ,Total,Age Not Stated,69,38,31,24,15,9,19,10,9,1,1,0,2,1,1,1,1,0,0,0,0,16,9,7,6,1,5
C5120ST,21,396,District-Rayagada  ,Rural,Total,14994,7096,7898,4366,1872,2494,4245,2098,2147,402,205,197,1812,961,851,477,241,236,215,108,107,1651,820,831,1826,791,1035
C5120ST,21,396,District-Rayagada  ,Rural,0-4,934,477,457,270,132,138,304,150,154,10,6,4,82,46,36,26,12,14,4,4,0,119,68,51,119,59,60
C5120ST,21,396,District-Rayagada  ,Rural,5-9,1668,869,799,405,209,196,527,287,240,77,44,33,120,72,48,89,47,42,8,4,4,241,114,127,201,92,109
C5120ST,21,396,District-Rayagada  ,Rural,10-19,2615,1373,1242,504,258,246,836,430,406,110,58,52,319,189,130,132,68,64,43,27,16,328,170,158,343,173,170
C5120ST,21,396,District-Rayagada  ,Rural,20-29,1825,936,889,363,182,181,516,256,260,72,39,33,289,162,127,81,44,37,50,20,30,229,115,114,225,118,107
C5120ST,21,396,District-Rayagada  ,Rural,30-39,1528,770,758,365,181,184,467,240,227,42,17,25,211,114,97,61,28,33,26,15,11,208,102,106,148,73,75
C5120ST,21,396,District-Rayagada  ,Rural,40-49,1633,876,757,470,236,234,525,293,232,37,17,20,177,105,72,51,25,26,43,20,23,199,115,84,131,65,66
C5120ST,21,396,District-Rayagada  ,Rural,50-59,1424,614,810,567,228,339,374,168,206,19,9,10,167,88,79,21,11,10,22,9,13,130,56,74,124,45,79
C5120ST,21,396,District-Rayagada  ,Rural,60-69,2052,711,1341,882,274,608,445,167,278,25,10,15,288,113,175,12,4,8,18,8,10,122,47,75,260,88,172
C5120ST,21,396,District-Rayagada  ,Rural,70-79,982,345,637,411,130,281,188,73,115,8,3,5,125,57,68,2,0,2,1,1,0,43,19,24,204,62,142
C5120ST,21,396,District-Rayagada  ,Rural,80-89,217,66,151,84,19,65,37,21,16,1,1,0,24,9,15,0,0,0,0,0,0,14,4,10,57,12,45
C5120ST,21,396,District-Rayagada  ,Rural,90+,48,21,27,21,8,13,7,3,4,0,0,0,8,5,3,1,1,0,0,0,0,2,1,1,9,3,6
C5120ST,21,396,District-Rayagada  ,Rural,Age Not Stated,68,38,30,24,15,9,19,10,9,1,1,0,2,1,1,1,1,0,0,0,0,16,9,7,5,1,4
C5120ST,21,396,District-Rayagada  ,Urban,Total,507,220,287,173,60,113,90,34,56,14,5,9,90,56,34,18,9,9,9,5,4,75,36,39,38,15,23
C5120ST,21,396,District-Rayagada  ,Urban,0-4,13,8,5,5,2,3,3,3,0,0,0,0,2,1,1,0,0,0,0,0,0,2,1,1,1,1,0
C5120ST,21,396,District-Rayagada  ,Urban,5-9,33,23,10,8,5,3,7,6,1,3,0,3,7,7,0,2,2,0,0,0,0,4,1,3,2,2,0
C5120ST,21,396,District-Rayagada  ,Urban,10-19,63,36,27,7,1,6,8,5,3,4,3,1,19,13,6,3,1,2,0,0,0,19,10,9,3,3,0
C5120ST,21,396,District-Rayagada  ,Urban,20-29,56,29,27,9,5,4,8,5,3,3,0,3,11,6,5,6,3,3,1,0,1,15,8,7,3,2,1
C5120ST,21,396,District-Rayagada  ,Urban,30-39,38,16,22,8,2,6,4,1,3,1,0,1,12,7,5,2,1,1,3,1,2,7,4,3,1,0,1
C5120ST,21,396,District-Rayagada  ,Urban,40-49,50,24,26,15,6,9,8,4,4,0,0,0,10,6,4,5,2,3,2,2,0,7,4,3,3,0,3
C5120ST,21,396,District-Rayagada  ,Urban,50-59,53,27,26,28,12,16,7,2,5,3,2,1,9,7,2,0,0,0,1,1,0,2,1,1,3,2,1
C5120ST,21,396,District-Rayagada  ,Urban,60-69,118,37,81,64,18,46,28,6,22,0,0,0,9,6,3,0,0,0,2,1,1,10,4,6,5,2,3
C5120ST,21,396,District-Rayagada  ,Urban,70-79,67,14,53,23,5,18,15,1,14,0,0,0,10,3,7,0,0,0,0,0,0,9,3,6,10,2,8
C5120ST,21,396,District-Rayagada  ,Urban,80-89,14,5,9,6,4,2,2,1,1,0,0,0,1,0,1,0,0,0,0,0,0,0,0,0,5,0,5
C5120ST,21,396,District-Rayagada  ,Urban,90+,1,1,0,0,0,0,0,0,0,0,0,0,0,0,0,0,0,0,0,0,0,0,0,0,1,1,0
C5120ST,21,396,District-Rayagada  ,Urban,Age Not Stated,1,0,1,0,0,0,0,0,0,0,0,0,0,0,0,0,0,0,0,0,0,0,0,0,1,0,1
C5120ST,21,397,District-Nabarangapur ,Total,Total,16505,8255,8250,4793,2403,2390,3884,1804,2080,726,397,329,2409,1276,1133,795,409,386,336,157,179,2492,1310,1182,1070,499,571
C5120ST,21,397,District-Nabarangapur ,Total,0-4,1192,638,554,402,209,193,255,138,117,21,10,11,124,79,45,48,23,25,5,2,3,268,135,133,69,42,27
C5120ST,21,397,District-Nabarangapur ,Total,5-9,2046,981,1065,535,276,259,626,222,404,114,74,40,158,88,70,103,54,49,22,15,7,370,191,179,118,61,57
C5120ST,21,397,District-Nabarangapur ,Total,10-19,2937,1450,1487,685,360,325,833,325,508,188,96,92,329,180,149,186,100,86,44,18,26,506,282,224,166,89,77
C5120ST,21,397,District-Nabarangapur ,Total,20-29,2002,1047,955,510,257,253,402,207,195,131,65,66,303,185,118,135,71,64,58,25,33,353,181,172,110,56,54
C5120ST,21,397,District-Nabarangapur ,Total,30-39,1802,954,848,522,286,236,375,202,173,89,51,38,267,135,132,112,56,56,89,43,46,261,141,120,87,40,47
C5120ST,21,397,District-Nabarangapur ,Total,40-49,1645,943,702,472,265,207,372,205,167,77,48,29,259,156,103,90,52,38,65,29,36,243,148,95,67,40,27
C5120ST,21,397,District-Nabarangapur ,Total,50-59,1525,785,740,509,239,270,333,187,146,53,30,23,286,148,138,64,31,33,29,14,15,171,96,75,80,40,40
C5120ST,21,397,District-Nabarangapur ,Total,60-69,1925,846,1079,683,303,380,416,194,222,34,17,17,371,174,197,38,14,24,14,4,10,166,70,96,203,70,133
C5120ST,21,397,District-Nabarangapur ,Total,70-79,1003,437,566,333,147,186,208,101,107,13,3,10,226,95,131,12,3,9,9,7,2,92,39,53,110,42,68
C5120ST,21,397,District-Nabarangapur ,Total,80-89,261,98,163,82,38,44,43,17,26,3,1,2,62,24,38,4,2,2,1,0,1,23,8,15,43,8,35
C5120ST,21,397,District-Nabarangapur ,Total,90+,60,27,33,17,4,13,7,3,4,0,0,0,16,9,7,2,2,0,0,0,0,9,3,6,9,6,3
C5120ST,21,397,District-Nabarangapur ,Total,Age Not Stated,107,49,58,43,19,24,14,3,11,3,2,1,8,3,5,1,1,0,0,0,0,30,16,14,8,5,3
C5120ST,21,397,District-Nabarangapur ,Rural,Total,16263,8116,8147,4712,2352,2360,3833,1781,2052,709,388,321,2380,1256,1124,787,403,384,332,157,175,2449,1283,1166,1061,496,565
C5120ST,21,397,District-Nabarangapur ,Rural,0-4,1174,625,549,394,203,191,250,135,115,21,10,11,123,78,45,48,23,25,5,2,3,264,132,132,69,42,27
C5120ST,21,397,District-Nabarangapur ,Rural,5-9,2027,970,1057,529,272,257,621,219,402,111,72,39,158,88,70,102,54,48,22,15,7,367,189,178,117,61,56
C5120ST,21,397,District-Nabarangapur ,Rural,10-19,2882,1417,1465,671,348,323,819,320,499,184,94,90,324,176,148,184,99,85,43,18,25,495,274,221,162,88,74
C5120ST,21,397,District-Nabarangapur ,Rural,20-29,1961,1023,938,503,254,249,395,202,193,125,62,63,296,180,116,132,68,64,57,25,32,344,177,167,109,55,54
C5120ST,21,397,District-Nabarangapur ,Rural,30-39,1781,941,840,513,279,234,369,199,170,88,50,38,265,134,131,112,56,56,89,43,46,259,140,119,86,40,46
C5120ST,21,397,District-Nabarangapur ,Rural,40-49,1610,928,682,459,259,200,363,203,160,75,47,28,256,154,102,90,52,38,64,29,35,237,145,92,66,39,27
C5120ST,21,397,District-Nabarangapur ,Rural,50-59,1499,768,731,500,233,267,329,185,144,52,30,22,282,145,137,63,30,33,29,14,15,164,91,73,80,40,40
C5120ST,21,397,District-Nabarangapur ,Rural,60-69,1911,838,1073,675,299,376,415,194,221,34,17,17,369,172,197,37,13,24,13,4,9,165,69,96,203,70,133
C5120ST,21,397,District-Nabarangapur ,Rural,70-79,992,432,560,326,144,182,208,101,107,13,3,10,222,93,129,12,3,9,9,7,2,92,39,53,110,42,68
C5120ST,21,397,District-Nabarangapur ,Rural,80-89,260,98,162,82,38,44,43,17,26,3,1,2,62,24,38,4,2,2,1,0,1,23,8,15,42,8,34
C5120ST,21,397,District-Nabarangapur ,Rural,90+,59,27,32,17,4,13,7,3,4,0,0,0,15,9,6,2,2,0,0,0,0,9,3,6,9,6,3
C5120ST,21,397,District-Nabarangapur ,Rural,Age Not Stated,107,49,58,43,19,24,14,3,11,3,2,1,8,3,5,1,1,0,0,0,0,30,16,14,8,5,3
C5120ST,21,397,District-Nabarangapur ,Urban,Total,242,139,103,81,51,30,51,23,28,17,9,8,29,20,9,8,6,2,4,0,4,43,27,16,9,3,6
C5120ST,21,397,District-Nabarangapur ,Urban,0-4,18,13,5,8,6,2,5,3,2,0,0,0,1,1,0,0,0,0,0,0,0,4,3,1,0,0,0
C5120ST,21,397,District-Nabarangapur ,Urban,5-9,19,11,8,6,4,2,5,3,2,3,2,1,0,0,0,1,0,1,0,0,0,3,2,1,1,0,1
C5120ST,21,397,District-Nabarangapur ,Urban,10-19,55,33,22,14,12,2,14,5,9,4,2,2,5,4,1,2,1,1,1,0,1,11,8,3,4,1,3
C5120ST,21,397,District-Nabarangapur ,Urban,20-29,41,24,17,7,3,4,7,5,2,6,3,3,7,5,2,3,3,0,1,0,1,9,4,5,1,1,0
C5120ST,21,397,District-Nabarangapur ,Urban,30-39,21,13,8,9,7,2,6,3,3,1,1,0,2,1,1,0,0,0,0,0,0,2,1,1,1,0,1
C5120ST,21,397,District-Nabarangapur ,Urban,40-49,35,15,20,13,6,7,9,2,7,2,1,1,3,2,1,0,0,0,1,0,1,6,3,3,1,1,0
C5120ST,21,397,District-Nabarangapur ,Urban,50-59,26,17,9,9,6,3,4,2,2,1,0,1,4,3,1,1,1,0,0,0,0,7,5,2,0,0,0
C5120ST,21,397,District-Nabarangapur ,Urban,60-69,14,8,6,8,4,4,1,0,1,0,0,0,2,2,0,1,1,0,1,0,1,1,1,0,0,0,0
C5120ST,21,397,District-Nabarangapur ,Urban,70-79,11,5,6,7,3,4,0,0,0,0,0,0,4,2,2,0,0,0,0,0,0,0,0,0,0,0,0
C5120ST,21,397,District-Nabarangapur ,Urban,80-89,1,0,1,0,0,0,0,0,0,0,0,0,0,0,0,0,0,0,0,0,0,0,0,0,1,0,1
C5120ST,21,397,District-Nabarangapur ,Urban,90+,1,0,1,0,0,0,0,0,0,0,0,0,1,0,1,0,0,0,0,0,0,0,0,0,0,0,0
C5120ST,21,397,District-Nabarangapur ,Urban,Age Not Stated,0,0,0,0,0,0,0,0,0,0,0,0,0,0,0,0,0,0,0,0,0,0,0,0,0,0,0
C5120ST,21,398,District-Koraput,Total,Total,17684,8890,8794,5006,2508,2498,3953,2002,1951,605,301,304,3108,1636,1472,803,391,412,446,206,240,2341,1204,1137,1422,642,780
C5120ST,21,398,District-Koraput,Total,0-4,1073,580,493,348,179,169,272,156,116,13,4,9,120,70,50,40,23,17,6,2,4,211,110,101,63,36,27
C5120ST,21,398,District-Koraput,Total,5-9,1807,964,843,496,243,253,458,261,197,95,49,46,184,103,81,136,68,68,17,5,12,291,168,123,130,67,63
C5120ST,21,398,District-Koraput,Total,10-19,2745,1428,1317,695,382,313,560,270,290,131,64,67,397,227,170,230,115,115,86,38,48,443,227,216,203,105,98
C5120ST,21,398,District-Koraput,Total,20-29,2092,1107,985,478,256,222,452,248,204,139,62,77,354,196,158,123,54,69,73,36,37,334,175,159,139,80,59
C5120ST,21,398,District-Koraput,Total,30-39,1849,1016,833,456,266,190,437,233,204,70,41,29,329,186,143,86,44,42,105,52,53,272,137,135,94,57,37
C5120ST,21,398,District-Koraput,Total,40-49,1849,1013,836,491,297,194,410,208,202,57,26,31,392,238,154,100,55,45,79,30,49,233,119,114,87,40,47
C5120ST,21,398,District-Koraput,Total,50-59,1662,864,798,485,243,242,401,195,206,50,32,18,337,197,140,37,13,24,42,24,18,193,104,89,117,56,61
C5120ST,21,398,District-Koraput,Total,60-69,2924,1234,1690,1018,434,584,645,289,356,29,14,15,648,269,379,38,16,22,26,13,13,233,94,139,287,105,182
C5120ST,21,398,District-Koraput,Total,70-79,1276,521,755,411,159,252,241,113,128,16,8,8,283,119,164,8,1,7,10,6,4,87,44,43,220,71,149
C5120ST,21,398,District-Koraput,Total,80-89,252,94,158,88,28,60,45,21,24,3,1,2,45,23,22,0,0,0,0,0,0,15,5,10,56,16,40
C5120ST,21,398,District-Koraput,Total,90+,47,15,32,13,6,7,5,1,4,1,0,1,7,3,4,1,0,1,0,0,0,0,0,0,20,5,15
C5120ST,21,398,District-Koraput,Total,Age Not Stated,108,54,54,27,15,12,27,7,20,1,0,1,12,5,7,4,2,2,2,0,2,29,21,8,6,4,2
C5120ST,21,398,District-Koraput,Rural,Total,16946,8504,8442,4787,2387,2400,3781,1924,1857,578,291,287,2994,1571,1423,785,382,403,423,191,232,2226,1140,1086,1372,618,754
C5120ST,21,398,District-Koraput,Rural,0-4,1051,568,483,343,179,164,266,153,113,13,4,9,118,68,50,40,23,17,6,2,4,203,103,100,62,36,26
C5120ST,21,398,District-Koraput,Rural,5-9,1735,930,805,467,225,242,442,256,186,95,49,46,178,101,77,134,66,68,16,5,11,278,162,116,125,66,59
C5120ST,21,398,District-Koraput,Rural,10-19,2598,1339,1259,638,342,296,535,254,281,124,63,61,385,220,165,223,111,112,82,36,46,416,212,204,195,101,94
C5120ST,21,398,District-Koraput,Rural,20-29,1988,1054,934,450,240,210,436,240,196,132,60,72,338,188,150,119,53,66,70,33,37,310,165,145,133,75,58
C5120ST,21,398,District-Koraput,Rural,30-39,1773,968,805,435,251,184,415,221,194,68,39,29,323,183,140,84,43,41,97,47,50,260,130,130,91,54,37
C5120ST,21,398,District-Koraput,Rural,40-49,1777,968,809,474,287,187,394,199,195,52,23,29,375,224,151,98,54,44,74,27,47,224,115,109,86,39,47
C5120ST,21,398,District-Koraput,Rural,50-59,1580,821,759,473,237,236,373,183,190,46,32,14,316,184,132,36,13,23,42,24,18,182,96,86,112,52,60
C5120ST,21,398,District-Koraput,Rural,60-69,2816,1196,1620,979,421,558,616,282,334,27,12,15,627,260,367,38,16,22,24,11,13,227,91,136,278,103,175
C5120ST,21,398,District-Koraput,Rural,70-79,1235,506,729,402,157,245,229,108,121,16,8,8,273,115,158,8,1,7,10,6,4,86,43,43,211,68,143
C5120ST,21,398,District-Koraput,Rural,80-89,243,89,154,86,27,59,44,21,23,3,1,2,43,21,22,0,0,0,0,0,0,13,4,9,54,15,39
C5120ST,21,398,District-Koraput,Rural,90+,45,14,31,13,6,7,5,1,4,1,0,1,6,2,4,1,0,1,0,0,0,0,0,0,19,5,14
C5120ST,21,398,District-Koraput,Rural,Age Not Stated,105,51,54,27,15,12,26,6,20,1,0,1,12,5,7,4,2,2,2,0,2,27,19,8,6,4,2
C5120ST,21,398,District-Koraput,Urban,Total,738,386,352,219,121,98,172,78,94,27,10,17,114,65,49,18,9,9,23,15,8,115,64,51,50,24,26
C5120ST,21,398,District-Koraput,Urban,0-4,22,12,10,5,0,5,6,3,3,0,0,0,2,2,0,0,0,0,0,0,0,8,7,1,1,0,1
C5120ST,21,398,District-Koraput,Urban,5-9,72,34,38,29,18,11,16,5,11,0,0,0,6,2,4,2,2,0,1,0,1,13,6,7,5,1,4
C5120ST,21,398,District-Koraput,Urban,10-19,147,89,58,57,40,17,25,16,9,7,1,6,12,7,5,7,4,3,4,2,2,27,15,12,8,4,4
C5120ST,21,398,District-Koraput,Urban,20-29,104,53,51,28,16,12,16,8,8,7,2,5,16,8,8,4,1,3,3,3,0,24,10,14,6,5,1
C5120ST,21,398,District-Koraput,Urban,30-39,76,48,28,21,15,6,22,12,10,2,2,0,6,3,3,2,1,1,8,5,3,12,7,5,3,3,0
C5120ST,21,398,District-Koraput,Urban,40-49,72,45,27,17,10,7,16,9,7,5,3,2,17,14,3,2,1,1,5,3,2,9,4,5,1,1,0
C5120ST,21,398,District-Koraput,Urban,50-59,82,43,39,12,6,6,28,12,16,4,0,4,21,13,8,1,0,1,0,0,0,11,8,3,5,4,1
C5120ST,21,398,District-Koraput,Urban,60-69,108,38,70,39,13,26,29,7,22,2,2,0,21,9,12,0,0,0,2,2,0,6,3,3,9,2,7
C5120ST,21,398,District-Koraput,Urban,70-79,41,15,26,9,2,7,12,5,7,0,0,0,10,4,6,0,0,0,0,0,0,1,1,0,9,3,6
C5120ST,21,398,District-Koraput,Urban,80-89,9,5,4,2,1,1,1,0,1,0,0,0,2,2,0,0,0,0,0,0,0,2,1,1,2,1,1
C5120ST,21,398,District-Koraput,Urban,90+,2,1,1,0,0,0,0,0,0,0,0,0,1,1,0,0,0,0,0,0,0,0,0,0,1,0,1
C5120ST,21,398,District-Koraput,Urban,Age Not Stated,3,3,0,0,0,0,1,1,0,0,0,0,0,0,0,0,0,0,0,0,0,2,2,0,0,0,0
C5120ST,21,399,District-Malkangiri  ,Total,Total,8872,4408,4464,1923,951,972,2342,1064,1278,302,156,146,1805,960,845,432,230,202,195,96,99,1142,597,545,731,354,377
C5120ST,21,399,District-Malkangiri  ,Total,0-4,562,283,279,116,56,60,173,82,91,9,4,5,73,46,27,25,15,10,7,4,3,126,57,69,33,19,14
C5120ST,21,399,District-Malkangiri  ,Total,5-9,932,515,417,148,78,70,289,154,135,55,28,27,113,61,52,61,39,22,17,11,6,168,98,70,81,46,35
C5120ST,21,399,District-Malkangiri  ,Total,10-19,1454,744,710,258,148,110,348,140,208,81,45,36,258,143,115,101,56,45,35,16,19,231,115,116,142,81,61
C5120ST,21,399,District-Malkangiri  ,Total,20-29,1100,570,530,173,95,78,281,130,151,47,21,26,265,157,108,86,42,44,32,16,16,162,86,76,54,23,31
C5120ST,21,399,District-Malkangiri  ,Total,30-39,950,502,448,153,88,65,250,118,132,39,18,21,230,138,92,65,33,32,43,14,29,126,69,57,44,24,20
C5120ST,21,399,District-Malkangiri  ,Total,40-49,926,483,443,211,120,91,241,104,137,29,14,15,207,121,86,49,20,29,37,20,17,110,62,48,42,22,20
C5120ST,21,399,District-Malkangiri  ,Total,50-59,745,382,363,205,95,110,217,98,119,25,16,9,160,92,68,22,12,10,12,10,2,66,37,29,38,22,16
C5120ST,21,399,District-Malkangiri  ,Total,60-69,1444,636,808,445,191,254,362,157,205,11,7,4,336,155,181,19,11,8,8,5,3,101,50,51,162,60,102
C5120ST,21,399,District-Malkangiri  ,Total,70-79,589,229,360,164,62,102,140,62,78,4,3,1,124,33,91,3,1,2,2,0,2,38,16,22,114,52,62
C5120ST,21,399,District-Malkangiri  ,Total,80-89,110,36,74,34,14,20,24,8,16,1,0,1,29,9,20,0,0,0,1,0,1,5,2,3,16,3,13
C5120ST,21,399,District-Malkangiri  ,Total,90+,32,15,17,8,1,7,5,4,1,0,0,0,8,4,4,1,1,0,0,0,0,5,3,2,5,2,3
C5120ST,21,399,District-Malkangiri  ,Total,Age Not Stated,28,13,15,8,3,5,12,7,5,1,0,1,2,1,1,0,0,0,1,0,1,4,2,2,0,0,0
C5120ST,21,399,District-Malkangiri  ,Rural,Total,8690,4322,4368,1892,933,959,2295,1046,1249,291,151,140,1777,947,830,422,226,196,190,93,97,1119,586,533,704,340,364
C5120ST,21,399,District-Malkangiri  ,Rural,0-4,551,277,274,114,55,59,170,81,89,9,4,5,72,45,27,25,15,10,7,4,3,123,56,67,31,17,14
C5120ST,21,399,District-Malkangiri  ,Rural,5-9,913,505,408,144,76,68,283,150,133,55,28,27,111,61,50,60,39,21,16,10,6,166,98,68,78,43,35
C5120ST,21,399,District-Malkangiri  ,Rural,10-19,1411,723,688,254,145,109,335,136,199,78,43,35,256,142,114,99,55,44,35,16,19,227,114,113,127,72,55
C5120ST,21,399,District-Malkangiri  ,Rural,20-29,1070,557,513,165,90,75,273,129,144,46,21,25,262,155,107,85,42,43,31,15,16,156,82,74,52,23,29
C5120ST,21,399,District-Malkangiri  ,Rural,30-39,923,488,435,150,86,64,246,115,131,34,16,18,222,134,88,65,33,32,41,14,27,122,66,56,43,24,19
C5120ST,21,399,District-Malkangiri  ,Rural,40-49,907,473,434,208,118,90,238,103,135,28,13,15,203,119,84,45,18,27,36,19,17,107,61,46,42,22,20
C5120ST,21,399,District-Malkangiri  ,Rural,50-59,737,377,360,205,95,110,213,96,117,24,16,8,157,89,68,22,12,10,12,10,2,66,37,29,38,22,16
C5120ST,21,399,District-Malkangiri  ,Rural,60-69,1428,632,796,439,188,251,359,157,202,11,7,4,333,155,178,17,10,7,8,5,3,101,50,51,160,60,100
C5120ST,21,399,District-Malkangiri  ,Rural,70-79,583,226,357,163,62,101,138,60,78,4,3,1,122,33,89,3,1,2,2,0,2,37,15,22,114,52,62
C5120ST,21,399,District-Malkangiri  ,Rural,80-89,108,36,72,34,14,20,24,8,16,1,0,1,29,9,20,0,0,0,1,0,1,5,2,3,14,3,11
C5120ST,21,399,District-Malkangiri  ,Rural,90+,32,15,17,8,1,7,5,4,1,0,0,0,8,4,4,1,1,0,0,0,0,5,3,2,5,2,3
C5120ST,21,399,District-Malkangiri  ,Rural,Age Not Stated,27,13,14,8,3,5,11,7,4,1,0,1,2,1,1,0,0,0,1,0,1,4,2,2,0,0,0
C5120ST,21,399,District-Malkangiri  ,Urban,Total,182,86,96,31,18,13,47,18,29,11,5,6,28,13,15,10,4,6,5,3,2,23,11,12,27,14,13
C5120ST,21,399,District-Malkangiri  ,Urban,0-4,11,6,5,2,1,1,3,1,2,0,0,0,1,1,0,0,0,0,0,0,0,3,1,2,2,2,0
C5120ST,21,399,District-Malkangiri  ,Urban,5-9,19,10,9,4,2,2,6,4,2,0,0,0,2,0,2,1,0,1,1,1,0,2,0,2,3,3,0
C5120ST,21,399,District-Malkangiri  ,Urban,10-19,43,21,22,4,3,1,13,4,9,3,2,1,2,1,1,2,1,1,0,0,0,4,1,3,15,9,6
C5120ST,21,399,District-Malkangiri  ,Urban,20-29,30,13,17,8,5,3,8,1,7,1,0,1,3,2,1,1,0,1,1,1,0,6,4,2,2,0,2
C5120ST,21,399,District-Malkangiri  ,Urban,30-39,27,14,13,3,2,1,4,3,1,5,2,3,8,4,4,0,0,0,2,0,2,4,3,1,1,0,1
C5120ST,21,399,District-Malkangiri  ,Urban,40-49,19,10,9,3,2,1,3,1,2,1,1,0,4,2,2,4,2,2,1,1,0,3,1,2,0,0,0
C5120ST,21,399,District-Malkangiri  ,Urban,50-59,8,5,3,0,0,0,4,2,2,1,0,1,3,3,0,0,0,0,0,0,0,0,0,0,0,0,0
C5120ST,21,399,District-Malkangiri  ,Urban,60-69,16,4,12,6,3,3,3,0,3,0,0,0,3,0,3,2,1,1,0,0,0,0,0,0,2,0,2
C5120ST,21,399,District-Malkangiri  ,Urban,70-79,6,3,3,1,0,1,2,2,0,0,0,0,2,0,2,0,0,0,0,0,0,1,1,0,0,0,0
C5120ST,21,399,District-Malkangiri  ,Urban,80-89,2,0,2,0,0,0,0,0,0,0,0,0,0,0,0,0,0,0,0,0,0,0,0,0,2,0,2
C5120ST,21,399,District-Malkangiri  ,Urban,90+,0,0,0,0,0,0,0,0,0,0,0,0,0,0,0,0,0,0,0,0,0,0,0,0,0,0,0
C5120ST,21,399,District-Malkangiri  ,Urban,Age Not Stated,1,0,1,0,0,0,1,0,1,0,0,0,0,0,0,0,0,0,0,0,0,0,0,0,0,0,0
C5120ST,22,0,State-CHHATTISGARH,Total,Total,171397,89004,82393,29507,14496,15011,26247,13382,12865,7333,3871,3462,54329,29963,24366,8364,4277,4087,6050,3048,3002,19804,10389,9415,19763,9578,10185
C5120ST,22,0,State-CHHATTISGARH,Total,0-4,6067,3228,2839,1198,568,630,803,426,377,181,93,88,1373,809,564,217,116,101,59,30,29,1516,782,734,720,404,316
C5120ST,22,0,State-CHHATTISGARH,Total,5-9,11237,6283,4954,1807,970,837,1553,837,716,1102,593,509,2296,1381,915,879,496,383,232,142,90,1801,975,826,1567,889,678
C5120ST,22,0,State-CHHATTISGARH,Total,10-19,25789,13846,11943,3688,1959,1729,3430,1829,1601,1992,1050,942,6339,3606,2733,2416,1201,1215,929,488,441,3847,2021,1826,3148,1692,1456
C5120ST,22,0,State-CHHATTISGARH,Total,20-29,22081,12357,9724,2469,1382,1087,2700,1457,1243,1307,671,636,7780,4691,3089,1613,800,813,1168,597,571,3046,1705,1341,1998,1054,944
C5120ST,22,0,State-CHHATTISGARH,Total,30-39,18817,10639,8178,2210,1255,955,2591,1423,1168,933,483,450,6415,3916,2499,1291,661,630,1376,721,655,2553,1399,1154,1448,781,667
C5120ST,22,0,State-CHHATTISGARH,Total,40-49,18714,10523,8191,2812,1560,1252,2859,1585,1274,772,411,361,6394,3822,2572,1009,514,495,1176,591,585,2420,1335,1085,1272,705,567
C5120ST,22,0,State-CHHATTISGARH,Total,50-59,18086,9669,8417,3586,1782,1804,3192,1698,1494,461,254,207,6495,3744,2751,504,271,233,618,284,334,1861,924,937,1369,712,657
C5120ST,22,0,State-CHHATTISGARH,Total,60-69,25276,11567,13709,6277,2702,3575,4686,2136,2550,388,215,173,8754,4261,4493,290,139,151,344,137,207,1634,748,886,2903,1229,1674
C5120ST,22,0,State-CHHATTISGARH,Total,70-79,17324,7413,9911,3984,1682,2302,3158,1402,1756,149,82,67,5860,2561,3299,113,62,51,105,39,66,772,337,435,3183,1248,1935
C5120ST,22,0,State-CHHATTISGARH,Total,80-89,6083,2599,3484,1180,488,692,1003,460,543,26,6,20,2023,893,1130,15,7,8,32,15,17,238,107,131,1566,623,943
C5120ST,22,0,State-CHHATTISGARH,Total,90+,1813,820,993,281,141,140,252,120,132,14,7,7,569,261,308,13,9,4,11,4,7,95,41,54,578,237,341
C5120ST,22,0,State-CHHATTISGARH,Total,Age Not Stated,110,60,50,15,7,8,20,9,11,8,6,2,31,18,13,4,1,3,0,0,0,21,15,6,11,4,7
C5120ST,22,0,State-CHHATTISGARH,Rural,Total,159902,82844,77058,27582,13480,14102,24538,12568,11970,6672,3515,3157,50906,27933,22973,7750,3969,3781,5628,2834,2794,18189,9536,8653,18637,9009,9628
C5120ST,22,0,State-CHHATTISGARH,Rural,0-4,5689,3051,2638,1110,524,586,751,408,343,165,86,79,1316,777,539,201,109,92,57,30,27,1416,734,682,673,383,290
C5120ST,22,0,State-CHHATTISGARH,Rural,5-9,10432,5852,4580,1670,901,769,1426,772,654,1014,545,469,2156,1291,865,824,468,356,220,136,84,1669,908,761,1453,831,622
C5120ST,22,0,State-CHHATTISGARH,Rural,10-19,23706,12736,10970,3324,1764,1560,3097,1674,1423,1803,944,859,5918,3366,2552,2246,1121,1125,865,451,414,3534,1852,1682,2919,1564,1355
C5120ST,22,0,State-CHHATTISGARH,Rural,20-29,20146,11302,8844,2204,1231,973,2444,1336,1108,1177,611,566,7174,4333,2841,1470,726,744,1082,559,523,2749,1537,1212,1846,969,877
C5120ST,22,0,State-CHHATTISGARH,Rural,30-39,17318,9792,7526,2015,1144,871,2385,1320,1065,849,436,413,5915,3601,2314,1188,609,579,1260,656,604,2340,1288,1052,1366,738,628
C5120ST,22,0,State-CHHATTISGARH,Rural,40-49,17332,9704,7628,2613,1437,1176,2661,1485,1176,699,367,332,5913,3517,2396,949,484,465,1102,550,552,2188,1203,985,1207,661,546
C5120ST,22,0,State-CHHATTISGARH,Rural,50-59,16860,8950,7910,3376,1658,1718,3003,1601,1402,421,230,191,6021,3444,2577,466,249,217,585,266,319,1704,840,864,1284,662,622
C5120ST,22,0,State-CHHATTISGARH,Rural,60-69,24169,11021,13148,6036,2591,3445,4520,2060,2460,363,202,161,8351,4032,4319,268,128,140,321,130,191,1527,705,822,2783,1173,1610
C5120ST,22,0,State-CHHATTISGARH,Rural,70-79,16592,7104,9488,3835,1630,2205,3028,1347,1681,139,77,62,5603,2436,3167,107,58,49,95,38,57,730,317,413,3055,1201,1854
C5120ST,22,0,State-CHHATTISGARH,Rural,80-89,5814,2487,3327,1120,461,659,961,441,520,22,4,18,1957,866,1091,15,7,8,31,15,16,221,100,121,1487,593,894
C5120ST,22,0,State-CHHATTISGARH,Rural,90+,1748,792,956,265,132,133,243,116,127,13,7,6,555,253,302,13,9,4,10,3,7,94,41,53,555,231,324
C5120ST,22,0,State-CHHATTISGARH,Rural,Age Not Stated,96,53,43,14,7,7,19,8,11,7,6,1,27,17,10,3,1,2,0,0,0,17,11,6,9,3,6
C5120ST,22,0,State-CHHATTISGARH,Urban,Total,11495,6160,5335,1925,1016,909,1709,814,895,661,356,305,3423,2030,1393,614,308,306,422,214,208,1615,853,762,1126,569,557
C5120ST,22,0,State-CHHATTISGARH,Urban,0-4,378,177,201,88,44,44,52,18,34,16,7,9,57,32,25,16,7,9,2,0,2,100,48,52,47,21,26
C5120ST,22,0,State-CHHATTISGARH,Urban,5-9,805,431,374,137,69,68,127,65,62,88,48,40,140,90,50,55,28,27,12,6,6,132,67,65,114,58,56
C5120ST,22,0,State-CHHATTISGARH,Urban,10-19,2083,1110,973,364,195,169,333,155,178,189,106,83,421,240,181,170,80,90,64,37,27,313,169,144,229,128,101
C5120ST,22,0,State-CHHATTISGARH,Urban,20-29,1935,1055,880,265,151,114,256,121,135,130,60,70,606,358,248,143,74,69,86,38,48,297,168,129,152,85,67
C5120ST,22,0,State-CHHATTISGARH,Urban,30-39,1499,847,652,195,111,84,206,103,103,84,47,37,500,315,185,103,52,51,116,65,51,213,111,102,82,43,39
C5120ST,22,0,State-CHHATTISGARH,Urban,40-49,1382,819,563,199,123,76,198,100,98,73,44,29,481,305,176,60,30,30,74,41,33,232,132,100,65,44,21
C5120ST,22,0,State-CHHATTISGARH,Urban,50-59,1226,719,507,210,124,86,189,97,92,40,24,16,474,300,174,38,22,16,33,18,15,157,84,73,85,50,35
C5120ST,22,0,State-CHHATTISGARH,Urban,60-69,1107,546,561,241,111,130,166,76,90,25,13,12,403,229,174,22,11,11,23,7,16,107,43,64,120,56,64
C5120ST,22,0,State-CHHATTISGARH,Urban,70-79,732,309,423,149,52,97,130,55,75,10,5,5,257,125,132,6,4,2,10,1,9,42,20,22,128,47,81
C5120ST,22,0,State-CHHATTISGARH,Urban,80-89,269,112,157,60,27,33,42,19,23,4,2,2,66,27,39,0,0,0,1,0,1,17,7,10,79,30,49
C5120ST,22,0,State-CHHATTISGARH,Urban,90+,65,28,37,16,9,7,9,4,5,1,0,1,14,8,6,0,0,0,1,1,0,1,0,1,23,6,17
C5120ST,22,0,State-CHHATTISGARH,Urban,Age Not Stated,14,7,7,1,0,1,1,1,0,1,0,1,4,1,3,1,0,1,0,0,0,4,4,0,2,1,1
C5120ST,22,400,District-Koriya,Total,Total,7024,3866,3158,1226,625,601,1033,561,472,330,181,149,2196,1266,930,325,169,156,253,142,111,842,483,359,819,439,380
C5120ST,22,400,District-Koriya,Total,0-4,283,160,123,37,16,21,50,30,20,6,3,3,71,37,34,1,1,0,2,1,1,70,46,24,46,26,20
C5120ST,22,400,District-Koriya,Total,5-9,501,284,217,75,38,37,66,35,31,60,31,29,105,70,35,32,17,15,12,5,7,71,40,31,80,48,32
C5120ST,22,400,District-Koriya,Total,10-19,1049,581,468,149,81,68,140,87,53,82,46,36,240,146,94,83,40,43,47,26,21,167,88,79,141,67,74
C5120ST,22,400,District-Koriya,Total,20-29,950,555,395,120,73,47,107,60,47,59,32,27,314,188,126,61,27,34,49,33,16,133,78,55,107,64,43
C5120ST,22,400,District-Koriya,Total,30-39,764,463,301,75,48,27,129,72,57,47,26,21,229,148,81,58,28,30,63,40,23,105,67,38,58,34,24
C5120ST,22,400,District-Koriya,Total,40-49,710,418,292,97,56,41,111,65,46,36,18,18,233,150,83,45,28,17,47,18,29,101,58,43,40,25,15
C5120ST,22,400,District-Koriya,Total,50-59,731,420,311,141,74,67,111,63,48,19,12,7,276,167,109,27,17,10,16,8,8,100,56,44,41,23,18
C5120ST,22,400,District-Koriya,Total,60-69,1002,506,496,273,131,142,157,74,83,14,9,5,382,196,186,11,7,4,12,9,3,57,26,31,96,54,42
C5120ST,22,400,District-Koriya,Total,70-79,660,301,359,176,74,102,108,52,56,5,3,2,229,109,120,4,1,3,3,1,2,24,15,9,111,46,65
C5120ST,22,400,District-Koriya,Total,80-89,276,129,147,63,23,40,37,17,20,1,0,1,90,44,46,2,2,0,1,1,0,10,6,4,72,36,36
C5120ST,22,400,District-Koriya,Total,90+,97,49,48,19,11,8,17,6,11,1,1,0,27,11,16,1,1,0,1,0,1,4,3,1,27,16,11
C5120ST,22,400,District-Koriya,Total,Age Not Stated,1,0,1,1,0,1,0,0,0,0,0,0,0,0,0,0,0,0,0,0,0,0,0,0,0,0,0
C5120ST,22,400,District-Koriya,Rural,Total,6494,3584,2910,1150,582,568,925,512,413,287,162,125,2079,1191,888,301,157,144,239,134,105,734,432,302,779,414,365
C5120ST,22,400,District-Koriya,Rural,0-4,272,153,119,37,16,21,46,26,20,6,3,3,70,37,33,1,1,0,2,1,1,65,44,21,45,25,20
C5120ST,22,400,District-Koriya,Rural,5-9,461,262,199,70,35,35,59,31,28,53,29,24,104,69,35,29,16,13,11,5,6,63,36,27,72,41,31
C5120ST,22,400,District-Koriya,Rural,10-19,939,520,419,128,64,64,120,77,43,69,42,27,223,135,88,77,39,38,44,23,21,143,77,66,135,63,72
C5120ST,22,400,District-Koriya,Rural,20-29,850,501,349,113,69,44,96,55,41,49,27,22,282,167,115,54,24,30,45,30,15,113,69,44,98,60,38
C5120ST,22,400,District-Koriya,Rural,30-39,704,434,270,67,46,21,111,66,45,43,24,19,216,139,77,55,25,30,59,38,21,97,63,34,56,33,23
C5120ST,22,400,District-Koriya,Rural,40-49,660,392,268,96,55,41,101,61,40,30,15,15,221,144,77,43,27,16,47,18,29,84,48,36,38,24,14
C5120ST,22,400,District-Koriya,Rural,50-59,666,382,284,133,70,63,99,57,42,16,9,7,257,153,104,26,16,10,14,8,6,83,48,35,38,21,17
C5120ST,22,400,District-Koriya,Rural,60-69,949,481,468,260,124,136,142,71,71,14,9,5,371,188,183,9,5,4,12,9,3,51,25,26,90,50,40
C5120ST,22,400,District-Koriya,Rural,70-79,627,286,341,165,71,94,99,46,53,5,3,2,219,104,115,4,1,3,3,1,2,22,14,8,110,46,64
C5120ST,22,400,District-Koriya,Rural,80-89,269,125,144,61,21,40,35,16,19,1,0,1,89,44,45,2,2,0,1,1,0,9,5,4,71,36,35
C5120ST,22,400,District-Koriya,Rural,90+,96,48,48,19,11,8,17,6,11,1,1,0,27,11,16,1,1,0,1,0,1,4,3,1,26,15,11
C5120ST,22,400,District-Koriya,Rural,Age Not Stated,1,0,1,1,0,1,0,0,0,0,0,0,0,0,0,0,0,0,0,0,0,0,0,0,0,0,0
C5120ST,22,400,District-Koriya,Urban,Total,530,282,248,76,43,33,108,49,59,43,19,24,117,75,42,24,12,12,14,8,6,108,51,57,40,25,15
C5120ST,22,400,District-Koriya,Urban,0-4,11,7,4,0,0,0,4,4,0,0,0,0,1,0,1,0,0,0,0,0,0,5,2,3,1,1,0
C5120ST,22,400,District-Koriya,Urban,5-9,40,22,18,5,3,2,7,4,3,7,2,5,1,1,0,3,1,2,1,0,1,8,4,4,8,7,1
C5120ST,22,400,District-Koriya,Urban,10-19,110,61,49,21,17,4,20,10,10,13,4,9,17,11,6,6,1,5,3,3,0,24,11,13,6,4,2
C5120ST,22,400,District-Koriya,Urban,20-29,100,54,46,7,4,3,11,5,6,10,5,5,32,21,11,7,3,4,4,3,1,20,9,11,9,4,5
C5120ST,22,400,District-Koriya,Urban,30-39,60,29,31,8,2,6,18,6,12,4,2,2,13,9,4,3,3,0,4,2,2,8,4,4,2,1,1
C5120ST,22,400,District-Koriya,Urban,40-49,50,26,24,1,1,0,10,4,6,6,3,3,12,6,6,2,1,1,0,0,0,17,10,7,2,1,1
C5120ST,22,400,District-Koriya,Urban,50-59,65,38,27,8,4,4,12,6,6,3,3,0,19,14,5,1,1,0,2,0,2,17,8,9,3,2,1
C5120ST,22,400,District-Koriya,Urban,60-69,53,25,28,13,7,6,15,3,12,0,0,0,11,8,3,2,2,0,0,0,0,6,1,5,6,4,2
C5120ST,22,400,District-Koriya,Urban,70-79,33,15,18,11,3,8,9,6,3,0,0,0,10,5,5,0,0,0,0,0,0,2,1,1,1,0,1
C5120ST,22,400,District-Koriya,Urban,80-89,7,4,3,2,2,0,2,1,1,0,0,0,1,0,1,0,0,0,0,0,0,1,1,0,1,0,1
C5120ST,22,400,District-Koriya,Urban,90+,1,1,0,0,0,0,0,0,0,0,0,0,0,0,0,0,0,0,0,0,0,0,0,0,1,1,0
C5120ST,22,400,District-Koriya,Urban,Age Not Stated,0,0,0,0,0,0,0,0,0,0,0,0,0,0,0,0,0,0,0,0,0,0,0,0,0,0,0
C5120ST,22,401,District-Surguja,Total,Total,28239,15340,12899,4153,2202,1951,4248,2325,1923,1332,693,639,8676,4931,3745,1444,790,654,1120,578,542,4039,2130,1909,3227,1691,1536
C5120ST,22,401,District-Surguja,Total,0-4,1149,624,525,179,92,87,145,82,63,23,15,8,274,164,110,45,24,21,10,7,3,349,171,178,124,69,55
C5120ST,22,401,District-Surguja,Total,5-9,2141,1234,907,316,173,143,297,173,124,200,101,99,429,267,162,137,81,56,48,30,18,415,227,188,299,182,117
C5120ST,22,401,District-Surguja,Total,10-19,4526,2405,2121,577,300,277,567,297,270,343,180,163,1073,614,459,388,190,198,188,104,84,840,427,413,550,293,257
C5120ST,22,401,District-Surguja,Total,20-29,3585,2052,1533,353,198,155,442,245,197,238,127,111,1111,701,410,262,139,123,224,107,117,595,344,251,360,191,169
C5120ST,22,401,District-Surguja,Total,30-39,3056,1744,1312,315,191,124,393,211,182,194,86,108,877,536,341,246,148,98,232,122,110,525,297,228,274,153,121
C5120ST,22,401,District-Surguja,Total,40-49,2986,1697,1289,368,205,163,472,267,205,128,70,58,968,562,406,180,99,81,217,115,102,441,253,188,212,126,86
C5120ST,22,401,District-Surguja,Total,50-59,2691,1499,1192,420,220,200,461,277,184,98,55,43,984,576,408,89,55,34,112,55,57,347,174,173,180,87,93
C5120ST,22,401,District-Surguja,Total,60-69,3831,1928,1903,786,386,400,740,389,351,78,44,34,1394,710,684,67,37,30,60,27,33,278,134,144,428,201,227
C5120ST,22,401,District-Surguja,Total,70-79,2758,1373,1385,560,288,272,507,247,260,20,12,8,1026,518,508,24,14,10,17,5,12,155,67,88,449,222,227
C5120ST,22,401,District-Surguja,Total,80-89,1116,567,549,220,115,105,174,102,72,6,1,5,411,212,199,4,1,3,6,3,3,52,18,34,243,115,128
C5120ST,22,401,District-Surguja,Total,90+,384,208,176,57,34,23,44,30,14,4,2,2,125,69,56,2,2,0,6,3,3,39,16,23,107,52,55
C5120ST,22,401,District-Surguja,Total,Age Not Stated,16,9,7,2,0,2,6,5,1,0,0,0,4,2,2,0,0,0,0,0,0,3,2,1,1,0,1
C5120ST,22,401,District-Surguja,Rural,Total,27349,14843,12506,4026,2125,1901,4130,2275,1855,1286,673,613,8423,4787,3636,1387,762,625,1081,555,526,3895,2038,1857,3121,1628,1493
C5120ST,22,401,District-Surguja,Rural,0-4,1131,613,518,177,91,86,141,79,62,23,15,8,271,162,109,44,24,20,10,7,3,342,166,176,123,69,54
C5120ST,22,401,District-Surguja,Rural,5-9,2070,1192,878,310,169,141,288,171,117,190,95,95,417,258,159,134,80,54,46,28,18,403,219,184,282,172,110
C5120ST,22,401,District-Surguja,Rural,10-19,4332,2309,2023,552,286,266,530,284,246,327,172,155,1045,600,445,366,180,186,180,99,81,815,415,400,517,273,244
C5120ST,22,401,District-Surguja,Rural,20-29,3423,1955,1468,332,183,149,422,237,185,228,123,105,1071,677,394,249,131,118,217,104,113,557,318,239,347,182,165
C5120ST,22,401,District-Surguja,Rural,30-39,2946,1680,1266,308,186,122,386,209,177,190,85,105,836,512,324,237,144,93,216,112,104,507,285,222,266,147,119
C5120ST,22,401,District-Surguja,Rural,40-49,2898,1649,1249,357,202,155,462,265,197,126,70,56,931,538,393,178,97,81,214,113,101,423,241,182,207,123,84
C5120ST,22,401,District-Surguja,Rural,50-59,2599,1438,1161,402,204,198,448,267,181,98,55,43,941,553,388,86,53,33,111,54,57,337,167,170,176,85,91
C5120ST,22,401,District-Surguja,Rural,60-69,3750,1889,1861,766,377,389,733,384,349,75,43,32,1370,699,671,64,36,28,59,27,32,267,127,140,416,196,220
C5120ST,22,401,District-Surguja,Rural,70-79,2709,1351,1358,552,285,267,498,244,254,20,12,8,1008,510,498,23,14,9,16,5,11,152,65,87,440,216,224
C5120ST,22,401,District-Surguja,Rural,80-89,1098,554,544,213,110,103,172,100,72,6,1,5,407,209,198,4,1,3,6,3,3,50,17,33,240,113,127
C5120ST,22,401,District-Surguja,Rural,90+,378,204,174,55,32,23,44,30,14,3,2,1,123,67,56,2,2,0,6,3,3,39,16,23,106,52,54
C5120ST,22,401,District-Surguja,Rural,Age Not Stated,15,9,6,2,0,2,6,5,1,0,0,0,3,2,1,0,0,0,0,0,0,3,2,1,1,0,1
C5120ST,22,401,District-Surguja,Urban,Total,890,497,393,127,77,50,118,50,68,46,20,26,253,144,109,57,28,29,39,23,16,144,92,52,106,63,43
C5120ST,22,401,District-Surguja,Urban,0-4,18,11,7,2,1,1,4,3,1,0,0,0,3,2,1,1,0,1,0,0,0,7,5,2,1,0,1
C5120ST,22,401,District-Surguja,Urban,5-9,71,42,29,6,4,2,9,2,7,10,6,4,12,9,3,3,1,2,2,2,0,12,8,4,17,10,7
C5120ST,22,401,District-Surguja,Urban,10-19,194,96,98,25,14,11,37,13,24,16,8,8,28,14,14,22,10,12,8,5,3,25,12,13,33,20,13
C5120ST,22,401,District-Surguja,Urban,20-29,162,97,65,21,15,6,20,8,12,10,4,6,40,24,16,13,8,5,7,3,4,38,26,12,13,9,4
C5120ST,22,401,District-Surguja,Urban,30-39,110,64,46,7,5,2,7,2,5,4,1,3,41,24,17,9,4,5,16,10,6,18,12,6,8,6,2
C5120ST,22,401,District-Surguja,Urban,40-49,88,48,40,11,3,8,10,2,8,2,0,2,37,24,13,2,2,0,3,2,1,18,12,6,5,3,2
C5120ST,22,401,District-Surguja,Urban,50-59,92,61,31,18,16,2,13,10,3,0,0,0,43,23,20,3,2,1,1,1,0,10,7,3,4,2,2
C5120ST,22,401,District-Surguja,Urban,60-69,81,39,42,20,9,11,7,5,2,3,1,2,24,11,13,3,1,2,1,0,1,11,7,4,12,5,7
C5120ST,22,401,District-Surguja,Urban,70-79,49,22,27,8,3,5,9,3,6,0,0,0,18,8,10,1,0,1,1,0,1,3,2,1,9,6,3
C5120ST,22,401,District-Surguja,Urban,80-89,18,13,5,7,5,2,2,2,0,0,0,0,4,3,1,0,0,0,0,0,0,2,1,1,3,2,1
C5120ST,22,401,District-Surguja,Urban,90+,6,4,2,2,2,0,0,0,0,1,0,1,2,2,0,0,0,0,0,0,0,0,0,0,1,0,1
C5120ST,22,401,District-Surguja,Urban,Age Not Stated,1,0,1,0,0,0,0,0,0,0,0,0,1,0,1,0,0,0,0,0,0,0,0,0,0,0,0
C5120ST,22,402,District-Jashpur ,Total,Total,13499,7021,6478,1921,983,938,2018,1020,998,556,305,251,4852,2606,2246,575,302,273,665,323,342,1158,601,557,1754,881,873
C5120ST,22,402,District-Jashpur ,Total,0-4,312,171,141,41,14,27,33,18,15,20,12,8,98,57,41,7,5,2,0,0,0,64,31,33,49,34,15
C5120ST,22,402,District-Jashpur ,Total,5-9,688,365,323,83,42,41,58,23,35,88,49,39,168,103,65,47,21,26,27,15,12,84,47,37,133,65,68
C5120ST,22,402,District-Jashpur ,Total,10-19,1589,859,730,195,119,76,174,87,87,147,75,72,403,228,175,169,80,89,91,48,43,186,100,86,224,122,102
C5120ST,22,402,District-Jashpur ,Total,20-29,1466,848,618,133,70,63,149,70,79,95,49,46,523,332,191,120,74,46,133,69,64,161,96,65,152,88,64
C5120ST,22,402,District-Jashpur ,Total,30-39,1319,711,608,112,62,50,163,74,89,57,32,25,453,273,180,92,45,47,143,69,74,158,86,72,141,70,71
C5120ST,22,402,District-Jashpur ,Total,40-49,1437,787,650,192,110,82,188,102,86,62,32,30,521,300,221,70,38,32,137,67,70,148,74,74,119,64,55
C5120ST,22,402,District-Jashpur ,Total,50-59,1549,857,692,228,117,111,279,156,123,34,21,13,615,351,264,43,28,15,75,35,40,143,69,74,132,80,52
C5120ST,22,402,District-Jashpur ,Total,60-69,2376,1144,1232,452,215,237,483,240,243,32,21,11,967,472,495,18,6,12,42,11,31,127,57,70,255,122,133
C5120ST,22,402,District-Jashpur ,Total,70-79,1845,856,989,336,168,168,362,179,183,17,11,6,753,332,421,7,3,4,14,7,7,63,27,36,293,129,164
C5120ST,22,402,District-Jashpur ,Total,80-89,702,314,388,119,49,70,104,55,49,0,0,0,276,123,153,1,1,0,3,2,1,13,9,4,186,75,111
C5120ST,22,402,District-Jashpur ,Total,90+,213,108,105,30,17,13,25,16,9,3,2,1,73,35,38,1,1,0,0,0,0,11,5,6,70,32,38
C5120ST,22,402,District-Jashpur ,Total,Age Not Stated,3,1,2,0,0,0,0,0,0,1,1,0,2,0,2,0,0,0,0,0,0,0,0,0,0,0,0
C5120ST,22,402,District-Jashpur ,Rural,Total,12871,6672,6199,1857,950,907,1950,984,966,526,285,241,4628,2466,2162,543,286,257,625,301,324,1060,556,504,1682,844,838
C5120ST,22,402,District-Jashpur ,Rural,0-4,289,161,128,38,13,25,30,17,13,18,11,7,91,52,39,7,5,2,0,0,0,58,30,28,47,33,14
C5120ST,22,402,District-Jashpur ,Rural,5-9,649,340,309,82,42,40,56,22,34,78,43,35,157,94,63,46,21,25,27,15,12,76,42,34,127,61,66
C5120ST,22,402,District-Jashpur ,Rural,10-19,1491,804,687,179,111,68,163,80,83,142,71,71,372,212,160,159,76,83,87,47,40,172,90,82,217,117,100
C5120ST,22,402,District-Jashpur ,Rural,20-29,1378,793,585,123,65,58,137,65,72,93,47,46,485,304,181,114,68,46,129,67,62,149,91,58,148,86,62
C5120ST,22,402,District-Jashpur ,Rural,30-39,1236,665,571,110,61,49,157,71,86,53,29,24,431,257,174,85,42,43,128,59,69,140,79,61,132,67,65
C5120ST,22,402,District-Jashpur ,Rural,40-49,1355,741,614,189,107,82,179,98,81,57,29,28,491,283,208,65,36,29,127,60,67,136,70,66,111,58,53
C5120ST,22,402,District-Jashpur ,Rural,50-59,1471,818,653,221,110,111,270,152,118,34,21,13,583,333,250,42,28,14,71,34,37,127,64,63,123,76,47
C5120ST,22,402,District-Jashpur ,Rural,60-69,2316,1110,1206,444,213,231,480,237,243,31,20,11,941,457,484,16,5,11,39,10,29,119,51,68,246,117,129
C5120ST,22,402,District-Jashpur ,Rural,70-79,1795,829,966,327,165,162,354,173,181,16,11,5,732,319,413,7,3,4,14,7,7,59,25,34,286,126,160
C5120ST,22,402,District-Jashpur ,Rural,80-89,680,305,375,115,47,68,100,54,46,0,0,0,271,121,150,1,1,0,3,2,1,13,9,4,177,71,106
C5120ST,22,402,District-Jashpur ,Rural,90+,208,105,103,29,16,13,24,15,9,3,2,1,72,34,38,1,1,0,0,0,0,11,5,6,68,32,36
C5120ST,22,402,District-Jashpur ,Rural,Age Not Stated,3,1,2,0,0,0,0,0,0,1,1,0,2,0,2,0,0,0,0,0,0,0,0,0,0,0,0
C5120ST,22,402,District-Jashpur ,Urban,Total,628,349,279,64,33,31,68,36,32,30,20,10,224,140,84,32,16,16,40,22,18,98,45,53,72,37,35
C5120ST,22,402,District-Jashpur ,Urban,0-4,23,10,13,3,1,2,3,1,2,2,1,1,7,5,2,0,0,0,0,0,0,6,1,5,2,1,1
C5120ST,22,402,District-Jashpur ,Urban,5-9,39,25,14,1,0,1,2,1,1,10,6,4,11,9,2,1,0,1,0,0,0,8,5,3,6,4,2
C5120ST,22,402,District-Jashpur ,Urban,10-19,98,55,43,16,8,8,11,7,4,5,4,1,31,16,15,10,4,6,4,1,3,14,10,4,7,5,2
C5120ST,22,402,District-Jashpur ,Urban,20-29,88,55,33,10,5,5,12,5,7,2,2,0,38,28,10,6,6,0,4,2,2,12,5,7,4,2,2
C5120ST,22,402,District-Jashpur ,Urban,30-39,83,46,37,2,1,1,6,3,3,4,3,1,22,16,6,7,3,4,15,10,5,18,7,11,9,3,6
C5120ST,22,402,District-Jashpur ,Urban,40-49,82,46,36,3,3,0,9,4,5,5,3,2,30,17,13,5,2,3,10,7,3,12,4,8,8,6,2
C5120ST,22,402,District-Jashpur ,Urban,50-59,78,39,39,7,7,0,9,4,5,0,0,0,32,18,14,1,0,1,4,1,3,16,5,11,9,4,5
C5120ST,22,402,District-Jashpur ,Urban,60-69,60,34,26,8,2,6,3,3,0,1,1,0,26,15,11,2,1,1,3,1,2,8,6,2,9,5,4
C5120ST,22,402,District-Jashpur ,Urban,70-79,50,27,23,9,3,6,8,6,2,1,0,1,21,13,8,0,0,0,0,0,0,4,2,2,7,3,4
C5120ST,22,402,District-Jashpur ,Urban,80-89,22,9,13,4,2,2,4,1,3,0,0,0,5,2,3,0,0,0,0,0,0,0,0,0,9,4,5
C5120ST,22,402,District-Jashpur ,Urban,90+,5,3,2,1,1,0,1,1,0,0,0,0,1,1,0,0,0,0,0,0,0,0,0,0,2,0,2
C5120ST,22,402,District-Jashpur ,Urban,Age Not Stated,0,0,0,0,0,0,0,0,0,0,0,0,0,0,0,0,0,0,0,0,0,0,0,0,0,0,0
C5120ST,22,403,District-Raigarh,Total,Total,10925,5749,5176,1817,881,936,1366,725,641,443,217,226,3900,2171,1729,493,255,238,451,227,224,1092,610,482,1363,663,700
C5120ST,22,403,District-Raigarh,Total,0-4,340,190,150,82,44,38,23,17,6,12,6,6,83,50,33,10,4,6,1,0,1,76,34,42,53,35,18
C5120ST,22,403,District-Raigarh,Total,5-9,560,303,257,92,45,47,51,28,23,64,35,29,131,81,50,42,20,22,10,7,3,69,34,35,101,53,48
C5120ST,22,403,District-Raigarh,Total,10-19,1459,798,661,213,105,108,140,83,57,119,53,66,399,239,160,152,90,62,46,21,25,168,95,73,222,112,110
C5120ST,22,403,District-Raigarh,Total,20-29,1230,720,510,128,77,51,128,71,57,78,39,39,454,278,176,100,43,57,79,46,33,140,88,52,123,78,45
C5120ST,22,403,District-Raigarh,Total,30-39,1146,677,469,96,51,45,108,63,45,51,27,24,443,296,147,74,34,40,118,59,59,161,94,67,95,53,42
C5120ST,22,403,District-Raigarh,Total,40-49,1268,754,514,173,103,70,155,90,65,48,21,27,494,304,190,59,34,25,102,56,46,153,96,57,84,50,34
C5120ST,22,403,District-Raigarh,Total,50-59,1132,635,497,210,110,100,168,95,73,26,14,12,438,264,174,26,14,12,57,24,33,118,65,53,89,49,40
C5120ST,22,403,District-Raigarh,Total,60-69,1859,864,995,424,187,237,281,134,147,28,15,13,735,357,378,16,7,9,23,9,14,133,71,62,219,84,135
C5120ST,22,403,District-Raigarh,Total,70-79,1293,527,766,275,102,173,219,100,119,14,6,8,489,198,291,11,7,4,11,4,7,53,26,27,221,84,137
C5120ST,22,403,District-Raigarh,Total,80-89,495,216,279,100,47,53,76,36,40,2,1,1,174,76,98,1,1,0,4,1,3,17,6,11,121,48,73
C5120ST,22,403,District-Raigarh,Total,90+,140,64,76,24,10,14,17,8,9,1,0,1,58,27,31,2,1,1,0,0,0,3,1,2,35,17,18
C5120ST,22,403,District-Raigarh,Total,Age Not Stated,3,1,2,0,0,0,0,0,0,0,0,0,2,1,1,0,0,0,0,0,0,1,0,1,0,0,0
C5120ST,22,403,District-Raigarh,Rural,Total,10392,5453,4939,1747,845,902,1302,693,609,420,204,216,3657,2027,1630,471,246,225,434,219,215,1051,582,469,1310,637,673
C5120ST,22,403,District-Raigarh,Rural,0-4,331,186,145,81,44,37,22,16,6,11,6,5,79,48,31,10,4,6,1,0,1,75,33,42,52,35,17
C5120ST,22,403,District-Raigarh,Rural,5-9,534,290,244,88,44,44,49,27,22,60,31,29,122,77,45,37,18,19,10,7,3,69,34,35,99,52,47
C5120ST,22,403,District-Raigarh,Rural,10-19,1373,749,624,202,98,104,127,77,50,112,49,63,372,221,151,148,90,58,45,20,25,162,93,69,205,101,104
C5120ST,22,403,District-Raigarh,Rural,20-29,1171,688,483,122,74,48,124,67,57,75,38,37,435,267,168,97,42,55,75,43,32,131,84,47,112,73,39
C5120ST,22,403,District-Raigarh,Rural,30-39,1082,639,443,90,49,41,101,61,40,50,27,23,413,274,139,71,33,38,112,58,54,153,86,67,92,51,41
C5120ST,22,403,District-Raigarh,Rural,40-49,1201,714,487,168,101,67,145,83,62,46,19,27,456,281,175,55,31,24,99,56,43,148,93,55,84,50,34
C5120ST,22,403,District-Raigarh,Rural,50-59,1070,600,470,198,102,96,158,93,65,26,14,12,406,245,161,25,14,11,57,24,33,115,62,53,85,46,39
C5120ST,22,403,District-Raigarh,Rural,60-69,1767,814,953,412,181,231,272,129,143,24,13,11,682,327,355,15,6,9,21,7,14,129,67,62,212,84,128
C5120ST,22,403,District-Raigarh,Rural,70-79,1244,501,743,266,97,169,214,98,116,13,6,7,463,185,278,10,6,4,10,3,7,50,24,26,218,82,136
C5120ST,22,403,District-Raigarh,Rural,80-89,478,208,270,96,45,51,74,35,39,2,1,1,169,74,95,1,1,0,4,1,3,15,5,10,117,46,71
C5120ST,22,403,District-Raigarh,Rural,90+,138,63,75,24,10,14,16,7,9,1,0,1,58,27,31,2,1,1,0,0,0,3,1,2,34,17,17
C5120ST,22,403,District-Raigarh,Rural,Age Not Stated,3,1,2,0,0,0,0,0,0,0,0,0,2,1,1,0,0,0,0,0,0,1,0,1,0,0,0
C5120ST,22,403,District-Raigarh,Urban,Total,533,296,237,70,36,34,64,32,32,23,13,10,243,144,99,22,9,13,17,8,9,41,28,13,53,26,27
C5120ST,22,403,District-Raigarh,Urban,0-4,9,4,5,1,0,1,1,1,0,1,0,1,4,2,2,0,0,0,0,0,0,1,1,0,1,0,1
C5120ST,22,403,District-Raigarh,Urban,5-9,26,13,13,4,1,3,2,1,1,4,4,0,9,4,5,5,2,3,0,0,0,0,0,0,2,1,1
C5120ST,22,403,District-Raigarh,Urban,10-19,86,49,37,11,7,4,13,6,7,7,4,3,27,18,9,4,0,4,1,1,0,6,2,4,17,11,6
C5120ST,22,403,District-Raigarh,Urban,20-29,59,32,27,6,3,3,4,4,0,3,1,2,19,11,8,3,1,2,4,3,1,9,4,5,11,5,6
C5120ST,22,403,District-Raigarh,Urban,30-39,64,38,26,6,2,4,7,2,5,1,0,1,30,22,8,3,1,2,6,1,5,8,8,0,3,2,1
C5120ST,22,403,District-Raigarh,Urban,40-49,67,40,27,5,2,3,10,7,3,2,2,0,38,23,15,4,3,1,3,0,3,5,3,2,0,0,0
C5120ST,22,403,District-Raigarh,Urban,50-59,62,35,27,12,8,4,10,2,8,0,0,0,32,19,13,1,0,1,0,0,0,3,3,0,4,3,1
C5120ST,22,403,District-Raigarh,Urban,60-69,92,50,42,12,6,6,9,5,4,4,2,2,53,30,23,1,1,0,2,2,0,4,4,0,7,0,7
C5120ST,22,403,District-Raigarh,Urban,70-79,49,26,23,9,5,4,5,2,3,1,0,1,26,13,13,1,1,0,1,1,0,3,2,1,3,2,1
C5120ST,22,403,District-Raigarh,Urban,80-89,17,8,9,4,2,2,2,1,1,0,0,0,5,2,3,0,0,0,0,0,0,2,1,1,4,2,2
C5120ST,22,403,District-Raigarh,Urban,90+,2,1,1,0,0,0,1,1,0,0,0,0,0,0,0,0,0,0,0,0,0,0,0,0,1,0,1
C5120ST,22,403,District-Raigarh,Urban,Age Not Stated,0,0,0,0,0,0,0,0,0,0,0,0,0,0,0,0,0,0,0,0,0,0,0,0,0,0,0
C5120ST,22,404,District-Korba ,Total,Total,9890,5215,4675,1481,720,761,1582,794,788,527,284,243,3004,1676,1328,485,267,218,348,178,170,1396,728,668,1067,568,499
C5120ST,22,404,District-Korba ,Total,0-4,389,194,195,69,21,48,53,30,23,18,8,10,77,43,34,14,9,5,2,0,2,118,64,54,38,19,19
C5120ST,22,404,District-Korba ,Total,5-9,624,339,285,79,45,34,93,49,44,69,40,29,113,60,53,58,39,19,7,4,3,116,57,59,89,45,44
C5120ST,22,404,District-Korba ,Total,10-19,1615,891,724,212,121,91,239,127,112,129,67,62,378,220,158,134,65,69,63,36,27,262,140,122,198,115,83
C5120ST,22,404,District-Korba ,Total,20-29,1406,797,609,110,63,47,180,97,83,101,51,50,484,295,189,109,58,51,69,35,34,237,127,110,116,71,45
C5120ST,22,404,District-Korba ,Total,30-39,1141,673,468,104,61,43,176,93,83,81,50,31,386,242,144,70,45,25,83,48,35,152,80,72,89,54,35
C5120ST,22,404,District-Korba ,Total,40-49,1032,617,415,123,71,52,153,93,60,59,30,29,331,208,123,50,31,19,63,31,32,181,107,74,72,46,26
C5120ST,22,404,District-Korba ,Total,50-59,972,515,457,180,94,86,174,92,82,29,17,12,332,200,132,25,9,16,34,13,21,126,57,69,72,33,39
C5120ST,22,404,District-Korba ,Total,60-69,1274,581,693,304,113,191,248,113,135,26,13,13,430,209,221,17,7,10,18,8,10,103,49,54,128,69,59
C5120ST,22,404,District-Korba ,Total,70-79,943,397,546,214,95,119,181,68,113,4,3,1,320,133,187,7,3,4,8,2,6,61,30,31,148,63,85
C5120ST,22,404,District-Korba ,Total,80-89,386,165,221,69,30,39,76,30,46,5,1,4,120,53,67,0,0,0,0,0,0,30,13,17,86,38,48
C5120ST,22,404,District-Korba ,Total,90+,94,40,54,17,6,11,8,2,6,0,0,0,30,13,17,1,1,0,1,1,0,6,2,4,31,15,16
C5120ST,22,404,District-Korba ,Total,Age Not Stated,14,6,8,0,0,0,1,0,1,6,4,2,3,0,3,0,0,0,0,0,0,4,2,2,0,0,0
C5120ST,22,404,District-Korba ,Rural,Total,8847,4638,4209,1366,659,707,1406,712,694,466,251,215,2687,1486,1201,427,232,195,312,159,153,1231,636,595,952,503,449
C5120ST,22,404,District-Korba ,Rural,0-4,353,178,175,65,20,45,48,28,20,17,8,9,74,40,34,12,8,4,1,0,1,105,57,48,31,17,14
C5120ST,22,404,District-Korba ,Rural,5-9,556,306,250,74,42,32,81,44,37,64,38,26,99,53,46,53,36,17,7,4,3,100,47,53,78,42,36
C5120ST,22,404,District-Korba ,Rural,10-19,1432,793,639,192,113,79,208,110,98,111,57,54,344,199,145,116,56,60,58,33,25,234,126,108,169,99,70
C5120ST,22,404,District-Korba ,Rural,20-29,1220,681,539,95,53,42,152,84,68,88,46,42,417,248,169,92,47,45,63,33,30,212,112,100,101,58,43
C5120ST,22,404,District-Korba ,Rural,30-39,1017,599,418,94,54,40,159,84,75,74,44,30,333,210,123,61,39,22,72,44,28,140,74,66,84,50,34
C5120ST,22,404,District-Korba ,Rural,40-49,894,532,362,107,60,47,129,79,50,51,25,26,291,182,109,47,30,17,55,24,31,150,91,59,64,41,23
C5120ST,22,404,District-Korba ,Rural,50-59,853,447,406,169,88,81,150,82,68,23,13,10,293,175,118,23,7,16,30,11,19,102,43,59,63,28,35
C5120ST,22,404,District-Korba ,Rural,60-69,1191,540,651,285,103,182,232,107,125,25,13,12,398,195,203,16,6,10,18,8,10,97,45,52,120,63,57
C5120ST,22,404,District-Korba ,Rural,70-79,875,371,504,203,92,111,165,64,101,4,3,1,297,122,175,6,2,4,8,2,6,57,28,29,135,58,77
C5120ST,22,404,District-Korba ,Rural,80-89,359,152,207,67,29,38,74,28,46,4,0,4,110,50,60,0,0,0,0,0,0,26,11,15,78,34,44
C5120ST,22,404,District-Korba ,Rural,90+,87,35,52,15,5,10,7,2,5,0,0,0,29,12,17,1,1,0,0,0,0,6,2,4,29,13,16
C5120ST,22,404,District-Korba ,Rural,Age Not Stated,10,4,6,0,0,0,1,0,1,5,4,1,2,0,2,0,0,0,0,0,0,2,0,2,0,0,0
C5120ST,22,404,District-Korba ,Urban,Total,1043,577,466,115,61,54,176,82,94,61,33,28,317,190,127,58,35,23,36,19,17,165,92,73,115,65,50
C5120ST,22,404,District-Korba ,Urban,0-4,36,16,20,4,1,3,5,2,3,1,0,1,3,3,0,2,1,1,1,0,1,13,7,6,7,2,5
C5120ST,22,404,District-Korba ,Urban,5-9,68,33,35,5,3,2,12,5,7,5,2,3,14,7,7,5,3,2,0,0,0,16,10,6,11,3,8
C5120ST,22,404,District-Korba ,Urban,10-19,183,98,85,20,8,12,31,17,14,18,10,8,34,21,13,18,9,9,5,3,2,28,14,14,29,16,13
C5120ST,22,404,District-Korba ,Urban,20-29,186,116,70,15,10,5,28,13,15,13,5,8,67,47,20,17,11,6,6,2,4,25,15,10,15,13,2
C5120ST,22,404,District-Korba ,Urban,30-39,124,74,50,10,7,3,17,9,8,7,6,1,53,32,21,9,6,3,11,4,7,12,6,6,5,4,1
C5120ST,22,404,District-Korba ,Urban,40-49,138,85,53,16,11,5,24,14,10,8,5,3,40,26,14,3,1,2,8,7,1,31,16,15,8,5,3
C5120ST,22,404,District-Korba ,Urban,50-59,119,68,51,11,6,5,24,10,14,6,4,2,39,25,14,2,2,0,4,2,2,24,14,10,9,5,4
C5120ST,22,404,District-Korba ,Urban,60-69,83,41,42,19,10,9,16,6,10,1,0,1,32,14,18,1,1,0,0,0,0,6,4,2,8,6,2
C5120ST,22,404,District-Korba ,Urban,70-79,68,26,42,11,3,8,16,4,12,0,0,0,23,11,12,1,1,0,0,0,0,4,2,2,13,5,8
C5120ST,22,404,District-Korba ,Urban,80-89,27,13,14,2,1,1,2,2,0,1,1,0,10,3,7,0,0,0,0,0,0,4,2,2,8,4,4
C5120ST,22,404,District-Korba ,Urban,90+,7,5,2,2,1,1,1,0,1,0,0,0,1,1,0,0,0,0,1,1,0,0,0,0,2,2,0
C5120ST,22,404,District-Korba ,Urban,Age Not Stated,4,2,2,0,0,0,0,0,0,1,0,1,1,0,1,0,0,0,0,0,0,2,2,0,0,0,0
C5120ST,22,405,District-Janjgir - Champa,Total,Total,5052,2505,2547,923,422,501,610,270,340,204,113,91,1721,931,790,231,112,119,163,83,80,475,260,215,725,314,411
C5120ST,22,405,District-Janjgir - Champa,Total,0-4,130,68,62,26,12,14,13,7,6,6,3,3,28,17,11,9,6,3,3,1,2,24,7,17,21,15,6
C5120ST,22,405,District-Janjgir - Champa,Total,5-9,235,128,107,31,17,14,23,12,11,19,10,9,48,28,20,31,15,16,7,4,3,41,19,22,35,23,12
C5120ST,22,405,District-Janjgir - Champa,Total,10-19,686,357,329,57,31,26,63,30,33,75,44,31,217,116,101,72,34,38,17,8,9,82,41,41,103,53,50
C5120ST,22,405,District-Janjgir - Champa,Total,20-29,625,386,239,54,30,24,47,24,23,24,13,11,309,196,113,38,22,16,30,22,8,68,46,22,55,33,22
C5120ST,22,405,District-Janjgir - Champa,Total,30-39,502,291,211,31,23,8,55,29,26,29,13,16,219,135,84,31,15,16,33,16,17,52,34,18,52,26,26
C5120ST,22,405,District-Janjgir - Champa,Total,40-49,457,252,205,69,36,33,57,36,21,22,15,7,156,94,62,30,15,15,31,16,15,41,21,20,51,19,32
C5120ST,22,405,District-Janjgir - Champa,Total,50-59,472,231,241,119,58,61,63,23,40,10,5,5,159,84,75,11,3,8,20,10,10,55,31,24,35,17,18
C5120ST,22,405,District-Janjgir - Champa,Total,60-69,880,392,488,261,115,146,128,49,79,14,8,6,290,137,153,6,1,5,14,6,8,76,40,36,91,36,55
C5120ST,22,405,District-Janjgir - Champa,Total,70-79,759,281,478,212,76,136,116,45,71,3,1,2,211,88,123,3,1,2,6,0,6,31,19,12,177,51,126
C5120ST,22,405,District-Janjgir - Champa,Total,80-89,247,99,148,55,22,33,38,13,25,2,1,1,64,30,34,0,0,0,2,0,2,5,2,3,81,31,50
C5120ST,22,405,District-Janjgir - Champa,Total,90+,57,19,38,7,2,5,7,2,5,0,0,0,19,5,14,0,0,0,0,0,0,0,0,0,24,10,14
C5120ST,22,405,District-Janjgir - Champa,Total,Age Not Stated,2,1,1,1,0,1,0,0,0,0,0,0,1,1,0,0,0,0,0,0,0,0,0,0,0,0,0
C5120ST,22,405,District-Janjgir - Champa,Rural,Total,4739,2345,2394,886,405,481,569,251,318,197,110,87,1624,873,751,217,104,113,146,76,70,435,237,198,665,289,376
C5120ST,22,405,District-Janjgir - Champa,Rural,0-4,118,61,57,24,10,14,12,7,5,6,3,3,27,17,10,8,6,2,3,1,2,21,6,15,17,11,6
C5120ST,22,405,District-Janjgir - Champa,Rural,5-9,220,121,99,31,17,14,19,10,9,17,10,7,44,26,18,30,15,15,6,3,3,39,18,21,34,22,12
C5120ST,22,405,District-Janjgir - Champa,Rural,10-19,640,328,312,55,31,24,52,26,26,71,42,29,207,107,100,68,32,36,16,7,9,73,34,39,98,49,49
C5120ST,22,405,District-Janjgir - Champa,Rural,20-29,594,367,227,51,28,23,44,21,23,24,13,11,295,189,106,36,20,16,28,21,7,67,45,22,49,30,19
C5120ST,22,405,District-Janjgir - Champa,Rural,30-39,475,271,204,30,22,8,52,28,24,29,13,16,206,124,82,28,13,15,32,15,17,49,31,18,49,25,24
C5120ST,22,405,District-Janjgir - Champa,Rural,40-49,423,235,188,66,35,31,55,35,20,22,15,7,140,86,54,29,14,15,28,14,14,35,19,16,48,17,31
C5120ST,22,405,District-Janjgir - Champa,Rural,50-59,446,217,229,115,56,59,59,22,37,10,5,5,151,79,72,10,2,8,20,10,10,49,26,23,32,17,15
C5120ST,22,405,District-Janjgir - Champa,Rural,60-69,832,368,464,252,112,140,123,45,78,13,7,6,278,128,150,5,1,4,10,5,5,71,38,33,80,32,48
C5120ST,22,405,District-Janjgir - Champa,Rural,70-79,707,266,441,206,73,133,110,43,67,3,1,2,196,83,113,3,1,2,2,0,2,28,18,10,159,47,112
C5120ST,22,405,District-Janjgir - Champa,Rural,80-89,227,91,136,49,19,30,36,12,24,2,1,1,60,28,32,0,0,0,1,0,1,3,2,1,76,29,47
C5120ST,22,405,District-Janjgir - Champa,Rural,90+,55,19,36,6,2,4,7,2,5,0,0,0,19,5,14,0,0,0,0,0,0,0,0,0,23,10,13
C5120ST,22,405,District-Janjgir - Champa,Rural,Age Not Stated,2,1,1,1,0,1,0,0,0,0,0,0,1,1,0,0,0,0,0,0,0,0,0,0,0,0,0
C5120ST,22,405,District-Janjgir - Champa,Urban,Total,313,160,153,37,17,20,41,19,22,7,3,4,97,58,39,14,8,6,17,7,10,40,23,17,60,25,35
C5120ST,22,405,District-Janjgir - Champa,Urban,0-4,12,7,5,2,2,0,1,0,1,0,0,0,1,0,1,1,0,1,0,0,0,3,1,2,4,4,0
C5120ST,22,405,District-Janjgir - Champa,Urban,5-9,15,7,8,0,0,0,4,2,2,2,0,2,4,2,2,1,0,1,1,1,0,2,1,1,1,1,0
C5120ST,22,405,District-Janjgir - Champa,Urban,10-19,46,29,17,2,0,2,11,4,7,4,2,2,10,9,1,4,2,2,1,1,0,9,7,2,5,4,1
C5120ST,22,405,District-Janjgir - Champa,Urban,20-29,31,19,12,3,2,1,3,3,0,0,0,0,14,7,7,2,2,0,2,1,1,1,1,0,6,3,3
C5120ST,22,405,District-Janjgir - Champa,Urban,30-39,27,20,7,1,1,0,3,1,2,0,0,0,13,11,2,3,2,1,1,1,0,3,3,0,3,1,2
C5120ST,22,405,District-Janjgir - Champa,Urban,40-49,34,17,17,3,1,2,2,1,1,0,0,0,16,8,8,1,1,0,3,2,1,6,2,4,3,2,1
C5120ST,22,405,District-Janjgir - Champa,Urban,50-59,26,14,12,4,2,2,4,1,3,0,0,0,8,5,3,1,1,0,0,0,0,6,5,1,3,0,3
C5120ST,22,405,District-Janjgir - Champa,Urban,60-69,48,24,24,9,3,6,5,4,1,1,1,0,12,9,3,1,0,1,4,1,3,5,2,3,11,4,7
C5120ST,22,405,District-Janjgir - Champa,Urban,70-79,52,15,37,6,3,3,6,2,4,0,0,0,15,5,10,0,0,0,4,0,4,3,1,2,18,4,14
C5120ST,22,405,District-Janjgir - Champa,Urban,80-89,20,8,12,6,3,3,2,1,1,0,0,0,4,2,2,0,0,0,1,0,1,2,0,2,5,2,3
C5120ST,22,405,District-Janjgir - Champa,Urban,90+,2,0,2,1,0,1,0,0,0,0,0,0,0,0,0,0,0,0,0,0,0,0,0,0,1,0,1
C5120ST,22,405,District-Janjgir - Champa,Urban,Age Not Stated,0,0,0,0,0,0,0,0,0,0,0,0,0,0,0,0,0,0,0,0,0,0,0,0,0,0,0
C5120ST,22,406,District-Bilaspur,Total,Total,11491,6116,5375,1725,806,919,1603,817,786,474,241,233,4044,2332,1712,545,303,242,388,218,170,1365,759,606,1347,640,707
C5120ST,22,406,District-Bilaspur,Total,0-4,408,218,190,56,23,33,33,17,16,9,5,4,121,75,46,24,9,15,1,0,1,99,59,40,65,30,35
C5120ST,22,406,District-Bilaspur,Total,5-9,765,427,338,108,60,48,94,49,45,65,33,32,179,111,68,53,26,27,15,10,5,130,69,61,121,69,52
C5120ST,22,406,District-Bilaspur,Total,10-19,1876,1003,873,205,95,110,236,125,111,145,67,78,548,315,233,154,91,63,59,30,29,296,161,135,233,119,114
C5120ST,22,406,District-Bilaspur,Total,20-29,1546,921,625,122,79,43,170,102,68,82,39,43,658,406,252,88,49,39,87,50,37,204,125,79,135,71,64
C5120ST,22,406,District-Bilaspur,Total,30-39,1405,824,581,128,69,59,203,117,86,60,32,28,557,344,213,93,57,36,101,65,36,170,93,77,93,47,46
C5120ST,22,406,District-Bilaspur,Total,40-49,1183,681,502,142,73,69,156,84,72,45,29,16,465,275,190,72,33,39,66,38,28,162,104,58,75,45,30
C5120ST,22,406,District-Bilaspur,Total,50-59,1111,639,472,191,99,92,171,87,84,34,18,16,454,291,163,33,23,10,27,14,13,114,60,54,87,47,40
C5120ST,22,406,District-Bilaspur,Total,60-69,1557,714,843,419,168,251,246,109,137,21,11,10,528,277,251,19,10,9,21,7,14,112,51,61,191,81,110
C5120ST,22,406,District-Bilaspur,Total,70-79,1124,469,655,271,112,159,206,92,114,8,5,3,366,159,207,6,4,2,4,1,3,54,22,32,209,74,135
C5120ST,22,406,District-Bilaspur,Total,80-89,391,166,225,72,25,47,71,28,43,3,1,2,119,59,60,2,0,2,5,3,2,18,10,8,101,40,61
C5120ST,22,406,District-Bilaspur,Total,90+,114,47,67,11,3,8,13,5,8,2,1,1,48,19,29,1,1,0,2,0,2,4,3,1,33,15,18
C5120ST,22,406,District-Bilaspur,Total,Age Not Stated,11,7,4,0,0,0,4,2,2,0,0,0,1,1,0,0,0,0,0,0,0,2,2,0,4,2,2
C5120ST,22,406,District-Bilaspur,Rural,Total,10652,5669,4983,1600,756,844,1509,772,737,428,215,213,3771,2161,1610,501,277,224,356,202,154,1230,692,538,1257,594,663
C5120ST,22,406,District-Bilaspur,Rural,0-4,375,204,171,50,20,30,29,16,13,7,3,4,120,74,46,23,9,14,1,0,1,86,55,31,59,27,32
C5120ST,22,406,District-Bilaspur,Rural,5-9,701,396,305,98,57,41,87,47,40,59,29,30,167,102,65,50,25,25,13,9,4,115,63,52,112,64,48
C5120ST,22,406,District-Bilaspur,Rural,10-19,1707,917,790,180,85,95,219,119,100,129,59,70,510,293,217,139,82,57,52,26,26,268,146,122,210,107,103
C5120ST,22,406,District-Bilaspur,Rural,20-29,1417,858,559,105,71,34,159,95,64,71,34,37,609,382,227,82,46,36,79,47,32,187,115,72,125,68,57
C5120ST,22,406,District-Bilaspur,Rural,30-39,1294,752,542,119,64,55,184,105,79,55,28,27,521,317,204,83,51,32,94,60,34,149,82,67,89,45,44
C5120ST,22,406,District-Bilaspur,Rural,40-49,1092,619,473,129,66,63,151,80,71,41,26,15,422,243,179,68,30,38,63,37,26,147,95,52,71,42,29
C5120ST,22,406,District-Bilaspur,Rural,50-59,1032,590,442,179,94,85,165,86,79,33,18,15,422,264,158,30,21,9,23,12,11,98,52,46,82,43,39
C5120ST,22,406,District-Bilaspur,Rural,60-69,1479,681,798,399,161,238,239,107,132,20,11,9,491,258,233,18,9,9,20,7,13,106,50,56,186,78,108
C5120ST,22,406,District-Bilaspur,Rural,70-79,1061,440,621,261,111,150,190,84,106,8,5,3,348,150,198,5,3,2,4,1,3,51,20,31,194,66,128
C5120ST,22,406,District-Bilaspur,Rural,80-89,376,162,214,69,24,45,70,27,43,3,1,2,114,59,55,2,0,2,5,3,2,17,9,8,96,39,57
C5120ST,22,406,District-Bilaspur,Rural,90+,110,45,65,11,3,8,13,5,8,2,1,1,46,18,28,1,1,0,2,0,2,4,3,1,31,14,17
C5120ST,22,406,District-Bilaspur,Rural,Age Not Stated,8,5,3,0,0,0,3,1,2,0,0,0,1,1,0,0,0,0,0,0,0,2,2,0,2,1,1
C5120ST,22,406,District-Bilaspur,Urban,Total,839,447,392,125,50,75,94,45,49,46,26,20,273,171,102,44,26,18,32,16,16,135,67,68,90,46,44
C5120ST,22,406,District-Bilaspur,Urban,0-4,33,14,19,6,3,3,4,1,3,2,2,0,1,1,0,1,0,1,0,0,0,13,4,9,6,3,3
C5120ST,22,406,District-Bilaspur,Urban,5-9,64,31,33,10,3,7,7,2,5,6,4,2,12,9,3,3,1,2,2,1,1,15,6,9,9,5,4
C5120ST,22,406,District-Bilaspur,Urban,10-19,169,86,83,25,10,15,17,6,11,16,8,8,38,22,16,15,9,6,7,4,3,28,15,13,23,12,11
C5120ST,22,406,District-Bilaspur,Urban,20-29,129,63,66,17,8,9,11,7,4,11,5,6,49,24,25,6,3,3,8,3,5,17,10,7,10,3,7
C5120ST,22,406,District-Bilaspur,Urban,30-39,111,72,39,9,5,4,19,12,7,5,4,1,36,27,9,10,6,4,7,5,2,21,11,10,4,2,2
C5120ST,22,406,District-Bilaspur,Urban,40-49,91,62,29,13,7,6,5,4,1,4,3,1,43,32,11,4,3,1,3,1,2,15,9,6,4,3,1
C5120ST,22,406,District-Bilaspur,Urban,50-59,79,49,30,12,5,7,6,1,5,1,0,1,32,27,5,3,2,1,4,2,2,16,8,8,5,4,1
C5120ST,22,406,District-Bilaspur,Urban,60-69,78,33,45,20,7,13,7,2,5,1,0,1,37,19,18,1,1,0,1,0,1,6,1,5,5,3,2
C5120ST,22,406,District-Bilaspur,Urban,70-79,63,29,34,10,1,9,16,8,8,0,0,0,18,9,9,1,1,0,0,0,0,3,2,1,15,8,7
C5120ST,22,406,District-Bilaspur,Urban,80-89,15,4,11,3,1,2,1,1,0,0,0,0,5,0,5,0,0,0,0,0,0,1,1,0,5,1,4
C5120ST,22,406,District-Bilaspur,Urban,90+,4,2,2,0,0,0,0,0,0,0,0,0,2,1,1,0,0,0,0,0,0,0,0,0,2,1,1
C5120ST,22,406,District-Bilaspur,Urban,Age Not Stated,3,2,1,0,0,0,1,1,0,0,0,0,0,0,0,0,0,0,0,0,0,0,0,0,2,1,1
C5120ST,22,407,District-Kabeerdham,Total,Total,3528,1821,1707,579,290,289,457,231,226,134,73,61,1394,753,641,149,71,78,76,48,28,355,188,167,384,167,217
C5120ST,22,407,District-Kabeerdham,Total,0-4,127,66,61,16,10,6,16,9,7,3,2,1,38,22,16,4,1,3,0,0,0,38,14,24,12,8,4
C5120ST,22,407,District-Kabeerdham,Total,5-9,232,150,82,27,14,13,24,15,9,21,11,10,73,55,18,16,10,6,5,4,1,35,22,13,31,19,12
C5120ST,22,407,District-Kabeerdham,Total,10-19,590,323,267,65,40,25,74,40,34,32,19,13,207,119,88,51,21,30,17,12,5,72,37,35,72,35,37
C5120ST,22,407,District-Kabeerdham,Total,20-29,538,322,216,45,32,13,51,30,21,22,11,11,260,159,101,32,18,14,10,5,5,78,48,30,40,19,21
C5120ST,22,407,District-Kabeerdham,Total,30-39,364,211,153,29,20,9,49,28,21,19,10,9,162,98,64,16,9,7,14,8,6,56,31,25,19,7,12
C5120ST,22,407,District-Kabeerdham,Total,40-49,318,184,134,43,28,15,45,24,21,18,11,7,132,77,55,19,7,12,16,12,4,18,11,7,27,14,13
C5120ST,22,407,District-Kabeerdham,Total,50-59,274,147,127,61,33,28,37,22,15,6,2,4,123,66,57,6,4,2,8,3,5,20,8,12,13,9,4
C5120ST,22,407,District-Kabeerdham,Total,60-69,485,198,287,146,55,91,83,32,51,11,6,5,173,74,99,1,0,1,5,4,1,22,10,12,44,17,27
C5120ST,22,407,District-Kabeerdham,Total,70-79,388,138,250,110,41,69,55,23,32,2,1,1,141,48,93,3,1,2,1,0,1,10,6,4,66,18,48
C5120ST,22,407,District-Kabeerdham,Total,80-89,164,61,103,32,14,18,16,5,11,0,0,0,70,29,41,0,0,0,0,0,0,3,0,3,43,13,30
C5120ST,22,407,District-Kabeerdham,Total,90+,48,21,27,5,3,2,7,3,4,0,0,0,15,6,9,1,0,1,0,0,0,3,1,2,17,8,9
C5120ST,22,407,District-Kabeerdham,Total,Age Not Stated,0,0,0,0,0,0,0,0,0,0,0,0,0,0,0,0,0,0,0,0,0,0,0,0,0,0,0
C5120ST,22,407,District-Kabeerdham,Rural,Total,3411,1763,1648,564,279,285,441,225,216,132,71,61,1351,730,621,146,71,75,73,48,25,326,175,151,378,164,214
C5120ST,22,407,District-Kabeerdham,Rural,0-4,119,65,54,15,9,6,15,9,6,3,2,1,36,22,14,3,1,2,0,0,0,35,14,21,12,8,4
C5120ST,22,407,District-Kabeerdham,Rural,5-9,224,145,79,24,12,12,23,15,8,21,11,10,71,53,18,16,10,6,5,4,1,33,21,12,31,19,12
C5120ST,22,407,District-Kabeerdham,Rural,10-19,562,308,254,62,38,24,69,37,32,32,19,13,196,114,82,50,21,29,17,12,5,65,32,33,71,35,36
C5120ST,22,407,District-Kabeerdham,Rural,20-29,514,310,204,42,30,12,49,30,19,22,11,11,251,153,98,32,18,14,9,5,4,70,44,26,39,19,20
C5120ST,22,407,District-Kabeerdham,Rural,30-39,355,208,147,28,19,9,47,27,20,19,10,9,159,98,61,16,9,7,13,8,5,55,31,24,18,6,12
C5120ST,22,407,District-Kabeerdham,Rural,40-49,305,175,130,40,26,14,45,24,21,17,10,7,126,72,54,19,7,12,16,12,4,15,10,5,27,14,13
C5120ST,22,407,District-Kabeerdham,Rural,50-59,266,144,122,61,33,28,35,21,14,5,1,4,120,65,55,5,4,1,8,3,5,19,8,11,13,9,4
C5120ST,22,407,District-Kabeerdham,Rural,60-69,475,193,282,146,55,91,82,31,51,11,6,5,169,72,97,1,0,1,5,4,1,19,9,10,42,16,26
C5120ST,22,407,District-Kabeerdham,Rural,70-79,382,134,248,109,40,69,55,23,32,2,1,1,138,46,92,3,1,2,0,0,0,9,5,4,66,18,48
C5120ST,22,407,District-Kabeerdham,Rural,80-89,161,60,101,32,14,18,14,5,9,0,0,0,70,29,41,0,0,0,0,0,0,3,0,3,42,12,30
C5120ST,22,407,District-Kabeerdham,Rural,90+,48,21,27,5,3,2,7,3,4,0,0,0,15,6,9,1,0,1,0,0,0,3,1,2,17,8,9
C5120ST,22,407,District-Kabeerdham,Rural,Age Not Stated,0,0,0,0,0,0,0,0,0,0,0,0,0,0,0,0,0,0,0,0,0,0,0,0,0,0,0
C5120ST,22,407,District-Kabeerdham,Urban,Total,117,58,59,15,11,4,16,6,10,2,2,0,43,23,20,3,0,3,3,0,3,29,13,16,6,3,3
C5120ST,22,407,District-Kabeerdham,Urban,0-4,8,1,7,1,1,0,1,0,1,0,0,0,2,0,2,1,0,1,0,0,0,3,0,3,0,0,0
C5120ST,22,407,District-Kabeerdham,Urban,5-9,8,5,3,3,2,1,1,0,1,0,0,0,2,2,0,0,0,0,0,0,0,2,1,1,0,0,0
C5120ST,22,407,District-Kabeerdham,Urban,10-19,28,15,13,3,2,1,5,3,2,0,0,0,11,5,6,1,0,1,0,0,0,7,5,2,1,0,1
C5120ST,22,407,District-Kabeerdham,Urban,20-29,24,12,12,3,2,1,2,0,2,0,0,0,9,6,3,0,0,0,1,0,1,8,4,4,1,0,1
C5120ST,22,407,District-Kabeerdham,Urban,30-39,9,3,6,1,1,0,2,1,1,0,0,0,3,0,3,0,0,0,1,0,1,1,0,1,1,1,0
C5120ST,22,407,District-Kabeerdham,Urban,40-49,13,9,4,3,2,1,0,0,0,1,1,0,6,5,1,0,0,0,0,0,0,3,1,2,0,0,0
C5120ST,22,407,District-Kabeerdham,Urban,50-59,8,3,5,0,0,0,2,1,1,1,1,0,3,1,2,1,0,1,0,0,0,1,0,1,0,0,0
C5120ST,22,407,District-Kabeerdham,Urban,60-69,10,5,5,0,0,0,1,1,0,0,0,0,4,2,2,0,0,0,0,0,0,3,1,2,2,1,1
C5120ST,22,407,District-Kabeerdham,Urban,70-79,6,4,2,1,1,0,0,0,0,0,0,0,3,2,1,0,0,0,1,0,1,1,1,0,0,0,0
C5120ST,22,407,District-Kabeerdham,Urban,80-89,3,1,2,0,0,0,2,0,2,0,0,0,0,0,0,0,0,0,0,0,0,0,0,0,1,1,0
C5120ST,22,407,District-Kabeerdham,Urban,90+,0,0,0,0,0,0,0,0,0,0,0,0,0,0,0,0,0,0,0,0,0,0,0,0,0,0,0
C5120ST,22,407,District-Kabeerdham,Urban,Age Not Stated,0,0,0,0,0,0,0,0,0,0,0,0,0,0,0,0,0,0,0,0,0,0,0,0,0,0,0
C5120ST,22,408,District-Rajnandgaon,Total,Total,9265,4626,4639,1500,695,805,1466,733,733,307,158,149,2923,1616,1307,564,254,310,302,154,148,1048,517,531,1155,499,656
C5120ST,22,408,District-Rajnandgaon,Total,0-4,257,142,115,40,25,15,24,8,16,6,3,3,67,41,26,4,3,1,1,0,1,68,38,30,47,24,23
C5120ST,22,408,District-Rajnandgaon,Total,5-9,528,289,239,60,32,28,72,37,35,45,18,27,95,64,31,70,38,32,7,6,1,94,52,42,85,42,43
C5120ST,22,408,District-Rajnandgaon,Total,10-19,1338,711,627,143,80,63,167,93,74,76,42,34,339,186,153,175,88,87,58,29,29,196,93,103,184,100,84
C5120ST,22,408,District-Rajnandgaon,Total,20-29,1195,641,554,94,45,49,126,64,62,47,21,26,479,291,188,115,41,74,59,36,23,164,95,69,111,48,63
C5120ST,22,408,District-Rajnandgaon,Total,30-39,1034,555,479,90,47,43,129,73,56,37,19,18,415,241,174,72,35,37,67,32,35,136,65,71,88,43,45
C5120ST,22,408,District-Rajnandgaon,Total,40-49,1070,573,497,131,75,56,168,87,81,38,21,17,385,232,153,72,28,44,63,29,34,136,67,69,77,34,43
C5120ST,22,408,District-Rajnandgaon,Total,50-59,1065,561,504,197,96,101,200,115,85,28,18,10,379,212,167,35,10,25,25,14,11,113,54,59,88,42,46
C5120ST,22,408,District-Rajnandgaon,Total,60-69,1438,623,815,401,173,228,308,133,175,25,13,12,388,187,201,15,8,7,13,4,9,100,36,64,188,69,119
C5120ST,22,408,District-Rajnandgaon,Total,70-79,951,391,560,255,93,162,202,90,112,4,2,2,278,122,156,5,3,2,5,3,2,29,14,15,173,64,109
C5120ST,22,408,District-Rajnandgaon,Total,80-89,300,109,191,71,22,49,58,29,29,1,1,0,82,32,50,0,0,0,4,1,3,10,2,8,74,22,52
C5120ST,22,408,District-Rajnandgaon,Total,90+,82,27,55,16,6,10,12,4,8,0,0,0,13,6,7,1,0,1,0,0,0,2,1,1,38,10,28
C5120ST,22,408,District-Rajnandgaon,Total,Age Not Stated,7,4,3,2,1,1,0,0,0,0,0,0,3,2,1,0,0,0,0,0,0,0,0,0,2,1,1
C5120ST,22,408,District-Rajnandgaon,Rural,Total,8825,4396,4429,1428,658,770,1404,699,705,295,154,141,2772,1529,1243,543,247,296,283,143,140,983,482,501,1117,484,633
C5120ST,22,408,District-Rajnandgaon,Rural,0-4,254,140,114,38,23,15,24,8,16,6,3,3,67,41,26,4,3,1,1,0,1,67,38,29,47,24,23
C5120ST,22,408,District-Rajnandgaon,Rural,5-9,508,281,227,58,31,27,70,36,34,45,18,27,91,61,30,69,37,32,7,6,1,90,51,39,78,41,37
C5120ST,22,408,District-Rajnandgaon,Rural,10-19,1262,675,587,131,76,55,155,91,64,73,42,31,323,176,147,168,86,82,54,27,27,182,84,98,176,93,83
C5120ST,22,408,District-Rajnandgaon,Rural,20-29,1118,599,519,88,43,45,119,58,61,42,20,22,451,274,177,110,39,71,53,32,21,154,89,65,101,44,57
C5120ST,22,408,District-Rajnandgaon,Rural,30-39,983,530,453,86,43,43,121,70,51,36,19,17,391,230,161,70,35,35,63,30,33,129,60,69,87,43,44
C5120ST,22,408,District-Rajnandgaon,Rural,40-49,1009,538,471,124,71,53,162,84,78,38,21,17,357,216,141,69,27,42,60,27,33,122,58,64,77,34,43
C5120ST,22,408,District-Rajnandgaon,Rural,50-59,1009,528,481,183,88,95,189,105,84,27,17,10,358,202,156,34,10,24,24,13,11,107,51,56,87,42,45
C5120ST,22,408,District-Rajnandgaon,Rural,60-69,1381,593,788,385,163,222,300,129,171,25,13,12,368,174,194,13,7,6,12,4,8,93,35,58,185,68,117
C5120ST,22,408,District-Rajnandgaon,Rural,70-79,926,377,549,253,93,160,195,86,109,3,1,2,269,116,153,5,3,2,5,3,2,27,13,14,169,62,107
C5120ST,22,408,District-Rajnandgaon,Rural,80-89,287,104,183,64,20,44,57,28,29,0,0,0,81,31,50,0,0,0,4,1,3,10,2,8,71,22,49
C5120ST,22,408,District-Rajnandgaon,Rural,90+,81,27,54,16,6,10,12,4,8,0,0,0,13,6,7,1,0,1,0,0,0,2,1,1,37,10,27
C5120ST,22,408,District-Rajnandgaon,Rural,Age Not Stated,7,4,3,2,1,1,0,0,0,0,0,0,3,2,1,0,0,0,0,0,0,0,0,0,2,1,1
C5120ST,22,408,District-Rajnandgaon,Urban,Total,440,230,210,72,37,35,62,34,28,12,4,8,151,87,64,21,7,14,19,11,8,65,35,30,38,15,23
C5120ST,22,408,District-Rajnandgaon,Urban,0-4,3,2,1,2,2,0,0,0,0,0,0,0,0,0,0,0,0,0,0,0,0,1,0,1,0,0,0
C5120ST,22,408,District-Rajnandgaon,Urban,5-9,20,8,12,2,1,1,2,1,1,0,0,0,4,3,1,1,1,0,0,0,0,4,1,3,7,1,6
C5120ST,22,408,District-Rajnandgaon,Urban,10-19,76,36,40,12,4,8,12,2,10,3,0,3,16,10,6,7,2,5,4,2,2,14,9,5,8,7,1
C5120ST,22,408,District-Rajnandgaon,Urban,20-29,77,42,35,6,2,4,7,6,1,5,1,4,28,17,11,5,2,3,6,4,2,10,6,4,10,4,6
C5120ST,22,408,District-Rajnandgaon,Urban,30-39,51,25,26,4,4,0,8,3,5,1,0,1,24,11,13,2,0,2,4,2,2,7,5,2,1,0,1
C5120ST,22,408,District-Rajnandgaon,Urban,40-49,61,35,26,7,4,3,6,3,3,0,0,0,28,16,12,3,1,2,3,2,1,14,9,5,0,0,0
C5120ST,22,408,District-Rajnandgaon,Urban,50-59,56,33,23,14,8,6,11,10,1,1,1,0,21,10,11,1,0,1,1,1,0,6,3,3,1,0,1
C5120ST,22,408,District-Rajnandgaon,Urban,60-69,57,30,27,16,10,6,8,4,4,0,0,0,20,13,7,2,1,1,1,0,1,7,1,6,3,1,2
C5120ST,22,408,District-Rajnandgaon,Urban,70-79,25,14,11,2,0,2,7,4,3,1,1,0,9,6,3,0,0,0,0,0,0,2,1,1,4,2,2
C5120ST,22,408,District-Rajnandgaon,Urban,80-89,13,5,8,7,2,5,1,1,0,1,1,0,1,1,0,0,0,0,0,0,0,0,0,0,3,0,3
C5120ST,22,408,District-Rajnandgaon,Urban,90+,1,0,1,0,0,0,0,0,0,0,0,0,0,0,0,0,0,0,0,0,0,0,0,0,1,0,1
C5120ST,22,408,District-Rajnandgaon,Urban,Age Not Stated,0,0,0,0,0,0,0,0,0,0,0,0,0,0,0,0,0,0,0,0,0,0,0,0,0,0,0
C5120ST,22,409,District-Durg,Total,Total,8764,4477,4287,1380,650,730,1153,540,613,378,197,181,3122,1738,1384,541,249,292,330,166,164,885,472,413,975,465,510
C5120ST,22,409,District-Durg,Total,0-4,219,115,104,35,16,19,24,7,17,9,5,4,54,34,20,10,3,7,3,3,0,60,36,24,24,11,13
C5120ST,22,409,District-Durg,Total,5-9,424,224,200,51,32,19,43,13,30,37,20,17,85,54,31,47,26,21,8,2,6,83,39,44,70,38,32
C5120ST,22,409,District-Durg,Total,10-19,1122,615,507,121,65,56,137,74,63,96,52,44,291,165,126,151,73,78,43,24,19,134,83,51,149,79,70
C5120ST,22,409,District-Durg,Total,20-29,1460,755,705,131,79,52,153,74,79,75,30,45,644,338,306,113,57,56,67,36,31,154,83,71,123,58,65
C5120ST,22,409,District-Durg,Total,30-39,1183,663,520,108,58,50,122,66,56,45,29,16,525,311,214,92,41,51,88,48,40,141,79,62,62,31,31
C5120ST,22,409,District-Durg,Total,40-49,1054,575,479,147,82,65,129,70,59,53,25,28,402,244,158,70,24,46,65,32,33,114,55,59,74,43,31
C5120ST,22,409,District-Durg,Total,50-59,983,518,465,212,103,109,136,66,70,23,11,12,370,213,157,36,16,20,29,11,18,75,40,35,102,58,44
C5120ST,22,409,District-Durg,Total,60-69,1202,537,665,317,114,203,181,72,109,27,18,9,416,226,190,18,8,10,19,8,11,74,30,44,150,61,89
C5120ST,22,409,District-Durg,Total,70-79,804,354,450,199,78,121,169,75,94,12,7,5,243,116,127,4,1,3,8,2,6,34,19,15,135,56,79
C5120ST,22,409,District-Durg,Total,80-89,247,92,155,48,18,30,43,14,29,1,0,1,75,31,44,0,0,0,0,0,0,14,7,7,66,22,44
C5120ST,22,409,District-Durg,Total,90+,65,29,36,10,5,5,16,9,7,0,0,0,17,6,11,0,0,0,0,0,0,2,1,1,20,8,12
C5120ST,22,409,District-Durg,Total,Age Not Stated,1,0,1,1,0,1,0,0,0,0,0,0,0,0,0,0,0,0,0,0,0,0,0,0,0,0,0
C5120ST,22,409,District-Durg,Rural,Total,7159,3598,3561,1119,499,620,892,433,459,255,132,123,2638,1444,1194,450,199,251,279,137,142,668,349,319,858,405,453
C5120ST,22,409,District-Durg,Rural,0-4,155,86,69,20,8,12,11,5,6,5,3,2,45,29,16,7,2,5,3,3,0,44,27,17,20,9,11
C5120ST,22,409,District-Durg,Rural,5-9,320,168,152,34,21,13,26,10,16,26,13,13,69,41,28,37,18,19,5,2,3,68,32,36,55,31,24
C5120ST,22,409,District-Durg,Rural,10-19,872,470,402,84,46,38,99,56,43,66,33,33,237,135,102,131,60,71,32,15,17,96,58,38,127,67,60
C5120ST,22,409,District-Durg,Rural,20-29,1131,583,548,93,56,37,94,49,45,48,23,25,538,276,262,86,46,40,59,32,27,107,53,54,106,48,58
C5120ST,22,409,District-Durg,Rural,30-39,945,525,420,81,42,39,94,55,39,30,19,11,438,256,182,75,29,46,71,38,33,103,61,42,53,25,28
C5120ST,22,409,District-Durg,Rural,40-49,855,454,401,110,57,53,95,53,42,37,15,22,337,201,136,62,21,41,60,29,31,84,37,47,70,41,29
C5120ST,22,409,District-Durg,Rural,50-59,801,413,388,173,80,93,107,53,54,13,7,6,303,173,130,32,15,17,25,9,16,61,28,33,87,48,39
C5120ST,22,409,District-Durg,Rural,60-69,1068,462,606,288,97,191,160,62,98,20,13,7,367,193,174,16,7,9,17,7,10,61,26,35,139,57,82
C5120ST,22,409,District-Durg,Rural,70-79,732,324,408,182,70,112,155,70,85,10,6,4,219,105,114,4,1,3,7,2,5,30,19,11,125,51,74
C5120ST,22,409,District-Durg,Rural,80-89,221,85,136,43,17,26,38,12,26,0,0,0,70,29,41,0,0,0,0,0,0,12,7,5,58,20,38
C5120ST,22,409,District-Durg,Rural,90+,58,28,30,10,5,5,13,8,5,0,0,0,15,6,9,0,0,0,0,0,0,2,1,1,18,8,10
C5120ST,22,409,District-Durg,Rural,Age Not Stated,1,0,1,1,0,1,0,0,0,0,0,0,0,0,0,0,0,0,0,0,0,0,0,0,0,0,0
C5120ST,22,409,District-Durg,Urban,Total,1605,879,726,261,151,110,261,107,154,123,65,58,484,294,190,91,50,41,51,29,22,217,123,94,117,60,57
C5120ST,22,409,District-Durg,Urban,0-4,64,29,35,15,8,7,13,2,11,4,2,2,9,5,4,3,1,2,0,0,0,16,9,7,4,2,2
C5120ST,22,409,District-Durg,Urban,5-9,104,56,48,17,11,6,17,3,14,11,7,4,16,13,3,10,8,2,3,0,3,15,7,8,15,7,8
C5120ST,22,409,District-Durg,Urban,10-19,250,145,105,37,19,18,38,18,20,30,19,11,54,30,24,20,13,7,11,9,2,38,25,13,22,12,10
C5120ST,22,409,District-Durg,Urban,20-29,329,172,157,38,23,15,59,25,34,27,7,20,106,62,44,27,11,16,8,4,4,47,30,17,17,10,7
C5120ST,22,409,District-Durg,Urban,30-39,238,138,100,27,16,11,28,11,17,15,10,5,87,55,32,17,12,5,17,10,7,38,18,20,9,6,3
C5120ST,22,409,District-Durg,Urban,40-49,199,121,78,37,25,12,34,17,17,16,10,6,65,43,22,8,3,5,5,3,2,30,18,12,4,2,2
C5120ST,22,409,District-Durg,Urban,50-59,182,105,77,39,23,16,29,13,16,10,4,6,67,40,27,4,1,3,4,2,2,14,12,2,15,10,5
C5120ST,22,409,District-Durg,Urban,60-69,134,75,59,29,17,12,21,10,11,7,5,2,49,33,16,2,1,1,2,1,1,13,4,9,11,4,7
C5120ST,22,409,District-Durg,Urban,70-79,72,30,42,17,8,9,14,5,9,2,1,1,24,11,13,0,0,0,1,0,1,4,0,4,10,5,5
C5120ST,22,409,District-Durg,Urban,80-89,26,7,19,5,1,4,5,2,3,1,0,1,5,2,3,0,0,0,0,0,0,2,0,2,8,2,6
C5120ST,22,409,District-Durg,Urban,90+,7,1,6,0,0,0,3,1,2,0,0,0,2,0,2,0,0,0,0,0,0,0,0,0,2,0,2
C5120ST,22,409,District-Durg,Urban,Age Not Stated,0,0,0,0,0,0,0,0,0,0,0,0,0,0,0,0,0,0,0,0,0,0,0,0,0,0,0
C5120ST,22,410,District-Raipur,Total,Total,13928,7056,6872,4423,2178,2245,2062,1043,1019,523,288,235,3291,1762,1529,641,308,333,317,153,164,1417,739,678,1254,585,669
C5120ST,22,410,District-Raipur,Total,0-4,682,357,325,333,158,175,96,50,46,12,6,6,84,54,30,24,12,12,1,0,1,96,58,38,36,19,17
C5120ST,22,410,District-Raipur,Total,5-9,1074,550,524,402,204,198,139,67,72,85,44,41,144,71,73,82,43,39,16,12,4,110,58,52,96,51,45
C5120ST,22,410,District-Raipur,Total,10-19,2414,1293,1121,782,401,381,305,168,137,135,79,56,435,247,188,183,86,97,49,22,27,298,159,139,227,131,96
C5120ST,22,410,District-Raipur,Total,20-29,2026,1067,959,536,294,242,263,133,130,97,49,48,566,314,252,139,67,72,64,29,35,231,121,110,130,60,70
C5120ST,22,410,District-Raipur,Total,30-39,1614,897,717,473,255,218,249,141,108,57,35,22,404,236,168,88,36,52,73,37,36,185,105,80,85,52,33
C5120ST,22,410,District-Raipur,Total,40-49,1518,839,679,475,267,208,241,126,115,54,30,24,381,225,156,64,32,32,69,34,35,172,90,82,62,35,27
C5120ST,22,410,District-Raipur,Total,50-59,1288,686,602,379,177,202,206,111,95,42,24,18,402,237,165,25,14,11,24,10,14,121,65,56,89,48,41
C5120ST,22,410,District-Raipur,Total,60-69,1720,723,997,593,250,343,299,131,168,25,13,12,474,212,262,22,11,11,14,4,10,117,46,71,176,56,120
C5120ST,22,410,District-Raipur,Total,70-79,1107,448,659,324,128,196,173,71,102,14,7,7,283,120,163,11,7,4,7,5,2,61,23,38,234,87,147
C5120ST,22,410,District-Raipur,Total,80-89,358,139,219,92,26,66,69,36,33,1,0,1,93,34,59,1,0,1,0,0,0,14,7,7,88,36,52
C5120ST,22,410,District-Raipur,Total,90+,101,41,60,27,12,15,20,8,12,0,0,0,19,8,11,0,0,0,0,0,0,7,3,4,28,10,18
C5120ST,22,410,District-Raipur,Total,Age Not Stated,26,16,10,7,6,1,2,1,1,1,1,0,6,4,2,2,0,2,0,0,0,5,4,1,3,0,3
C5120ST,22,410,District-Raipur,Rural,Total,12218,6175,6043,3893,1904,1989,1760,896,864,410,227,183,2955,1569,1386,563,270,293,283,133,150,1200,637,563,1154,539,615
C5120ST,22,410,District-Raipur,Rural,0-4,607,324,283,294,140,154,88,49,39,8,5,3,76,50,26,22,10,12,1,0,1,87,53,34,31,17,14
C5120ST,22,410,District-Raipur,Rural,5-9,939,492,447,350,183,167,117,57,60,71,38,33,131,66,65,75,41,34,14,11,3,93,49,44,88,47,41
C5120ST,22,410,District-Raipur,Rural,10-19,2093,1130,963,668,346,322,242,139,103,117,67,50,389,217,172,169,78,91,45,21,24,256,142,114,207,120,87
C5120ST,22,410,District-Raipur,Rural,20-29,1703,904,799,443,244,199,210,109,101,71,38,33,507,288,219,113,53,60,54,23,31,191,98,93,114,51,63
C5120ST,22,410,District-Raipur,Rural,30-39,1360,751,609,396,209,187,201,112,89,39,24,15,349,203,146,77,32,45,68,33,35,157,93,64,73,45,28
C5120ST,22,410,District-Raipur,Rural,40-49,1315,715,600,421,230,191,197,104,93,39,21,18,336,194,142,59,32,27,59,27,32,144,73,71,60,34,26
C5120ST,22,410,District-Raipur,Rural,50-59,1142,592,550,339,156,183,188,99,89,32,17,15,355,199,156,19,9,10,23,9,14,105,59,46,81,44,37
C5120ST,22,410,District-Raipur,Rural,60-69,1589,672,917,564,237,327,274,121,153,20,11,9,438,198,240,18,9,9,12,4,8,96,41,55,167,51,116
C5120ST,22,410,District-Raipur,Rural,70-79,1030,415,615,305,121,184,161,65,96,11,5,6,265,111,154,9,6,3,7,5,2,51,18,33,221,84,137
C5120ST,22,410,District-Raipur,Rural,80-89,331,130,201,86,23,63,60,32,28,1,0,1,87,33,54,1,0,1,0,0,0,11,6,5,85,36,49
C5120ST,22,410,District-Raipur,Rural,90+,89,37,52,21,9,12,20,8,12,0,0,0,18,7,11,0,0,0,0,0,0,6,3,3,24,10,14
C5120ST,22,410,District-Raipur,Rural,Age Not Stated,20,13,7,6,6,0,2,1,1,1,1,0,4,3,1,1,0,1,0,0,0,3,2,1,3,0,3
C5120ST,22,410,District-Raipur,Urban,Total,1710,881,829,530,274,256,302,147,155,113,61,52,336,193,143,78,38,40,34,20,14,217,102,115,100,46,54
C5120ST,22,410,District-Raipur,Urban,0-4,75,33,42,39,18,21,8,1,7,4,1,3,8,4,4,2,2,0,0,0,0,9,5,4,5,2,3
C5120ST,22,410,District-Raipur,Urban,5-9,135,58,77,52,21,31,22,10,12,14,6,8,13,5,8,7,2,5,2,1,1,17,9,8,8,4,4
C5120ST,22,410,District-Raipur,Urban,10-19,321,163,158,114,55,59,63,29,34,18,12,6,46,30,16,14,8,6,4,1,3,42,17,25,20,11,9
C5120ST,22,410,District-Raipur,Urban,20-29,323,163,160,93,50,43,53,24,29,26,11,15,59,26,33,26,14,12,10,6,4,40,23,17,16,9,7
C5120ST,22,410,District-Raipur,Urban,30-39,254,146,108,77,46,31,48,29,19,18,11,7,55,33,22,11,4,7,5,4,1,28,12,16,12,7,5
C5120ST,22,410,District-Raipur,Urban,40-49,203,124,79,54,37,17,44,22,22,15,9,6,45,31,14,5,0,5,10,7,3,28,17,11,2,1,1
C5120ST,22,410,District-Raipur,Urban,50-59,146,94,52,40,21,19,18,12,6,10,7,3,47,38,9,6,5,1,1,1,0,16,6,10,8,4,4
C5120ST,22,410,District-Raipur,Urban,60-69,131,51,80,29,13,16,25,10,15,5,2,3,36,14,22,4,2,2,2,0,2,21,5,16,9,5,4
C5120ST,22,410,District-Raipur,Urban,70-79,77,33,44,19,7,12,12,6,6,3,2,1,18,9,9,2,1,1,0,0,0,10,5,5,13,3,10
C5120ST,22,410,District-Raipur,Urban,80-89,27,9,18,6,3,3,9,4,5,0,0,0,6,1,5,0,0,0,0,0,0,3,1,2,3,0,3
C5120ST,22,410,District-Raipur,Urban,90+,12,4,8,6,3,3,0,0,0,0,0,0,1,1,0,0,0,0,0,0,0,1,0,1,4,0,4
C5120ST,22,410,District-Raipur,Urban,Age Not Stated,6,3,3,1,0,1,0,0,0,0,0,0,2,1,1,1,0,1,0,0,0,2,2,0,0,0,0
C5120ST,22,411,District-Mahasamund,Total,Total,7797,3765,4032,1430,669,761,968,408,560,221,113,108,2591,1356,1235,377,187,190,264,117,147,767,386,381,1179,529,650
C5120ST,22,411,District-Mahasamund,Total,0-4,180,91,89,43,20,23,13,7,6,7,3,4,45,25,20,2,0,2,2,1,1,40,17,23,28,18,10
C5120ST,22,411,District-Mahasamund,Total,5-9,362,198,164,54,26,28,20,9,11,36,21,15,88,56,32,41,26,15,5,2,3,55,27,28,63,31,32
C5120ST,22,411,District-Mahasamund,Total,10-19,938,517,421,129,70,59,78,29,49,58,32,26,275,169,106,114,64,50,31,17,14,129,61,68,124,75,49
C5120ST,22,411,District-Mahasamund,Total,20-29,782,436,346,50,25,25,49,24,25,43,19,24,324,203,121,78,41,37,42,19,23,113,62,51,83,43,40
C5120ST,22,411,District-Mahasamund,Total,30-39,720,393,327,67,45,22,81,38,43,18,12,6,270,173,97,56,16,40,63,25,38,100,51,49,65,33,32
C5120ST,22,411,District-Mahasamund,Total,40-49,718,410,308,88,52,36,80,43,37,23,10,13,278,162,116,40,19,21,55,28,27,99,60,39,55,36,19
C5120ST,22,411,District-Mahasamund,Total,50-59,820,388,432,189,95,94,129,57,72,15,5,10,278,146,132,25,12,13,32,10,22,83,37,46,69,26,43
C5120ST,22,411,District-Mahasamund,Total,60-69,1555,665,890,426,170,256,271,106,165,15,9,6,490,225,265,16,6,10,27,11,16,81,45,36,229,93,136
C5120ST,22,411,District-Mahasamund,Total,70-79,1246,507,739,304,137,167,184,76,108,5,2,3,405,153,252,5,3,2,6,3,3,51,19,32,286,114,172
C5120ST,22,411,District-Mahasamund,Total,80-89,377,131,246,65,21,44,52,16,36,1,0,1,114,37,77,0,0,0,1,1,0,11,6,5,133,50,83
C5120ST,22,411,District-Mahasamund,Total,90+,98,29,69,15,8,7,10,3,7,0,0,0,24,7,17,0,0,0,0,0,0,5,1,4,44,10,34
C5120ST,22,411,District-Mahasamund,Total,Age Not Stated,1,0,1,0,0,0,1,0,1,0,0,0,0,0,0,0,0,0,0,0,0,0,0,0,0,0,0
C5120ST,22,411,District-Mahasamund,Rural,Total,7574,3660,3914,1382,652,730,943,399,544,208,105,103,2527,1323,1204,373,185,188,255,112,143,745,375,370,1141,509,632
C5120ST,22,411,District-Mahasamund,Rural,0-4,173,87,86,40,19,21,13,7,6,7,3,4,43,24,19,2,0,2,2,1,1,39,16,23,27,17,10
C5120ST,22,411,District-Mahasamund,Rural,5-9,350,195,155,50,25,25,19,9,10,33,20,13,87,56,31,41,26,15,5,2,3,53,27,26,62,30,32
C5120ST,22,411,District-Mahasamund,Rural,10-19,896,492,404,122,68,54,75,28,47,52,28,24,262,160,102,112,64,48,29,16,13,124,57,67,120,71,49
C5120ST,22,411,District-Mahasamund,Rural,20-29,759,423,336,49,24,25,48,23,25,41,17,24,312,199,113,77,40,37,41,18,23,110,61,49,81,41,40
C5120ST,22,411,District-Mahasamund,Rural,30-39,701,384,317,64,43,21,75,35,40,18,12,6,266,171,95,56,16,40,62,25,37,97,50,47,63,32,31
C5120ST,22,411,District-Mahasamund,Rural,40-49,698,398,300,86,51,35,79,43,36,22,10,12,269,158,111,40,19,21,52,25,27,96,57,39,54,35,19
C5120ST,22,411,District-Mahasamund,Rural,50-59,792,373,419,183,91,92,126,57,69,15,5,10,270,141,129,24,11,13,32,10,22,80,36,44,62,22,40
C5120ST,22,411,District-Mahasamund,Rural,60-69,1518,648,870,415,166,249,264,103,161,14,8,6,483,220,263,16,6,10,26,11,15,79,45,34,221,89,132
C5120ST,22,411,District-Mahasamund,Rural,70-79,1225,503,722,296,136,160,181,75,106,5,2,3,401,151,250,5,3,2,5,3,2,51,19,32,281,114,167
C5120ST,22,411,District-Mahasamund,Rural,80-89,365,128,237,62,21,41,52,16,36,1,0,1,110,36,74,0,0,0,1,1,0,11,6,5,128,48,80
C5120ST,22,411,District-Mahasamund,Rural,90+,96,29,67,15,8,7,10,3,7,0,0,0,24,7,17,0,0,0,0,0,0,5,1,4,42,10,32
C5120ST,22,411,District-Mahasamund,Rural,Age Not Stated,1,0,1,0,0,0,1,0,1,0,0,0,0,0,0,0,0,0,0,0,0,0,0,0,0,0,0
C5120ST,22,411,District-Mahasamund,Urban,Total,223,105,118,48,17,31,25,9,16,13,8,5,64,33,31,4,2,2,9,5,4,22,11,11,38,20,18
C5120ST,22,411,District-Mahasamund,Urban,0-4,7,4,3,3,1,2,0,0,0,0,0,0,2,1,1,0,0,0,0,0,0,1,1,0,1,1,0
C5120ST,22,411,District-Mahasamund,Urban,5-9,12,3,9,4,1,3,1,0,1,3,1,2,1,0,1,0,0,0,0,0,0,2,0,2,1,1,0
C5120ST,22,411,District-Mahasamund,Urban,10-19,42,25,17,7,2,5,3,1,2,6,4,2,13,9,4,2,0,2,2,1,1,5,4,1,4,4,0
C5120ST,22,411,District-Mahasamund,Urban,20-29,23,13,10,1,1,0,1,1,0,2,2,0,12,4,8,1,1,0,1,1,0,3,1,2,2,2,0
C5120ST,22,411,District-Mahasamund,Urban,30-39,19,9,10,3,2,1,6,3,3,0,0,0,4,2,2,0,0,0,1,0,1,3,1,2,2,1,1
C5120ST,22,411,District-Mahasamund,Urban,40-49,20,12,8,2,1,1,1,0,1,1,0,1,9,4,5,0,0,0,3,3,0,3,3,0,1,1,0
C5120ST,22,411,District-Mahasamund,Urban,50-59,28,15,13,6,4,2,3,0,3,0,0,0,8,5,3,1,1,0,0,0,0,3,1,2,7,4,3
C5120ST,22,411,District-Mahasamund,Urban,60-69,37,17,20,11,4,7,7,3,4,1,1,0,7,5,2,0,0,0,1,0,1,2,0,2,8,4,4
C5120ST,22,411,District-Mahasamund,Urban,70-79,21,4,17,8,1,7,3,1,2,0,0,0,4,2,2,0,0,0,1,0,1,0,0,0,5,0,5
C5120ST,22,411,District-Mahasamund,Urban,80-89,12,3,9,3,0,3,0,0,0,0,0,0,4,1,3,0,0,0,0,0,0,0,0,0,5,2,3
C5120ST,22,411,District-Mahasamund,Urban,90+,2,0,2,0,0,0,0,0,0,0,0,0,0,0,0,0,0,0,0,0,0,0,0,0,2,0,2
C5120ST,22,411,District-Mahasamund,Urban,Age Not Stated,0,0,0,0,0,0,0,0,0,0,0,0,0,0,0,0,0,0,0,0,0,0,0,0,0,0,0
C5120ST,22,412,District-Dhamtari ,Total,Total,3731,1921,1810,430,192,238,491,239,252,160,86,74,1375,777,598,281,128,153,141,65,76,345,181,164,508,253,255
C5120ST,22,412,District-Dhamtari ,Total,0-4,84,52,32,8,5,3,6,2,4,4,3,1,20,14,6,5,3,2,2,1,1,17,10,7,22,14,8
C5120ST,22,412,District-Dhamtari ,Total,5-9,200,119,81,17,10,7,9,6,3,23,16,7,44,28,16,29,13,16,1,1,0,26,18,8,51,27,24
C5120ST,22,412,District-Dhamtari ,Total,10-19,590,294,296,63,35,28,51,26,25,42,23,19,156,81,75,91,36,55,15,8,7,76,33,43,96,52,44
C5120ST,22,412,District-Dhamtari ,Total,20-29,516,271,245,36,15,21,44,25,19,23,11,12,231,132,99,47,20,27,31,14,17,49,26,23,55,28,27
C5120ST,22,412,District-Dhamtari ,Total,30-39,460,250,210,28,15,13,53,31,22,21,7,14,212,116,96,45,23,22,24,14,10,41,21,20,36,23,13
C5120ST,22,412,District-Dhamtari ,Total,40-49,464,265,199,48,27,21,50,29,21,27,14,13,174,112,62,38,18,20,36,12,24,56,33,23,35,20,15
C5120ST,22,412,District-Dhamtari ,Total,50-59,400,242,158,57,27,30,51,31,20,4,3,1,190,119,71,20,12,8,22,13,9,28,18,10,28,19,9
C5120ST,22,412,District-Dhamtari ,Total,60-69,501,228,273,89,28,61,100,37,63,12,7,5,187,109,78,4,2,2,8,2,6,32,15,17,69,28,41
C5120ST,22,412,District-Dhamtari ,Total,70-79,362,137,225,64,20,44,92,37,55,3,2,1,114,48,66,1,0,1,1,0,1,17,6,11,70,24,46
C5120ST,22,412,District-Dhamtari ,Total,80-89,118,46,72,17,7,10,28,13,15,1,0,1,38,12,26,0,0,0,1,0,1,2,0,2,31,14,17
C5120ST,22,412,District-Dhamtari ,Total,90+,35,17,18,3,3,0,7,2,5,0,0,0,8,6,2,1,1,0,0,0,0,1,1,0,15,4,11
C5120ST,22,412,District-Dhamtari ,Total,Age Not Stated,1,0,1,0,0,0,0,0,0,0,0,0,1,0,1,0,0,0,0,0,0,0,0,0,0,0,0
C5120ST,22,412,District-Dhamtari ,Rural,Total,3383,1732,1651,385,169,216,456,220,236,136,74,62,1251,700,551,258,121,137,127,59,68,309,160,149,461,229,232
C5120ST,22,412,District-Dhamtari ,Rural,0-4,75,46,29,6,3,3,6,2,4,4,3,1,19,13,6,4,2,2,2,1,1,15,8,7,19,14,5
C5120ST,22,412,District-Dhamtari ,Rural,5-9,184,108,76,13,8,5,9,6,3,21,14,7,41,25,16,29,13,16,0,0,0,26,18,8,45,24,21
C5120ST,22,412,District-Dhamtari ,Rural,10-19,531,270,261,55,30,25,48,25,23,33,18,15,145,77,68,85,36,49,15,8,7,65,28,37,85,48,37
C5120ST,22,412,District-Dhamtari ,Rural,20-29,460,240,220,30,12,18,39,22,17,18,8,10,210,119,91,44,19,25,25,12,13,44,24,20,50,24,26
C5120ST,22,412,District-Dhamtari ,Rural,30-39,412,224,188,26,15,11,48,27,21,18,6,12,194,106,88,38,20,18,20,11,9,35,18,17,33,21,12
C5120ST,22,412,District-Dhamtari ,Rural,40-49,420,238,182,45,26,19,43,24,19,25,13,12,158,102,56,33,16,17,34,12,22,51,29,22,31,16,15
C5120ST,22,412,District-Dhamtari ,Rural,50-59,361,217,144,52,24,28,44,27,17,4,3,1,166,103,63,19,12,7,22,13,9,26,16,10,28,19,9
C5120ST,22,412,District-Dhamtari ,Rural,60-69,463,207,256,82,26,56,95,36,59,11,7,4,171,97,74,4,2,2,7,2,5,28,12,16,65,25,40
C5120ST,22,412,District-Dhamtari ,Rural,70-79,341,127,214,60,18,42,91,36,55,2,2,0,106,43,63,1,0,1,1,0,1,16,6,10,64,22,42
C5120ST,22,412,District-Dhamtari ,Rural,80-89,105,39,66,14,5,9,27,13,14,0,0,0,33,9,24,0,0,0,1,0,1,2,0,2,28,12,16
C5120ST,22,412,District-Dhamtari ,Rural,90+,30,16,14,2,2,0,6,2,4,0,0,0,7,6,1,1,1,0,0,0,0,1,1,0,13,4,9
C5120ST,22,412,District-Dhamtari ,Rural,Age Not Stated,1,0,1,0,0,0,0,0,0,0,0,0,1,0,1,0,0,0,0,0,0,0,0,0,0,0,0
C5120ST,22,412,District-Dhamtari ,Urban,Total,348,189,159,45,23,22,35,19,16,24,12,12,124,77,47,23,7,16,14,6,8,36,21,15,47,24,23
C5120ST,22,412,District-Dhamtari ,Urban,0-4,9,6,3,2,2,0,0,0,0,0,0,0,1,1,0,1,1,0,0,0,0,2,2,0,3,0,3
C5120ST,22,412,District-Dhamtari ,Urban,5-9,16,11,5,4,2,2,0,0,0,2,2,0,3,3,0,0,0,0,1,1,0,0,0,0,6,3,3
C5120ST,22,412,District-Dhamtari ,Urban,10-19,59,24,35,8,5,3,3,1,2,9,5,4,11,4,7,6,0,6,0,0,0,11,5,6,11,4,7
C5120ST,22,412,District-Dhamtari ,Urban,20-29,56,31,25,6,3,3,5,3,2,5,3,2,21,13,8,3,1,2,6,2,4,5,2,3,5,4,1
C5120ST,22,412,District-Dhamtari ,Urban,30-39,48,26,22,2,0,2,5,4,1,3,1,2,18,10,8,7,3,4,4,3,1,6,3,3,3,2,1
C5120ST,22,412,District-Dhamtari ,Urban,40-49,44,27,17,3,1,2,7,5,2,2,1,1,16,10,6,5,2,3,2,0,2,5,4,1,4,4,0
C5120ST,22,412,District-Dhamtari ,Urban,50-59,39,25,14,5,3,2,7,4,3,0,0,0,24,16,8,1,0,1,0,0,0,2,2,0,0,0,0
C5120ST,22,412,District-Dhamtari ,Urban,60-69,38,21,17,7,2,5,5,1,4,1,0,1,16,12,4,0,0,0,1,0,1,4,3,1,4,3,1
C5120ST,22,412,District-Dhamtari ,Urban,70-79,21,10,11,4,2,2,1,1,0,1,0,1,8,5,3,0,0,0,0,0,0,1,0,1,6,2,4
C5120ST,22,412,District-Dhamtari ,Urban,80-89,13,7,6,3,2,1,1,0,1,1,0,1,5,3,2,0,0,0,0,0,0,0,0,0,3,2,1
C5120ST,22,412,District-Dhamtari ,Urban,90+,5,1,4,1,1,0,1,0,1,0,0,0,1,0,1,0,0,0,0,0,0,0,0,0,2,0,2
C5120ST,22,412,District-Dhamtari ,Urban,Age Not Stated,0,0,0,0,0,0,0,0,0,0,0,0,0,0,0,0,0,0,0,0,0,0,0,0,0,0,0
C5120ST,22,413,District-Uttar Bastar Kanker,Total,Total,9063,4545,4518,1303,637,666,1354,685,669,390,218,172,2836,1465,1371,493,260,233,379,177,202,1084,530,554,1224,573,651
C5120ST,22,413,District-Uttar Bastar Kanker,Total,0-4,273,134,139,26,13,13,44,26,18,12,5,7,58,28,30,15,10,5,4,0,4,77,36,41,37,16,21
C5120ST,22,413,District-Uttar Bastar Kanker,Total,5-9,529,313,216,50,29,21,65,38,27,74,44,30,107,61,46,40,29,11,24,15,9,87,45,42,82,52,30
C5120ST,22,413,District-Uttar Bastar Kanker,Total,10-19,1274,694,580,129,64,65,163,82,81,101,54,47,278,160,118,141,76,65,63,32,31,219,119,100,180,107,73
C5120ST,22,413,District-Uttar Bastar Kanker,Total,20-29,1147,614,533,113,64,49,161,94,67,70,42,28,336,192,144,95,47,48,64,29,35,175,83,92,133,63,70
C5120ST,22,413,District-Uttar Bastar Kanker,Total,30-39,976,539,437,93,56,37,120,70,50,45,27,18,314,183,131,74,34,40,90,45,45,139,71,68,101,53,48
C5120ST,22,413,District-Uttar Bastar Kanker,Total,40-49,1038,565,473,152,84,68,135,71,64,36,21,15,361,208,153,71,38,33,61,27,34,134,65,69,88,51,37
C5120ST,22,413,District-Uttar Bastar Kanker,Total,50-59,1034,520,514,198,98,100,157,81,76,24,10,14,397,212,185,28,9,19,42,17,25,104,53,51,84,40,44
C5120ST,22,413,District-Uttar Bastar Kanker,Total,60-69,1379,628,751,293,131,162,255,115,140,18,11,7,515,237,278,20,11,9,20,7,13,91,40,51,167,76,91
C5120ST,22,413,District-Uttar Bastar Kanker,Total,70-79,943,370,573,192,78,114,166,73,93,9,4,5,308,119,189,8,5,3,5,2,3,38,10,28,217,79,138
C5120ST,22,413,District-Uttar Bastar Kanker,Total,80-89,338,118,220,47,14,33,66,24,42,0,0,0,114,46,68,1,1,0,5,3,2,16,7,9,89,23,66
C5120ST,22,413,District-Uttar Bastar Kanker,Total,90+,131,49,82,10,6,4,22,11,11,1,0,1,47,18,29,0,0,0,1,0,1,4,1,3,46,13,33
C5120ST,22,413,District-Uttar Bastar Kanker,Total,Age Not Stated,1,1,0,0,0,0,0,0,0,0,0,0,1,1,0,0,0,0,0,0,0,0,0,0,0,0,0
C5120ST,22,413,District-Uttar Bastar Kanker,Rural,Total,8749,4397,4352,1269,621,648,1326,669,657,371,208,163,2714,1404,1310,483,255,228,365,172,193,1044,514,530,1177,554,623
C5120ST,22,413,District-Uttar Bastar Kanker,Rural,0-4,266,132,134,25,13,12,43,26,17,12,5,7,55,26,29,15,10,5,4,0,4,77,36,41,35,16,19
C5120ST,22,413,District-Uttar Bastar Kanker,Rural,5-9,517,307,210,48,28,20,64,37,27,74,44,30,104,61,43,39,28,11,24,15,9,85,44,41,79,50,29
C5120ST,22,413,District-Uttar Bastar Kanker,Rural,10-19,1235,677,558,125,61,64,158,80,78,96,52,44,268,157,111,139,74,65,61,31,30,212,117,95,176,105,71
C5120ST,22,413,District-Uttar Bastar Kanker,Rural,20-29,1094,592,502,109,63,46,157,91,66,65,38,27,322,185,137,93,46,47,62,29,33,164,80,84,122,60,62
C5120ST,22,413,District-Uttar Bastar Kanker,Rural,30-39,929,514,415,90,54,36,120,70,50,41,25,16,292,171,121,73,34,39,87,43,44,129,66,63,97,51,46
C5120ST,22,413,District-Uttar Bastar Kanker,Rural,40-49,989,544,445,144,80,64,131,69,62,33,20,13,342,198,144,67,37,30,58,27,31,129,63,66,85,50,35
C5120ST,22,413,District-Uttar Bastar Kanker,Rural,50-59,996,495,501,196,97,99,152,76,76,22,9,13,377,200,177,28,9,19,39,15,24,100,51,49,82,38,44
C5120ST,22,413,District-Uttar Bastar Kanker,Rural,60-69,1355,615,740,290,130,160,252,113,139,18,11,7,503,230,273,20,11,9,20,7,13,90,39,51,162,74,88
C5120ST,22,413,District-Uttar Bastar Kanker,Rural,70-79,914,360,554,188,76,112,162,72,90,9,4,5,292,113,179,8,5,3,4,2,2,38,10,28,213,78,135
C5120ST,22,413,District-Uttar Bastar Kanker,Rural,80-89,326,113,213,44,13,31,66,24,42,0,0,0,112,44,68,1,1,0,5,3,2,16,7,9,82,21,61
C5120ST,22,413,District-Uttar Bastar Kanker,Rural,90+,127,47,80,10,6,4,21,11,10,1,0,1,46,18,28,0,0,0,1,0,1,4,1,3,44,11,33
C5120ST,22,413,District-Uttar Bastar Kanker,Rural,Age Not Stated,1,1,0,0,0,0,0,0,0,0,0,0,1,1,0,0,0,0,0,0,0,0,0,0,0,0,0
C5120ST,22,413,District-Uttar Bastar Kanker,Urban,Total,314,148,166,34,16,18,28,16,12,19,10,9,122,61,61,10,5,5,14,5,9,40,16,24,47,19,28
C5120ST,22,413,District-Uttar Bastar Kanker,Urban,0-4,7,2,5,1,0,1,1,0,1,0,0,0,3,2,1,0,0,0,0,0,0,0,0,0,2,0,2
C5120ST,22,413,District-Uttar Bastar Kanker,Urban,5-9,12,6,6,2,1,1,1,1,0,0,0,0,3,0,3,1,1,0,0,0,0,2,1,1,3,2,1
C5120ST,22,413,District-Uttar Bastar Kanker,Urban,10-19,39,17,22,4,3,1,5,2,3,5,2,3,10,3,7,2,2,0,2,1,1,7,2,5,4,2,2
C5120ST,22,413,District-Uttar Bastar Kanker,Urban,20-29,53,22,31,4,1,3,4,3,1,5,4,1,14,7,7,2,1,1,2,0,2,11,3,8,11,3,8
C5120ST,22,413,District-Uttar Bastar Kanker,Urban,30-39,47,25,22,3,2,1,0,0,0,4,2,2,22,12,10,1,0,1,3,2,1,10,5,5,4,2,2
C5120ST,22,413,District-Uttar Bastar Kanker,Urban,40-49,49,21,28,8,4,4,4,2,2,3,1,2,19,10,9,4,1,3,3,0,3,5,2,3,3,1,2
C5120ST,22,413,District-Uttar Bastar Kanker,Urban,50-59,38,25,13,2,1,1,5,5,0,2,1,1,20,12,8,0,0,0,3,2,1,4,2,2,2,2,0
C5120ST,22,413,District-Uttar Bastar Kanker,Urban,60-69,24,13,11,3,1,2,3,2,1,0,0,0,12,7,5,0,0,0,0,0,0,1,1,0,5,2,3
C5120ST,22,413,District-Uttar Bastar Kanker,Urban,70-79,29,10,19,4,2,2,4,1,3,0,0,0,16,6,10,0,0,0,1,0,1,0,0,0,4,1,3
C5120ST,22,413,District-Uttar Bastar Kanker,Urban,80-89,12,5,7,3,1,2,0,0,0,0,0,0,2,2,0,0,0,0,0,0,0,0,0,0,7,2,5
C5120ST,22,413,District-Uttar Bastar Kanker,Urban,90+,4,2,2,0,0,0,1,0,1,0,0,0,1,0,1,0,0,0,0,0,0,0,0,0,2,2,0
C5120ST,22,413,District-Uttar Bastar Kanker,Urban,Age Not Stated,0,0,0,0,0,0,0,0,0,0,0,0,0,0,0,0,0,0,0,0,0,0,0,0,0,0,0
C5120ST,22,414,District-Bastar,Total,Total,16957,8804,8153,2914,1478,1436,3301,1691,1610,803,420,383,4977,2720,2257,787,393,394,535,260,275,1964,1029,935,1676,813,863
C5120ST,22,414,District-Bastar,Total,0-4,749,394,355,145,69,76,132,66,66,22,8,14,157,92,65,23,15,8,14,7,7,177,91,86,79,46,33
C5120ST,22,414,District-Bastar,Total,5-9,1393,803,590,241,129,112,274,162,112,130,73,57,267,150,117,100,60,40,21,13,8,217,129,88,143,87,56
C5120ST,22,414,District-Bastar,Total,10-19,2845,1512,1333,430,232,198,513,276,237,237,127,110,621,334,287,221,97,124,89,45,44,419,231,188,315,170,145
C5120ST,22,414,District-Bastar,Total,20-29,2086,1151,935,274,153,121,322,163,159,144,83,61,651,411,240,140,57,83,95,41,54,288,157,131,172,86,86
C5120ST,22,414,District-Bastar,Total,30-39,1866,1025,841,272,148,124,305,167,138,102,49,53,588,346,242,129,67,62,124,61,63,224,120,104,122,67,55
C5120ST,22,414,District-Bastar,Total,40-49,1988,1070,918,299,169,130,369,209,160,76,34,42,652,369,283,94,52,42,97,49,48,271,134,137,130,54,76
C5120ST,22,414,District-Bastar,Total,50-59,1898,997,901,363,175,188,455,234,221,42,23,19,622,352,270,44,25,19,61,28,33,181,86,95,130,74,56
C5120ST,22,414,District-Bastar,Total,60-69,2294,1054,1240,514,237,277,556,254,302,28,14,14,793,378,415,25,13,12,30,14,16,123,52,71,225,92,133
C5120ST,22,414,District-Bastar,Total,70-79,1343,573,770,297,127,170,288,125,163,19,8,11,456,207,249,7,4,3,4,2,2,46,18,28,226,82,144
C5120ST,22,414,District-Bastar,Total,80-89,373,164,209,63,31,32,61,26,35,2,0,2,131,56,75,2,1,1,0,0,0,13,8,5,101,42,59
C5120ST,22,414,District-Bastar,Total,90+,111,54,57,16,8,8,23,9,14,1,1,0,35,21,14,1,1,0,0,0,0,2,1,1,33,13,20
C5120ST,22,414,District-Bastar,Total,Age Not Stated,11,7,4,0,0,0,3,0,3,0,0,0,4,4,0,1,1,0,0,0,0,3,2,1,0,0,0
C5120ST,22,414,District-Bastar,Rural,Total,16017,8303,7714,2768,1398,1370,3156,1619,1537,771,401,370,4717,2567,2150,709,360,349,497,240,257,1845,961,884,1554,757,797
C5120ST,22,414,District-Bastar,Rural,0-4,719,380,339,142,68,74,130,64,66,22,8,14,152,88,64,21,15,6,14,7,7,165,85,80,73,45,28
C5120ST,22,414,District-Bastar,Rural,5-9,1327,767,560,230,121,109,265,155,110,124,71,53,255,143,112,93,57,36,21,13,8,207,123,84,132,84,48
C5120ST,22,414,District-Bastar,Rural,10-19,2663,1419,1244,399,212,187,482,259,223,223,119,104,592,319,273,199,90,109,84,42,42,397,220,177,287,158,129
C5120ST,22,414,District-Bastar,Rural,20-29,1946,1070,876,255,140,115,309,160,149,139,78,61,609,384,225,125,51,74,86,39,47,262,140,122,161,78,83
C5120ST,22,414,District-Bastar,Rural,30-39,1759,970,789,256,142,114,292,163,129,98,46,52,555,326,229,114,60,54,115,55,60,213,113,100,116,65,51
C5120ST,22,414,District-Bastar,Rural,40-49,1861,995,866,286,161,125,350,200,150,74,33,41,614,344,270,84,45,39,91,46,45,246,121,125,116,45,71
C5120ST,22,414,District-Bastar,Rural,50-59,1804,941,863,352,170,182,438,223,215,41,23,18,585,329,256,39,22,17,55,24,31,173,81,92,121,69,52
C5120ST,22,414,District-Bastar,Rural,60-69,2198,1006,1192,493,226,267,535,243,292,28,14,14,760,362,398,23,13,10,27,12,15,119,50,69,213,86,127
C5120ST,22,414,District-Bastar,Rural,70-79,1270,543,727,280,121,159,274,120,154,19,8,11,430,195,235,7,4,3,4,2,2,45,17,28,211,76,135
C5120ST,22,414,District-Bastar,Rural,80-89,353,155,198,61,30,31,56,24,32,2,0,2,128,54,74,2,1,1,0,0,0,13,8,5,91,38,53
C5120ST,22,414,District-Bastar,Rural,90+,106,50,56,14,7,7,22,8,14,1,1,0,33,19,14,1,1,0,0,0,0,2,1,1,33,13,20
C5120ST,22,414,District-Bastar,Rural,Age Not Stated,11,7,4,0,0,0,3,0,3,0,0,0,4,4,0,1,1,0,0,0,0,3,2,1,0,0,0
C5120ST,22,414,District-Bastar,Urban,Total,940,501,439,146,80,66,145,72,73,32,19,13,260,153,107,78,33,45,38,20,18,119,68,51,122,56,66
C5120ST,22,414,District-Bastar,Urban,0-4,30,14,16,3,1,2,2,2,0,0,0,0,5,4,1,2,0,2,0,0,0,12,6,6,6,1,5
C5120ST,22,414,District-Bastar,Urban,5-9,66,36,30,11,8,3,9,7,2,6,2,4,12,7,5,7,3,4,0,0,0,10,6,4,11,3,8
C5120ST,22,414,District-Bastar,Urban,10-19,182,93,89,31,20,11,31,17,14,14,8,6,29,15,14,22,7,15,5,3,2,22,11,11,28,12,16
C5120ST,22,414,District-Bastar,Urban,20-29,140,81,59,19,13,6,13,3,10,5,5,0,42,27,15,15,6,9,9,2,7,26,17,9,11,8,3
C5120ST,22,414,District-Bastar,Urban,30-39,107,55,52,16,6,10,13,4,9,4,3,1,33,20,13,15,7,8,9,6,3,11,7,4,6,2,4
C5120ST,22,414,District-Bastar,Urban,40-49,127,75,52,13,8,5,19,9,10,2,1,1,38,25,13,10,7,3,6,3,3,25,13,12,14,9,5
C5120ST,22,414,District-Bastar,Urban,50-59,94,56,38,11,5,6,17,11,6,1,0,1,37,23,14,5,3,2,6,4,2,8,5,3,9,5,4
C5120ST,22,414,District-Bastar,Urban,60-69,96,48,48,21,11,10,21,11,10,0,0,0,33,16,17,2,0,2,3,2,1,4,2,2,12,6,6
C5120ST,22,414,District-Bastar,Urban,70-79,73,30,43,17,6,11,14,5,9,0,0,0,26,12,14,0,0,0,0,0,0,1,1,0,15,6,9
C5120ST,22,414,District-Bastar,Urban,80-89,20,9,11,2,1,1,5,2,3,0,0,0,3,2,1,0,0,0,0,0,0,0,0,0,10,4,6
C5120ST,22,414,District-Bastar,Urban,90+,5,4,1,2,1,1,1,1,0,0,0,0,2,2,0,0,0,0,0,0,0,0,0,0,0,0,0
C5120ST,22,414,District-Bastar,Urban,Age Not Stated,0,0,0,0,0,0,0,0,0,0,0,0,0,0,0,0,0,0,0,0,0,0,0,0,0,0,0
C5120ST,22,415,District-Narayanpur,Total,Total,1890,984,906,292,170,122,337,165,172,93,43,50,538,295,243,60,34,26,53,22,31,292,144,148,225,111,114
C5120ST,22,415,District-Narayanpur,Total,0-4,72,36,36,9,7,2,10,4,6,3,2,1,12,6,6,1,0,1,1,1,0,25,11,14,11,5,6
C5120ST,22,415,District-Narayanpur,Total,5-9,151,97,54,22,15,7,28,20,8,14,8,6,29,21,8,10,8,2,4,1,3,23,11,12,21,13,8
C5120ST,22,415,District-Narayanpur,Total,10-19,265,136,129,32,18,14,43,17,26,29,12,17,54,31,23,18,8,10,6,2,4,60,35,25,23,13,10
C5120ST,22,415,District-Narayanpur,Total,20-29,225,125,100,25,17,8,36,19,17,17,8,9,64,42,22,9,6,3,11,2,9,51,23,28,12,8,4
C5120ST,22,415,District-Narayanpur,Total,30-39,199,111,88,27,17,10,28,15,13,11,3,8,49,32,17,12,7,5,13,7,6,47,24,23,12,6,6
C5120ST,22,415,District-Narayanpur,Total,40-49,202,134,68,23,15,8,44,31,13,9,6,3,58,45,13,7,3,4,8,3,5,41,24,17,12,7,5
C5120ST,22,415,District-Narayanpur,Total,50-59,267,126,141,55,27,28,61,26,35,6,2,4,91,48,43,2,1,1,5,4,1,24,8,16,23,10,13
C5120ST,22,415,District-Narayanpur,Total,60-69,345,146,199,78,41,37,66,25,41,0,0,0,123,45,78,0,0,0,4,1,3,13,5,8,61,29,32
C5120ST,22,415,District-Narayanpur,Total,70-79,116,52,64,15,9,6,12,4,8,3,2,1,39,17,22,1,1,0,1,1,0,6,2,4,39,16,23
C5120ST,22,415,District-Narayanpur,Total,80-89,33,15,18,4,4,0,6,3,3,0,0,0,14,5,9,0,0,0,0,0,0,0,0,0,9,3,6
C5120ST,22,415,District-Narayanpur,Total,90+,11,4,7,2,0,2,2,1,1,1,0,1,3,2,1,0,0,0,0,0,0,2,1,1,1,0,1
C5120ST,22,415,District-Narayanpur,Total,Age Not Stated,4,2,2,0,0,0,1,0,1,0,0,0,2,1,1,0,0,0,0,0,0,0,0,0,1,1,0
C5120ST,22,415,District-Narayanpur,Rural,Total,1695,880,815,264,151,113,307,148,159,80,36,44,489,265,224,52,30,22,36,17,19,258,129,129,209,104,105
C5120ST,22,415,District-Narayanpur,Rural,0-4,68,34,34,9,7,2,10,4,6,2,2,0,12,6,6,1,0,1,1,1,0,23,10,13,10,4,6
C5120ST,22,415,District-Narayanpur,Rural,5-9,134,84,50,18,11,7,25,17,8,13,7,6,25,18,7,9,8,1,4,1,3,21,11,10,19,11,8
C5120ST,22,415,District-Narayanpur,Rural,10-19,223,112,111,28,15,13,40,15,25,23,9,14,45,27,18,15,6,9,4,1,3,46,26,20,22,13,9
C5120ST,22,415,District-Narayanpur,Rural,20-29,195,111,84,22,15,7,30,16,14,16,7,9,56,37,19,7,5,2,8,2,6,45,21,24,11,8,3
C5120ST,22,415,District-Narayanpur,Rural,30-39,167,98,69,25,16,9,24,13,11,9,3,6,39,26,13,10,6,4,8,5,3,43,23,20,9,6,3
C5120ST,22,415,District-Narayanpur,Rural,40-49,177,118,59,18,11,7,41,30,11,7,4,3,54,41,13,7,3,4,4,2,2,36,22,14,10,5,5
C5120ST,22,415,District-Narayanpur,Rural,50-59,246,116,130,51,25,26,57,24,33,6,2,4,84,45,39,2,1,1,3,3,0,23,8,15,20,8,12
C5120ST,22,415,District-Narayanpur,Rural,60-69,327,137,190,73,39,34,59,21,38,0,0,0,120,42,78,0,0,0,3,1,2,13,5,8,59,29,30
C5120ST,22,415,District-Narayanpur,Rural,70-79,112,49,63,14,8,6,12,4,8,3,2,1,37,15,22,1,1,0,1,1,0,6,2,4,38,16,22
C5120ST,22,415,District-Narayanpur,Rural,80-89,31,15,16,4,4,0,6,3,3,0,0,0,12,5,7,0,0,0,0,0,0,0,0,0,9,3,6
C5120ST,22,415,District-Narayanpur,Rural,90+,11,4,7,2,0,2,2,1,1,1,0,1,3,2,1,0,0,0,0,0,0,2,1,1,1,0,1
C5120ST,22,415,District-Narayanpur,Rural,Age Not Stated,4,2,2,0,0,0,1,0,1,0,0,0,2,1,1,0,0,0,0,0,0,0,0,0,1,1,0
C5120ST,22,415,District-Narayanpur,Urban,Total,195,104,91,28,19,9,30,17,13,13,7,6,49,30,19,8,4,4,17,5,12,34,15,19,16,7,9
C5120ST,22,415,District-Narayanpur,Urban,0-4,4,2,2,0,0,0,0,0,0,1,0,1,0,0,0,0,0,0,0,0,0,2,1,1,1,1,0
C5120ST,22,415,District-Narayanpur,Urban,5-9,17,13,4,4,4,0,3,3,0,1,1,0,4,3,1,1,0,1,0,0,0,2,0,2,2,2,0
C5120ST,22,415,District-Narayanpur,Urban,10-19,42,24,18,4,3,1,3,2,1,6,3,3,9,4,5,3,2,1,2,1,1,14,9,5,1,0,1
C5120ST,22,415,District-Narayanpur,Urban,20-29,30,14,16,3,2,1,6,3,3,1,1,0,8,5,3,2,1,1,3,0,3,6,2,4,1,0,1
C5120ST,22,415,District-Narayanpur,Urban,30-39,32,13,19,2,1,1,4,2,2,2,0,2,10,6,4,2,1,1,5,2,3,4,1,3,3,0,3
C5120ST,22,415,District-Narayanpur,Urban,40-49,25,16,9,5,4,1,3,1,2,2,2,0,4,4,0,0,0,0,4,1,3,5,2,3,2,2,0
C5120ST,22,415,District-Narayanpur,Urban,50-59,21,10,11,4,2,2,4,2,2,0,0,0,7,3,4,0,0,0,2,1,1,1,0,1,3,2,1
C5120ST,22,415,District-Narayanpur,Urban,60-69,18,9,9,5,2,3,7,4,3,0,0,0,3,3,0,0,0,0,1,0,1,0,0,0,2,0,2
C5120ST,22,415,District-Narayanpur,Urban,70-79,4,3,1,1,1,0,0,0,0,0,0,0,2,2,0,0,0,0,0,0,0,0,0,0,1,0,1
C5120ST,22,415,District-Narayanpur,Urban,80-89,2,0,2,0,0,0,0,0,0,0,0,0,2,0,2,0,0,0,0,0,0,0,0,0,0,0,0
C5120ST,22,415,District-Narayanpur,Urban,90+,0,0,0,0,0,0,0,0,0,0,0,0,0,0,0,0,0,0,0,0,0,0,0,0,0,0,0
C5120ST,22,415,District-Narayanpur,Urban,Age Not Stated,0,0,0,0,0,0,0,0,0,0,0,0,0,0,0,0,0,0,0,0,0,0,0,0,0,0,0
C5120ST,22,416,District-Dakshin Bastar Dantewada,Total,Total,6866,3387,3479,1248,529,719,1352,682,670,307,159,148,2097,1120,977,260,128,132,185,97,88,829,426,403,588,246,342
C5120ST,22,416,District-Dakshin Bastar Dantewada,Total,0-4,249,132,117,32,14,18,38,19,19,5,2,3,59,34,25,16,9,7,8,6,2,69,36,33,22,12,10
C5120ST,22,416,District-Dakshin Bastar Dantewada,Total,5-9,525,295,230,59,31,28,125,69,56,40,22,18,127,63,64,34,19,15,12,8,4,85,56,29,43,27,16
C5120ST,22,416,District-Dakshin Bastar Dantewada,Total,10-19,1063,552,511,121,60,61,207,116,91,97,53,44,316,171,145,77,36,41,32,16,16,144,68,76,69,32,37
C5120ST,22,416,District-Dakshin Bastar Dantewada,Total,20-29,836,443,393,92,40,52,159,93,66,62,30,32,272,150,122,45,22,23,37,19,18,112,61,51,57,28,29
C5120ST,22,416,District-Dakshin Bastar Dantewada,Total,30-39,737,417,320,109,61,48,144,81,63,37,16,21,227,145,82,35,17,18,39,20,19,112,59,53,34,18,16
C5120ST,22,416,District-Dakshin Bastar Dantewada,Total,40-49,827,461,366,142,62,80,183,96,87,32,18,14,277,177,100,17,7,10,28,14,14,107,60,47,41,27,14
C5120ST,22,416,District-Dakshin Bastar Dantewada,Total,50-59,899,440,459,210,91,119,219,102,117,16,11,5,270,150,120,17,11,6,14,8,6,78,32,46,75,35,40
C5120ST,22,416,District-Dakshin Bastar Dantewada,Total,60-69,1098,428,670,332,117,215,177,70,107,12,2,10,351,156,195,11,3,8,11,5,6,78,35,43,126,40,86
C5120ST,22,416,District-Dakshin Bastar Dantewada,Total,70-79,488,160,328,113,36,77,80,27,53,6,5,1,163,63,100,6,4,2,4,1,3,31,10,21,85,14,71
C5120ST,22,416,District-Dakshin Bastar Dantewada,Total,80-89,117,44,73,29,11,18,16,7,9,0,0,0,29,9,20,1,0,1,0,0,0,10,6,4,32,11,21
C5120ST,22,416,District-Dakshin Bastar Dantewada,Total,90+,20,10,10,8,6,2,2,1,1,0,0,0,5,1,4,1,0,1,0,0,0,0,0,0,4,2,2
C5120ST,22,416,District-Dakshin Bastar Dantewada,Total,Age Not Stated,7,5,2,1,0,1,2,1,1,0,0,0,1,1,0,0,0,0,0,0,0,3,3,0,0,0,0
C5120ST,22,416,District-Dakshin Bastar Dantewada,Rural,Total,6378,3113,3265,1177,492,685,1269,636,633,274,139,135,1944,1028,916,229,111,118,165,90,75,779,397,382,541,220,321
C5120ST,22,416,District-Dakshin Bastar Dantewada,Rural,0-4,233,125,108,29,12,17,35,18,17,5,2,3,55,34,21,15,8,7,7,6,1,68,36,32,19,9,10
C5120ST,22,416,District-Dakshin Bastar Dantewada,Rural,5-9,466,253,213,53,27,26,101,50,51,38,21,17,118,56,62,28,15,13,12,8,4,77,51,26,39,25,14
C5120ST,22,416,District-Dakshin Bastar Dantewada,Rural,10-19,965,496,469,107,50,57,191,107,84,85,45,40,290,157,133,69,30,39,29,16,13,134,63,71,60,28,32
C5120ST,22,416,District-Dakshin Bastar Dantewada,Rural,20-29,764,401,363,87,38,49,150,89,61,58,27,31,244,132,112,40,20,20,32,17,15,106,56,50,47,22,25
C5120ST,22,416,District-Dakshin Bastar Dantewada,Rural,30-39,673,382,291,100,56,44,136,75,61,30,14,16,209,134,75,31,17,14,34,17,17,102,53,49,31,16,15
C5120ST,22,416,District-Dakshin Bastar Dantewada,Rural,40-49,772,429,343,131,56,75,179,94,85,29,16,13,256,165,91,15,6,9,23,12,11,102,56,46,37,24,13
C5120ST,22,416,District-Dakshin Bastar Dantewada,Rural,50-59,853,414,439,201,88,113,210,100,110,12,8,4,257,139,118,13,8,5,14,8,6,72,29,43,74,34,40
C5120ST,22,416,District-Dakshin Bastar Dantewada,Rural,60-69,1053,405,648,323,113,210,172,69,103,12,2,10,331,142,189,10,3,7,10,5,5,75,34,41,120,37,83
C5120ST,22,416,District-Dakshin Bastar Dantewada,Rural,70-79,462,152,310,108,35,73,77,26,51,5,4,1,151,58,93,6,4,2,4,1,3,30,10,20,81,14,67
C5120ST,22,416,District-Dakshin Bastar Dantewada,Rural,80-89,111,41,70,29,11,18,14,6,8,0,0,0,28,9,19,1,0,1,0,0,0,10,6,4,29,9,20
C5120ST,22,416,District-Dakshin Bastar Dantewada,Rural,90+,19,10,9,8,6,2,2,1,1,0,0,0,4,1,3,1,0,1,0,0,0,0,0,0,4,2,2
C5120ST,22,416,District-Dakshin Bastar Dantewada,Rural,Age Not Stated,7,5,2,1,0,1,2,1,1,0,0,0,1,1,0,0,0,0,0,0,0,3,3,0,0,0,0
C5120ST,22,416,District-Dakshin Bastar Dantewada,Urban,Total,488,274,214,71,37,34,83,46,37,33,20,13,153,92,61,31,17,14,20,7,13,50,29,21,47,26,21
C5120ST,22,416,District-Dakshin Bastar Dantewada,Urban,0-4,16,7,9,3,2,1,3,1,2,0,0,0,4,0,4,1,1,0,1,0,1,1,0,1,3,3,0
C5120ST,22,416,District-Dakshin Bastar Dantewada,Urban,5-9,59,42,17,6,4,2,24,19,5,2,1,1,9,7,2,6,4,2,0,0,0,8,5,3,4,2,2
C5120ST,22,416,District-Dakshin Bastar Dantewada,Urban,10-19,98,56,42,14,10,4,16,9,7,12,8,4,26,14,12,8,6,2,3,0,3,10,5,5,9,4,5
C5120ST,22,416,District-Dakshin Bastar Dantewada,Urban,20-29,72,42,30,5,2,3,9,4,5,4,3,1,28,18,10,5,2,3,5,2,3,6,5,1,10,6,4
C5120ST,22,416,District-Dakshin Bastar Dantewada,Urban,30-39,64,35,29,9,5,4,8,6,2,7,2,5,18,11,7,4,0,4,5,3,2,10,6,4,3,2,1
C5120ST,22,416,District-Dakshin Bastar Dantewada,Urban,40-49,55,32,23,11,6,5,4,2,2,3,2,1,21,12,9,2,1,1,5,2,3,5,4,1,4,3,1
C5120ST,22,416,District-Dakshin Bastar Dantewada,Urban,50-59,46,26,20,9,3,6,9,2,7,4,3,1,13,11,2,4,3,1,0,0,0,6,3,3,1,1,0
C5120ST,22,416,District-Dakshin Bastar Dantewada,Urban,60-69,45,23,22,9,4,5,5,1,4,0,0,0,20,14,6,1,0,1,1,0,1,3,1,2,6,3,3
C5120ST,22,416,District-Dakshin Bastar Dantewada,Urban,70-79,26,8,18,5,1,4,3,1,2,1,1,0,12,5,7,0,0,0,0,0,0,1,0,1,4,0,4
C5120ST,22,416,District-Dakshin Bastar Dantewada,Urban,80-89,6,3,3,0,0,0,2,1,1,0,0,0,1,0,1,0,0,0,0,0,0,0,0,0,3,2,1
C5120ST,22,416,District-Dakshin Bastar Dantewada,Urban,90+,1,0,1,0,0,0,0,0,0,0,0,0,1,0,1,0,0,0,0,0,0,0,0,0,0,0,0
C5120ST,22,416,District-Dakshin Bastar Dantewada,Urban,Age Not Stated,0,0,0,0,0,0,0,0,0,0,0,0,0,0,0,0,0,0,0,0,0,0,0,0,0,0,0
C5120ST,22,417,District-Bijapur,Total,Total,3488,1806,1682,762,369,393,846,453,393,151,82,69,792,448,344,113,67,46,80,40,40,451,206,245,293,141,152
C5120ST,22,417,District-Bijapur,Total,0-4,164,84,80,21,9,12,50,27,23,4,2,2,27,16,11,3,2,1,4,2,2,49,23,26,6,3,3
C5120ST,22,417,District-Bijapur,Total,5-9,305,165,140,40,28,12,72,32,40,32,17,15,64,38,26,10,5,5,3,3,0,60,25,35,24,17,7
C5120ST,22,417,District-Bijapur,Total,10-19,550,305,245,65,42,23,133,72,61,49,25,24,109,65,44,42,26,16,15,8,7,99,50,49,38,17,21
C5120ST,22,417,District-Bijapur,Total,20-29,462,253,209,53,28,25,113,69,44,30,17,13,100,63,37,22,12,10,17,5,12,93,42,51,34,17,17
C5120ST,22,417,District-Bijapur,Total,30-39,331,195,136,53,28,25,84,54,30,22,10,12,85,61,24,8,4,4,8,5,3,49,22,27,22,11,11
C5120ST,22,417,District-Bijapur,Total,40-49,444,241,203,100,45,55,123,62,61,6,6,0,126,78,48,11,8,3,15,10,5,45,23,22,18,9,9
C5120ST,22,417,District-Bijapur,Total,50-59,500,248,252,176,88,88,114,60,54,5,3,2,115,56,59,12,8,4,15,7,8,31,11,20,32,15,17
C5120ST,22,417,District-Bijapur,Total,60-69,480,208,272,169,71,98,107,53,54,2,1,1,118,54,64,4,2,2,3,0,3,17,6,11,60,21,39
C5120ST,22,417,District-Bijapur,Total,70-79,194,79,115,67,20,47,38,18,20,1,1,0,36,11,25,0,0,0,0,0,0,8,4,4,44,25,19
C5120ST,22,417,District-Bijapur,Total,80-89,45,24,21,14,9,5,12,6,6,0,0,0,9,5,4,0,0,0,0,0,0,0,0,0,10,4,6
C5120ST,22,417,District-Bijapur,Total,90+,12,4,8,4,1,3,0,0,0,0,0,0,3,1,2,0,0,0,0,0,0,0,0,0,5,2,3
C5120ST,22,417,District-Bijapur,Total,Age Not Stated,1,0,1,0,0,0,0,0,0,0,0,0,0,0,0,1,0,1,0,0,0,0,0,0,0,0,0
C5120ST,22,417,District-Bijapur,Rural,Total,3149,1623,1526,701,335,366,793,425,368,130,68,62,679,383,296,97,56,41,72,37,35,396,184,212,281,135,146
C5120ST,22,417,District-Bijapur,Rural,0-4,151,76,75,20,8,12,48,27,21,3,1,2,24,14,10,2,1,1,4,2,2,44,20,24,6,3,3
C5120ST,22,417,District-Bijapur,Rural,5-9,272,145,127,39,28,11,68,28,40,27,13,14,54,32,22,9,4,5,3,3,0,51,22,29,21,15,6
C5120ST,22,417,District-Bijapur,Rural,10-19,490,267,223,55,34,21,119,64,55,42,20,22,98,60,38,36,21,15,13,7,6,90,44,46,37,17,20
C5120ST,22,417,District-Bijapur,Rural,20-29,409,226,183,45,23,22,105,65,40,29,16,13,80,52,28,19,11,8,17,5,12,80,37,43,34,17,17
C5120ST,22,417,District-Bijapur,Rural,30-39,280,166,114,45,23,22,77,49,28,17,8,9,67,47,20,8,4,4,6,5,1,42,20,22,18,10,8
C5120ST,22,417,District-Bijapur,Rural,40-49,408,218,190,96,42,54,117,59,58,5,5,0,112,69,43,9,6,3,12,9,3,40,20,20,17,8,9
C5120ST,22,417,District-Bijapur,Rural,50-59,453,225,228,168,82,86,108,57,51,4,3,1,93,46,47,9,7,2,14,6,8,27,11,16,30,13,17
C5120ST,22,417,District-Bijapur,Rural,60-69,458,200,258,159,68,91,106,52,54,2,1,1,110,50,60,4,2,2,3,0,3,14,6,8,60,21,39
C5120ST,22,417,District-Bijapur,Rural,70-79,180,76,104,60,18,42,35,18,17,1,1,0,32,10,22,0,0,0,0,0,0,8,4,4,44,25,19
C5120ST,22,417,District-Bijapur,Rural,80-89,36,20,16,11,8,3,10,6,4,0,0,0,6,2,4,0,0,0,0,0,0,0,0,0,9,4,5
C5120ST,22,417,District-Bijapur,Rural,90+,11,4,7,3,1,2,0,0,0,0,0,0,3,1,2,0,0,0,0,0,0,0,0,0,5,2,3
C5120ST,22,417,District-Bijapur,Rural,Age Not Stated,1,0,1,0,0,0,0,0,0,0,0,0,0,0,0,1,0,1,0,0,0,0,0,0,0,0,0
C5120ST,22,417,District-Bijapur,Urban,Total,339,183,156,61,34,27,53,28,25,21,14,7,113,65,48,16,11,5,8,3,5,55,22,33,12,6,6
C5120ST,22,417,District-Bijapur,Urban,0-4,13,8,5,1,1,0,2,0,2,1,1,0,3,2,1,1,1,0,0,0,0,5,3,2,0,0,0
C5120ST,22,417,District-Bijapur,Urban,5-9,33,20,13,1,0,1,4,4,0,5,4,1,10,6,4,1,1,0,0,0,0,9,3,6,3,2,1
C5120ST,22,417,District-Bijapur,Urban,10-19,60,38,22,10,8,2,14,8,6,7,5,2,11,5,6,6,5,1,2,1,1,9,6,3,1,0,1
C5120ST,22,417,District-Bijapur,Urban,20-29,53,27,26,8,5,3,8,4,4,1,1,0,20,11,9,3,1,2,0,0,0,13,5,8,0,0,0
C5120ST,22,417,District-Bijapur,Urban,30-39,51,29,22,8,5,3,7,5,2,5,2,3,18,14,4,0,0,0,2,0,2,7,2,5,4,1,3
C5120ST,22,417,District-Bijapur,Urban,40-49,36,23,13,4,3,1,6,3,3,1,1,0,14,9,5,2,2,0,3,1,2,5,3,2,1,1,0
C5120ST,22,417,District-Bijapur,Urban,50-59,47,23,24,8,6,2,6,3,3,1,0,1,22,10,12,3,1,2,1,1,0,4,0,4,2,2,0
C5120ST,22,417,District-Bijapur,Urban,60-69,22,8,14,10,3,7,1,1,0,0,0,0,8,4,4,0,0,0,0,0,0,3,0,3,0,0,0
C5120ST,22,417,District-Bijapur,Urban,70-79,14,3,11,7,2,5,3,0,3,0,0,0,4,1,3,0,0,0,0,0,0,0,0,0,0,0,0
C5120ST,22,417,District-Bijapur,Urban,80-89,9,4,5,3,1,2,2,0,2,0,0,0,3,3,0,0,0,0,0,0,0,0,0,0,1,0,1
C5120ST,22,417,District-Bijapur,Urban,90+,1,0,1,1,0,1,0,0,0,0,0,0,0,0,0,0,0,0,0,0,0,0,0,0,0,0,0
C5120ST,22,417,District-Bijapur,Urban,Age Not Stated,0,0,0,0,0,0,0,0,0,0,0,0,0,0,0,0,0,0,0,0,0,0,0,0,0,0,0
C5120ST,23,0,State-MADHYA PRADESH,Total,Total,292850,160709,132141,53520,27858,25662,53446,28540,24906,9674,5465,4209,81166,47780,33386,12553,6978,5575,6428,3698,2730,53116,28577,24539,22947,11813,11134
C5120ST,23,0,State-MADHYA PRADESH,Total,0-4,17500,9172,8328,3755,1951,1804,4089,2086,2003,244,142,102,2547,1434,1113,572,296,276,97,50,47,5202,2661,2541,994,552,442
C5120ST,23,0,State-MADHYA PRADESH,Total,5-9,26225,14120,12105,4989,2628,2361,5359,2820,2539,1590,912,678,4145,2407,1738,1313,720,593,406,223,183,6076,3121,2955,2347,1289,1058
C5120ST,23,0,State-MADHYA PRADESH,Total,10-19,58496,32147,26349,9860,5391,4469,10574,5634,4940,2704,1503,1201,14681,8497,6184,3409,1811,1598,1337,734,603,11455,6032,5423,4476,2545,1931
C5120ST,23,0,State-MADHYA PRADESH,Total,20-29,43415,25626,17789,5769,3379,2390,7292,4066,3226,1571,923,648,14844,9332,5512,2250,1294,956,1306,806,500,7985,4446,3539,2398,1380,1018
C5120ST,23,0,State-MADHYA PRADESH,Total,30-39,34775,20712,14063,5000,2900,2100,6228,3560,2668,1231,700,531,10424,6700,3724,1941,1112,829,1293,786,507,6920,3943,2977,1738,1011,727
C5120ST,23,0,State-MADHYA PRADESH,Total,40-49,30107,17847,12260,4916,2797,2119,5595,3208,2387,925,513,412,8824,5612,3212,1481,897,584,970,567,403,5864,3349,2515,1532,904,628
C5120ST,23,0,State-MADHYA PRADESH,Total,50-59,23862,13603,10259,4686,2465,2221,4346,2389,1957,595,351,244,7586,4653,2933,828,478,350,535,299,236,3910,2176,1734,1376,792,584
C5120ST,23,0,State-MADHYA PRADESH,Total,60-69,28623,14079,14544,6943,3128,3815,5012,2455,2557,490,256,234,9240,4931,4309,490,246,244,314,158,156,3325,1718,1607,2809,1187,1622
C5120ST,23,0,State-MADHYA PRADESH,Total,70-79,20070,9080,10990,5261,2230,3031,3332,1536,1796,222,113,109,6170,2988,3182,178,84,94,127,53,74,1589,760,829,3191,1316,1875
C5120ST,23,0,State-MADHYA PRADESH,Total,80-89,7139,3139,4000,1780,736,1044,1192,567,625,64,30,34,2025,911,1114,52,26,26,30,14,16,488,229,259,1508,626,882
C5120ST,23,0,State-MADHYA PRADESH,Total,90+,2250,979,1271,504,227,277,361,180,181,28,15,13,612,279,333,26,7,19,5,2,3,151,65,86,563,204,359
C5120ST,23,0,State-MADHYA PRADESH,Total,Age Not Stated,388,205,183,57,26,31,66,39,27,10,7,3,68,36,32,13,7,6,8,6,2,151,77,74,15,7,8
C5120ST,23,0,State-MADHYA PRADESH,Rural,Total,270787,148165,122622,49624,25753,23871,49521,26418,23103,8593,4857,3736,75843,44487,31356,11544,6385,5159,5926,3402,2524,48455,26028,22427,21281,10835,10446
C5120ST,23,0,State-MADHYA PRADESH,Rural,0-4,16254,8531,7723,3453,1796,1657,3804,1948,1856,222,128,94,2423,1359,1064,532,274,258,95,49,46,4802,2465,2337,923,512,411
C5120ST,23,0,State-MADHYA PRADESH,Rural,5-9,24407,13116,11291,4632,2433,2199,5023,2620,2403,1456,830,626,3927,2283,1644,1240,682,558,380,213,167,5602,2886,2716,2147,1169,978
C5120ST,23,0,State-MADHYA PRADESH,Rural,10-19,53757,29422,24335,9016,4911,4105,9730,5190,4540,2399,1329,1070,13727,7901,5826,3127,1651,1476,1231,669,562,10481,5499,4982,4046,2272,1774
C5120ST,23,0,State-MADHYA PRADESH,Rural,20-29,39328,23270,16058,5163,3029,2134,6572,3694,2878,1358,806,552,13636,8595,5041,2035,1162,873,1178,730,448,7191,3991,3200,2195,1263,932
C5120ST,23,0,State-MADHYA PRADESH,Rural,30-39,31739,18888,12851,4526,2607,1919,5686,3245,2441,1079,626,453,9627,6191,3436,1778,1013,765,1189,719,470,6241,3561,2680,1613,926,687
C5120ST,23,0,State-MADHYA PRADESH,Rural,40-49,27724,16385,11339,4541,2602,1939,5132,2930,2202,825,457,368,8206,5186,3020,1373,829,544,897,523,374,5326,3029,2297,1424,829,595
C5120ST,23,0,State-MADHYA PRADESH,Rural,50-59,22136,12582,9554,4394,2306,2088,4078,2237,1841,516,300,216,7091,4337,2754,760,437,323,501,280,221,3546,1970,1576,1250,715,535
C5120ST,23,0,State-MADHYA PRADESH,Rural,60-69,27008,13210,13798,6614,2971,3643,4786,2347,2439,443,229,214,8735,4622,4113,451,223,228,293,149,144,3051,1574,1477,2635,1095,1540
C5120ST,23,0,State-MADHYA PRADESH,Rural,70-79,19108,8627,10481,5039,2142,2897,3174,1458,1716,199,101,98,5884,2844,3040,166,79,87,121,50,71,1486,704,782,3039,1249,1790
C5120ST,23,0,State-MADHYA PRADESH,Rural,80-89,6832,3012,3820,1713,715,998,1130,538,592,61,29,32,1941,869,1072,47,24,23,29,13,16,459,220,239,1452,604,848
C5120ST,23,0,State-MADHYA PRADESH,Rural,90+,2151,941,1210,482,218,264,347,178,169,26,15,11,583,266,317,24,6,18,5,2,3,140,60,80,544,196,348
C5120ST,23,0,State-MADHYA PRADESH,Rural,Age Not Stated,343,181,162,51,23,28,59,33,26,9,7,2,63,34,29,11,5,6,7,5,2,130,69,61,13,5,8
C5120ST,23,0,State-MADHYA PRADESH,Urban,Total,22063,12544,9519,3896,2105,1791,3925,2122,1803,1081,608,473,5323,3293,2030,1009,593,416,502,296,206,4661,2549,2112,1666,978,688
C5120ST,23,0,State-MADHYA PRADESH,Urban,0-4,1246,641,605,302,155,147,285,138,147,22,14,8,124,75,49,40,22,18,2,1,1,400,196,204,71,40,31
C5120ST,23,0,State-MADHYA PRADESH,Urban,5-9,1818,1004,814,357,195,162,336,200,136,134,82,52,218,124,94,73,38,35,26,10,16,474,235,239,200,120,80
C5120ST,23,0,State-MADHYA PRADESH,Urban,10-19,4739,2725,2014,844,480,364,844,444,400,305,174,131,954,596,358,282,160,122,106,65,41,974,533,441,430,273,157
C5120ST,23,0,State-MADHYA PRADESH,Urban,20-29,4087,2356,1731,606,350,256,720,372,348,213,117,96,1208,737,471,215,132,83,128,76,52,794,455,339,203,117,86
C5120ST,23,0,State-MADHYA PRADESH,Urban,30-39,3036,1824,1212,474,293,181,542,315,227,152,74,78,797,509,288,163,99,64,104,67,37,679,382,297,125,85,40
C5120ST,23,0,State-MADHYA PRADESH,Urban,40-49,2383,1462,921,375,195,180,463,278,185,100,56,44,618,426,192,108,68,40,73,44,29,538,320,218,108,75,33
C5120ST,23,0,State-MADHYA PRADESH,Urban,50-59,1726,1021,705,292,159,133,268,152,116,79,51,28,495,316,179,68,41,27,34,19,15,364,206,158,126,77,49
C5120ST,23,0,State-MADHYA PRADESH,Urban,60-69,1615,869,746,329,157,172,226,108,118,47,27,20,505,309,196,39,23,16,21,9,12,274,144,130,174,92,82
C5120ST,23,0,State-MADHYA PRADESH,Urban,70-79,962,453,509,222,88,134,158,78,80,23,12,11,286,144,142,12,5,7,6,3,3,103,56,47,152,67,85
C5120ST,23,0,State-MADHYA PRADESH,Urban,80-89,307,127,180,67,21,46,62,29,33,3,1,2,84,42,42,5,2,3,1,1,0,29,9,20,56,22,34
C5120ST,23,0,State-MADHYA PRADESH,Urban,90+,99,38,61,22,9,13,14,2,12,2,0,2,29,13,16,2,1,1,0,0,0,11,5,6,19,8,11
C5120ST,23,0,State-MADHYA PRADESH,Urban,Age Not Stated,45,24,21,6,3,3,7,6,1,1,0,1,5,2,3,2,2,0,1,1,0,21,8,13,2,2,0
C5120ST,23,418,District-Sheopur ,Total,Total,2286,1236,1050,564,268,296,378,207,171,52,26,26,654,379,275,102,58,44,60,35,25,327,187,140,149,76,73
C5120ST,23,418,District-Sheopur ,Total,0-4,142,73,69,32,19,13,21,10,11,2,1,1,37,17,20,3,1,2,4,2,2,33,16,17,10,7,3
C5120ST,23,418,District-Sheopur ,Total,5-9,227,133,94,44,26,18,39,23,16,12,6,6,58,33,25,9,6,3,3,3,0,53,28,25,9,8,1
C5120ST,23,418,District-Sheopur ,Total,10-19,469,280,189,67,41,26,76,46,30,11,7,4,144,86,58,30,19,11,15,8,7,89,50,39,37,23,14
C5120ST,23,418,District-Sheopur ,Total,20-29,301,187,114,39,28,11,47,30,17,7,4,3,121,71,50,20,12,8,12,8,4,42,26,16,13,8,5
C5120ST,23,418,District-Sheopur ,Total,30-39,241,149,92,51,23,28,37,28,9,8,2,6,76,51,25,19,11,8,10,7,3,29,19,10,11,8,3
C5120ST,23,418,District-Sheopur ,Total,40-49,231,135,96,64,32,32,41,23,18,6,3,3,68,46,22,9,4,5,5,2,3,31,23,8,7,2,5
C5120ST,23,418,District-Sheopur ,Total,50-59,229,102,127,88,34,54,45,19,26,4,2,2,44,22,22,5,2,3,9,3,6,24,14,10,10,6,4
C5120ST,23,418,District-Sheopur ,Total,60-69,238,93,145,103,36,67,36,14,22,1,0,1,56,31,25,5,2,3,2,2,0,14,5,9,21,3,18
C5120ST,23,418,District-Sheopur ,Total,70-79,165,66,99,60,22,38,31,13,18,1,1,0,40,17,23,2,1,1,0,0,0,8,4,4,23,8,15
C5120ST,23,418,District-Sheopur ,Total,80-89,37,16,21,14,7,7,5,1,4,0,0,0,9,4,5,0,0,0,0,0,0,3,2,1,6,2,4
C5120ST,23,418,District-Sheopur ,Total,90+,6,2,4,2,0,2,0,0,0,0,0,0,1,1,0,0,0,0,0,0,0,1,0,1,2,1,1
C5120ST,23,418,District-Sheopur ,Total,Age Not Stated,0,0,0,0,0,0,0,0,0,0,0,0,0,0,0,0,0,0,0,0,0,0,0,0,0,0,0
C5120ST,23,418,District-Sheopur ,Rural,Total,2203,1188,1015,553,262,291,368,200,168,49,24,25,624,361,263,100,57,43,58,34,24,312,177,135,139,73,66
C5120ST,23,418,District-Sheopur ,Rural,0-4,139,70,69,32,19,13,20,9,11,2,1,1,36,16,20,3,1,2,4,2,2,32,15,17,10,7,3
C5120ST,23,418,District-Sheopur ,Rural,5-9,219,129,90,43,26,17,39,23,16,11,5,6,53,31,22,9,6,3,3,3,0,52,27,25,9,8,1
C5120ST,23,418,District-Sheopur ,Rural,10-19,445,263,182,67,41,26,72,43,29,11,7,4,137,81,56,28,18,10,15,8,7,82,44,38,33,21,12
C5120ST,23,418,District-Sheopur ,Rural,20-29,289,180,109,37,26,11,46,30,16,7,4,3,115,67,48,20,12,8,11,8,3,40,25,15,13,8,5
C5120ST,23,418,District-Sheopur ,Rural,30-39,233,145,88,51,23,28,35,26,9,7,2,5,72,50,22,19,11,8,10,7,3,29,19,10,10,7,3
C5120ST,23,418,District-Sheopur ,Rural,40-49,226,133,93,63,31,32,40,23,17,6,3,3,67,45,22,9,4,5,5,2,3,31,23,8,5,2,3
C5120ST,23,418,District-Sheopur ,Rural,50-59,220,98,122,86,34,52,45,19,26,3,1,2,40,20,20,5,2,3,9,3,6,22,13,9,10,6,4
C5120ST,23,418,District-Sheopur ,Rural,60-69,232,89,143,103,36,67,35,13,22,1,0,1,54,29,25,5,2,3,1,1,0,13,5,8,20,3,17
C5120ST,23,418,District-Sheopur ,Rural,70-79,159,64,95,56,20,36,31,13,18,1,1,0,40,17,23,2,1,1,0,0,0,8,4,4,21,8,13
C5120ST,23,418,District-Sheopur ,Rural,80-89,36,15,21,13,6,7,5,1,4,0,0,0,9,4,5,0,0,0,0,0,0,3,2,1,6,2,4
C5120ST,23,418,District-Sheopur ,Rural,90+,5,2,3,2,0,2,0,0,0,0,0,0,1,1,0,0,0,0,0,0,0,0,0,0,2,1,1
C5120ST,23,418,District-Sheopur ,Rural,Age Not Stated,0,0,0,0,0,0,0,0,0,0,0,0,0,0,0,0,0,0,0,0,0,0,0,0,0,0,0
C5120ST,23,418,District-Sheopur ,Urban,Total,83,48,35,11,6,5,10,7,3,3,2,1,30,18,12,2,1,1,2,1,1,15,10,5,10,3,7
C5120ST,23,418,District-Sheopur ,Urban,0-4,3,3,0,0,0,0,1,1,0,0,0,0,1,1,0,0,0,0,0,0,0,1,1,0,0,0,0
C5120ST,23,418,District-Sheopur ,Urban,5-9,8,4,4,1,0,1,0,0,0,1,1,0,5,2,3,0,0,0,0,0,0,1,1,0,0,0,0
C5120ST,23,418,District-Sheopur ,Urban,10-19,24,17,7,0,0,0,4,3,1,0,0,0,7,5,2,2,1,1,0,0,0,7,6,1,4,2,2
C5120ST,23,418,District-Sheopur ,Urban,20-29,12,7,5,2,2,0,1,0,1,0,0,0,6,4,2,0,0,0,1,0,1,2,1,1,0,0,0
C5120ST,23,418,District-Sheopur ,Urban,30-39,8,4,4,0,0,0,2,2,0,1,0,1,4,1,3,0,0,0,0,0,0,0,0,0,1,1,0
C5120ST,23,418,District-Sheopur ,Urban,40-49,5,2,3,1,1,0,1,0,1,0,0,0,1,1,0,0,0,0,0,0,0,0,0,0,2,0,2
C5120ST,23,418,District-Sheopur ,Urban,50-59,9,4,5,2,0,2,0,0,0,1,1,0,4,2,2,0,0,0,0,0,0,2,1,1,0,0,0
C5120ST,23,418,District-Sheopur ,Urban,60-69,6,4,2,0,0,0,1,1,0,0,0,0,2,2,0,0,0,0,1,1,0,1,0,1,1,0,1
C5120ST,23,418,District-Sheopur ,Urban,70-79,6,2,4,4,2,2,0,0,0,0,0,0,0,0,0,0,0,0,0,0,0,0,0,0,2,0,2
C5120ST,23,418,District-Sheopur ,Urban,80-89,1,1,0,1,1,0,0,0,0,0,0,0,0,0,0,0,0,0,0,0,0,0,0,0,0,0,0
C5120ST,23,418,District-Sheopur ,Urban,90+,1,0,1,0,0,0,0,0,0,0,0,0,0,0,0,0,0,0,0,0,0,1,0,1,0,0,0
C5120ST,23,418,District-Sheopur ,Urban,Age Not Stated,0,0,0,0,0,0,0,0,0,0,0,0,0,0,0,0,0,0,0,0,0,0,0,0,0,0,0
C5120ST,23,419,District-Morena,Total,Total,218,124,94,45,23,22,30,16,14,10,6,4,64,41,23,6,6,0,3,2,1,36,20,16,24,10,14
C5120ST,23,419,District-Morena,Total,0-4,9,4,5,2,0,2,3,2,1,0,0,0,2,1,1,1,1,0,0,0,0,1,0,1,0,0,0
C5120ST,23,419,District-Morena,Total,5-9,19,11,8,4,3,1,1,1,0,0,0,0,6,2,4,0,0,0,0,0,0,7,5,2,1,0,1
C5120ST,23,419,District-Morena,Total,10-19,45,23,22,3,2,1,6,2,4,5,3,2,13,7,6,1,1,0,2,1,1,13,7,6,2,0,2
C5120ST,23,419,District-Morena,Total,20-29,29,21,8,4,1,3,5,4,1,2,1,1,11,11,0,1,1,0,0,0,0,4,2,2,2,1,1
C5120ST,23,419,District-Morena,Total,30-39,26,18,8,3,2,1,3,2,1,1,0,1,9,7,2,2,2,0,1,1,0,3,1,2,4,3,1
C5120ST,23,419,District-Morena,Total,40-49,19,15,4,4,3,1,4,2,2,2,2,0,6,5,1,1,1,0,0,0,0,2,2,0,0,0,0
C5120ST,23,419,District-Morena,Total,50-59,16,7,9,8,2,6,2,1,1,0,0,0,2,2,0,0,0,0,0,0,0,2,1,1,2,1,1
C5120ST,23,419,District-Morena,Total,60-69,27,13,14,6,3,3,3,1,2,0,0,0,10,6,4,0,0,0,0,0,0,4,2,2,4,1,3
C5120ST,23,419,District-Morena,Total,70-79,20,9,11,10,6,4,2,1,1,0,0,0,4,0,4,0,0,0,0,0,0,0,0,0,4,2,2
C5120ST,23,419,District-Morena,Total,80-89,2,0,2,0,0,0,1,0,1,0,0,0,0,0,0,0,0,0,0,0,0,0,0,0,1,0,1
C5120ST,23,419,District-Morena,Total,90+,6,3,3,1,1,0,0,0,0,0,0,0,1,0,1,0,0,0,0,0,0,0,0,0,4,2,2
C5120ST,23,419,District-Morena,Total,Age Not Stated,0,0,0,0,0,0,0,0,0,0,0,0,0,0,0,0,0,0,0,0,0,0,0,0,0,0,0
C5120ST,23,419,District-Morena,Rural,Total,185,103,82,43,22,21,26,15,11,8,4,4,54,32,22,4,4,0,2,1,1,25,16,9,23,9,14
C5120ST,23,419,District-Morena,Rural,0-4,8,4,4,1,0,1,3,2,1,0,0,0,2,1,1,1,1,0,0,0,0,1,0,1,0,0,0
C5120ST,23,419,District-Morena,Rural,5-9,16,9,7,4,3,1,1,1,0,0,0,0,5,1,4,0,0,0,0,0,0,5,4,1,1,0,1
C5120ST,23,419,District-Morena,Rural,10-19,37,18,19,3,2,1,6,2,4,3,1,2,11,6,5,1,1,0,2,1,1,9,5,4,2,0,2
C5120ST,23,419,District-Morena,Rural,20-29,23,16,7,4,1,3,5,4,1,2,1,1,7,7,0,0,0,0,0,0,0,3,2,1,2,1,1
C5120ST,23,419,District-Morena,Rural,30-39,20,14,6,2,1,1,3,2,1,1,0,1,8,6,2,1,1,0,0,0,0,1,1,0,4,3,1
C5120ST,23,419,District-Morena,Rural,40-49,15,13,2,4,3,1,2,2,0,2,2,0,5,4,1,1,1,0,0,0,0,1,1,0,0,0,0
C5120ST,23,419,District-Morena,Rural,50-59,15,6,9,8,2,6,2,1,1,0,0,0,2,2,0,0,0,0,0,0,0,2,1,1,1,0,1
C5120ST,23,419,District-Morena,Rural,60-69,24,11,13,6,3,3,2,0,2,0,0,0,9,5,4,0,0,0,0,0,0,3,2,1,4,1,3
C5120ST,23,419,District-Morena,Rural,70-79,20,9,11,10,6,4,2,1,1,0,0,0,4,0,4,0,0,0,0,0,0,0,0,0,4,2,2
C5120ST,23,419,District-Morena,Rural,80-89,1,0,1,0,0,0,0,0,0,0,0,0,0,0,0,0,0,0,0,0,0,0,0,0,1,0,1
C5120ST,23,419,District-Morena,Rural,90+,6,3,3,1,1,0,0,0,0,0,0,0,1,0,1,0,0,0,0,0,0,0,0,0,4,2,2
C5120ST,23,419,District-Morena,Rural,Age Not Stated,0,0,0,0,0,0,0,0,0,0,0,0,0,0,0,0,0,0,0,0,0,0,0,0,0,0,0
C5120ST,23,419,District-Morena,Urban,Total,33,21,12,2,1,1,4,1,3,2,2,0,10,9,1,2,2,0,1,1,0,11,4,7,1,1,0
C5120ST,23,419,District-Morena,Urban,0-4,1,0,1,1,0,1,0,0,0,0,0,0,0,0,0,0,0,0,0,0,0,0,0,0,0,0,0
C5120ST,23,419,District-Morena,Urban,5-9,3,2,1,0,0,0,0,0,0,0,0,0,1,1,0,0,0,0,0,0,0,2,1,1,0,0,0
C5120ST,23,419,District-Morena,Urban,10-19,8,5,3,0,0,0,0,0,0,2,2,0,2,1,1,0,0,0,0,0,0,4,2,2,0,0,0
C5120ST,23,419,District-Morena,Urban,20-29,6,5,1,0,0,0,0,0,0,0,0,0,4,4,0,1,1,0,0,0,0,1,0,1,0,0,0
C5120ST,23,419,District-Morena,Urban,30-39,6,4,2,1,1,0,0,0,0,0,0,0,1,1,0,1,1,0,1,1,0,2,0,2,0,0,0
C5120ST,23,419,District-Morena,Urban,40-49,4,2,2,0,0,0,2,0,2,0,0,0,1,1,0,0,0,0,0,0,0,1,1,0,0,0,0
C5120ST,23,419,District-Morena,Urban,50-59,1,1,0,0,0,0,0,0,0,0,0,0,0,0,0,0,0,0,0,0,0,0,0,0,1,1,0
C5120ST,23,419,District-Morena,Urban,60-69,3,2,1,0,0,0,1,1,0,0,0,0,1,1,0,0,0,0,0,0,0,1,0,1,0,0,0
C5120ST,23,419,District-Morena,Urban,70-79,0,0,0,0,0,0,0,0,0,0,0,0,0,0,0,0,0,0,0,0,0,0,0,0,0,0,0
C5120ST,23,419,District-Morena,Urban,80-89,1,0,1,0,0,0,1,0,1,0,0,0,0,0,0,0,0,0,0,0,0,0,0,0,0,0,0
C5120ST,23,419,District-Morena,Urban,90+,0,0,0,0,0,0,0,0,0,0,0,0,0,0,0,0,0,0,0,0,0,0,0,0,0,0,0
C5120ST,23,419,District-Morena,Urban,Age Not Stated,0,0,0,0,0,0,0,0,0,0,0,0,0,0,0,0,0,0,0,0,0,0,0,0,0,0,0
C5120ST,23,420,District-Bhind,Total,Total,128,74,54,8,4,4,17,7,10,7,6,1,36,23,13,5,3,2,0,0,0,50,29,21,5,2,3
C5120ST,23,420,District-Bhind,Total,0-4,11,3,8,0,0,0,4,0,4,0,0,0,1,1,0,0,0,0,0,0,0,6,2,4,0,0,0
C5120ST,23,420,District-Bhind,Total,5-9,14,8,6,0,0,0,1,1,0,3,3,0,2,1,1,1,0,1,0,0,0,6,3,3,1,0,1
C5120ST,23,420,District-Bhind,Total,10-19,30,17,13,4,1,3,3,1,2,2,2,0,9,4,5,1,1,0,0,0,0,10,7,3,1,1,0
C5120ST,23,420,District-Bhind,Total,20-29,27,19,8,0,0,0,2,2,0,1,1,0,8,5,3,1,1,0,0,0,0,14,9,5,1,1,0
C5120ST,23,420,District-Bhind,Total,30-39,15,11,4,1,1,0,0,0,0,0,0,0,7,7,0,2,1,1,0,0,0,5,2,3,0,0,0
C5120ST,23,420,District-Bhind,Total,40-49,11,5,6,0,0,0,2,1,1,1,0,1,4,3,1,0,0,0,0,0,0,4,1,3,0,0,0
C5120ST,23,420,District-Bhind,Total,50-59,7,6,1,0,0,0,2,2,0,0,0,0,3,2,1,0,0,0,0,0,0,2,2,0,0,0,0
C5120ST,23,420,District-Bhind,Total,60-69,7,3,4,1,0,1,2,0,2,0,0,0,0,0,0,0,0,0,0,0,0,3,3,0,1,0,1
C5120ST,23,420,District-Bhind,Total,70-79,4,2,2,2,2,0,0,0,0,0,0,0,1,0,1,0,0,0,0,0,0,0,0,0,1,0,1
C5120ST,23,420,District-Bhind,Total,80-89,2,0,2,0,0,0,1,0,1,0,0,0,1,0,1,0,0,0,0,0,0,0,0,0,0,0,0
C5120ST,23,420,District-Bhind,Total,90+,0,0,0,0,0,0,0,0,0,0,0,0,0,0,0,0,0,0,0,0,0,0,0,0,0,0,0
C5120ST,23,420,District-Bhind,Total,Age Not Stated,0,0,0,0,0,0,0,0,0,0,0,0,0,0,0,0,0,0,0,0,0,0,0,0,0,0,0
C5120ST,23,420,District-Bhind,Rural,Total,21,14,7,0,0,0,6,3,3,1,1,0,8,7,1,1,1,0,0,0,0,4,2,2,1,0,1
C5120ST,23,420,District-Bhind,Rural,0-4,4,2,2,0,0,0,2,0,2,0,0,0,1,1,0,0,0,0,0,0,0,1,1,0,0,0,0
C5120ST,23,420,District-Bhind,Rural,5-9,3,1,2,0,0,0,1,1,0,0,0,0,0,0,0,0,0,0,0,0,0,1,0,1,1,0,1
C5120ST,23,420,District-Bhind,Rural,10-19,4,3,1,0,0,0,1,0,1,1,1,0,1,1,0,0,0,0,0,0,0,1,1,0,0,0,0
C5120ST,23,420,District-Bhind,Rural,20-29,5,4,1,0,0,0,2,2,0,0,0,0,2,2,0,0,0,0,0,0,0,1,0,1,0,0,0
C5120ST,23,420,District-Bhind,Rural,30-39,1,1,0,0,0,0,0,0,0,0,0,0,0,0,0,1,1,0,0,0,0,0,0,0,0,0,0
C5120ST,23,420,District-Bhind,Rural,40-49,3,2,1,0,0,0,0,0,0,0,0,0,3,2,1,0,0,0,0,0,0,0,0,0,0,0,0
C5120ST,23,420,District-Bhind,Rural,50-59,1,1,0,0,0,0,0,0,0,0,0,0,1,1,0,0,0,0,0,0,0,0,0,0,0,0,0
C5120ST,23,420,District-Bhind,Rural,60-69,0,0,0,0,0,0,0,0,0,0,0,0,0,0,0,0,0,0,0,0,0,0,0,0,0,0,0
C5120ST,23,420,District-Bhind,Rural,70-79,0,0,0,0,0,0,0,0,0,0,0,0,0,0,0,0,0,0,0,0,0,0,0,0,0,0,0
C5120ST,23,420,District-Bhind,Rural,80-89,0,0,0,0,0,0,0,0,0,0,0,0,0,0,0,0,0,0,0,0,0,0,0,0,0,0,0
C5120ST,23,420,District-Bhind,Rural,90+,0,0,0,0,0,0,0,0,0,0,0,0,0,0,0,0,0,0,0,0,0,0,0,0,0,0,0
C5120ST,23,420,District-Bhind,Rural,Age Not Stated,0,0,0,0,0,0,0,0,0,0,0,0,0,0,0,0,0,0,0,0,0,0,0,0,0,0,0
C5120ST,23,420,District-Bhind,Urban,Total,107,60,47,8,4,4,11,4,7,6,5,1,28,16,12,4,2,2,0,0,0,46,27,19,4,2,2
C5120ST,23,420,District-Bhind,Urban,0-4,7,1,6,0,0,0,2,0,2,0,0,0,0,0,0,0,0,0,0,0,0,5,1,4,0,0,0
C5120ST,23,420,District-Bhind,Urban,5-9,11,7,4,0,0,0,0,0,0,3,3,0,2,1,1,1,0,1,0,0,0,5,3,2,0,0,0
C5120ST,23,420,District-Bhind,Urban,10-19,26,14,12,4,1,3,2,1,1,1,1,0,8,3,5,1,1,0,0,0,0,9,6,3,1,1,0
C5120ST,23,420,District-Bhind,Urban,20-29,22,15,7,0,0,0,0,0,0,1,1,0,6,3,3,1,1,0,0,0,0,13,9,4,1,1,0
C5120ST,23,420,District-Bhind,Urban,30-39,14,10,4,1,1,0,0,0,0,0,0,0,7,7,0,1,0,1,0,0,0,5,2,3,0,0,0
C5120ST,23,420,District-Bhind,Urban,40-49,8,3,5,0,0,0,2,1,1,1,0,1,1,1,0,0,0,0,0,0,0,4,1,3,0,0,0
C5120ST,23,420,District-Bhind,Urban,50-59,6,5,1,0,0,0,2,2,0,0,0,0,2,1,1,0,0,0,0,0,0,2,2,0,0,0,0
C5120ST,23,420,District-Bhind,Urban,60-69,7,3,4,1,0,1,2,0,2,0,0,0,0,0,0,0,0,0,0,0,0,3,3,0,1,0,1
C5120ST,23,420,District-Bhind,Urban,70-79,4,2,2,2,2,0,0,0,0,0,0,0,1,0,1,0,0,0,0,0,0,0,0,0,1,0,1
C5120ST,23,420,District-Bhind,Urban,80-89,2,0,2,0,0,0,1,0,1,0,0,0,1,0,1,0,0,0,0,0,0,0,0,0,0,0,0
C5120ST,23,420,District-Bhind,Urban,90+,0,0,0,0,0,0,0,0,0,0,0,0,0,0,0,0,0,0,0,0,0,0,0,0,0,0,0
C5120ST,23,420,District-Bhind,Urban,Age Not Stated,0,0,0,0,0,0,0,0,0,0,0,0,0,0,0,0,0,0,0,0,0,0,0,0,0,0,0
C5120ST,23,421,District-Gwalior,Total,Total,1129,639,490,161,70,91,203,112,91,47,28,19,334,208,126,48,24,24,21,15,6,265,153,112,50,29,21
C5120ST,23,421,District-Gwalior,Total,0-4,80,48,32,8,4,4,16,9,7,2,2,0,11,6,5,2,1,1,0,0,0,39,25,14,2,1,1
C5120ST,23,421,District-Gwalior,Total,5-9,101,55,46,11,5,6,23,10,13,6,5,1,25,16,9,4,2,2,1,0,1,28,16,12,3,1,2
C5120ST,23,421,District-Gwalior,Total,10-19,245,144,101,26,14,12,31,20,11,11,5,6,77,49,28,17,8,9,6,5,1,63,34,29,14,9,5
C5120ST,23,421,District-Gwalior,Total,20-29,204,129,75,20,12,8,39,23,16,9,6,3,79,51,28,13,8,5,3,3,0,35,21,14,6,5,1
C5120ST,23,421,District-Gwalior,Total,30-39,168,101,67,21,12,9,33,21,12,6,3,3,55,38,17,4,2,2,7,4,3,40,19,21,2,2,0
C5120ST,23,421,District-Gwalior,Total,40-49,97,59,38,16,6,10,20,11,9,4,2,2,23,14,9,4,3,1,3,2,1,24,19,5,3,2,1
C5120ST,23,421,District-Gwalior,Total,50-59,69,41,28,8,4,4,15,8,7,5,3,2,18,12,6,2,0,2,1,1,0,16,10,6,4,3,1
C5120ST,23,421,District-Gwalior,Total,60-69,84,29,55,26,6,20,18,6,12,3,1,2,21,11,10,2,0,2,0,0,0,9,2,7,5,3,2
C5120ST,23,421,District-Gwalior,Total,70-79,51,20,31,16,4,12,6,4,2,1,1,0,17,6,11,0,0,0,0,0,0,6,4,2,5,1,4
C5120ST,23,421,District-Gwalior,Total,80-89,25,10,15,8,2,6,1,0,1,0,0,0,5,3,2,0,0,0,0,0,0,5,3,2,6,2,4
C5120ST,23,421,District-Gwalior,Total,90+,4,3,1,1,1,0,0,0,0,0,0,0,3,2,1,0,0,0,0,0,0,0,0,0,0,0,0
C5120ST,23,421,District-Gwalior,Total,Age Not Stated,1,0,1,0,0,0,1,0,1,0,0,0,0,0,0,0,0,0,0,0,0,0,0,0,0,0,0
C5120ST,23,421,District-Gwalior,Rural,Total,835,452,383,133,56,77,143,78,65,29,16,13,243,145,98,39,16,23,12,7,5,200,117,83,36,17,19
C5120ST,23,421,District-Gwalior,Rural,0-4,61,39,22,7,4,3,10,8,2,1,1,0,7,3,4,2,1,1,0,0,0,32,21,11,2,1,1
C5120ST,23,421,District-Gwalior,Rural,5-9,79,40,39,10,4,6,17,6,11,4,3,1,21,14,7,2,0,2,1,0,1,22,13,9,2,0,2
C5120ST,23,421,District-Gwalior,Rural,10-19,177,98,79,20,12,8,21,13,8,7,2,5,63,38,25,12,3,9,4,3,1,41,23,18,9,4,5
C5120ST,23,421,District-Gwalior,Rural,20-29,147,99,48,19,12,7,27,17,10,4,4,0,53,35,18,13,8,5,2,2,0,26,18,8,3,3,0
C5120ST,23,421,District-Gwalior,Rural,30-39,116,62,54,14,7,7,24,14,10,4,1,3,37,23,14,4,2,2,3,1,2,28,12,16,2,2,0
C5120ST,23,421,District-Gwalior,Rural,40-49,61,36,25,11,4,7,13,6,7,3,2,1,12,7,5,2,2,0,2,1,1,18,14,4,0,0,0
C5120ST,23,421,District-Gwalior,Rural,50-59,54,32,22,7,3,4,9,5,4,3,2,1,14,10,4,2,0,2,0,0,0,16,10,6,3,2,1
C5120ST,23,421,District-Gwalior,Rural,60-69,68,19,49,21,4,17,16,5,11,2,0,2,15,7,8,2,0,2,0,0,0,8,1,7,4,2,2
C5120ST,23,421,District-Gwalior,Rural,70-79,47,16,31,15,3,12,6,4,2,1,1,0,15,4,11,0,0,0,0,0,0,5,3,2,5,1,4
C5120ST,23,421,District-Gwalior,Rural,80-89,21,8,13,8,2,6,0,0,0,0,0,0,3,2,1,0,0,0,0,0,0,4,2,2,6,2,4
C5120ST,23,421,District-Gwalior,Rural,90+,4,3,1,1,1,0,0,0,0,0,0,0,3,2,1,0,0,0,0,0,0,0,0,0,0,0,0
C5120ST,23,421,District-Gwalior,Rural,Age Not Stated,0,0,0,0,0,0,0,0,0,0,0,0,0,0,0,0,0,0,0,0,0,0,0,0,0,0,0
C5120ST,23,421,District-Gwalior,Urban,Total,294,187,107,28,14,14,60,34,26,18,12,6,91,63,28,9,8,1,9,8,1,65,36,29,14,12,2
C5120ST,23,421,District-Gwalior,Urban,0-4,19,9,10,1,0,1,6,1,5,1,1,0,4,3,1,0,0,0,0,0,0,7,4,3,0,0,0
C5120ST,23,421,District-Gwalior,Urban,5-9,22,15,7,1,1,0,6,4,2,2,2,0,4,2,2,2,2,0,0,0,0,6,3,3,1,1,0
C5120ST,23,421,District-Gwalior,Urban,10-19,68,46,22,6,2,4,10,7,3,4,3,1,14,11,3,5,5,0,2,2,0,22,11,11,5,5,0
C5120ST,23,421,District-Gwalior,Urban,20-29,57,30,27,1,0,1,12,6,6,5,2,3,26,16,10,0,0,0,1,1,0,9,3,6,3,2,1
C5120ST,23,421,District-Gwalior,Urban,30-39,52,39,13,7,5,2,9,7,2,2,2,0,18,15,3,0,0,0,4,3,1,12,7,5,0,0,0
C5120ST,23,421,District-Gwalior,Urban,40-49,36,23,13,5,2,3,7,5,2,1,0,1,11,7,4,2,1,1,1,1,0,6,5,1,3,2,1
C5120ST,23,421,District-Gwalior,Urban,50-59,15,9,6,1,1,0,6,3,3,2,1,1,4,2,2,0,0,0,1,1,0,0,0,0,1,1,0
C5120ST,23,421,District-Gwalior,Urban,60-69,16,10,6,5,2,3,2,1,1,1,1,0,6,4,2,0,0,0,0,0,0,1,1,0,1,1,0
C5120ST,23,421,District-Gwalior,Urban,70-79,4,4,0,1,1,0,0,0,0,0,0,0,2,2,0,0,0,0,0,0,0,1,1,0,0,0,0
C5120ST,23,421,District-Gwalior,Urban,80-89,4,2,2,0,0,0,1,0,1,0,0,0,2,1,1,0,0,0,0,0,0,1,1,0,0,0,0
C5120ST,23,421,District-Gwalior,Urban,90+,0,0,0,0,0,0,0,0,0,0,0,0,0,0,0,0,0,0,0,0,0,0,0,0,0,0,0
C5120ST,23,421,District-Gwalior,Urban,Age Not Stated,1,0,1,0,0,0,1,0,1,0,0,0,0,0,0,0,0,0,0,0,0,0,0,0,0,0,0
C5120ST,23,422,District-Datia,Total,Total,224,137,87,34,16,18,46,28,18,3,1,2,67,47,20,7,4,3,5,3,2,31,21,10,31,17,14
C5120ST,23,422,District-Datia,Total,0-4,19,11,8,3,1,2,4,3,1,0,0,0,3,2,1,0,0,0,0,0,0,7,3,4,2,2,0
C5120ST,23,422,District-Datia,Total,5-9,14,10,4,3,2,1,2,2,0,0,0,0,2,1,1,0,0,0,0,0,0,2,2,0,5,3,2
C5120ST,23,422,District-Datia,Total,10-19,41,27,14,8,4,4,8,5,3,0,0,0,8,8,0,4,1,3,1,1,0,6,5,1,6,3,3
C5120ST,23,422,District-Datia,Total,20-29,25,19,6,2,1,1,3,2,1,1,1,0,12,10,2,0,0,0,1,1,0,5,3,2,1,1,0
C5120ST,23,422,District-Datia,Total,30-39,31,16,15,2,1,1,8,5,3,1,0,1,12,6,6,2,2,0,1,0,1,4,2,2,1,0,1
C5120ST,23,422,District-Datia,Total,40-49,20,14,6,0,0,0,6,5,1,0,0,0,10,7,3,0,0,0,1,0,1,3,2,1,0,0,0
C5120ST,23,422,District-Datia,Total,50-59,19,10,9,4,1,3,3,2,1,1,0,1,7,5,2,1,1,0,0,0,0,1,1,0,2,0,2
C5120ST,23,422,District-Datia,Total,60-69,25,13,12,5,3,2,4,0,4,0,0,0,5,4,1,0,0,0,1,1,0,2,2,0,8,3,5
C5120ST,23,422,District-Datia,Total,70-79,17,11,6,7,3,4,4,2,2,0,0,0,1,1,0,0,0,0,0,0,0,1,1,0,4,4,0
C5120ST,23,422,District-Datia,Total,80-89,12,6,6,0,0,0,4,2,2,0,0,0,6,3,3,0,0,0,0,0,0,0,0,0,2,1,1
C5120ST,23,422,District-Datia,Total,90+,1,0,1,0,0,0,0,0,0,0,0,0,1,0,1,0,0,0,0,0,0,0,0,0,0,0,0
C5120ST,23,422,District-Datia,Total,Age Not Stated,0,0,0,0,0,0,0,0,0,0,0,0,0,0,0,0,0,0,0,0,0,0,0,0,0,0,0
C5120ST,23,422,District-Datia,Rural,Total,169,101,68,29,12,17,39,22,17,1,0,1,51,38,13,6,4,2,5,3,2,19,13,6,19,9,10
C5120ST,23,422,District-Datia,Rural,0-4,14,8,6,3,1,2,2,1,1,0,0,0,3,2,1,0,0,0,0,0,0,5,3,2,1,1,0
C5120ST,23,422,District-Datia,Rural,5-9,6,6,0,2,2,0,1,1,0,0,0,0,1,1,0,0,0,0,0,0,0,1,1,0,1,1,0
C5120ST,23,422,District-Datia,Rural,10-19,29,17,12,5,1,4,6,4,2,0,0,0,6,6,0,3,1,2,1,1,0,5,4,1,3,0,3
C5120ST,23,422,District-Datia,Rural,20-29,18,13,5,2,1,1,3,2,1,0,0,0,9,8,1,0,0,0,1,1,0,2,0,2,1,1,0
C5120ST,23,422,District-Datia,Rural,30-39,25,14,11,2,1,1,7,4,3,0,0,0,10,6,4,2,2,0,1,0,1,2,1,1,1,0,1
C5120ST,23,422,District-Datia,Rural,40-49,14,10,4,0,0,0,6,5,1,0,0,0,6,4,2,0,0,0,1,0,1,1,1,0,0,0,0
C5120ST,23,422,District-Datia,Rural,50-59,13,7,6,4,1,3,2,1,1,1,0,1,4,3,1,1,1,0,0,0,0,1,1,0,0,0,0
C5120ST,23,422,District-Datia,Rural,60-69,24,12,12,5,3,2,4,0,4,0,0,0,5,4,1,0,0,0,1,1,0,1,1,0,8,3,5
C5120ST,23,422,District-Datia,Rural,70-79,15,9,6,6,2,4,4,2,2,0,0,0,1,1,0,0,0,0,0,0,0,1,1,0,3,3,0
C5120ST,23,422,District-Datia,Rural,80-89,10,5,5,0,0,0,4,2,2,0,0,0,5,3,2,0,0,0,0,0,0,0,0,0,1,0,1
C5120ST,23,422,District-Datia,Rural,90+,1,0,1,0,0,0,0,0,0,0,0,0,1,0,1,0,0,0,0,0,0,0,0,0,0,0,0
C5120ST,23,422,District-Datia,Rural,Age Not Stated,0,0,0,0,0,0,0,0,0,0,0,0,0,0,0,0,0,0,0,0,0,0,0,0,0,0,0
C5120ST,23,422,District-Datia,Urban,Total,55,36,19,5,4,1,7,6,1,2,1,1,16,9,7,1,0,1,0,0,0,12,8,4,12,8,4
C5120ST,23,422,District-Datia,Urban,0-4,5,3,2,0,0,0,2,2,0,0,0,0,0,0,0,0,0,0,0,0,0,2,0,2,1,1,0
C5120ST,23,422,District-Datia,Urban,5-9,8,4,4,1,0,1,1,1,0,0,0,0,1,0,1,0,0,0,0,0,0,1,1,0,4,2,2
C5120ST,23,422,District-Datia,Urban,10-19,12,10,2,3,3,0,2,1,1,0,0,0,2,2,0,1,0,1,0,0,0,1,1,0,3,3,0
C5120ST,23,422,District-Datia,Urban,20-29,7,6,1,0,0,0,0,0,0,1,1,0,3,2,1,0,0,0,0,0,0,3,3,0,0,0,0
C5120ST,23,422,District-Datia,Urban,30-39,6,2,4,0,0,0,1,1,0,1,0,1,2,0,2,0,0,0,0,0,0,2,1,1,0,0,0
C5120ST,23,422,District-Datia,Urban,40-49,6,4,2,0,0,0,0,0,0,0,0,0,4,3,1,0,0,0,0,0,0,2,1,1,0,0,0
C5120ST,23,422,District-Datia,Urban,50-59,6,3,3,0,0,0,1,1,0,0,0,0,3,2,1,0,0,0,0,0,0,0,0,0,2,0,2
C5120ST,23,422,District-Datia,Urban,60-69,1,1,0,0,0,0,0,0,0,0,0,0,0,0,0,0,0,0,0,0,0,1,1,0,0,0,0
C5120ST,23,422,District-Datia,Urban,70-79,2,2,0,1,1,0,0,0,0,0,0,0,0,0,0,0,0,0,0,0,0,0,0,0,1,1,0
C5120ST,23,422,District-Datia,Urban,80-89,2,1,1,0,0,0,0,0,0,0,0,0,1,0,1,0,0,0,0,0,0,0,0,0,1,1,0
C5120ST,23,422,District-Datia,Urban,90+,0,0,0,0,0,0,0,0,0,0,0,0,0,0,0,0,0,0,0,0,0,0,0,0,0,0,0
C5120ST,23,422,District-Datia,Urban,Age Not Stated,0,0,0,0,0,0,0,0,0,0,0,0,0,0,0,0,0,0,0,0,0,0,0,0,0,0,0
C5120ST,23,423,District-Shivpuri,Total,Total,4144,2283,1861,805,399,406,1001,555,446,99,53,46,957,596,361,127,67,60,79,38,41,887,478,409,189,97,92
C5120ST,23,423,District-Shivpuri,Total,0-4,372,191,181,71,43,28,99,48,51,1,1,0,37,15,22,13,10,3,5,3,2,139,67,72,7,4,3
C5120ST,23,423,District-Shivpuri,Total,5-9,480,251,229,98,50,48,100,58,42,15,9,6,72,38,34,19,8,11,9,2,7,147,74,73,20,12,8
C5120ST,23,423,District-Shivpuri,Total,10-19,870,503,367,150,85,65,190,109,81,25,13,12,215,146,69,31,13,18,22,11,11,202,107,95,35,19,16
C5120ST,23,423,District-Shivpuri,Total,20-29,578,372,206,75,38,37,151,95,56,17,9,8,164,127,37,18,12,6,10,6,4,125,75,50,18,10,8
C5120ST,23,423,District-Shivpuri,Total,30-39,520,295,225,76,37,39,138,80,58,20,11,9,138,85,53,16,9,7,14,8,6,100,54,46,18,11,7
C5120ST,23,423,District-Shivpuri,Total,40-49,357,223,134,67,40,27,103,65,38,7,2,5,86,57,29,14,8,6,7,5,2,65,38,27,8,8,0
C5120ST,23,423,District-Shivpuri,Total,50-59,297,168,129,61,34,27,76,40,36,5,3,2,79,49,30,8,3,5,5,3,2,53,30,23,10,6,4
C5120ST,23,423,District-Shivpuri,Total,60-69,350,163,187,120,47,73,70,30,40,5,2,3,85,49,36,5,3,2,3,0,3,32,21,11,30,11,19
C5120ST,23,423,District-Shivpuri,Total,70-79,228,84,144,61,18,43,52,19,33,4,3,1,66,26,40,2,0,2,4,0,4,11,6,5,28,12,16
C5120ST,23,423,District-Shivpuri,Total,80-89,61,20,41,19,5,14,11,6,5,0,0,0,11,3,8,0,0,0,0,0,0,8,2,6,12,4,8
C5120ST,23,423,District-Shivpuri,Total,90+,17,6,11,6,2,4,3,1,2,0,0,0,3,1,2,1,1,0,0,0,0,1,1,0,3,0,3
C5120ST,23,423,District-Shivpuri,Total,Age Not Stated,14,7,7,1,0,1,8,4,4,0,0,0,1,0,1,0,0,0,0,0,0,4,3,1,0,0,0
C5120ST,23,423,District-Shivpuri,Rural,Total,3994,2208,1786,796,393,403,962,532,430,89,49,40,916,576,340,119,63,56,76,37,39,855,465,390,181,93,88
C5120ST,23,423,District-Shivpuri,Rural,0-4,365,187,178,70,42,28,96,47,49,1,1,0,36,14,22,13,10,3,5,3,2,137,66,71,7,4,3
C5120ST,23,423,District-Shivpuri,Rural,5-9,463,240,223,96,48,48,95,53,42,14,8,6,68,36,32,19,8,11,8,2,6,145,74,71,18,11,7
C5120ST,23,423,District-Shivpuri,Rural,10-19,826,486,340,148,83,65,183,105,78,24,13,11,202,140,62,29,12,17,21,11,10,188,106,82,31,16,15
C5120ST,23,423,District-Shivpuri,Rural,20-29,557,358,199,74,38,36,142,89,53,16,8,8,159,124,35,17,12,5,10,6,4,121,71,50,18,10,8
C5120ST,23,423,District-Shivpuri,Rural,30-39,491,283,208,75,37,38,128,77,51,15,10,5,131,82,49,14,7,7,14,8,6,96,51,45,18,11,7
C5120ST,23,423,District-Shivpuri,Rural,40-49,345,216,129,67,40,27,101,63,38,6,2,4,83,56,27,13,8,5,6,4,2,61,35,26,8,8,0
C5120ST,23,423,District-Shivpuri,Rural,50-59,289,164,125,60,33,27,75,40,35,4,2,2,76,47,29,7,3,4,5,3,2,53,30,23,9,6,3
C5120ST,23,423,District-Shivpuri,Rural,60-69,345,161,184,119,47,72,70,30,40,5,2,3,83,48,35,5,3,2,3,0,3,30,20,10,30,11,19
C5120ST,23,423,District-Shivpuri,Rural,70-79,224,82,142,61,18,43,51,18,33,4,3,1,63,25,38,2,0,2,4,0,4,11,6,5,28,12,16
C5120ST,23,423,District-Shivpuri,Rural,80-89,60,19,41,19,5,14,10,5,5,0,0,0,11,3,8,0,0,0,0,0,0,8,2,6,12,4,8
C5120ST,23,423,District-Shivpuri,Rural,90+,15,5,10,6,2,4,3,1,2,0,0,0,3,1,2,0,0,0,0,0,0,1,1,0,2,0,2
C5120ST,23,423,District-Shivpuri,Rural,Age Not Stated,14,7,7,1,0,1,8,4,4,0,0,0,1,0,1,0,0,0,0,0,0,4,3,1,0,0,0
C5120ST,23,423,District-Shivpuri,Urban,Total,150,75,75,9,6,3,39,23,16,10,4,6,41,20,21,8,4,4,3,1,2,32,13,19,8,4,4
C5120ST,23,423,District-Shivpuri,Urban,0-4,7,4,3,1,1,0,3,1,2,0,0,0,1,1,0,0,0,0,0,0,0,2,1,1,0,0,0
C5120ST,23,423,District-Shivpuri,Urban,5-9,17,11,6,2,2,0,5,5,0,1,1,0,4,2,2,0,0,0,1,0,1,2,0,2,2,1,1
C5120ST,23,423,District-Shivpuri,Urban,10-19,44,17,27,2,2,0,7,4,3,1,0,1,13,6,7,2,1,1,1,0,1,14,1,13,4,3,1
C5120ST,23,423,District-Shivpuri,Urban,20-29,21,14,7,1,0,1,9,6,3,1,1,0,5,3,2,1,0,1,0,0,0,4,4,0,0,0,0
C5120ST,23,423,District-Shivpuri,Urban,30-39,29,12,17,1,0,1,10,3,7,5,1,4,7,3,4,2,2,0,0,0,0,4,3,1,0,0,0
C5120ST,23,423,District-Shivpuri,Urban,40-49,12,7,5,0,0,0,2,2,0,1,0,1,3,1,2,1,0,1,1,1,0,4,3,1,0,0,0
C5120ST,23,423,District-Shivpuri,Urban,50-59,8,4,4,1,1,0,1,0,1,1,1,0,3,2,1,1,0,1,0,0,0,0,0,0,1,0,1
C5120ST,23,423,District-Shivpuri,Urban,60-69,5,2,3,1,0,1,0,0,0,0,0,0,2,1,1,0,0,0,0,0,0,2,1,1,0,0,0
C5120ST,23,423,District-Shivpuri,Urban,70-79,4,2,2,0,0,0,1,1,0,0,0,0,3,1,2,0,0,0,0,0,0,0,0,0,0,0,0
C5120ST,23,423,District-Shivpuri,Urban,80-89,1,1,0,0,0,0,1,1,0,0,0,0,0,0,0,0,0,0,0,0,0,0,0,0,0,0,0
C5120ST,23,423,District-Shivpuri,Urban,90+,2,1,1,0,0,0,0,0,0,0,0,0,0,0,0,1,1,0,0,0,0,0,0,0,1,0,1
C5120ST,23,423,District-Shivpuri,Urban,Age Not Stated,0,0,0,0,0,0,0,0,0,0,0,0,0,0,0,0,0,0,0,0,0,0,0,0,0,0,0
C5120ST,23,424,District-Tikamgarh,Total,Total,1026,579,447,214,106,108,171,103,68,33,15,18,271,175,96,30,19,11,13,11,2,216,113,103,78,37,41
C5120ST,23,424,District-Tikamgarh,Total,0-4,76,44,32,17,7,10,8,7,1,1,0,1,12,6,6,2,2,0,0,0,0,30,18,12,6,4,2
C5120ST,23,424,District-Tikamgarh,Total,5-9,100,50,50,22,12,10,27,14,13,5,3,2,16,7,9,3,1,2,1,1,0,22,10,12,4,2,2
C5120ST,23,424,District-Tikamgarh,Total,10-19,208,106,102,34,17,17,26,14,12,8,3,5,57,38,19,10,5,5,3,2,1,54,20,34,16,7,9
C5120ST,23,424,District-Tikamgarh,Total,20-29,133,83,50,24,13,11,26,19,7,4,2,2,44,31,13,5,4,1,1,1,0,23,11,12,6,2,4
C5120ST,23,424,District-Tikamgarh,Total,30-39,125,86,39,18,13,5,30,19,11,5,1,4,38,27,11,2,2,0,3,3,0,26,18,8,3,3,0
C5120ST,23,424,District-Tikamgarh,Total,40-49,100,63,37,19,10,9,12,8,4,6,3,3,29,18,11,4,4,0,3,2,1,23,15,8,4,3,1
C5120ST,23,424,District-Tikamgarh,Total,50-59,73,47,26,13,9,4,14,6,8,2,2,0,24,17,7,3,1,2,1,1,0,12,9,3,4,2,2
C5120ST,23,424,District-Tikamgarh,Total,60-69,111,59,52,29,12,17,16,10,6,1,1,0,26,17,9,1,0,1,1,1,0,21,9,12,16,9,7
C5120ST,23,424,District-Tikamgarh,Total,70-79,68,27,41,28,10,18,9,4,5,0,0,0,15,8,7,0,0,0,0,0,0,2,1,1,14,4,10
C5120ST,23,424,District-Tikamgarh,Total,80-89,19,6,13,9,2,7,2,1,1,1,0,1,6,3,3,0,0,0,0,0,0,0,0,0,1,0,1
C5120ST,23,424,District-Tikamgarh,Total,90+,10,6,4,1,1,0,1,1,0,0,0,0,3,2,1,0,0,0,0,0,0,1,1,0,4,1,3
C5120ST,23,424,District-Tikamgarh,Total,Age Not Stated,3,2,1,0,0,0,0,0,0,0,0,0,1,1,0,0,0,0,0,0,0,2,1,1,0,0,0
C5120ST,23,424,District-Tikamgarh,Rural,Total,890,496,394,190,97,93,141,85,56,31,13,18,240,152,88,24,16,8,10,8,2,184,93,91,70,32,38
C5120ST,23,424,District-Tikamgarh,Rural,0-4,69,39,30,17,7,10,6,5,1,1,0,1,9,5,4,2,2,0,0,0,0,28,16,12,6,4,2
C5120ST,23,424,District-Tikamgarh,Rural,5-9,83,41,42,19,12,7,22,11,11,4,2,2,15,6,9,2,1,1,0,0,0,17,7,10,4,2,2
C5120ST,23,424,District-Tikamgarh,Rural,10-19,172,84,88,31,17,14,17,9,8,7,2,5,49,31,18,7,3,4,2,1,1,45,16,29,14,5,9
C5120ST,23,424,District-Tikamgarh,Rural,20-29,119,76,43,21,11,10,24,19,5,4,2,2,39,27,12,3,3,0,1,1,0,22,11,11,5,2,3
C5120ST,23,424,District-Tikamgarh,Rural,30-39,107,73,34,18,13,5,24,15,9,5,1,4,36,26,10,2,2,0,2,2,0,17,11,6,3,3,0
C5120ST,23,424,District-Tikamgarh,Rural,40-49,89,55,34,14,8,6,11,7,4,6,3,3,26,15,11,4,4,0,3,2,1,21,13,8,4,3,1
C5120ST,23,424,District-Tikamgarh,Rural,50-59,69,44,25,13,9,4,14,6,8,2,2,0,20,14,6,3,1,2,1,1,0,12,9,3,4,2,2
C5120ST,23,424,District-Tikamgarh,Rural,60-69,95,50,45,25,10,15,13,8,5,1,1,0,22,15,7,1,0,1,1,1,0,19,8,11,13,7,6
C5120ST,23,424,District-Tikamgarh,Rural,70-79,58,23,35,23,8,15,8,4,4,0,0,0,15,8,7,0,0,0,0,0,0,0,0,0,12,3,9
C5120ST,23,424,District-Tikamgarh,Rural,80-89,17,4,13,8,1,7,1,0,1,1,0,1,6,3,3,0,0,0,0,0,0,0,0,0,1,0,1
C5120ST,23,424,District-Tikamgarh,Rural,90+,9,5,4,1,1,0,1,1,0,0,0,0,2,1,1,0,0,0,0,0,0,1,1,0,4,1,3
C5120ST,23,424,District-Tikamgarh,Rural,Age Not Stated,3,2,1,0,0,0,0,0,0,0,0,0,1,1,0,0,0,0,0,0,0,2,1,1,0,0,0
C5120ST,23,424,District-Tikamgarh,Urban,Total,136,83,53,24,9,15,30,18,12,2,2,0,31,23,8,6,3,3,3,3,0,32,20,12,8,5,3
C5120ST,23,424,District-Tikamgarh,Urban,0-4,7,5,2,0,0,0,2,2,0,0,0,0,3,1,2,0,0,0,0,0,0,2,2,0,0,0,0
C5120ST,23,424,District-Tikamgarh,Urban,5-9,17,9,8,3,0,3,5,3,2,1,1,0,1,1,0,1,0,1,1,1,0,5,3,2,0,0,0
C5120ST,23,424,District-Tikamgarh,Urban,10-19,36,22,14,3,0,3,9,5,4,1,1,0,8,7,1,3,2,1,1,1,0,9,4,5,2,2,0
C5120ST,23,424,District-Tikamgarh,Urban,20-29,14,7,7,3,2,1,2,0,2,0,0,0,5,4,1,2,1,1,0,0,0,1,0,1,1,0,1
C5120ST,23,424,District-Tikamgarh,Urban,30-39,18,13,5,0,0,0,6,4,2,0,0,0,2,1,1,0,0,0,1,1,0,9,7,2,0,0,0
C5120ST,23,424,District-Tikamgarh,Urban,40-49,11,8,3,5,2,3,1,1,0,0,0,0,3,3,0,0,0,0,0,0,0,2,2,0,0,0,0
C5120ST,23,424,District-Tikamgarh,Urban,50-59,4,3,1,0,0,0,0,0,0,0,0,0,4,3,1,0,0,0,0,0,0,0,0,0,0,0,0
C5120ST,23,424,District-Tikamgarh,Urban,60-69,16,9,7,4,2,2,3,2,1,0,0,0,4,2,2,0,0,0,0,0,0,2,1,1,3,2,1
C5120ST,23,424,District-Tikamgarh,Urban,70-79,10,4,6,5,2,3,1,0,1,0,0,0,0,0,0,0,0,0,0,0,0,2,1,1,2,1,1
C5120ST,23,424,District-Tikamgarh,Urban,80-89,2,2,0,1,1,0,1,1,0,0,0,0,0,0,0,0,0,0,0,0,0,0,0,0,0,0,0
C5120ST,23,424,District-Tikamgarh,Urban,90+,1,1,0,0,0,0,0,0,0,0,0,0,1,1,0,0,0,0,0,0,0,0,0,0,0,0,0
C5120ST,23,424,District-Tikamgarh,Urban,Age Not Stated,0,0,0,0,0,0,0,0,0,0,0,0,0,0,0,0,0,0,0,0,0,0,0,0,0,0,0
C5120ST,23,425,District-Chhatarpur,Total,Total,1603,812,791,321,161,160,318,124,194,63,35,28,408,238,170,56,31,25,25,14,11,280,143,137,132,66,66
C5120ST,23,425,District-Chhatarpur,Total,0-4,121,47,74,17,8,9,30,6,24,3,1,2,14,4,10,3,2,1,0,0,0,47,23,24,7,3,4
C5120ST,23,425,District-Chhatarpur,Total,5-9,158,78,80,22,5,17,32,13,19,12,6,6,23,18,5,7,3,4,3,1,2,48,25,23,11,7,4
C5120ST,23,425,District-Chhatarpur,Total,10-19,299,171,128,54,33,21,53,17,36,19,11,8,76,49,27,11,7,4,6,4,2,52,33,19,28,17,11
C5120ST,23,425,District-Chhatarpur,Total,20-29,238,127,111,35,23,12,56,22,34,10,4,6,78,48,30,8,7,1,5,3,2,34,13,21,12,7,5
C5120ST,23,425,District-Chhatarpur,Total,30-39,200,103,97,28,9,19,47,23,24,10,7,3,55,32,23,13,6,7,3,0,3,31,20,11,13,6,7
C5120ST,23,425,District-Chhatarpur,Total,40-49,126,69,57,21,14,7,30,12,18,2,1,1,37,22,15,8,3,5,4,3,1,19,11,8,5,3,2
C5120ST,23,425,District-Chhatarpur,Total,50-59,127,63,64,37,19,18,24,11,13,2,2,0,37,21,16,3,1,2,1,1,0,16,5,11,7,3,4
C5120ST,23,425,District-Chhatarpur,Total,60-69,168,78,90,56,25,31,30,16,14,3,1,2,43,22,21,3,2,1,2,2,0,20,6,14,11,4,7
C5120ST,23,425,District-Chhatarpur,Total,70-79,107,49,58,35,16,19,12,4,8,1,1,0,28,15,13,0,0,0,1,0,1,8,4,4,22,9,13
C5120ST,23,425,District-Chhatarpur,Total,80-89,43,20,23,11,6,5,2,0,2,0,0,0,16,6,10,0,0,0,0,0,0,4,3,1,10,5,5
C5120ST,23,425,District-Chhatarpur,Total,90+,11,5,6,3,2,1,1,0,1,0,0,0,1,1,0,0,0,0,0,0,0,0,0,0,6,2,4
C5120ST,23,425,District-Chhatarpur,Total,Age Not Stated,5,2,3,2,1,1,1,0,1,1,1,0,0,0,0,0,0,0,0,0,0,1,0,1,0,0,0
C5120ST,23,425,District-Chhatarpur,Rural,Total,1512,762,750,308,153,155,311,120,191,45,27,18,383,223,160,54,30,24,22,12,10,261,133,128,128,64,64
C5120ST,23,425,District-Chhatarpur,Rural,0-4,111,41,70,16,8,8,30,6,24,1,0,1,14,4,10,2,1,1,0,0,0,41,19,22,7,3,4
C5120ST,23,425,District-Chhatarpur,Rural,5-9,148,76,72,20,5,15,32,13,19,8,6,2,21,17,4,7,3,4,2,1,1,48,25,23,10,6,4
C5120ST,23,425,District-Chhatarpur,Rural,10-19,280,156,124,51,30,21,53,17,36,14,7,7,70,44,26,11,7,4,6,4,2,48,31,17,27,16,11
C5120ST,23,425,District-Chhatarpur,Rural,20-29,221,118,103,33,21,12,55,21,34,7,3,4,72,45,27,8,7,1,5,3,2,29,11,18,12,7,5
C5120ST,23,425,District-Chhatarpur,Rural,30-39,189,98,91,25,8,17,45,22,23,7,6,1,52,30,22,13,6,7,3,0,3,31,20,11,13,6,7
C5120ST,23,425,District-Chhatarpur,Rural,40-49,119,63,56,20,13,7,30,12,18,1,0,1,34,20,14,8,3,5,3,2,1,18,10,8,5,3,2
C5120ST,23,425,District-Chhatarpur,Rural,50-59,120,60,60,36,18,18,24,11,13,2,2,0,35,20,15,3,1,2,1,1,0,13,4,9,6,3,3
C5120ST,23,425,District-Chhatarpur,Rural,60-69,163,76,87,56,25,31,29,16,13,3,1,2,41,21,20,2,2,0,1,1,0,20,6,14,11,4,7
C5120ST,23,425,District-Chhatarpur,Rural,70-79,103,47,56,35,16,19,9,2,7,1,1,0,27,15,12,0,0,0,1,0,1,8,4,4,22,9,13
C5120ST,23,425,District-Chhatarpur,Rural,80-89,43,20,23,11,6,5,2,0,2,0,0,0,16,6,10,0,0,0,0,0,0,4,3,1,10,5,5
C5120ST,23,425,District-Chhatarpur,Rural,90+,10,5,5,3,2,1,1,0,1,0,0,0,1,1,0,0,0,0,0,0,0,0,0,0,5,2,3
C5120ST,23,425,District-Chhatarpur,Rural,Age Not Stated,5,2,3,2,1,1,1,0,1,1,1,0,0,0,0,0,0,0,0,0,0,1,0,1,0,0,0
C5120ST,23,425,District-Chhatarpur,Urban,Total,91,50,41,13,8,5,7,4,3,18,8,10,25,15,10,2,1,1,3,2,1,19,10,9,4,2,2
C5120ST,23,425,District-Chhatarpur,Urban,0-4,10,6,4,1,0,1,0,0,0,2,1,1,0,0,0,1,1,0,0,0,0,6,4,2,0,0,0
C5120ST,23,425,District-Chhatarpur,Urban,5-9,10,2,8,2,0,2,0,0,0,4,0,4,2,1,1,0,0,0,1,0,1,0,0,0,1,1,0
C5120ST,23,425,District-Chhatarpur,Urban,10-19,19,15,4,3,3,0,0,0,0,5,4,1,6,5,1,0,0,0,0,0,0,4,2,2,1,1,0
C5120ST,23,425,District-Chhatarpur,Urban,20-29,17,9,8,2,2,0,1,1,0,3,1,2,6,3,3,0,0,0,0,0,0,5,2,3,0,0,0
C5120ST,23,425,District-Chhatarpur,Urban,30-39,11,5,6,3,1,2,2,1,1,3,1,2,3,2,1,0,0,0,0,0,0,0,0,0,0,0,0
C5120ST,23,425,District-Chhatarpur,Urban,40-49,7,6,1,1,1,0,0,0,0,1,1,0,3,2,1,0,0,0,1,1,0,1,1,0,0,0,0
C5120ST,23,425,District-Chhatarpur,Urban,50-59,7,3,4,1,1,0,0,0,0,0,0,0,2,1,1,0,0,0,0,0,0,3,1,2,1,0,1
C5120ST,23,425,District-Chhatarpur,Urban,60-69,5,2,3,0,0,0,1,0,1,0,0,0,2,1,1,1,0,1,1,1,0,0,0,0,0,0,0
C5120ST,23,425,District-Chhatarpur,Urban,70-79,4,2,2,0,0,0,3,2,1,0,0,0,1,0,1,0,0,0,0,0,0,0,0,0,0,0,0
C5120ST,23,425,District-Chhatarpur,Urban,80-89,0,0,0,0,0,0,0,0,0,0,0,0,0,0,0,0,0,0,0,0,0,0,0,0,0,0,0
C5120ST,23,425,District-Chhatarpur,Urban,90+,1,0,1,0,0,0,0,0,0,0,0,0,0,0,0,0,0,0,0,0,0,0,0,0,1,0,1
C5120ST,23,425,District-Chhatarpur,Urban,Age Not Stated,0,0,0,0,0,0,0,0,0,0,0,0,0,0,0,0,0,0,0,0,0,0,0,0,0,0,0
C5120ST,23,426,District-Panna,Total,Total,2641,1497,1144,537,284,253,489,277,212,93,51,42,738,454,284,92,55,37,54,39,15,452,244,208,186,93,93
C5120ST,23,426,District-Panna,Total,0-4,170,85,85,43,17,26,45,22,23,2,2,0,20,14,6,3,2,1,1,0,1,48,23,25,8,5,3
C5120ST,23,426,District-Panna,Total,5-9,277,153,124,57,33,24,42,24,18,18,11,7,55,31,24,13,7,6,4,1,3,70,35,35,18,11,7
C5120ST,23,426,District-Panna,Total,10-19,580,327,253,117,71,46,97,55,42,34,19,15,155,96,59,23,13,10,6,4,2,113,51,62,35,18,17
C5120ST,23,426,District-Panna,Total,20-29,346,214,132,50,25,25,75,47,28,14,7,7,109,74,35,11,6,5,13,10,3,62,38,24,12,7,5
C5120ST,23,426,District-Panna,Total,30-39,293,192,101,40,25,15,53,34,19,10,7,3,92,60,32,16,9,7,13,12,1,48,32,16,21,13,8
C5120ST,23,426,District-Panna,Total,40-49,242,144,98,40,15,25,45,27,18,8,2,6,76,54,22,15,10,5,6,5,1,44,28,16,8,3,5
C5120ST,23,426,District-Panna,Total,50-59,185,103,82,50,30,20,42,22,20,1,1,0,56,28,28,3,2,1,4,1,3,25,16,9,4,3,1
C5120ST,23,426,District-Panna,Total,60-69,255,135,120,49,29,20,47,24,23,4,2,2,100,52,48,5,5,0,6,5,1,20,11,9,24,7,17
C5120ST,23,426,District-Panna,Total,70-79,209,97,112,61,21,40,32,16,16,2,0,2,54,32,22,3,1,2,1,1,0,17,9,8,39,17,22
C5120ST,23,426,District-Panna,Total,80-89,62,35,27,20,13,7,10,6,4,0,0,0,16,10,6,0,0,0,0,0,0,2,0,2,14,6,8
C5120ST,23,426,District-Panna,Total,90+,20,11,9,10,5,5,1,0,1,0,0,0,5,3,2,0,0,0,0,0,0,1,0,1,3,3,0
C5120ST,23,426,District-Panna,Total,Age Not Stated,2,1,1,0,0,0,0,0,0,0,0,0,0,0,0,0,0,0,0,0,0,2,1,1,0,0,0
C5120ST,23,426,District-Panna,Rural,Total,2558,1449,1109,526,279,247,478,270,208,88,50,38,716,440,276,87,53,34,52,37,15,430,230,200,181,90,91
C5120ST,23,426,District-Panna,Rural,0-4,166,82,84,43,17,26,45,22,23,2,2,0,18,12,6,3,2,1,1,0,1,46,22,24,8,5,3
C5120ST,23,426,District-Panna,Rural,5-9,269,147,122,57,33,24,41,23,18,18,11,7,54,30,24,11,6,5,4,1,3,66,32,34,18,11,7
C5120ST,23,426,District-Panna,Rural,10-19,557,317,240,114,70,44,93,52,41,31,19,12,150,95,55,23,13,10,6,4,2,107,48,59,33,16,17
C5120ST,23,426,District-Panna,Rural,20-29,332,206,126,49,25,24,72,45,27,14,7,7,104,71,33,11,6,5,13,10,3,58,35,23,11,7,4
C5120ST,23,426,District-Panna,Rural,30-39,285,185,100,39,24,15,53,34,19,10,7,3,87,56,31,16,9,7,12,11,1,47,31,16,21,13,8
C5120ST,23,426,District-Panna,Rural,40-49,232,139,93,38,15,23,44,27,17,6,1,5,75,53,22,14,10,4,5,4,1,42,26,16,8,3,5
C5120ST,23,426,District-Panna,Rural,50-59,180,100,80,49,29,20,42,22,20,1,1,0,55,27,28,2,2,0,4,1,3,24,16,8,3,2,1
C5120ST,23,426,District-Panna,Rural,60-69,248,130,118,47,27,20,46,24,22,4,2,2,98,51,47,4,4,0,6,5,1,19,10,9,24,7,17
C5120ST,23,426,District-Panna,Rural,70-79,205,96,109,60,21,39,31,15,16,2,0,2,54,32,22,3,1,2,1,1,0,16,9,7,38,17,21
C5120ST,23,426,District-Panna,Rural,80-89,62,35,27,20,13,7,10,6,4,0,0,0,16,10,6,0,0,0,0,0,0,2,0,2,14,6,8
C5120ST,23,426,District-Panna,Rural,90+,20,11,9,10,5,5,1,0,1,0,0,0,5,3,2,0,0,0,0,0,0,1,0,1,3,3,0
C5120ST,23,426,District-Panna,Rural,Age Not Stated,2,1,1,0,0,0,0,0,0,0,0,0,0,0,0,0,0,0,0,0,0,2,1,1,0,0,0
C5120ST,23,426,District-Panna,Urban,Total,83,48,35,11,5,6,11,7,4,5,1,4,22,14,8,5,2,3,2,2,0,22,14,8,5,3,2
C5120ST,23,426,District-Panna,Urban,0-4,4,3,1,0,0,0,0,0,0,0,0,0,2,2,0,0,0,0,0,0,0,2,1,1,0,0,0
C5120ST,23,426,District-Panna,Urban,5-9,8,6,2,0,0,0,1,1,0,0,0,0,1,1,0,2,1,1,0,0,0,4,3,1,0,0,0
C5120ST,23,426,District-Panna,Urban,10-19,23,10,13,3,1,2,4,3,1,3,0,3,5,1,4,0,0,0,0,0,0,6,3,3,2,2,0
C5120ST,23,426,District-Panna,Urban,20-29,14,8,6,1,0,1,3,2,1,0,0,0,5,3,2,0,0,0,0,0,0,4,3,1,1,0,1
C5120ST,23,426,District-Panna,Urban,30-39,8,7,1,1,1,0,0,0,0,0,0,0,5,4,1,0,0,0,1,1,0,1,1,0,0,0,0
C5120ST,23,426,District-Panna,Urban,40-49,10,5,5,2,0,2,1,0,1,2,1,1,1,1,0,1,0,1,1,1,0,2,2,0,0,0,0
C5120ST,23,426,District-Panna,Urban,50-59,5,3,2,1,1,0,0,0,0,0,0,0,1,1,0,1,0,1,0,0,0,1,0,1,1,1,0
C5120ST,23,426,District-Panna,Urban,60-69,7,5,2,2,2,0,1,0,1,0,0,0,2,1,1,1,1,0,0,0,0,1,1,0,0,0,0
C5120ST,23,426,District-Panna,Urban,70-79,4,1,3,1,0,1,1,1,0,0,0,0,0,0,0,0,0,0,0,0,0,1,0,1,1,0,1
C5120ST,23,426,District-Panna,Urban,80-89,0,0,0,0,0,0,0,0,0,0,0,0,0,0,0,0,0,0,0,0,0,0,0,0,0,0,0
C5120ST,23,426,District-Panna,Urban,90+,0,0,0,0,0,0,0,0,0,0,0,0,0,0,0,0,0,0,0,0,0,0,0,0,0,0,0
C5120ST,23,426,District-Panna,Urban,Age Not Stated,0,0,0,0,0,0,0,0,0,0,0,0,0,0,0,0,0,0,0,0,0,0,0,0,0,0,0
C5120ST,23,427,District-Sagar,Total,Total,4412,2498,1914,923,503,420,738,403,335,173,101,72,1224,751,473,136,78,58,82,55,27,790,443,347,346,164,182
C5120ST,23,427,District-Sagar,Total,0-4,272,139,133,74,36,38,54,27,27,2,0,2,58,36,22,3,1,2,3,2,1,61,32,29,17,5,12
C5120ST,23,427,District-Sagar,Total,5-9,462,243,219,112,55,57,77,40,37,37,23,14,71,40,31,18,12,6,5,4,1,96,47,49,46,22,24
C5120ST,23,427,District-Sagar,Total,10-19,892,500,392,178,103,75,155,90,65,49,30,19,212,115,97,43,24,19,14,7,7,170,98,72,71,33,38
C5120ST,23,427,District-Sagar,Total,20-29,596,373,223,104,63,41,98,60,38,24,15,9,177,120,57,26,14,12,17,11,6,115,69,46,35,21,14
C5120ST,23,427,District-Sagar,Total,30-39,525,333,192,78,47,31,95,53,42,22,8,14,152,110,42,18,14,4,19,14,5,114,68,46,27,19,8
C5120ST,23,427,District-Sagar,Total,40-49,435,280,155,87,56,31,72,41,31,20,12,8,132,90,42,13,7,6,9,9,0,76,47,29,26,18,8
C5120ST,23,427,District-Sagar,Total,50-59,306,192,114,56,33,23,48,28,20,12,9,3,106,68,38,5,2,3,6,4,2,57,37,20,16,11,5
C5120ST,23,427,District-Sagar,Total,60-69,470,241,229,127,65,62,59,26,33,5,3,2,168,98,70,9,3,6,4,0,4,63,32,31,35,14,21
C5120ST,23,427,District-Sagar,Total,70-79,315,144,171,79,33,46,53,29,24,1,0,1,105,60,45,0,0,0,5,4,1,22,7,15,50,11,39
C5120ST,23,427,District-Sagar,Total,80-89,105,41,64,26,12,14,18,5,13,1,1,0,34,12,22,0,0,0,0,0,0,7,2,5,19,9,10
C5120ST,23,427,District-Sagar,Total,90+,27,8,19,2,0,2,9,4,5,0,0,0,9,2,7,0,0,0,0,0,0,3,1,2,4,1,3
C5120ST,23,427,District-Sagar,Total,Age Not Stated,7,4,3,0,0,0,0,0,0,0,0,0,0,0,0,1,1,0,0,0,0,6,3,3,0,0,0
C5120ST,23,427,District-Sagar,Rural,Total,4107,2327,1780,868,471,397,686,379,307,156,92,64,1151,701,450,125,70,55,80,54,26,717,410,307,324,150,174
C5120ST,23,427,District-Sagar,Rural,0-4,257,133,124,69,33,36,51,26,25,2,0,2,56,36,20,3,1,2,3,2,1,56,30,26,17,5,12
C5120ST,23,427,District-Sagar,Rural,5-9,437,234,203,108,54,54,70,35,35,36,23,13,71,40,31,17,12,5,5,4,1,85,44,41,45,22,23
C5120ST,23,427,District-Sagar,Rural,10-19,822,463,359,165,95,70,143,88,55,43,27,16,198,105,93,37,20,17,14,7,7,157,90,67,65,31,34
C5120ST,23,427,District-Sagar,Rural,20-29,553,346,207,96,60,36,92,55,37,22,13,9,165,112,53,24,12,12,16,11,5,106,65,41,32,18,14
C5120ST,23,427,District-Sagar,Rural,30-39,480,303,177,72,43,29,89,50,39,18,7,11,143,103,40,16,12,4,19,14,5,101,60,41,22,14,8
C5120ST,23,427,District-Sagar,Rural,40-49,397,255,142,79,51,28,65,38,27,18,11,7,120,80,40,13,7,6,9,9,0,68,42,26,25,17,8
C5120ST,23,427,District-Sagar,Rural,50-59,285,176,109,52,30,22,45,26,19,10,7,3,99,63,36,5,2,3,5,3,2,54,35,19,15,10,5
C5120ST,23,427,District-Sagar,Rural,60-69,446,231,215,123,61,62,55,25,30,5,3,2,161,95,66,9,3,6,4,0,4,56,31,25,33,13,20
C5120ST,23,427,District-Sagar,Rural,70-79,300,137,163,76,32,44,52,28,24,1,0,1,100,56,44,0,0,0,5,4,1,19,7,12,47,10,37
C5120ST,23,427,District-Sagar,Rural,80-89,98,37,61,26,12,14,16,4,12,1,1,0,30,9,21,0,0,0,0,0,0,6,2,4,19,9,10
C5120ST,23,427,District-Sagar,Rural,90+,25,8,17,2,0,2,8,4,4,0,0,0,8,2,6,0,0,0,0,0,0,3,1,2,4,1,3
C5120ST,23,427,District-Sagar,Rural,Age Not Stated,7,4,3,0,0,0,0,0,0,0,0,0,0,0,0,1,1,0,0,0,0,6,3,3,0,0,0
C5120ST,23,427,District-Sagar,Urban,Total,305,171,134,55,32,23,52,24,28,17,9,8,73,50,23,11,8,3,2,1,1,73,33,40,22,14,8
C5120ST,23,427,District-Sagar,Urban,0-4,15,6,9,5,3,2,3,1,2,0,0,0,2,0,2,0,0,0,0,0,0,5,2,3,0,0,0
C5120ST,23,427,District-Sagar,Urban,5-9,25,9,16,4,1,3,7,5,2,1,0,1,0,0,0,1,0,1,0,0,0,11,3,8,1,0,1
C5120ST,23,427,District-Sagar,Urban,10-19,70,37,33,13,8,5,12,2,10,6,3,3,14,10,4,6,4,2,0,0,0,13,8,5,6,2,4
C5120ST,23,427,District-Sagar,Urban,20-29,43,27,16,8,3,5,6,5,1,2,2,0,12,8,4,2,2,0,1,0,1,9,4,5,3,3,0
C5120ST,23,427,District-Sagar,Urban,30-39,45,30,15,6,4,2,6,3,3,4,1,3,9,7,2,2,2,0,0,0,0,13,8,5,5,5,0
C5120ST,23,427,District-Sagar,Urban,40-49,38,25,13,8,5,3,7,3,4,2,1,1,12,10,2,0,0,0,0,0,0,8,5,3,1,1,0
C5120ST,23,427,District-Sagar,Urban,50-59,21,16,5,4,3,1,3,2,1,2,2,0,7,5,2,0,0,0,1,1,0,3,2,1,1,1,0
C5120ST,23,427,District-Sagar,Urban,60-69,24,10,14,4,4,0,4,1,3,0,0,0,7,3,4,0,0,0,0,0,0,7,1,6,2,1,1
C5120ST,23,427,District-Sagar,Urban,70-79,15,7,8,3,1,2,1,1,0,0,0,0,5,4,1,0,0,0,0,0,0,3,0,3,3,1,2
C5120ST,23,427,District-Sagar,Urban,80-89,7,4,3,0,0,0,2,1,1,0,0,0,4,3,1,0,0,0,0,0,0,1,0,1,0,0,0
C5120ST,23,427,District-Sagar,Urban,90+,2,0,2,0,0,0,1,0,1,0,0,0,1,0,1,0,0,0,0,0,0,0,0,0,0,0,0
C5120ST,23,427,District-Sagar,Urban,Age Not Stated,0,0,0,0,0,0,0,0,0,0,0,0,0,0,0,0,0,0,0,0,0,0,0,0,0,0,0
C5120ST,23,428,District-Damoh,Total,Total,3002,1725,1277,666,379,287,456,242,214,82,49,33,859,556,303,130,65,65,36,22,14,563,304,259,210,108,102
C5120ST,23,428,District-Damoh,Total,0-4,159,96,63,47,31,16,30,16,14,5,2,3,24,16,8,5,1,4,0,0,0,42,26,16,6,4,2
C5120ST,23,428,District-Damoh,Total,5-9,277,154,123,71,45,26,43,21,22,13,6,7,54,37,17,15,7,8,1,1,0,60,30,30,20,7,13
C5120ST,23,428,District-Damoh,Total,10-19,617,361,256,128,77,51,84,43,41,27,16,11,157,108,49,34,16,18,7,5,2,142,77,65,38,19,19
C5120ST,23,428,District-Damoh,Total,20-29,421,269,152,66,44,22,49,28,21,13,10,3,142,94,48,31,15,16,6,5,1,92,58,34,22,15,7
C5120ST,23,428,District-Damoh,Total,30-39,375,230,145,67,38,29,68,37,31,9,5,4,109,74,35,21,12,9,9,6,3,73,43,30,19,15,4
C5120ST,23,428,District-Damoh,Total,40-49,314,203,111,62,40,22,41,28,13,5,4,1,116,82,34,11,8,3,7,3,4,56,27,29,16,11,5
C5120ST,23,428,District-Damoh,Total,50-59,213,125,88,46,27,19,40,23,17,4,3,1,73,46,27,6,4,2,2,1,1,30,12,18,12,9,3
C5120ST,23,428,District-Damoh,Total,60-69,315,151,164,93,43,50,58,30,28,1,1,0,95,49,46,5,1,4,3,1,2,35,15,20,25,11,14
C5120ST,23,428,District-Damoh,Total,70-79,215,101,114,63,24,39,32,11,21,3,1,2,61,36,25,1,1,0,1,0,1,19,13,6,35,15,20
C5120ST,23,428,District-Damoh,Total,80-89,70,25,45,18,7,11,8,3,5,2,1,1,23,11,12,0,0,0,0,0,0,7,2,5,12,1,11
C5120ST,23,428,District-Damoh,Total,90+,23,9,14,5,3,2,3,2,1,0,0,0,4,2,2,1,0,1,0,0,0,5,1,4,5,1,4
C5120ST,23,428,District-Damoh,Total,Age Not Stated,3,1,2,0,0,0,0,0,0,0,0,0,1,1,0,0,0,0,0,0,0,2,0,2,0,0,0
C5120ST,23,428,District-Damoh,Rural,Total,2885,1657,1228,644,372,272,439,231,208,79,47,32,835,538,297,125,60,65,35,21,14,530,286,244,198,102,96
C5120ST,23,428,District-Damoh,Rural,0-4,153,92,61,45,29,16,29,15,14,5,2,3,24,16,8,4,0,4,0,0,0,40,26,14,6,4,2
C5120ST,23,428,District-Damoh,Rural,5-9,265,147,118,67,43,24,41,20,21,13,6,7,52,36,16,15,7,8,1,1,0,57,27,30,19,7,12
C5120ST,23,428,District-Damoh,Rural,10-19,589,347,242,122,75,47,82,42,40,25,14,11,153,105,48,33,15,18,7,5,2,134,73,61,33,18,15
C5120ST,23,428,District-Damoh,Rural,20-29,403,255,148,65,44,21,48,27,21,13,10,3,136,88,48,30,14,16,6,5,1,83,52,31,22,15,7
C5120ST,23,428,District-Damoh,Rural,30-39,361,224,137,63,38,25,67,36,31,8,5,3,105,71,34,21,12,9,9,6,3,69,41,28,19,15,4
C5120ST,23,428,District-Damoh,Rural,40-49,301,197,104,60,40,20,37,25,12,5,4,1,115,82,33,10,7,3,7,3,4,52,26,26,15,10,5
C5120ST,23,428,District-Damoh,Rural,50-59,206,120,86,46,27,19,39,23,16,4,3,1,71,45,26,5,3,2,2,1,1,28,10,18,11,8,3
C5120ST,23,428,District-Damoh,Rural,60-69,305,144,161,92,42,50,54,27,27,1,1,0,92,47,45,5,1,4,2,0,2,34,15,19,25,11,14
C5120ST,23,428,District-Damoh,Rural,70-79,210,98,112,61,24,37,32,11,21,3,1,2,60,35,25,1,1,0,1,0,1,19,13,6,33,13,20
C5120ST,23,428,District-Damoh,Rural,80-89,66,23,43,18,7,11,7,3,4,2,1,1,22,10,12,0,0,0,0,0,0,7,2,5,10,0,10
C5120ST,23,428,District-Damoh,Rural,90+,23,9,14,5,3,2,3,2,1,0,0,0,4,2,2,1,0,1,0,0,0,5,1,4,5,1,4
C5120ST,23,428,District-Damoh,Rural,Age Not Stated,3,1,2,0,0,0,0,0,0,0,0,0,1,1,0,0,0,0,0,0,0,2,0,2,0,0,0
C5120ST,23,428,District-Damoh,Urban,Total,117,68,49,22,7,15,17,11,6,3,2,1,24,18,6,5,5,0,1,1,0,33,18,15,12,6,6
C5120ST,23,428,District-Damoh,Urban,0-4,6,4,2,2,2,0,1,1,0,0,0,0,0,0,0,1,1,0,0,0,0,2,0,2,0,0,0
C5120ST,23,428,District-Damoh,Urban,5-9,12,7,5,4,2,2,2,1,1,0,0,0,2,1,1,0,0,0,0,0,0,3,3,0,1,0,1
C5120ST,23,428,District-Damoh,Urban,10-19,28,14,14,6,2,4,2,1,1,2,2,0,4,3,1,1,1,0,0,0,0,8,4,4,5,1,4
C5120ST,23,428,District-Damoh,Urban,20-29,18,14,4,1,0,1,1,1,0,0,0,0,6,6,0,1,1,0,0,0,0,9,6,3,0,0,0
C5120ST,23,428,District-Damoh,Urban,30-39,14,6,8,4,0,4,1,1,0,1,0,1,4,3,1,0,0,0,0,0,0,4,2,2,0,0,0
C5120ST,23,428,District-Damoh,Urban,40-49,13,6,7,2,0,2,4,3,1,0,0,0,1,0,1,1,1,0,0,0,0,4,1,3,1,1,0
C5120ST,23,428,District-Damoh,Urban,50-59,7,5,2,0,0,0,1,0,1,0,0,0,2,1,1,1,1,0,0,0,0,2,2,0,1,1,0
C5120ST,23,428,District-Damoh,Urban,60-69,10,7,3,1,1,0,4,3,1,0,0,0,3,2,1,0,0,0,1,1,0,1,0,1,0,0,0
C5120ST,23,428,District-Damoh,Urban,70-79,5,3,2,2,0,2,0,0,0,0,0,0,1,1,0,0,0,0,0,0,0,0,0,0,2,2,0
C5120ST,23,428,District-Damoh,Urban,80-89,4,2,2,0,0,0,1,0,1,0,0,0,1,1,0,0,0,0,0,0,0,0,0,0,2,1,1
C5120ST,23,428,District-Damoh,Urban,90+,0,0,0,0,0,0,0,0,0,0,0,0,0,0,0,0,0,0,0,0,0,0,0,0,0,0,0
C5120ST,23,428,District-Damoh,Urban,Age Not Stated,0,0,0,0,0,0,0,0,0,0,0,0,0,0,0,0,0,0,0,0,0,0,0,0,0,0,0
C5120ST,23,429,District-Satna,Total,Total,6514,3655,2859,1349,711,638,973,532,441,231,119,112,1842,1128,714,291,163,128,150,90,60,1111,604,507,567,308,259
C5120ST,23,429,District-Satna,Total,0-4,404,206,198,88,45,43,75,39,36,10,6,4,71,38,33,16,8,8,1,1,0,117,53,64,26,16,10
C5120ST,23,429,District-Satna,Total,5-9,572,318,254,122,58,64,86,47,39,32,17,15,104,67,37,39,19,20,18,12,6,117,60,57,54,38,16
C5120ST,23,429,District-Satna,Total,10-19,1274,727,547,270,151,119,197,122,75,66,32,34,307,176,131,84,41,43,36,17,19,229,130,99,85,58,27
C5120ST,23,429,District-Satna,Total,20-29,850,532,318,133,79,54,115,69,46,47,27,20,271,176,95,49,35,14,35,22,13,163,100,63,37,24,13
C5120ST,23,429,District-Satna,Total,30-39,685,410,275,121,79,42,104,54,50,18,9,9,212,137,75,43,25,18,26,21,5,136,71,65,25,14,11
C5120ST,23,429,District-Satna,Total,40-49,706,439,267,141,70,71,88,50,38,28,14,14,230,178,52,30,20,10,13,9,4,145,81,64,31,17,14
C5120ST,23,429,District-Satna,Total,50-59,491,285,206,123,75,48,78,45,33,9,6,3,159,95,64,12,5,7,15,5,10,73,43,30,22,11,11
C5120ST,23,429,District-Satna,Total,60-69,725,343,382,174,76,98,120,51,69,10,4,6,243,130,113,16,9,7,4,1,3,77,41,36,81,31,50
C5120ST,23,429,District-Satna,Total,70-79,562,275,287,137,63,74,79,42,37,9,3,6,178,93,85,1,1,0,2,2,0,35,16,19,121,55,66
C5120ST,23,429,District-Satna,Total,80-89,187,92,95,35,12,23,20,6,14,2,1,1,53,30,23,1,0,1,0,0,0,10,8,2,66,35,31
C5120ST,23,429,District-Satna,Total,90+,54,26,28,5,3,2,11,7,4,0,0,0,14,8,6,0,0,0,0,0,0,6,0,6,18,8,10
C5120ST,23,429,District-Satna,Total,Age Not Stated,4,2,2,0,0,0,0,0,0,0,0,0,0,0,0,0,0,0,0,0,0,3,1,2,1,1,0
C5120ST,23,429,District-Satna,Rural,Total,6100,3404,2696,1280,666,614,911,492,419,206,108,98,1702,1043,659,273,156,117,135,79,56,1044,563,481,549,297,252
C5120ST,23,429,District-Satna,Rural,0-4,383,198,185,85,43,42,73,39,34,9,6,3,65,35,30,15,8,7,1,1,0,111,51,60,24,15,9
C5120ST,23,429,District-Satna,Rural,5-9,544,301,243,120,57,63,78,43,35,31,17,14,96,62,34,38,18,20,16,10,6,112,57,55,53,37,16
C5120ST,23,429,District-Satna,Rural,10-19,1182,665,517,253,136,117,180,108,72,53,25,28,282,161,121,80,39,41,31,15,16,222,126,96,81,55,26
C5120ST,23,429,District-Satna,Rural,20-29,784,488,296,124,73,51,110,65,45,42,24,18,243,158,85,45,33,12,32,19,13,153,93,60,35,23,12
C5120ST,23,429,District-Satna,Rural,30-39,629,376,253,113,73,40,92,47,45,16,8,8,195,128,67,38,23,15,24,19,5,127,65,62,24,13,11
C5120ST,23,429,District-Satna,Rural,40-49,660,406,254,137,68,69,84,47,37,27,14,13,212,163,49,28,20,8,10,7,3,135,72,63,27,15,12
C5120ST,23,429,District-Satna,Rural,50-59,451,263,188,116,72,44,72,41,31,9,6,3,145,87,58,11,5,6,15,5,10,62,37,25,21,10,11
C5120ST,23,429,District-Satna,Rural,60-69,697,329,368,164,71,93,118,50,68,10,4,6,231,124,107,16,9,7,4,1,3,73,39,34,81,31,50
C5120ST,23,429,District-Satna,Rural,70-79,537,265,272,130,59,71,76,41,35,7,3,4,170,90,80,1,1,0,2,2,0,33,15,18,118,54,64
C5120ST,23,429,District-Satna,Rural,80-89,179,87,92,33,11,22,17,4,13,2,1,1,51,28,23,1,0,1,0,0,0,9,8,1,66,35,31
C5120ST,23,429,District-Satna,Rural,90+,52,25,27,5,3,2,11,7,4,0,0,0,12,7,5,0,0,0,0,0,0,6,0,6,18,8,10
C5120ST,23,429,District-Satna,Rural,Age Not Stated,2,1,1,0,0,0,0,0,0,0,0,0,0,0,0,0,0,0,0,0,0,1,0,1,1,1,0
C5120ST,23,429,District-Satna,Urban,Total,414,251,163,69,45,24,62,40,22,25,11,14,140,85,55,18,7,11,15,11,4,67,41,26,18,11,7
C5120ST,23,429,District-Satna,Urban,0-4,21,8,13,3,2,1,2,0,2,1,0,1,6,3,3,1,0,1,0,0,0,6,2,4,2,1,1
C5120ST,23,429,District-Satna,Urban,5-9,28,17,11,2,1,1,8,4,4,1,0,1,8,5,3,1,1,0,2,2,0,5,3,2,1,1,0
C5120ST,23,429,District-Satna,Urban,10-19,92,62,30,17,15,2,17,14,3,13,7,6,25,15,10,4,2,2,5,2,3,7,4,3,4,3,1
C5120ST,23,429,District-Satna,Urban,20-29,66,44,22,9,6,3,5,4,1,5,3,2,28,18,10,4,2,2,3,3,0,10,7,3,2,1,1
C5120ST,23,429,District-Satna,Urban,30-39,56,34,22,8,6,2,12,7,5,2,1,1,17,9,8,5,2,3,2,2,0,9,6,3,1,1,0
C5120ST,23,429,District-Satna,Urban,40-49,46,33,13,4,2,2,4,3,1,1,0,1,18,15,3,2,0,2,3,2,1,10,9,1,4,2,2
C5120ST,23,429,District-Satna,Urban,50-59,40,22,18,7,3,4,6,4,2,0,0,0,14,8,6,1,0,1,0,0,0,11,6,5,1,1,0
C5120ST,23,429,District-Satna,Urban,60-69,28,14,14,10,5,5,2,1,1,0,0,0,12,6,6,0,0,0,0,0,0,4,2,2,0,0,0
C5120ST,23,429,District-Satna,Urban,70-79,25,10,15,7,4,3,3,1,2,2,0,2,8,3,5,0,0,0,0,0,0,2,1,1,3,1,2
C5120ST,23,429,District-Satna,Urban,80-89,8,5,3,2,1,1,3,2,1,0,0,0,2,2,0,0,0,0,0,0,0,1,0,1,0,0,0
C5120ST,23,429,District-Satna,Urban,90+,2,1,1,0,0,0,0,0,0,0,0,0,2,1,1,0,0,0,0,0,0,0,0,0,0,0,0
C5120ST,23,429,District-Satna,Urban,Age Not Stated,2,1,1,0,0,0,0,0,0,0,0,0,0,0,0,0,0,0,0,0,0,2,1,1,0,0,0
C5120ST,23,430,District-Rewa,Total,Total,7424,4212,3212,1190,659,531,1581,865,716,307,176,131,1498,964,534,258,148,110,151,111,40,1946,1027,919,493,262,231
C5120ST,23,430,District-Rewa,Total,0-4,554,303,251,87,47,40,136,63,73,10,6,4,56,36,20,10,5,5,5,5,0,233,131,102,17,10,7
C5120ST,23,430,District-Rewa,Total,5-9,704,388,316,96,56,40,166,95,71,56,30,26,88,56,32,22,14,8,16,12,4,217,102,115,43,23,20
C5120ST,23,430,District-Rewa,Total,10-19,1468,837,631,209,115,94,351,196,155,89,57,32,214,137,77,91,55,36,31,18,13,410,214,196,73,45,28
C5120ST,23,430,District-Rewa,Total,20-29,1020,607,413,145,91,54,220,126,94,60,34,26,173,112,61,44,25,19,35,27,8,296,160,136,47,32,15
C5120ST,23,430,District-Rewa,Total,30-39,816,493,323,120,78,42,178,103,75,32,16,16,158,111,47,40,28,12,29,23,6,222,115,107,37,19,18
C5120ST,23,430,District-Rewa,Total,40-49,655,379,276,107,55,52,169,98,71,16,9,7,115,76,39,16,7,9,14,12,2,189,105,84,29,17,12
C5120ST,23,430,District-Rewa,Total,50-59,512,308,204,99,56,43,98,55,43,20,11,9,117,90,27,15,5,10,6,4,2,130,72,58,27,15,12
C5120ST,23,430,District-Rewa,Total,60-69,849,441,408,162,78,84,129,64,65,18,9,9,267,156,111,15,7,8,11,9,2,156,80,76,91,38,53
C5120ST,23,430,District-Rewa,Total,70-79,594,313,281,126,62,64,89,42,47,4,3,1,225,133,92,3,1,2,3,0,3,68,36,32,76,36,40
C5120ST,23,430,District-Rewa,Total,80-89,202,117,85,34,18,16,34,18,16,1,1,0,70,46,24,1,1,0,1,1,0,19,10,9,42,22,20
C5120ST,23,430,District-Rewa,Total,90+,44,25,19,4,2,2,7,5,2,1,0,1,15,11,4,1,0,1,0,0,0,6,2,4,10,5,5
C5120ST,23,430,District-Rewa,Total,Age Not Stated,6,1,5,1,1,0,4,0,4,0,0,0,0,0,0,0,0,0,0,0,0,0,0,0,1,0,1
C5120ST,23,430,District-Rewa,Rural,Total,6838,3889,2949,1109,619,490,1411,778,633,281,160,121,1372,881,491,240,136,104,140,102,38,1834,972,862,451,241,210
C5120ST,23,430,District-Rewa,Rural,0-4,520,291,229,82,46,36,121,58,63,10,6,4,52,33,19,9,4,5,5,5,0,224,129,95,17,10,7
C5120ST,23,430,District-Rewa,Rural,5-9,650,361,289,89,52,37,151,86,65,53,27,26,78,50,28,20,13,7,16,12,4,204,99,105,39,22,17
C5120ST,23,430,District-Rewa,Rural,10-19,1357,769,588,197,107,90,308,171,137,79,49,30,195,128,67,89,54,35,31,18,13,390,201,189,68,41,27
C5120ST,23,430,District-Rewa,Rural,20-29,933,550,383,140,88,52,192,110,82,57,32,25,155,99,56,36,20,16,31,23,8,277,147,130,45,31,14
C5120ST,23,430,District-Rewa,Rural,30-39,748,460,288,115,74,41,162,97,65,26,16,10,144,103,41,36,24,12,25,20,5,207,110,97,33,16,17
C5120ST,23,430,District-Rewa,Rural,40-49,600,348,252,102,53,49,144,83,61,14,8,6,104,69,35,16,7,9,13,12,1,178,99,79,29,17,12
C5120ST,23,430,District-Rewa,Rural,50-59,481,287,194,94,53,41,92,52,40,19,10,9,109,84,25,15,5,10,6,4,2,120,65,55,26,14,12
C5120ST,23,430,District-Rewa,Rural,60-69,769,400,369,145,70,75,112,59,53,17,8,9,249,140,109,14,7,7,9,7,2,145,76,69,78,33,45
C5120ST,23,430,District-Rewa,Rural,70-79,544,289,255,110,57,53,85,39,46,4,3,1,207,122,85,3,1,2,3,0,3,65,34,31,67,33,34
C5120ST,23,430,District-Rewa,Rural,80-89,188,109,79,31,17,14,33,18,15,1,1,0,65,42,23,1,1,0,1,1,0,18,10,8,38,19,19
C5120ST,23,430,District-Rewa,Rural,90+,42,24,18,3,1,2,7,5,2,1,0,1,14,11,3,1,0,1,0,0,0,6,2,4,10,5,5
C5120ST,23,430,District-Rewa,Rural,Age Not Stated,6,1,5,1,1,0,4,0,4,0,0,0,0,0,0,0,0,0,0,0,0,0,0,0,1,0,1
C5120ST,23,430,District-Rewa,Urban,Total,586,323,263,81,40,41,170,87,83,26,16,10,126,83,43,18,12,6,11,9,2,112,55,57,42,21,21
C5120ST,23,430,District-Rewa,Urban,0-4,34,12,22,5,1,4,15,5,10,0,0,0,4,3,1,1,1,0,0,0,0,9,2,7,0,0,0
C5120ST,23,430,District-Rewa,Urban,5-9,54,27,27,7,4,3,15,9,6,3,3,0,10,6,4,2,1,1,0,0,0,13,3,10,4,1,3
C5120ST,23,430,District-Rewa,Urban,10-19,111,68,43,12,8,4,43,25,18,10,8,2,19,9,10,2,1,1,0,0,0,20,13,7,5,4,1
C5120ST,23,430,District-Rewa,Urban,20-29,87,57,30,5,3,2,28,16,12,3,2,1,18,13,5,8,5,3,4,4,0,19,13,6,2,1,1
C5120ST,23,430,District-Rewa,Urban,30-39,68,33,35,5,4,1,16,6,10,6,0,6,14,8,6,4,4,0,4,3,1,15,5,10,4,3,1
C5120ST,23,430,District-Rewa,Urban,40-49,55,31,24,5,2,3,25,15,10,2,1,1,11,7,4,0,0,0,1,0,1,11,6,5,0,0,0
C5120ST,23,430,District-Rewa,Urban,50-59,31,21,10,5,3,2,6,3,3,1,1,0,8,6,2,0,0,0,0,0,0,10,7,3,1,1,0
C5120ST,23,430,District-Rewa,Urban,60-69,80,41,39,17,8,9,17,5,12,1,1,0,18,16,2,1,0,1,2,2,0,11,4,7,13,5,8
C5120ST,23,430,District-Rewa,Urban,70-79,50,24,26,16,5,11,4,3,1,0,0,0,18,11,7,0,0,0,0,0,0,3,2,1,9,3,6
C5120ST,23,430,District-Rewa,Urban,80-89,14,8,6,3,1,2,1,0,1,0,0,0,5,4,1,0,0,0,0,0,0,1,0,1,4,3,1
C5120ST,23,430,District-Rewa,Urban,90+,2,1,1,1,1,0,0,0,0,0,0,0,1,0,1,0,0,0,0,0,0,0,0,0,0,0,0
C5120ST,23,430,District-Rewa,Urban,Age Not Stated,0,0,0,0,0,0,0,0,0,0,0,0,0,0,0,0,0,0,0,0,0,0,0,0,0,0,0
C5120ST,23,431,District-Umaria,Total,Total,6037,3305,2732,890,484,406,1191,610,581,231,141,90,1453,847,606,253,132,121,152,92,60,1430,767,663,437,232,205
C5120ST,23,431,District-Umaria,Total,0-4,360,206,154,42,26,16,103,56,47,4,2,2,52,34,18,9,3,6,1,1,0,123,66,57,26,18,8
C5120ST,23,431,District-Umaria,Total,5-9,567,290,277,81,44,37,136,62,74,37,23,14,82,47,35,32,14,18,13,7,6,134,63,71,52,30,22
C5120ST,23,431,District-Umaria,Total,10-19,1137,626,511,149,76,73,222,112,110,66,41,25,225,133,92,73,43,30,38,21,17,285,156,129,79,44,35
C5120ST,23,431,District-Umaria,Total,20-29,863,485,378,90,57,33,184,93,91,46,31,15,209,119,90,45,26,19,24,18,6,217,115,102,48,26,22
C5120ST,23,431,District-Umaria,Total,30-39,742,430,312,75,43,32,148,80,68,27,13,14,164,109,55,44,18,26,30,20,10,216,126,90,38,21,17
C5120ST,23,431,District-Umaria,Total,40-49,670,386,284,87,57,30,125,65,60,20,14,6,186,110,76,21,15,6,20,13,7,174,96,78,37,16,21
C5120ST,23,431,District-Umaria,Total,50-59,537,299,238,88,54,34,93,44,49,14,8,6,159,98,61,15,8,7,15,4,11,125,66,59,28,17,11
C5120ST,23,431,District-Umaria,Total,60-69,613,325,288,140,70,70,95,57,38,13,6,7,192,106,86,11,4,7,10,8,2,98,50,48,54,24,30
C5120ST,23,431,District-Umaria,Total,70-79,386,175,211,94,38,56,57,26,31,2,1,1,138,65,73,3,1,2,1,0,1,44,23,21,47,21,26
C5120ST,23,431,District-Umaria,Total,80-89,120,56,64,38,15,23,20,10,10,1,1,0,34,18,16,0,0,0,0,0,0,8,4,4,19,8,11
C5120ST,23,431,District-Umaria,Total,90+,37,23,14,6,4,2,7,4,3,0,0,0,11,7,4,0,0,0,0,0,0,5,2,3,8,6,2
C5120ST,23,431,District-Umaria,Total,Age Not Stated,5,4,1,0,0,0,1,1,0,1,1,0,1,1,0,0,0,0,0,0,0,1,0,1,1,1,0
C5120ST,23,431,District-Umaria,Rural,Total,5669,3081,2588,845,462,383,1123,570,553,208,126,82,1365,790,575,234,121,113,135,82,53,1364,727,637,395,203,192
C5120ST,23,431,District-Umaria,Rural,0-4,343,194,149,40,25,15,100,53,47,4,2,2,50,32,18,9,3,6,1,1,0,116,62,54,23,16,7
C5120ST,23,431,District-Umaria,Rural,5-9,542,278,264,77,40,37,133,61,72,36,22,14,79,45,34,30,14,16,13,7,6,126,60,66,48,29,19
C5120ST,23,431,District-Umaria,Rural,10-19,1062,573,489,139,71,68,208,102,106,58,35,23,208,121,87,67,39,28,33,18,15,276,149,127,73,38,35
C5120ST,23,431,District-Umaria,Rural,20-29,794,443,351,83,54,29,167,84,83,41,27,14,192,110,82,42,23,19,22,16,6,207,107,100,40,22,18
C5120ST,23,431,District-Umaria,Rural,30-39,698,403,295,73,43,30,142,76,66,23,12,11,154,100,54,40,17,23,26,17,9,206,119,87,34,19,15
C5120ST,23,431,District-Umaria,Rural,40-49,619,351,268,84,55,29,110,55,55,18,13,5,170,99,71,19,13,6,19,12,7,166,91,75,33,13,20
C5120ST,23,431,District-Umaria,Rural,50-59,505,278,227,84,52,32,91,43,48,13,7,6,149,91,58,14,7,7,11,3,8,121,64,57,22,11,11
C5120ST,23,431,District-Umaria,Rural,60-69,577,310,267,131,66,65,92,56,36,11,5,6,183,102,81,10,4,6,9,8,1,92,49,43,49,20,29
C5120ST,23,431,District-Umaria,Rural,70-79,377,171,206,92,38,54,54,25,29,2,1,1,136,64,72,3,1,2,1,0,1,42,21,21,47,21,26
C5120ST,23,431,District-Umaria,Rural,80-89,113,54,59,37,15,22,19,10,9,1,1,0,33,18,15,0,0,0,0,0,0,6,3,3,17,7,10
C5120ST,23,431,District-Umaria,Rural,90+,34,22,12,5,3,2,6,4,2,0,0,0,10,7,3,0,0,0,0,0,0,5,2,3,8,6,2
C5120ST,23,431,District-Umaria,Rural,Age Not Stated,5,4,1,0,0,0,1,1,0,1,1,0,1,1,0,0,0,0,0,0,0,1,0,1,1,1,0
C5120ST,23,431,District-Umaria,Urban,Total,368,224,144,45,22,23,68,40,28,23,15,8,88,57,31,19,11,8,17,10,7,66,40,26,42,29,13
C5120ST,23,431,District-Umaria,Urban,0-4,17,12,5,2,1,1,3,3,0,0,0,0,2,2,0,0,0,0,0,0,0,7,4,3,3,2,1
C5120ST,23,431,District-Umaria,Urban,5-9,25,12,13,4,4,0,3,1,2,1,1,0,3,2,1,2,0,2,0,0,0,8,3,5,4,1,3
C5120ST,23,431,District-Umaria,Urban,10-19,75,53,22,10,5,5,14,10,4,8,6,2,17,12,5,6,4,2,5,3,2,9,7,2,6,6,0
C5120ST,23,431,District-Umaria,Urban,20-29,69,42,27,7,3,4,17,9,8,5,4,1,17,9,8,3,3,0,2,2,0,10,8,2,8,4,4
C5120ST,23,431,District-Umaria,Urban,30-39,44,27,17,2,0,2,6,4,2,4,1,3,10,9,1,4,1,3,4,3,1,10,7,3,4,2,2
C5120ST,23,431,District-Umaria,Urban,40-49,51,35,16,3,2,1,15,10,5,2,1,1,16,11,5,2,2,0,1,1,0,8,5,3,4,3,1
C5120ST,23,431,District-Umaria,Urban,50-59,32,21,11,4,2,2,2,1,1,1,1,0,10,7,3,1,1,0,4,1,3,4,2,2,6,6,0
C5120ST,23,431,District-Umaria,Urban,60-69,36,15,21,9,4,5,3,1,2,2,1,1,9,4,5,1,0,1,1,0,1,6,1,5,5,4,1
C5120ST,23,431,District-Umaria,Urban,70-79,9,4,5,2,0,2,3,1,2,0,0,0,2,1,1,0,0,0,0,0,0,2,2,0,0,0,0
C5120ST,23,431,District-Umaria,Urban,80-89,7,2,5,1,0,1,1,0,1,0,0,0,1,0,1,0,0,0,0,0,0,2,1,1,2,1,1
C5120ST,23,431,District-Umaria,Urban,90+,3,1,2,1,1,0,1,0,1,0,0,0,1,0,1,0,0,0,0,0,0,0,0,0,0,0,0
C5120ST,23,431,District-Umaria,Urban,Age Not Stated,0,0,0,0,0,0,0,0,0,0,0,0,0,0,0,0,0,0,0,0,0,0,0,0,0,0,0
C5120ST,23,432,District-Neemuch ,Total,Total,1380,792,588,205,99,106,187,100,87,56,33,23,451,275,176,83,50,33,35,23,12,230,135,95,133,77,56
C5120ST,23,432,District-Neemuch ,Total,0-4,51,32,19,10,6,4,4,2,2,1,1,0,12,8,4,2,1,1,0,0,0,19,13,6,3,1,2
C5120ST,23,432,District-Neemuch ,Total,5-9,117,70,47,15,8,7,12,7,5,13,8,5,18,12,6,15,9,6,4,2,2,23,15,8,17,9,8
C5120ST,23,432,District-Neemuch ,Total,10-19,249,165,84,26,17,9,31,21,10,13,8,5,72,47,25,25,15,10,10,7,3,41,26,15,31,24,7
C5120ST,23,432,District-Neemuch ,Total,20-29,188,124,64,24,14,10,12,10,2,10,6,4,77,47,30,17,14,3,5,4,1,35,23,12,8,6,2
C5120ST,23,432,District-Neemuch ,Total,30-39,162,96,66,15,8,7,20,12,8,5,2,3,68,48,20,12,4,8,3,2,1,27,12,15,12,8,4
C5120ST,23,432,District-Neemuch ,Total,40-49,143,92,51,16,11,5,21,13,8,6,3,3,52,35,17,6,5,1,7,4,3,29,17,12,6,4,2
C5120ST,23,432,District-Neemuch ,Total,50-59,132,70,62,17,9,8,23,9,14,4,2,2,50,32,18,1,0,1,4,2,2,22,11,11,11,5,6
C5120ST,23,432,District-Neemuch ,Total,60-69,184,80,104,32,5,27,40,19,21,4,3,1,61,30,31,4,1,3,2,2,0,26,13,13,15,7,8
C5120ST,23,432,District-Neemuch ,Total,70-79,104,42,62,33,14,19,16,4,12,0,0,0,26,10,16,1,1,0,0,0,0,7,5,2,21,8,13
C5120ST,23,432,District-Neemuch ,Total,80-89,38,14,24,14,5,9,7,2,5,0,0,0,11,4,7,0,0,0,0,0,0,0,0,0,6,3,3
C5120ST,23,432,District-Neemuch ,Total,90+,11,6,5,3,2,1,1,1,0,0,0,0,3,1,2,0,0,0,0,0,0,1,0,1,3,2,1
C5120ST,23,432,District-Neemuch ,Total,Age Not Stated,1,1,0,0,0,0,0,0,0,0,0,0,1,1,0,0,0,0,0,0,0,0,0,0,0,0,0
C5120ST,23,432,District-Neemuch ,Rural,Total,1241,709,532,183,89,94,170,90,80,54,33,21,406,246,160,70,40,30,32,21,11,202,120,82,124,70,54
C5120ST,23,432,District-Neemuch ,Rural,0-4,45,26,19,10,6,4,3,1,2,1,1,0,11,7,4,2,1,1,0,0,0,15,9,6,3,1,2
C5120ST,23,432,District-Neemuch ,Rural,5-9,105,62,43,11,5,6,12,7,5,13,8,5,15,9,6,13,8,5,3,2,1,21,14,7,17,9,8
C5120ST,23,432,District-Neemuch ,Rural,10-19,210,142,68,21,14,7,27,19,8,12,8,4,58,37,21,21,12,9,9,6,3,33,23,10,29,23,6
C5120ST,23,432,District-Neemuch ,Rural,20-29,172,115,57,19,13,6,12,10,2,9,6,3,76,46,30,11,9,2,5,4,1,34,23,11,6,4,2
C5120ST,23,432,District-Neemuch ,Rural,30-39,150,88,62,14,7,7,18,11,7,5,2,3,63,46,17,12,4,8,3,2,1,24,9,15,11,7,4
C5120ST,23,432,District-Neemuch ,Rural,40-49,130,83,47,15,11,4,19,11,8,6,3,3,46,31,15,5,4,1,6,3,3,27,16,11,6,4,2
C5120ST,23,432,District-Neemuch ,Rural,50-59,123,64,59,16,8,8,22,8,14,4,2,2,45,29,16,1,0,1,4,2,2,21,11,10,10,4,6
C5120ST,23,432,District-Neemuch ,Rural,60-69,166,72,94,29,4,25,36,18,18,4,3,1,57,27,30,4,1,3,2,2,0,21,11,10,13,6,7
C5120ST,23,432,District-Neemuch ,Rural,70-79,98,40,58,32,14,18,14,3,11,0,0,0,25,10,15,1,1,0,0,0,0,5,4,1,21,8,13
C5120ST,23,432,District-Neemuch ,Rural,80-89,34,12,22,14,5,9,6,1,5,0,0,0,8,3,5,0,0,0,0,0,0,0,0,0,6,3,3
C5120ST,23,432,District-Neemuch ,Rural,90+,7,4,3,2,2,0,1,1,0,0,0,0,1,0,1,0,0,0,0,0,0,1,0,1,2,1,1
C5120ST,23,432,District-Neemuch ,Rural,Age Not Stated,1,1,0,0,0,0,0,0,0,0,0,0,1,1,0,0,0,0,0,0,0,0,0,0,0,0,0
C5120ST,23,432,District-Neemuch ,Urban,Total,139,83,56,22,10,12,17,10,7,2,0,2,45,29,16,13,10,3,3,2,1,28,15,13,9,7,2
C5120ST,23,432,District-Neemuch ,Urban,0-4,6,6,0,0,0,0,1,1,0,0,0,0,1,1,0,0,0,0,0,0,0,4,4,0,0,0,0
C5120ST,23,432,District-Neemuch ,Urban,5-9,12,8,4,4,3,1,0,0,0,0,0,0,3,3,0,2,1,1,1,0,1,2,1,1,0,0,0
C5120ST,23,432,District-Neemuch ,Urban,10-19,39,23,16,5,3,2,4,2,2,1,0,1,14,10,4,4,3,1,1,1,0,8,3,5,2,1,1
C5120ST,23,432,District-Neemuch ,Urban,20-29,16,9,7,5,1,4,0,0,0,1,0,1,1,1,0,6,5,1,0,0,0,1,0,1,2,2,0
C5120ST,23,432,District-Neemuch ,Urban,30-39,12,8,4,1,1,0,2,1,1,0,0,0,5,2,3,0,0,0,0,0,0,3,3,0,1,1,0
C5120ST,23,432,District-Neemuch ,Urban,40-49,13,9,4,1,0,1,2,2,0,0,0,0,6,4,2,1,1,0,1,1,0,2,1,1,0,0,0
C5120ST,23,432,District-Neemuch ,Urban,50-59,9,6,3,1,1,0,1,1,0,0,0,0,5,3,2,0,0,0,0,0,0,1,0,1,1,1,0
C5120ST,23,432,District-Neemuch ,Urban,60-69,18,8,10,3,1,2,4,1,3,0,0,0,4,3,1,0,0,0,0,0,0,5,2,3,2,1,1
C5120ST,23,432,District-Neemuch ,Urban,70-79,6,2,4,1,0,1,2,1,1,0,0,0,1,0,1,0,0,0,0,0,0,2,1,1,0,0,0
C5120ST,23,432,District-Neemuch ,Urban,80-89,4,2,2,0,0,0,1,1,0,0,0,0,3,1,2,0,0,0,0,0,0,0,0,0,0,0,0
C5120ST,23,432,District-Neemuch ,Urban,90+,4,2,2,1,0,1,0,0,0,0,0,0,2,1,1,0,0,0,0,0,0,0,0,0,1,1,0
C5120ST,23,432,District-Neemuch ,Urban,Age Not Stated,0,0,0,0,0,0,0,0,0,0,0,0,0,0,0,0,0,0,0,0,0,0,0,0,0,0,0
C5120ST,23,433,District-Mandsaur,Total,Total,532,319,213,82,47,35,64,34,30,23,12,11,178,109,69,28,13,15,16,10,6,93,64,29,48,30,18
C5120ST,23,433,District-Mandsaur,Total,0-4,27,13,14,7,3,4,4,2,2,2,0,2,7,3,4,1,0,1,0,0,0,5,4,1,1,1,0
C5120ST,23,433,District-Mandsaur,Total,5-9,45,24,21,5,3,2,8,2,6,1,1,0,12,7,5,1,0,1,0,0,0,8,3,5,10,8,2
C5120ST,23,433,District-Mandsaur,Total,10-19,113,78,35,22,19,3,14,10,4,5,5,0,22,13,9,13,5,8,4,2,2,20,14,6,13,10,3
C5120ST,23,433,District-Mandsaur,Total,20-29,81,54,27,6,3,3,6,3,3,3,2,1,37,24,13,5,3,2,4,3,1,17,14,3,3,2,1
C5120ST,23,433,District-Mandsaur,Total,30-39,69,41,28,11,6,5,5,1,4,2,0,2,26,16,10,4,3,1,0,0,0,18,13,5,3,2,1
C5120ST,23,433,District-Mandsaur,Total,40-49,60,44,16,9,8,1,9,6,3,3,1,2,23,18,5,3,2,1,3,3,0,9,5,4,1,1,0
C5120ST,23,433,District-Mandsaur,Total,50-59,38,18,20,7,2,5,2,1,1,1,0,1,16,7,9,0,0,0,2,2,0,7,4,3,3,2,1
C5120ST,23,433,District-Mandsaur,Total,60-69,38,22,16,6,1,5,7,3,4,2,1,1,17,13,4,0,0,0,0,0,0,3,3,0,3,1,2
C5120ST,23,433,District-Mandsaur,Total,70-79,42,17,25,7,2,5,7,5,2,3,2,1,11,3,8,1,0,1,2,0,2,3,2,1,8,3,5
C5120ST,23,433,District-Mandsaur,Total,80-89,16,8,8,2,0,2,2,1,1,0,0,0,7,5,2,0,0,0,0,0,0,2,2,0,3,0,3
C5120ST,23,433,District-Mandsaur,Total,90+,2,0,2,0,0,0,0,0,0,1,0,1,0,0,0,0,0,0,1,0,1,0,0,0,0,0,0
C5120ST,23,433,District-Mandsaur,Total,Age Not Stated,1,0,1,0,0,0,0,0,0,0,0,0,0,0,0,0,0,0,0,0,0,1,0,1,0,0,0
C5120ST,23,433,District-Mandsaur,Rural,Total,482,290,192,78,46,32,61,34,27,18,10,8,160,97,63,27,13,14,16,10,6,80,56,24,42,24,18
C5120ST,23,433,District-Mandsaur,Rural,0-4,26,13,13,6,3,3,4,2,2,2,0,2,7,3,4,1,0,1,0,0,0,5,4,1,1,1,0
C5120ST,23,433,District-Mandsaur,Rural,5-9,40,20,20,5,3,2,8,2,6,1,1,0,11,6,5,1,0,1,0,0,0,6,2,4,8,6,2
C5120ST,23,433,District-Mandsaur,Rural,10-19,100,69,31,20,18,2,14,10,4,5,5,0,19,11,8,12,5,7,4,2,2,17,12,5,9,6,3
C5120ST,23,433,District-Mandsaur,Rural,20-29,77,51,26,6,3,3,5,3,2,2,1,1,36,23,13,5,3,2,4,3,1,16,13,3,3,2,1
C5120ST,23,433,District-Mandsaur,Rural,30-39,61,37,24,11,6,5,5,1,4,1,0,1,21,13,8,4,3,1,0,0,0,16,12,4,3,2,1
C5120ST,23,433,District-Mandsaur,Rural,40-49,54,40,14,9,8,1,9,6,3,3,1,2,20,15,5,3,2,1,3,3,0,6,4,2,1,1,0
C5120ST,23,433,District-Mandsaur,Rural,50-59,33,15,18,7,2,5,1,1,0,1,0,1,13,5,8,0,0,0,2,2,0,6,3,3,3,2,1
C5120ST,23,433,District-Mandsaur,Rural,60-69,36,21,15,6,1,5,6,3,3,2,1,1,17,13,4,0,0,0,0,0,0,2,2,0,3,1,2
C5120ST,23,433,District-Mandsaur,Rural,70-79,37,16,21,6,2,4,7,5,2,1,1,0,9,3,6,1,0,1,2,0,2,3,2,1,8,3,5
C5120ST,23,433,District-Mandsaur,Rural,80-89,16,8,8,2,0,2,2,1,1,0,0,0,7,5,2,0,0,0,0,0,0,2,2,0,3,0,3
C5120ST,23,433,District-Mandsaur,Rural,90+,1,0,1,0,0,0,0,0,0,0,0,0,0,0,0,0,0,0,1,0,1,0,0,0,0,0,0
C5120ST,23,433,District-Mandsaur,Rural,Age Not Stated,1,0,1,0,0,0,0,0,0,0,0,0,0,0,0,0,0,0,0,0,0,1,0,1,0,0,0
C5120ST,23,433,District-Mandsaur,Urban,Total,50,29,21,4,1,3,3,0,3,5,2,3,18,12,6,1,0,1,0,0,0,13,8,5,6,6,0
C5120ST,23,433,District-Mandsaur,Urban,0-4,1,0,1,1,0,1,0,0,0,0,0,0,0,0,0,0,0,0,0,0,0,0,0,0,0,0,0
C5120ST,23,433,District-Mandsaur,Urban,5-9,5,4,1,0,0,0,0,0,0,0,0,0,1,1,0,0,0,0,0,0,0,2,1,1,2,2,0
C5120ST,23,433,District-Mandsaur,Urban,10-19,13,9,4,2,1,1,0,0,0,0,0,0,3,2,1,1,0,1,0,0,0,3,2,1,4,4,0
C5120ST,23,433,District-Mandsaur,Urban,20-29,4,3,1,0,0,0,1,0,1,1,1,0,1,1,0,0,0,0,0,0,0,1,1,0,0,0,0
C5120ST,23,433,District-Mandsaur,Urban,30-39,8,4,4,0,0,0,0,0,0,1,0,1,5,3,2,0,0,0,0,0,0,2,1,1,0,0,0
C5120ST,23,433,District-Mandsaur,Urban,40-49,6,4,2,0,0,0,0,0,0,0,0,0,3,3,0,0,0,0,0,0,0,3,1,2,0,0,0
C5120ST,23,433,District-Mandsaur,Urban,50-59,5,3,2,0,0,0,1,0,1,0,0,0,3,2,1,0,0,0,0,0,0,1,1,0,0,0,0
C5120ST,23,433,District-Mandsaur,Urban,60-69,2,1,1,0,0,0,1,0,1,0,0,0,0,0,0,0,0,0,0,0,0,1,1,0,0,0,0
C5120ST,23,433,District-Mandsaur,Urban,70-79,5,1,4,1,0,1,0,0,0,2,1,1,2,0,2,0,0,0,0,0,0,0,0,0,0,0,0
C5120ST,23,433,District-Mandsaur,Urban,80-89,0,0,0,0,0,0,0,0,0,0,0,0,0,0,0,0,0,0,0,0,0,0,0,0,0,0,0
C5120ST,23,433,District-Mandsaur,Urban,90+,1,0,1,0,0,0,0,0,0,1,0,1,0,0,0,0,0,0,0,0,0,0,0,0,0,0,0
C5120ST,23,433,District-Mandsaur,Urban,Age Not Stated,0,0,0,0,0,0,0,0,0,0,0,0,0,0,0,0,0,0,0,0,0,0,0,0,0,0,0
C5120ST,23,434,District-Ratlam,Total,Total,7708,4227,3481,1163,561,602,1933,995,938,155,87,68,2280,1374,906,320,176,144,191,109,82,1065,585,480,601,340,261
C5120ST,23,434,District-Ratlam,Total,0-4,521,268,253,96,51,45,173,79,94,7,4,3,93,50,43,11,4,7,5,1,4,113,65,48,23,14,9
C5120ST,23,434,District-Ratlam,Total,5-9,772,386,386,116,61,55,258,114,144,27,13,14,130,72,58,33,16,17,13,7,6,136,68,68,59,35,24
C5120ST,23,434,District-Ratlam,Total,10-19,1616,902,714,174,86,88,427,225,202,50,28,22,485,293,192,84,43,41,39,20,19,237,130,107,120,77,43
C5120ST,23,434,District-Ratlam,Total,20-29,1222,735,487,136,72,64,243,133,110,23,16,7,526,338,188,48,27,21,35,26,9,158,91,67,53,32,21
C5120ST,23,434,District-Ratlam,Total,30-39,937,564,373,96,59,37,217,128,89,13,7,6,325,204,121,63,35,28,34,23,11,139,72,67,50,36,14
C5120ST,23,434,District-Ratlam,Total,40-49,821,471,350,97,48,49,221,120,101,12,4,8,257,162,95,37,21,16,34,20,14,104,62,42,59,34,25
C5120ST,23,434,District-Ratlam,Total,50-59,595,362,233,97,50,47,143,83,60,12,9,3,170,109,61,29,23,6,15,7,8,82,47,35,47,34,13
C5120ST,23,434,District-Ratlam,Total,60-69,597,284,313,152,67,85,129,59,70,3,0,3,165,94,71,8,4,4,8,3,5,62,30,32,70,27,43
C5120ST,23,434,District-Ratlam,Total,70-79,402,167,235,126,38,88,83,35,48,5,3,2,84,41,43,5,3,2,4,2,2,24,13,11,71,32,39
C5120ST,23,434,District-Ratlam,Total,80-89,167,65,102,49,19,30,29,14,15,3,3,0,35,10,25,1,0,1,4,0,4,7,5,2,39,14,25
C5120ST,23,434,District-Ratlam,Total,90+,55,20,35,23,9,14,9,4,5,0,0,0,10,1,9,1,0,1,0,0,0,2,1,1,10,5,5
C5120ST,23,434,District-Ratlam,Total,Age Not Stated,3,3,0,1,1,0,1,1,0,0,0,0,0,0,0,0,0,0,0,0,0,1,1,0,0,0,0
C5120ST,23,434,District-Ratlam,Rural,Total,7289,3974,3315,1122,543,579,1857,951,906,137,79,58,2133,1278,855,294,161,133,186,106,80,1000,547,453,560,309,251
C5120ST,23,434,District-Ratlam,Rural,0-4,506,258,248,91,46,45,171,79,92,6,3,3,90,47,43,11,4,7,4,1,3,111,65,46,22,13,9
C5120ST,23,434,District-Ratlam,Rural,5-9,746,377,369,112,60,52,252,113,139,23,12,11,129,72,57,30,14,16,13,7,6,131,67,64,56,32,24
C5120ST,23,434,District-Ratlam,Rural,10-19,1536,850,686,171,86,85,411,216,195,45,25,20,453,268,185,79,40,39,37,19,18,225,123,102,115,73,42
C5120ST,23,434,District-Ratlam,Rural,20-29,1149,692,457,131,69,62,236,129,107,23,16,7,487,317,170,45,25,20,34,25,9,147,84,63,46,27,19
C5120ST,23,434,District-Ratlam,Rural,30-39,864,521,343,91,56,35,201,118,83,9,7,2,304,189,115,55,32,23,34,23,11,125,64,61,45,32,13
C5120ST,23,434,District-Ratlam,Rural,40-49,763,436,327,92,45,47,211,113,98,11,3,8,235,151,84,34,19,15,33,19,14,95,56,39,52,30,22
C5120ST,23,434,District-Ratlam,Rural,50-59,557,331,226,96,50,46,138,78,60,9,7,2,158,99,59,25,20,5,15,7,8,74,41,33,42,29,13
C5120ST,23,434,District-Ratlam,Rural,60-69,568,266,302,145,64,81,124,57,67,3,0,3,154,85,69,8,4,4,8,3,5,59,28,31,67,25,42
C5120ST,23,434,District-Ratlam,Rural,70-79,382,157,225,123,38,85,77,31,46,5,3,2,79,39,40,5,3,2,4,2,2,23,12,11,66,29,37
C5120ST,23,434,District-Ratlam,Rural,80-89,163,63,100,47,19,28,27,12,15,3,3,0,35,10,25,1,0,1,4,0,4,7,5,2,39,14,25
C5120ST,23,434,District-Ratlam,Rural,90+,52,20,32,22,9,13,8,4,4,0,0,0,9,1,8,1,0,1,0,0,0,2,1,1,10,5,5
C5120ST,23,434,District-Ratlam,Rural,Age Not Stated,3,3,0,1,1,0,1,1,0,0,0,0,0,0,0,0,0,0,0,0,0,1,1,0,0,0,0
C5120ST,23,434,District-Ratlam,Urban,Total,419,253,166,41,18,23,76,44,32,18,8,10,147,96,51,26,15,11,5,3,2,65,38,27,41,31,10
C5120ST,23,434,District-Ratlam,Urban,0-4,15,10,5,5,5,0,2,0,2,1,1,0,3,3,0,0,0,0,1,0,1,2,0,2,1,1,0
C5120ST,23,434,District-Ratlam,Urban,5-9,26,9,17,4,1,3,6,1,5,4,1,3,1,0,1,3,2,1,0,0,0,5,1,4,3,3,0
C5120ST,23,434,District-Ratlam,Urban,10-19,80,52,28,3,0,3,16,9,7,5,3,2,32,25,7,5,3,2,2,1,1,12,7,5,5,4,1
C5120ST,23,434,District-Ratlam,Urban,20-29,73,43,30,5,3,2,7,4,3,0,0,0,39,21,18,3,2,1,1,1,0,11,7,4,7,5,2
C5120ST,23,434,District-Ratlam,Urban,30-39,73,43,30,5,3,2,16,10,6,4,0,4,21,15,6,8,3,5,0,0,0,14,8,6,5,4,1
C5120ST,23,434,District-Ratlam,Urban,40-49,58,35,23,5,3,2,10,7,3,1,1,0,22,11,11,3,2,1,1,1,0,9,6,3,7,4,3
C5120ST,23,434,District-Ratlam,Urban,50-59,38,31,7,1,0,1,5,5,0,3,2,1,12,10,2,4,3,1,0,0,0,8,6,2,5,5,0
C5120ST,23,434,District-Ratlam,Urban,60-69,29,18,11,7,3,4,5,2,3,0,0,0,11,9,2,0,0,0,0,0,0,3,2,1,3,2,1
C5120ST,23,434,District-Ratlam,Urban,70-79,20,10,10,3,0,3,6,4,2,0,0,0,5,2,3,0,0,0,0,0,0,1,1,0,5,3,2
C5120ST,23,434,District-Ratlam,Urban,80-89,4,2,2,2,0,2,2,2,0,0,0,0,0,0,0,0,0,0,0,0,0,0,0,0,0,0,0
C5120ST,23,434,District-Ratlam,Urban,90+,3,0,3,1,0,1,1,0,1,0,0,0,1,0,1,0,0,0,0,0,0,0,0,0,0,0,0
C5120ST,23,434,District-Ratlam,Urban,Age Not Stated,0,0,0,0,0,0,0,0,0,0,0,0,0,0,0,0,0,0,0,0,0,0,0,0,0,0,0
C5120ST,23,435,District-Ujjain,Total,Total,877,496,381,135,67,68,118,61,57,42,19,23,291,191,100,34,18,16,29,16,13,144,81,63,84,43,41
C5120ST,23,435,District-Ujjain,Total,0-4,34,18,16,8,4,4,5,5,0,2,0,2,7,4,3,1,1,0,0,0,0,9,3,6,2,1,1
C5120ST,23,435,District-Ujjain,Total,5-9,64,32,32,14,6,8,10,5,5,3,2,1,12,8,4,5,2,3,2,0,2,12,7,5,6,2,4
C5120ST,23,435,District-Ujjain,Total,10-19,156,90,66,18,10,8,21,12,9,11,5,6,34,25,9,9,5,4,6,3,3,33,19,14,24,11,13
C5120ST,23,435,District-Ujjain,Total,20-29,150,82,68,14,7,7,24,10,14,5,1,4,65,41,24,6,3,3,4,1,3,21,12,9,11,7,4
C5120ST,23,435,District-Ujjain,Total,30-39,119,74,45,9,5,4,9,3,6,4,2,2,55,34,21,4,3,1,9,8,1,20,13,7,9,6,3
C5120ST,23,435,District-Ujjain,Total,40-49,102,61,41,13,9,4,13,8,5,10,4,6,36,24,12,5,3,2,5,2,3,16,10,6,4,1,3
C5120ST,23,435,District-Ujjain,Total,50-59,79,51,28,11,5,6,12,8,4,3,2,1,27,22,5,2,1,1,0,0,0,18,8,10,6,5,1
C5120ST,23,435,District-Ujjain,Total,60-69,82,43,39,19,8,11,7,2,5,3,2,1,32,19,13,1,0,1,1,0,1,12,9,3,7,3,4
C5120ST,23,435,District-Ujjain,Total,70-79,58,28,30,19,9,10,10,4,6,0,0,0,16,10,6,1,0,1,2,2,0,3,0,3,7,3,4
C5120ST,23,435,District-Ujjain,Total,80-89,21,10,11,8,4,4,1,0,1,1,1,0,6,3,3,0,0,0,0,0,0,0,0,0,5,2,3
C5120ST,23,435,District-Ujjain,Total,90+,12,7,5,2,0,2,6,4,2,0,0,0,1,1,0,0,0,0,0,0,0,0,0,0,3,2,1
C5120ST,23,435,District-Ujjain,Total,Age Not Stated,0,0,0,0,0,0,0,0,0,0,0,0,0,0,0,0,0,0,0,0,0,0,0,0,0,0,0
C5120ST,23,435,District-Ujjain,Rural,Total,603,347,256,95,47,48,83,42,41,21,7,14,206,140,66,25,13,12,19,11,8,92,54,38,62,33,29
C5120ST,23,435,District-Ujjain,Rural,0-4,24,12,12,7,3,4,3,3,0,2,0,2,5,3,2,0,0,0,0,0,0,5,2,3,2,1,1
C5120ST,23,435,District-Ujjain,Rural,5-9,46,22,24,8,5,3,7,2,5,1,0,1,12,8,4,4,2,2,2,0,2,8,4,4,4,1,3
C5120ST,23,435,District-Ujjain,Rural,10-19,96,52,44,8,3,5,15,8,7,4,1,3,24,19,5,5,2,3,2,1,1,20,10,10,18,8,10
C5120ST,23,435,District-Ujjain,Rural,20-29,105,60,45,8,5,3,12,4,8,2,0,2,53,33,20,4,2,2,3,1,2,14,9,5,9,6,3
C5120ST,23,435,District-Ujjain,Rural,30-39,81,52,29,7,5,2,7,2,5,2,1,1,38,25,13,4,3,1,6,5,1,12,8,4,5,3,2
C5120ST,23,435,District-Ujjain,Rural,40-49,76,48,28,10,7,3,12,7,5,7,3,4,23,16,7,5,3,2,4,2,2,12,9,3,3,1,2
C5120ST,23,435,District-Ujjain,Rural,50-59,56,36,20,7,2,5,10,7,3,2,1,1,17,14,3,2,1,1,0,0,0,13,7,6,5,4,1
C5120ST,23,435,District-Ujjain,Rural,60-69,55,31,24,15,7,8,6,1,5,1,1,0,21,14,7,1,0,1,0,0,0,6,5,1,5,3,2
C5120ST,23,435,District-Ujjain,Rural,70-79,41,21,20,17,7,10,6,4,2,0,0,0,9,6,3,0,0,0,2,2,0,2,0,2,5,2,3
C5120ST,23,435,District-Ujjain,Rural,80-89,12,6,6,6,3,3,0,0,0,0,0,0,3,1,2,0,0,0,0,0,0,0,0,0,3,2,1
C5120ST,23,435,District-Ujjain,Rural,90+,11,7,4,2,0,2,5,4,1,0,0,0,1,1,0,0,0,0,0,0,0,0,0,0,3,2,1
C5120ST,23,435,District-Ujjain,Rural,Age Not Stated,0,0,0,0,0,0,0,0,0,0,0,0,0,0,0,0,0,0,0,0,0,0,0,0,0,0,0
C5120ST,23,435,District-Ujjain,Urban,Total,274,149,125,40,20,20,35,19,16,21,12,9,85,51,34,9,5,4,10,5,5,52,27,25,22,10,12
C5120ST,23,435,District-Ujjain,Urban,0-4,10,6,4,1,1,0,2,2,0,0,0,0,2,1,1,1,1,0,0,0,0,4,1,3,0,0,0
C5120ST,23,435,District-Ujjain,Urban,5-9,18,10,8,6,1,5,3,3,0,2,2,0,0,0,0,1,0,1,0,0,0,4,3,1,2,1,1
C5120ST,23,435,District-Ujjain,Urban,10-19,60,38,22,10,7,3,6,4,2,7,4,3,10,6,4,4,3,1,4,2,2,13,9,4,6,3,3
C5120ST,23,435,District-Ujjain,Urban,20-29,45,22,23,6,2,4,12,6,6,3,1,2,12,8,4,2,1,1,1,0,1,7,3,4,2,1,1
C5120ST,23,435,District-Ujjain,Urban,30-39,38,22,16,2,0,2,2,1,1,2,1,1,17,9,8,0,0,0,3,3,0,8,5,3,4,3,1
C5120ST,23,435,District-Ujjain,Urban,40-49,26,13,13,3,2,1,1,1,0,3,1,2,13,8,5,0,0,0,1,0,1,4,1,3,1,0,1
C5120ST,23,435,District-Ujjain,Urban,50-59,23,15,8,4,3,1,2,1,1,1,1,0,10,8,2,0,0,0,0,0,0,5,1,4,1,1,0
C5120ST,23,435,District-Ujjain,Urban,60-69,27,12,15,4,1,3,1,1,0,2,1,1,11,5,6,0,0,0,1,0,1,6,4,2,2,0,2
C5120ST,23,435,District-Ujjain,Urban,70-79,17,7,10,2,2,0,4,0,4,0,0,0,7,4,3,1,0,1,0,0,0,1,0,1,2,1,1
C5120ST,23,435,District-Ujjain,Urban,80-89,9,4,5,2,1,1,1,0,1,1,1,0,3,2,1,0,0,0,0,0,0,0,0,0,2,0,2
C5120ST,23,435,District-Ujjain,Urban,90+,1,0,1,0,0,0,1,0,1,0,0,0,0,0,0,0,0,0,0,0,0,0,0,0,0,0,0
C5120ST,23,435,District-Ujjain,Urban,Age Not Stated,0,0,0,0,0,0,0,0,0,0,0,0,0,0,0,0,0,0,0,0,0,0,0,0,0,0,0
C5120ST,23,436,District-Shajapur,Total,Total,821,484,337,125,71,54,134,83,51,38,22,16,281,170,111,30,20,10,16,13,3,137,77,60,60,28,32
C5120ST,23,436,District-Shajapur,Total,0-4,27,16,11,2,1,1,7,6,1,1,1,0,3,2,1,1,0,1,0,0,0,13,6,7,0,0,0
C5120ST,23,436,District-Shajapur,Total,5-9,74,45,29,7,6,1,10,6,4,9,4,5,13,8,5,3,3,0,1,1,0,21,12,9,10,5,5
C5120ST,23,436,District-Shajapur,Total,10-19,121,73,48,14,8,6,20,12,8,6,5,1,31,19,12,7,6,1,2,2,0,30,17,13,11,4,7
C5120ST,23,436,District-Shajapur,Total,20-29,138,86,52,17,12,5,20,10,10,4,1,3,61,39,22,4,2,2,4,4,0,23,15,8,5,3,2
C5120ST,23,436,District-Shajapur,Total,30-39,97,64,33,10,7,3,14,9,5,7,5,2,36,24,12,3,2,1,5,3,2,16,11,5,6,3,3
C5120ST,23,436,District-Shajapur,Total,40-49,77,47,30,9,6,3,11,8,3,5,2,3,32,20,12,5,3,2,0,0,0,12,6,6,3,2,1
C5120ST,23,436,District-Shajapur,Total,50-59,73,51,22,11,6,5,10,8,2,2,1,1,31,21,10,4,3,1,3,3,0,8,6,2,4,3,1
C5120ST,23,436,District-Shajapur,Total,60-69,87,43,44,20,9,11,21,12,9,3,2,1,29,15,14,3,1,2,1,0,1,7,2,5,3,2,1
C5120ST,23,436,District-Shajapur,Total,70-79,74,38,36,21,10,11,15,9,6,1,1,0,25,14,11,0,0,0,0,0,0,4,2,2,8,2,6
C5120ST,23,436,District-Shajapur,Total,80-89,38,17,21,9,4,5,5,3,2,0,0,0,15,6,9,0,0,0,0,0,0,1,0,1,8,4,4
C5120ST,23,436,District-Shajapur,Total,90+,12,3,9,5,2,3,1,0,1,0,0,0,3,1,2,0,0,0,0,0,0,1,0,1,2,0,2
C5120ST,23,436,District-Shajapur,Total,Age Not Stated,3,1,2,0,0,0,0,0,0,0,0,0,2,1,1,0,0,0,0,0,0,1,0,1,0,0,0
C5120ST,23,436,District-Shajapur,Rural,Total,750,443,307,118,67,51,122,75,47,26,18,8,262,158,104,24,15,9,15,12,3,127,71,56,56,27,29
C5120ST,23,436,District-Shajapur,Rural,0-4,23,14,9,2,1,1,6,5,1,1,1,0,2,2,0,1,0,1,0,0,0,11,5,6,0,0,0
C5120ST,23,436,District-Shajapur,Rural,5-9,68,44,24,6,5,1,10,6,4,6,4,2,11,8,3,3,3,0,1,1,0,21,12,9,10,5,5
C5120ST,23,436,District-Shajapur,Rural,10-19,114,68,46,13,7,6,18,11,7,6,5,1,29,18,11,5,4,1,2,2,0,30,17,13,11,4,7
C5120ST,23,436,District-Shajapur,Rural,20-29,125,79,46,16,12,4,18,10,8,2,1,1,58,37,21,4,2,2,4,4,0,19,11,8,4,2,2
C5120ST,23,436,District-Shajapur,Rural,30-39,86,55,31,9,6,3,11,7,4,6,4,2,34,22,12,2,1,1,4,2,2,14,10,4,6,3,3
C5120ST,23,436,District-Shajapur,Rural,40-49,74,47,27,9,6,3,11,8,3,4,2,2,32,20,12,5,3,2,0,0,0,10,6,4,3,2,1
C5120ST,23,436,District-Shajapur,Rural,50-59,62,43,19,10,5,5,10,8,2,0,0,0,25,16,9,3,2,1,3,3,0,8,6,2,3,3,0
C5120ST,23,436,District-Shajapur,Rural,60-69,77,37,40,19,9,10,18,9,9,1,1,0,27,14,13,1,0,1,1,0,1,7,2,5,3,2,1
C5120ST,23,436,District-Shajapur,Rural,70-79,69,35,34,21,10,11,14,8,6,0,0,0,24,13,11,0,0,0,0,0,0,4,2,2,6,2,4
C5120ST,23,436,District-Shajapur,Rural,80-89,38,17,21,9,4,5,5,3,2,0,0,0,15,6,9,0,0,0,0,0,0,1,0,1,8,4,4
C5120ST,23,436,District-Shajapur,Rural,90+,11,3,8,4,2,2,1,0,1,0,0,0,3,1,2,0,0,0,0,0,0,1,0,1,2,0,2
C5120ST,23,436,District-Shajapur,Rural,Age Not Stated,3,1,2,0,0,0,0,0,0,0,0,0,2,1,1,0,0,0,0,0,0,1,0,1,0,0,0
C5120ST,23,436,District-Shajapur,Urban,Total,71,41,30,7,4,3,12,8,4,12,4,8,19,12,7,6,5,1,1,1,0,10,6,4,4,1,3
C5120ST,23,436,District-Shajapur,Urban,0-4,4,2,2,0,0,0,1,1,0,0,0,0,1,0,1,0,0,0,0,0,0,2,1,1,0,0,0
C5120ST,23,436,District-Shajapur,Urban,5-9,6,1,5,1,1,0,0,0,0,3,0,3,2,0,2,0,0,0,0,0,0,0,0,0,0,0,0
C5120ST,23,436,District-Shajapur,Urban,10-19,7,5,2,1,1,0,2,1,1,0,0,0,2,1,1,2,2,0,0,0,0,0,0,0,0,0,0
C5120ST,23,436,District-Shajapur,Urban,20-29,13,7,6,1,0,1,2,0,2,2,0,2,3,2,1,0,0,0,0,0,0,4,4,0,1,1,0
C5120ST,23,436,District-Shajapur,Urban,30-39,11,9,2,1,1,0,3,2,1,1,1,0,2,2,0,1,1,0,1,1,0,2,1,1,0,0,0
C5120ST,23,436,District-Shajapur,Urban,40-49,3,0,3,0,0,0,0,0,0,1,0,1,0,0,0,0,0,0,0,0,0,2,0,2,0,0,0
C5120ST,23,436,District-Shajapur,Urban,50-59,11,8,3,1,1,0,0,0,0,2,1,1,6,5,1,1,1,0,0,0,0,0,0,0,1,0,1
C5120ST,23,436,District-Shajapur,Urban,60-69,10,6,4,1,0,1,3,3,0,2,1,1,2,1,1,2,1,1,0,0,0,0,0,0,0,0,0
C5120ST,23,436,District-Shajapur,Urban,70-79,5,3,2,0,0,0,1,1,0,1,1,0,1,1,0,0,0,0,0,0,0,0,0,0,2,0,2
C5120ST,23,436,District-Shajapur,Urban,80-89,0,0,0,0,0,0,0,0,0,0,0,0,0,0,0,0,0,0,0,0,0,0,0,0,0,0,0
C5120ST,23,436,District-Shajapur,Urban,90+,1,0,1,1,0,1,0,0,0,0,0,0,0,0,0,0,0,0,0,0,0,0,0,0,0,0,0
C5120ST,23,436,District-Shajapur,Urban,Age Not Stated,0,0,0,0,0,0,0,0,0,0,0,0,0,0,0,0,0,0,0,0,0,0,0,0,0,0,0
C5120ST,23,437,District-Dewas,Total,Total,4592,2599,1993,1148,565,583,811,452,359,137,88,49,1318,813,505,170,93,77,78,54,24,658,383,275,272,151,121
C5120ST,23,437,District-Dewas,Total,0-4,288,156,132,113,63,50,54,31,23,6,3,3,30,21,9,4,2,2,4,3,1,62,25,37,15,8,7
C5120ST,23,437,District-Dewas,Total,5-9,462,253,209,144,69,75,80,49,31,22,15,7,86,48,38,23,11,12,8,6,2,66,36,30,33,19,14
C5120ST,23,437,District-Dewas,Total,10-19,1189,672,517,266,138,128,238,134,104,42,22,20,346,213,133,49,22,27,18,11,7,167,94,73,63,38,25
C5120ST,23,437,District-Dewas,Total,20-29,706,425,281,146,78,68,85,44,41,17,14,3,301,197,104,29,19,10,12,7,5,91,49,42,25,17,8
C5120ST,23,437,District-Dewas,Total,30-39,583,382,201,92,45,47,107,72,35,10,8,2,219,151,68,25,15,10,7,6,1,100,72,28,23,13,10
C5120ST,23,437,District-Dewas,Total,40-49,406,236,170,92,47,45,58,27,31,12,6,6,118,69,49,21,15,6,17,14,3,66,42,24,22,16,6
C5120ST,23,437,District-Dewas,Total,50-59,292,181,111,77,41,36,55,31,24,14,11,3,78,51,27,7,3,4,7,5,2,36,26,10,18,13,5
C5120ST,23,437,District-Dewas,Total,60-69,266,151,115,86,42,44,56,30,26,7,6,1,50,35,15,7,3,4,5,2,3,38,24,14,17,9,8
C5120ST,23,437,District-Dewas,Total,70-79,240,85,155,83,27,56,44,18,26,5,3,2,59,17,42,1,1,0,0,0,0,21,10,11,27,9,18
C5120ST,23,437,District-Dewas,Total,80-89,120,42,78,35,10,25,31,15,16,2,0,2,20,7,13,3,1,2,0,0,0,7,3,4,22,6,16
C5120ST,23,437,District-Dewas,Total,90+,33,12,21,13,5,8,3,1,2,0,0,0,10,3,7,0,0,0,0,0,0,0,0,0,7,3,4
C5120ST,23,437,District-Dewas,Total,Age Not Stated,7,4,3,1,0,1,0,0,0,0,0,0,1,1,0,1,1,0,0,0,0,4,2,2,0,0,0
C5120ST,23,437,District-Dewas,Rural,Total,4187,2366,1821,1081,535,546,739,408,331,110,73,37,1189,734,455,147,81,66,70,49,21,606,352,254,245,134,111
C5120ST,23,437,District-Dewas,Rural,0-4,258,140,118,108,60,48,45,25,20,5,3,2,25,18,7,3,1,2,4,3,1,56,23,33,12,7,5
C5120ST,23,437,District-Dewas,Rural,5-9,431,238,193,138,67,71,76,47,29,17,12,5,79,44,35,22,11,11,7,5,2,63,35,28,29,17,12
C5120ST,23,437,District-Dewas,Rural,10-19,1105,634,471,252,135,117,220,124,96,33,18,15,326,203,123,42,21,21,15,9,6,159,90,69,58,34,24
C5120ST,23,437,District-Dewas,Rural,20-29,622,376,246,135,72,63,76,40,36,14,12,2,260,173,87,23,15,8,10,6,4,83,44,39,21,14,7
C5120ST,23,437,District-Dewas,Rural,30-39,520,340,180,84,40,44,92,61,31,7,6,1,197,136,61,23,13,10,6,5,1,91,67,24,20,12,8
C5120ST,23,437,District-Dewas,Rural,40-49,374,213,161,89,45,44,51,23,28,10,5,5,113,66,47,17,12,5,17,14,3,58,35,23,19,13,6
C5120ST,23,437,District-Dewas,Rural,50-59,267,163,104,71,38,33,51,28,23,13,11,2,70,43,27,7,3,4,6,5,1,32,23,9,17,12,5
C5120ST,23,437,District-Dewas,Rural,60-69,235,130,105,78,38,40,53,27,26,5,4,1,40,28,12,7,3,4,5,2,3,32,20,12,15,8,7
C5120ST,23,437,District-Dewas,Rural,70-79,223,78,145,78,25,53,42,17,25,4,2,2,50,14,36,1,1,0,0,0,0,21,10,11,27,9,18
C5120ST,23,437,District-Dewas,Rural,80-89,115,40,75,35,10,25,30,15,15,2,0,2,18,5,13,2,1,1,0,0,0,7,3,4,21,6,15
C5120ST,23,437,District-Dewas,Rural,90+,31,11,20,12,5,7,3,1,2,0,0,0,10,3,7,0,0,0,0,0,0,0,0,0,6,2,4
C5120ST,23,437,District-Dewas,Rural,Age Not Stated,6,3,3,1,0,1,0,0,0,0,0,0,1,1,0,0,0,0,0,0,0,4,2,2,0,0,0
C5120ST,23,437,District-Dewas,Urban,Total,405,233,172,67,30,37,72,44,28,27,15,12,129,79,50,23,12,11,8,5,3,52,31,21,27,17,10
C5120ST,23,437,District-Dewas,Urban,0-4,30,16,14,5,3,2,9,6,3,1,0,1,5,3,2,1,1,0,0,0,0,6,2,4,3,1,2
C5120ST,23,437,District-Dewas,Urban,5-9,31,15,16,6,2,4,4,2,2,5,3,2,7,4,3,1,0,1,1,1,0,3,1,2,4,2,2
C5120ST,23,437,District-Dewas,Urban,10-19,84,38,46,14,3,11,18,10,8,9,4,5,20,10,10,7,1,6,3,2,1,8,4,4,5,4,1
C5120ST,23,437,District-Dewas,Urban,20-29,84,49,35,11,6,5,9,4,5,3,2,1,41,24,17,6,4,2,2,1,1,8,5,3,4,3,1
C5120ST,23,437,District-Dewas,Urban,30-39,63,42,21,8,5,3,15,11,4,3,2,1,22,15,7,2,2,0,1,1,0,9,5,4,3,1,2
C5120ST,23,437,District-Dewas,Urban,40-49,32,23,9,3,2,1,7,4,3,2,1,1,5,3,2,4,3,1,0,0,0,8,7,1,3,3,0
C5120ST,23,437,District-Dewas,Urban,50-59,25,18,7,6,3,3,4,3,1,1,0,1,8,8,0,0,0,0,1,0,1,4,3,1,1,1,0
C5120ST,23,437,District-Dewas,Urban,60-69,31,21,10,8,4,4,3,3,0,2,2,0,10,7,3,0,0,0,0,0,0,6,4,2,2,1,1
C5120ST,23,437,District-Dewas,Urban,70-79,17,7,10,5,2,3,2,1,1,1,1,0,9,3,6,0,0,0,0,0,0,0,0,0,0,0,0
C5120ST,23,437,District-Dewas,Urban,80-89,5,2,3,0,0,0,1,0,1,0,0,0,2,2,0,1,0,1,0,0,0,0,0,0,1,0,1
C5120ST,23,437,District-Dewas,Urban,90+,2,1,1,1,0,1,0,0,0,0,0,0,0,0,0,0,0,0,0,0,0,0,0,0,1,1,0
C5120ST,23,437,District-Dewas,Urban,Age Not Stated,1,1,0,0,0,0,0,0,0,0,0,0,0,0,0,1,1,0,0,0,0,0,0,0,0,0,0
C5120ST,23,438,District-Dhar,Total,Total,20221,11079,9142,3833,2005,1828,4277,2256,2021,642,362,280,5505,3265,2240,947,485,462,343,198,145,3480,1860,1620,1194,648,546
C5120ST,23,438,District-Dhar,Total,0-4,1433,704,729,377,191,186,403,189,214,14,10,4,137,64,73,60,28,32,3,0,3,378,192,186,61,30,31
C5120ST,23,438,District-Dhar,Total,5-9,2012,1001,1011,436,212,224,507,266,241,94,51,43,260,138,122,122,54,68,21,12,9,428,200,228,144,68,76
C5120ST,23,438,District-Dhar,Total,10-19,4699,2480,2219,825,434,391,934,478,456,206,112,94,1325,728,597,228,111,117,79,46,33,795,408,387,307,163,144
C5120ST,23,438,District-Dhar,Total,20-29,3533,2073,1460,476,272,204,682,366,316,92,49,43,1367,851,516,174,91,83,68,39,29,541,318,223,133,87,46
C5120ST,23,438,District-Dhar,Total,30-39,2811,1716,1095,449,268,181,564,353,211,93,58,35,912,590,322,143,77,66,69,41,28,460,254,206,121,75,46
C5120ST,23,438,District-Dhar,Total,40-49,1957,1167,790,346,215,131,397,219,178,53,29,24,525,336,189,108,64,44,57,34,23,370,203,167,101,67,34
C5120ST,23,438,District-Dhar,Total,50-59,1366,802,564,269,140,129,286,164,122,38,26,12,387,247,140,57,33,24,28,17,11,232,135,97,69,40,29
C5120ST,23,438,District-Dhar,Total,60-69,1162,587,575,303,129,174,248,117,131,25,13,12,291,167,124,37,20,17,12,6,6,151,85,66,95,50,45
C5120ST,23,438,District-Dhar,Total,70-79,813,358,455,223,90,133,166,61,105,17,9,8,204,105,99,13,5,8,6,3,3,84,42,42,100,43,57
C5120ST,23,438,District-Dhar,Total,80-89,284,128,156,83,36,47,62,31,31,5,2,3,64,26,38,2,1,1,0,0,0,27,15,12,41,17,24
C5120ST,23,438,District-Dhar,Total,90+,121,47,74,34,12,22,22,10,12,4,2,2,30,11,19,3,1,2,0,0,0,7,3,4,21,8,13
C5120ST,23,438,District-Dhar,Total,Age Not Stated,30,16,14,12,6,6,6,2,4,1,1,0,3,2,1,0,0,0,0,0,0,7,5,2,1,0,1
C5120ST,23,438,District-Dhar,Rural,Total,18690,10237,8453,3528,1838,1690,3914,2068,1846,571,321,250,5137,3048,2089,894,455,439,322,187,135,3226,1718,1508,1098,602,496
C5120ST,23,438,District-Dhar,Rural,0-4,1318,647,671,346,171,175,366,173,193,14,10,4,127,58,69,58,27,31,3,0,3,350,179,171,54,29,25
C5120ST,23,438,District-Dhar,Rural,5-9,1854,920,934,403,193,210,462,241,221,81,42,39,248,133,115,117,49,68,20,11,9,400,190,210,123,61,62
C5120ST,23,438,District-Dhar,Rural,10-19,4356,2295,2061,767,398,369,847,433,414,187,103,84,1253,691,562,212,103,109,74,43,31,751,381,370,265,143,122
C5120ST,23,438,District-Dhar,Rural,20-29,3225,1903,1322,430,251,179,606,326,280,80,44,36,1266,793,473,162,85,77,65,37,28,492,285,207,124,82,42
C5120ST,23,438,District-Dhar,Rural,30-39,2592,1578,1014,398,234,164,522,330,192,78,49,29,853,549,304,138,75,63,63,38,25,426,233,193,114,70,44
C5120ST,23,438,District-Dhar,Rural,40-49,1799,1068,731,314,197,117,364,200,164,47,24,23,472,297,175,104,61,43,54,33,21,348,194,154,96,62,34
C5120ST,23,438,District-Dhar,Rural,50-59,1270,749,521,249,132,117,269,154,115,35,23,12,360,230,130,53,30,23,26,16,10,212,125,87,66,39,27
C5120ST,23,438,District-Dhar,Rural,60-69,1087,552,535,282,123,159,234,112,122,25,13,12,273,159,114,33,18,15,11,6,5,135,72,63,94,49,45
C5120ST,23,438,District-Dhar,Rural,70-79,773,339,434,214,86,128,157,56,101,14,8,6,195,102,93,12,5,7,6,3,3,76,37,39,99,42,57
C5120ST,23,438,District-Dhar,Rural,80-89,268,124,144,79,35,44,60,31,29,5,2,3,58,24,34,2,1,1,0,0,0,23,14,9,41,17,24
C5120ST,23,438,District-Dhar,Rural,90+,118,46,72,34,12,22,21,10,11,4,2,2,29,10,19,3,1,2,0,0,0,6,3,3,21,8,13
C5120ST,23,438,District-Dhar,Rural,Age Not Stated,30,16,14,12,6,6,6,2,4,1,1,0,3,2,1,0,0,0,0,0,0,7,5,2,1,0,1
C5120ST,23,438,District-Dhar,Urban,Total,1531,842,689,305,167,138,363,188,175,71,41,30,368,217,151,53,30,23,21,11,10,254,142,112,96,46,50
C5120ST,23,438,District-Dhar,Urban,0-4,115,57,58,31,20,11,37,16,21,0,0,0,10,6,4,2,1,1,0,0,0,28,13,15,7,1,6
C5120ST,23,438,District-Dhar,Urban,5-9,158,81,77,33,19,14,45,25,20,13,9,4,12,5,7,5,5,0,1,1,0,28,10,18,21,7,14
C5120ST,23,438,District-Dhar,Urban,10-19,343,185,158,58,36,22,87,45,42,19,9,10,72,37,35,16,8,8,5,3,2,44,27,17,42,20,22
C5120ST,23,438,District-Dhar,Urban,20-29,308,170,138,46,21,25,76,40,36,12,5,7,101,58,43,12,6,6,3,2,1,49,33,16,9,5,4
C5120ST,23,438,District-Dhar,Urban,30-39,219,138,81,51,34,17,42,23,19,15,9,6,59,41,18,5,2,3,6,3,3,34,21,13,7,5,2
C5120ST,23,438,District-Dhar,Urban,40-49,158,99,59,32,18,14,33,19,14,6,5,1,53,39,14,4,3,1,3,1,2,22,9,13,5,5,0
C5120ST,23,438,District-Dhar,Urban,50-59,96,53,43,20,8,12,17,10,7,3,3,0,27,17,10,4,3,1,2,1,1,20,10,10,3,1,2
C5120ST,23,438,District-Dhar,Urban,60-69,75,35,40,21,6,15,14,5,9,0,0,0,18,8,10,4,2,2,1,0,1,16,13,3,1,1,0
C5120ST,23,438,District-Dhar,Urban,70-79,40,19,21,9,4,5,9,5,4,3,1,2,9,3,6,1,0,1,0,0,0,8,5,3,1,1,0
C5120ST,23,438,District-Dhar,Urban,80-89,16,4,12,4,1,3,2,0,2,0,0,0,6,2,4,0,0,0,0,0,0,4,1,3,0,0,0
C5120ST,23,438,District-Dhar,Urban,90+,3,1,2,0,0,0,1,0,1,0,0,0,1,1,0,0,0,0,0,0,0,1,0,1,0,0,0
C5120ST,23,438,District-Dhar,Urban,Age Not Stated,0,0,0,0,0,0,0,0,0,0,0,0,0,0,0,0,0,0,0,0,0,0,0,0,0,0,0
C5120ST,23,439,District-Indore,Total,Total,4627,2602,2025,926,520,406,1020,565,455,163,94,69,975,605,370,199,115,84,74,41,33,993,526,467,277,136,141
C5120ST,23,439,District-Indore,Total,0-4,324,169,155,91,42,49,78,47,31,2,2,0,24,11,13,11,5,6,0,0,0,107,56,51,11,6,5
C5120ST,23,439,District-Indore,Total,5-9,482,260,222,102,58,44,114,57,57,15,9,6,52,33,19,29,18,11,5,2,3,137,73,64,28,10,18
C5120ST,23,439,District-Indore,Total,10-19,932,500,432,169,102,67,214,105,109,58,33,25,158,103,55,60,29,31,23,11,12,198,90,108,52,27,25
C5120ST,23,439,District-Indore,Total,20-29,848,515,333,143,91,52,188,102,86,32,17,15,219,142,77,39,26,13,19,13,6,171,101,70,37,23,14
C5120ST,23,439,District-Indore,Total,30-39,635,402,233,131,89,42,131,85,46,20,10,10,166,109,57,17,9,8,7,3,4,144,83,61,19,14,5
C5120ST,23,439,District-Indore,Total,40-49,467,285,182,83,43,40,111,70,41,18,15,3,104,66,38,27,19,8,10,6,4,97,54,43,17,12,5
C5120ST,23,439,District-Indore,Total,50-59,321,182,139,53,28,25,59,36,23,7,3,4,109,66,43,11,6,5,7,4,3,58,30,28,17,9,8
C5120ST,23,439,District-Indore,Total,60-69,308,163,145,82,36,46,67,37,30,8,5,3,77,49,28,5,3,2,2,2,0,39,20,19,28,11,17
C5120ST,23,439,District-Indore,Total,70-79,196,84,112,42,18,24,42,18,24,1,0,1,47,22,25,0,0,0,1,0,1,20,9,11,43,17,26
C5120ST,23,439,District-Indore,Total,80-89,71,26,45,16,8,8,12,5,7,2,0,2,16,4,12,0,0,0,0,0,0,6,2,4,19,7,12
C5120ST,23,439,District-Indore,Total,90+,24,8,16,11,4,7,3,2,1,0,0,0,1,0,1,0,0,0,0,0,0,3,2,1,6,0,6
C5120ST,23,439,District-Indore,Total,Age Not Stated,19,8,11,3,1,2,1,1,0,0,0,0,2,0,2,0,0,0,0,0,0,13,6,7,0,0,0
C5120ST,23,439,District-Indore,Rural,Total,2673,1479,1194,447,240,207,593,319,274,80,39,41,681,427,254,126,76,50,41,16,25,516,270,246,189,92,97
C5120ST,23,439,District-Indore,Rural,0-4,166,89,77,33,18,15,47,31,16,1,1,0,18,7,11,8,3,5,0,0,0,55,27,28,4,2,2
C5120ST,23,439,District-Indore,Rural,5-9,279,156,123,47,31,16,66,34,32,10,5,5,38,26,12,23,14,9,3,2,1,72,35,37,20,9,11
C5120ST,23,439,District-Indore,Rural,10-19,508,260,248,77,43,34,127,61,66,30,14,16,107,68,39,35,19,16,12,4,8,94,38,56,26,13,13
C5120ST,23,439,District-Indore,Rural,20-29,445,276,169,50,31,19,99,53,46,15,6,9,141,95,46,21,16,5,7,1,6,86,55,31,26,19,7
C5120ST,23,439,District-Indore,Rural,30-39,354,221,133,57,39,18,68,38,30,6,2,4,111,75,36,11,7,4,4,1,3,83,48,35,14,11,3
C5120ST,23,439,District-Indore,Rural,40-49,271,160,111,44,20,24,53,33,20,6,5,1,80,50,30,16,10,6,8,5,3,53,30,23,11,7,4
C5120ST,23,439,District-Indore,Rural,50-59,203,110,93,21,9,12,36,21,15,4,2,2,82,48,34,8,4,4,5,2,3,37,19,18,10,5,5
C5120ST,23,439,District-Indore,Rural,60-69,219,115,104,61,24,37,52,28,24,6,4,2,55,36,19,4,3,1,1,1,0,19,11,8,21,8,13
C5120ST,23,439,District-Indore,Rural,70-79,154,64,90,36,14,22,36,16,20,1,0,1,34,18,16,0,0,0,1,0,1,12,4,8,34,12,22
C5120ST,23,439,District-Indore,Rural,80-89,54,22,32,13,8,5,7,3,4,1,0,1,14,4,10,0,0,0,0,0,0,2,1,1,17,6,11
C5120ST,23,439,District-Indore,Rural,90+,17,4,13,8,3,5,2,1,1,0,0,0,1,0,1,0,0,0,0,0,0,0,0,0,6,0,6
C5120ST,23,439,District-Indore,Rural,Age Not Stated,3,2,1,0,0,0,0,0,0,0,0,0,0,0,0,0,0,0,0,0,0,3,2,1,0,0,0
C5120ST,23,439,District-Indore,Urban,Total,1954,1123,831,479,280,199,427,246,181,83,55,28,294,178,116,73,39,34,33,25,8,477,256,221,88,44,44
C5120ST,23,439,District-Indore,Urban,0-4,158,80,78,58,24,34,31,16,15,1,1,0,6,4,2,3,2,1,0,0,0,52,29,23,7,4,3
C5120ST,23,439,District-Indore,Urban,5-9,203,104,99,55,27,28,48,23,25,5,4,1,14,7,7,6,4,2,2,0,2,65,38,27,8,1,7
C5120ST,23,439,District-Indore,Urban,10-19,424,240,184,92,59,33,87,44,43,28,19,9,51,35,16,25,10,15,11,7,4,104,52,52,26,14,12
C5120ST,23,439,District-Indore,Urban,20-29,403,239,164,93,60,33,89,49,40,17,11,6,78,47,31,18,10,8,12,12,0,85,46,39,11,4,7
C5120ST,23,439,District-Indore,Urban,30-39,281,181,100,74,50,24,63,47,16,14,8,6,55,34,21,6,2,4,3,2,1,61,35,26,5,3,2
C5120ST,23,439,District-Indore,Urban,40-49,196,125,71,39,23,16,58,37,21,12,10,2,24,16,8,11,9,2,2,1,1,44,24,20,6,5,1
C5120ST,23,439,District-Indore,Urban,50-59,118,72,46,32,19,13,23,15,8,3,1,2,27,18,9,3,2,1,2,2,0,21,11,10,7,4,3
C5120ST,23,439,District-Indore,Urban,60-69,89,48,41,21,12,9,15,9,6,2,1,1,22,13,9,1,0,1,1,1,0,20,9,11,7,3,4
C5120ST,23,439,District-Indore,Urban,70-79,42,20,22,6,4,2,6,2,4,0,0,0,13,4,9,0,0,0,0,0,0,8,5,3,9,5,4
C5120ST,23,439,District-Indore,Urban,80-89,17,4,13,3,0,3,5,2,3,1,0,1,2,0,2,0,0,0,0,0,0,4,1,3,2,1,1
C5120ST,23,439,District-Indore,Urban,90+,7,4,3,3,1,2,1,1,0,0,0,0,0,0,0,0,0,0,0,0,0,3,2,1,0,0,0
C5120ST,23,439,District-Indore,Urban,Age Not Stated,16,6,10,3,1,2,1,1,0,0,0,0,2,0,2,0,0,0,0,0,0,10,4,6,0,0,0
C5120ST,23,440,District-Khargone (West Nimar),Total,Total,12433,6763,5670,2499,1323,1176,2753,1438,1315,330,176,154,3248,1917,1331,519,296,223,229,133,96,2030,1059,971,825,421,404
C5120ST,23,440,District-Khargone (West Nimar),Total,0-4,879,454,425,242,128,114,242,135,107,4,2,2,99,48,51,43,24,19,2,1,1,204,95,109,43,21,22
C5120ST,23,440,District-Khargone (West Nimar),Total,5-9,1243,659,584,308,173,135,319,159,160,53,24,29,148,85,63,60,31,29,13,6,7,260,133,127,82,48,34
C5120ST,23,440,District-Khargone (West Nimar),Total,10-19,2792,1526,1266,537,308,229,576,303,273,88,48,40,746,404,342,140,76,64,43,23,20,462,244,218,200,120,80
C5120ST,23,440,District-Khargone (West Nimar),Total,20-29,2124,1219,905,301,173,128,410,219,191,60,32,28,773,471,302,98,61,37,49,30,19,313,170,143,120,63,57
C5120ST,23,440,District-Khargone (West Nimar),Total,30-39,1546,905,641,213,114,99,331,177,154,48,26,22,506,330,176,67,41,26,51,34,17,281,154,127,49,29,20
C5120ST,23,440,District-Khargone (West Nimar),Total,40-49,1131,665,466,179,100,79,296,170,126,37,21,16,281,193,88,59,36,23,37,18,19,201,107,94,41,20,21
C5120ST,23,440,District-Khargone (West Nimar),Total,50-59,847,474,373,187,98,89,191,104,87,18,10,8,227,144,83,33,17,16,13,8,5,136,72,64,42,21,21
C5120ST,23,440,District-Khargone (West Nimar),Total,60-69,867,441,426,247,112,135,190,91,99,14,7,7,217,131,86,12,6,6,13,8,5,100,59,41,74,27,47
C5120ST,23,440,District-Khargone (West Nimar),Total,70-79,643,282,361,181,78,103,128,56,72,5,4,1,179,84,95,4,3,1,6,3,3,48,17,31,92,37,55
C5120ST,23,440,District-Khargone (West Nimar),Total,80-89,240,89,151,78,28,50,43,15,28,1,0,1,52,17,35,1,0,1,1,1,0,16,5,11,48,23,25
C5120ST,23,440,District-Khargone (West Nimar),Total,90+,109,43,66,24,10,14,20,6,14,1,1,0,20,10,10,2,1,1,0,0,0,9,3,6,33,12,21
C5120ST,23,440,District-Khargone (West Nimar),Total,Age Not Stated,12,6,6,2,1,1,7,3,4,1,1,0,0,0,0,0,0,0,1,1,0,0,0,0,1,0,1
C5120ST,23,440,District-Khargone (West Nimar),Rural,Total,11836,6433,5403,2414,1278,1136,2661,1391,1270,310,167,143,3055,1818,1237,489,275,214,217,128,89,1920,993,927,770,383,387
C5120ST,23,440,District-Khargone (West Nimar),Rural,0-4,860,444,416,239,126,113,239,133,106,4,2,2,93,45,48,43,24,19,2,1,1,200,93,107,40,20,20
C5120ST,23,440,District-Khargone (West Nimar),Rural,5-9,1191,625,566,293,164,129,315,155,160,50,22,28,140,83,57,58,30,28,12,5,7,251,127,124,72,39,33
C5120ST,23,440,District-Khargone (West Nimar),Rural,10-19,2656,1441,1215,519,296,223,550,289,261,82,46,36,713,388,325,132,68,64,40,23,17,442,231,211,178,100,78
C5120ST,23,440,District-Khargone (West Nimar),Rural,20-29,1995,1149,846,295,169,126,389,210,179,55,30,25,718,441,277,91,56,35,43,27,16,289,156,133,115,60,55
C5120ST,23,440,District-Khargone (West Nimar),Rural,30-39,1472,863,609,207,110,97,322,172,150,45,25,20,468,307,161,64,39,25,51,34,17,266,147,119,49,29,20
C5120ST,23,440,District-Khargone (West Nimar),Rural,40-49,1075,637,438,174,98,76,285,163,122,35,20,15,265,186,79,53,34,19,36,18,18,188,99,89,39,19,20
C5120ST,23,440,District-Khargone (West Nimar),Rural,50-59,801,450,351,178,95,83,187,101,86,17,9,8,213,138,75,31,16,15,12,7,5,125,65,60,38,19,19
C5120ST,23,440,District-Khargone (West Nimar),Rural,60-69,830,423,407,239,108,131,183,89,94,14,7,7,209,127,82,10,4,6,13,8,5,92,54,38,70,26,44
C5120ST,23,440,District-Khargone (West Nimar),Rural,70-79,609,267,342,173,75,98,122,55,67,5,4,1,167,78,89,4,3,1,6,3,3,43,13,30,89,36,53
C5120ST,23,440,District-Khargone (West Nimar),Rural,80-89,232,88,144,73,27,46,42,15,27,1,0,1,51,17,34,1,0,1,1,1,0,16,5,11,47,23,24
C5120ST,23,440,District-Khargone (West Nimar),Rural,90+,103,40,63,22,9,13,20,6,14,1,1,0,18,8,10,2,1,1,0,0,0,8,3,5,32,12,20
C5120ST,23,440,District-Khargone (West Nimar),Rural,Age Not Stated,12,6,6,2,1,1,7,3,4,1,1,0,0,0,0,0,0,0,1,1,0,0,0,0,1,0,1
C5120ST,23,440,District-Khargone (West Nimar),Urban,Total,597,330,267,85,45,40,92,47,45,20,9,11,193,99,94,30,21,9,12,5,7,110,66,44,55,38,17
C5120ST,23,440,District-Khargone (West Nimar),Urban,0-4,19,10,9,3,2,1,3,2,1,0,0,0,6,3,3,0,0,0,0,0,0,4,2,2,3,1,2
C5120ST,23,440,District-Khargone (West Nimar),Urban,5-9,52,34,18,15,9,6,4,4,0,3,2,1,8,2,6,2,1,1,1,1,0,9,6,3,10,9,1
C5120ST,23,440,District-Khargone (West Nimar),Urban,10-19,136,85,51,18,12,6,26,14,12,6,2,4,33,16,17,8,8,0,3,0,3,20,13,7,22,20,2
C5120ST,23,440,District-Khargone (West Nimar),Urban,20-29,129,70,59,6,4,2,21,9,12,5,2,3,55,30,25,7,5,2,6,3,3,24,14,10,5,3,2
C5120ST,23,440,District-Khargone (West Nimar),Urban,30-39,74,42,32,6,4,2,9,5,4,3,1,2,38,23,15,3,2,1,0,0,0,15,7,8,0,0,0
C5120ST,23,440,District-Khargone (West Nimar),Urban,40-49,56,28,28,5,2,3,11,7,4,2,1,1,16,7,9,6,2,4,1,0,1,13,8,5,2,1,1
C5120ST,23,440,District-Khargone (West Nimar),Urban,50-59,46,24,22,9,3,6,4,3,1,1,1,0,14,6,8,2,1,1,1,1,0,11,7,4,4,2,2
C5120ST,23,440,District-Khargone (West Nimar),Urban,60-69,37,18,19,8,4,4,7,2,5,0,0,0,8,4,4,2,2,0,0,0,0,8,5,3,4,1,3
C5120ST,23,440,District-Khargone (West Nimar),Urban,70-79,34,15,19,8,3,5,6,1,5,0,0,0,12,6,6,0,0,0,0,0,0,5,4,1,3,1,2
C5120ST,23,440,District-Khargone (West Nimar),Urban,80-89,8,1,7,5,1,4,1,0,1,0,0,0,1,0,1,0,0,0,0,0,0,0,0,0,1,0,1
C5120ST,23,440,District-Khargone (West Nimar),Urban,90+,6,3,3,2,1,1,0,0,0,0,0,0,2,2,0,0,0,0,0,0,0,1,0,1,1,0,1
C5120ST,23,440,District-Khargone (West Nimar),Urban,Age Not Stated,0,0,0,0,0,0,0,0,0,0,0,0,0,0,0,0,0,0,0,0,0,0,0,0,0,0,0
C5120ST,23,441,District-Barwani ,Total,Total,12923,7083,5840,2062,1039,1023,2228,1199,1029,431,241,190,3903,2311,1592,629,372,257,354,196,158,2331,1201,1130,985,524,461
C5120ST,23,441,District-Barwani ,Total,0-4,795,401,394,167,86,81,142,68,74,5,5,0,129,64,65,36,22,14,1,1,0,261,124,137,54,31,23
C5120ST,23,441,District-Barwani ,Total,5-9,1192,635,557,218,106,112,229,110,119,63,35,28,187,120,67,48,26,22,18,11,7,322,172,150,107,55,52
C5120ST,23,441,District-Barwani ,Total,10-19,2990,1561,1429,431,213,218,447,223,224,135,71,64,1017,582,435,152,83,69,57,26,31,522,257,265,229,106,123
C5120ST,23,441,District-Barwani ,Total,20-29,2110,1225,885,247,138,109,284,149,135,83,47,36,823,497,326,116,70,46,82,50,32,357,195,162,118,79,39
C5120ST,23,441,District-Barwani ,Total,30-39,1724,1062,662,167,99,68,278,179,99,59,36,23,609,408,201,120,70,50,92,50,42,307,166,141,92,54,38
C5120ST,23,441,District-Barwani ,Total,40-49,1191,713,478,163,89,74,222,137,85,34,20,14,362,221,141,79,54,25,53,35,18,206,108,98,72,49,23
C5120ST,23,441,District-Barwani ,Total,50-59,982,567,415,180,94,86,210,127,83,28,17,11,275,171,104,46,29,17,30,11,19,150,84,66,63,34,29
C5120ST,23,441,District-Barwani ,Total,60-69,998,502,496,227,107,120,220,109,111,13,6,7,277,147,130,19,9,10,15,9,6,131,65,66,96,50,46
C5120ST,23,441,District-Barwani ,Total,70-79,595,273,322,182,70,112,120,56,64,8,3,5,144,72,72,9,7,2,4,3,1,46,21,25,82,41,41
C5120ST,23,441,District-Barwani ,Total,80-89,231,102,129,58,30,28,53,28,25,3,1,2,48,21,27,3,2,1,1,0,1,14,2,12,51,18,33
C5120ST,23,441,District-Barwani ,Total,90+,94,31,63,20,7,13,18,10,8,0,0,0,28,6,22,1,0,1,1,0,1,5,1,4,21,7,14
C5120ST,23,441,District-Barwani ,Total,Age Not Stated,21,11,10,2,0,2,5,3,2,0,0,0,4,2,2,0,0,0,0,0,0,10,6,4,0,0,0
C5120ST,23,441,District-Barwani ,Rural,Total,12231,6711,5520,1958,996,962,2119,1143,976,402,221,181,3720,2194,1526,607,359,248,333,188,145,2169,1120,1049,923,490,433
C5120ST,23,441,District-Barwani ,Rural,0-4,752,387,365,155,80,75,134,66,68,5,5,0,123,62,61,35,22,13,1,1,0,249,121,128,50,30,20
C5120ST,23,441,District-Barwani ,Rural,5-9,1156,618,538,211,103,108,223,107,116,59,33,26,183,117,66,48,26,22,17,11,6,310,166,144,105,55,50
C5120ST,23,441,District-Barwani ,Rural,10-19,2853,1468,1385,415,206,209,422,209,213,124,61,63,974,554,420,150,82,68,55,24,31,493,234,259,220,98,122
C5120ST,23,441,District-Barwani ,Rural,20-29,2005,1173,832,235,132,103,261,143,118,78,44,34,785,473,312,113,68,45,77,48,29,341,187,154,115,78,37
C5120ST,23,441,District-Barwani ,Rural,30-39,1605,999,606,154,93,61,257,165,92,56,35,21,572,387,185,111,64,47,86,49,37,279,154,125,90,52,38
C5120ST,23,441,District-Barwani ,Rural,40-49,1112,666,446,152,86,66,212,129,83,33,19,14,339,203,136,76,53,23,49,34,15,187,98,89,64,44,20
C5120ST,23,441,District-Barwani ,Rural,50-59,911,527,384,172,89,83,203,123,80,24,14,10,264,164,100,44,27,17,27,9,18,126,72,54,51,29,22
C5120ST,23,441,District-Barwani ,Rural,60-69,937,471,466,217,104,113,214,106,108,13,6,7,263,137,126,18,9,9,15,9,6,115,59,56,82,41,41
C5120ST,23,441,District-Barwani ,Rural,70-79,566,262,304,169,66,103,117,54,63,7,3,4,140,69,71,8,6,2,4,3,1,41,21,20,80,40,40
C5120ST,23,441,District-Barwani ,Rural,80-89,221,99,122,57,30,27,53,28,25,3,1,2,45,20,25,3,2,1,1,0,1,13,1,12,46,17,29
C5120ST,23,441,District-Barwani ,Rural,90+,92,30,62,19,7,12,18,10,8,0,0,0,28,6,22,1,0,1,1,0,1,5,1,4,20,6,14
C5120ST,23,441,District-Barwani ,Rural,Age Not Stated,21,11,10,2,0,2,5,3,2,0,0,0,4,2,2,0,0,0,0,0,0,10,6,4,0,0,0
C5120ST,23,441,District-Barwani ,Urban,Total,692,372,320,104,43,61,109,56,53,29,20,9,183,117,66,22,13,9,21,8,13,162,81,81,62,34,28
C5120ST,23,441,District-Barwani ,Urban,0-4,43,14,29,12,6,6,8,2,6,0,0,0,6,2,4,1,0,1,0,0,0,12,3,9,4,1,3
C5120ST,23,441,District-Barwani ,Urban,5-9,36,17,19,7,3,4,6,3,3,4,2,2,4,3,1,0,0,0,1,0,1,12,6,6,2,0,2
C5120ST,23,441,District-Barwani ,Urban,10-19,137,93,44,16,7,9,25,14,11,11,10,1,43,28,15,2,1,1,2,2,0,29,23,6,9,8,1
C5120ST,23,441,District-Barwani ,Urban,20-29,105,52,53,12,6,6,23,6,17,5,3,2,38,24,14,3,2,1,5,2,3,16,8,8,3,1,2
C5120ST,23,441,District-Barwani ,Urban,30-39,119,63,56,13,6,7,21,14,7,3,1,2,37,21,16,9,6,3,6,1,5,28,12,16,2,2,0
C5120ST,23,441,District-Barwani ,Urban,40-49,79,47,32,11,3,8,10,8,2,1,1,0,23,18,5,3,1,2,4,1,3,19,10,9,8,5,3
C5120ST,23,441,District-Barwani ,Urban,50-59,71,40,31,8,5,3,7,4,3,4,3,1,11,7,4,2,2,0,3,2,1,24,12,12,12,5,7
C5120ST,23,441,District-Barwani ,Urban,60-69,61,31,30,10,3,7,6,3,3,0,0,0,14,10,4,1,0,1,0,0,0,16,6,10,14,9,5
C5120ST,23,441,District-Barwani ,Urban,70-79,29,11,18,13,4,9,3,2,1,1,0,1,4,3,1,1,1,0,0,0,0,5,0,5,2,1,1
C5120ST,23,441,District-Barwani ,Urban,80-89,10,3,7,1,0,1,0,0,0,0,0,0,3,1,2,0,0,0,0,0,0,1,1,0,5,1,4
C5120ST,23,441,District-Barwani ,Urban,90+,2,1,1,1,0,1,0,0,0,0,0,0,0,0,0,0,0,0,0,0,0,0,0,0,1,1,0
C5120ST,23,441,District-Barwani ,Urban,Age Not Stated,0,0,0,0,0,0,0,0,0,0,0,0,0,0,0,0,0,0,0,0,0,0,0,0,0,0,0
C5120ST,23,442,District-Rajgarh,Total,Total,1227,694,533,234,113,121,176,104,72,54,24,30,342,213,129,58,34,24,37,23,14,225,131,94,101,52,49
C5120ST,23,442,District-Rajgarh,Total,0-4,58,31,27,18,8,10,8,4,4,2,1,1,13,9,4,2,0,2,0,0,0,13,7,6,2,2,0
C5120ST,23,442,District-Rajgarh,Total,5-9,124,60,64,21,11,10,21,9,12,7,1,6,14,8,6,10,5,5,1,1,0,36,20,16,14,5,9
C5120ST,23,442,District-Rajgarh,Total,10-19,199,122,77,43,24,19,27,19,8,16,7,9,39,27,12,15,9,6,5,4,1,42,25,17,12,7,5
C5120ST,23,442,District-Rajgarh,Total,20-29,172,100,72,14,6,8,14,9,5,9,4,5,84,56,28,8,4,4,3,2,1,31,16,15,9,3,6
C5120ST,23,442,District-Rajgarh,Total,30-39,162,105,57,25,13,12,18,9,9,6,4,2,51,35,16,9,8,1,8,8,0,34,19,15,11,9,2
C5120ST,23,442,District-Rajgarh,Total,40-49,144,89,55,25,13,12,21,14,7,4,2,2,37,25,12,7,6,1,9,3,6,33,20,13,8,6,2
C5120ST,23,442,District-Rajgarh,Total,50-59,80,41,39,19,8,11,9,3,6,3,3,0,21,11,10,4,2,2,3,2,1,14,10,4,7,2,5
C5120ST,23,442,District-Rajgarh,Total,60-69,151,79,72,33,15,18,29,20,9,2,0,2,49,27,22,3,0,3,5,1,4,15,9,6,15,7,8
C5120ST,23,442,District-Rajgarh,Total,70-79,97,52,45,28,12,16,22,15,7,5,2,3,19,10,9,0,0,0,3,2,1,4,2,2,16,9,7
C5120ST,23,442,District-Rajgarh,Total,80-89,31,10,21,7,2,5,6,2,4,0,0,0,10,2,8,0,0,0,0,0,0,2,2,0,6,2,4
C5120ST,23,442,District-Rajgarh,Total,90+,9,5,4,1,1,0,1,0,1,0,0,0,5,3,2,0,0,0,0,0,0,1,1,0,1,0,1
C5120ST,23,442,District-Rajgarh,Total,Age Not Stated,0,0,0,0,0,0,0,0,0,0,0,0,0,0,0,0,0,0,0,0,0,0,0,0,0,0,0
C5120ST,23,442,District-Rajgarh,Rural,Total,1132,639,493,217,102,115,165,99,66,50,23,27,314,194,120,55,33,22,35,22,13,205,118,87,91,48,43
C5120ST,23,442,District-Rajgarh,Rural,0-4,55,28,27,17,7,10,8,4,4,2,1,1,11,7,4,2,0,2,0,0,0,13,7,6,2,2,0
C5120ST,23,442,District-Rajgarh,Rural,5-9,115,54,61,20,11,9,19,7,12,5,0,5,14,8,6,10,5,5,1,1,0,33,17,16,13,5,8
C5120ST,23,442,District-Rajgarh,Rural,10-19,180,113,67,38,21,17,26,19,7,16,7,9,35,24,11,12,8,4,5,4,1,38,24,14,10,6,4
C5120ST,23,442,District-Rajgarh,Rural,20-29,158,93,65,12,4,8,13,8,5,7,4,3,78,53,25,8,4,4,3,2,1,30,15,15,7,3,4
C5120ST,23,442,District-Rajgarh,Rural,30-39,143,95,48,23,11,12,14,8,6,6,4,2,44,32,12,9,8,1,8,8,0,28,15,13,11,9,2
C5120ST,23,442,District-Rajgarh,Rural,40-49,138,83,55,25,13,12,21,14,7,4,2,2,32,20,12,7,6,1,9,3,6,32,19,13,8,6,2
C5120ST,23,442,District-Rajgarh,Rural,50-59,71,35,36,17,7,10,9,3,6,3,3,0,20,10,10,4,2,2,3,2,1,10,7,3,5,1,4
C5120ST,23,442,District-Rajgarh,Rural,60-69,141,74,67,32,14,18,27,19,8,2,0,2,46,25,21,3,0,3,4,1,3,14,9,5,13,6,7
C5120ST,23,442,District-Rajgarh,Rural,70-79,91,49,42,25,11,14,21,15,6,5,2,3,19,10,9,0,0,0,2,1,1,4,2,2,15,8,7
C5120ST,23,442,District-Rajgarh,Rural,80-89,31,10,21,7,2,5,6,2,4,0,0,0,10,2,8,0,0,0,0,0,0,2,2,0,6,2,4
C5120ST,23,442,District-Rajgarh,Rural,90+,9,5,4,1,1,0,1,0,1,0,0,0,5,3,2,0,0,0,0,0,0,1,1,0,1,0,1
C5120ST,23,442,District-Rajgarh,Rural,Age Not Stated,0,0,0,0,0,0,0,0,0,0,0,0,0,0,0,0,0,0,0,0,0,0,0,0,0,0,0
C5120ST,23,442,District-Rajgarh,Urban,Total,95,55,40,17,11,6,11,5,6,4,1,3,28,19,9,3,1,2,2,1,1,20,13,7,10,4,6
C5120ST,23,442,District-Rajgarh,Urban,0-4,3,3,0,1,1,0,0,0,0,0,0,0,2,2,0,0,0,0,0,0,0,0,0,0,0,0,0
C5120ST,23,442,District-Rajgarh,Urban,5-9,9,6,3,1,0,1,2,2,0,2,1,1,0,0,0,0,0,0,0,0,0,3,3,0,1,0,1
C5120ST,23,442,District-Rajgarh,Urban,10-19,19,9,10,5,3,2,1,0,1,0,0,0,4,3,1,3,1,2,0,0,0,4,1,3,2,1,1
C5120ST,23,442,District-Rajgarh,Urban,20-29,14,7,7,2,2,0,1,1,0,2,0,2,6,3,3,0,0,0,0,0,0,1,1,0,2,0,2
C5120ST,23,442,District-Rajgarh,Urban,30-39,19,10,9,2,2,0,4,1,3,0,0,0,7,3,4,0,0,0,0,0,0,6,4,2,0,0,0
C5120ST,23,442,District-Rajgarh,Urban,40-49,6,6,0,0,0,0,0,0,0,0,0,0,5,5,0,0,0,0,0,0,0,1,1,0,0,0,0
C5120ST,23,442,District-Rajgarh,Urban,50-59,9,6,3,2,1,1,0,0,0,0,0,0,1,1,0,0,0,0,0,0,0,4,3,1,2,1,1
C5120ST,23,442,District-Rajgarh,Urban,60-69,10,5,5,1,1,0,2,1,1,0,0,0,3,2,1,0,0,0,1,0,1,1,0,1,2,1,1
C5120ST,23,442,District-Rajgarh,Urban,70-79,6,3,3,3,1,2,1,0,1,0,0,0,0,0,0,0,0,0,1,1,0,0,0,0,1,1,0
C5120ST,23,442,District-Rajgarh,Urban,80-89,0,0,0,0,0,0,0,0,0,0,0,0,0,0,0,0,0,0,0,0,0,0,0,0,0,0,0
C5120ST,23,442,District-Rajgarh,Urban,90+,0,0,0,0,0,0,0,0,0,0,0,0,0,0,0,0,0,0,0,0,0,0,0,0,0,0,0
C5120ST,23,442,District-Rajgarh,Urban,Age Not Stated,0,0,0,0,0,0,0,0,0,0,0,0,0,0,0,0,0,0,0,0,0,0,0,0,0,0,0
C5120ST,23,443,District-Vidisha,Total,Total,1344,781,563,300,161,139,190,103,87,33,23,10,361,221,140,40,24,16,17,10,7,302,173,129,101,66,35
C5120ST,23,443,District-Vidisha,Total,0-4,92,57,35,27,16,11,11,6,5,1,0,1,14,7,7,3,2,1,0,0,0,31,22,9,5,4,1
C5120ST,23,443,District-Vidisha,Total,5-9,152,78,74,44,24,20,17,7,10,5,4,1,24,13,11,6,2,4,1,1,0,41,20,21,14,7,7
C5120ST,23,443,District-Vidisha,Total,10-19,273,165,108,58,37,21,34,20,14,6,2,4,65,41,24,14,7,7,4,0,4,74,45,29,18,13,5
C5120ST,23,443,District-Vidisha,Total,20-29,167,109,58,29,17,12,22,17,5,3,2,1,54,36,18,6,5,1,5,4,1,38,21,17,10,7,3
C5120ST,23,443,District-Vidisha,Total,30-39,151,94,57,30,18,12,23,14,9,4,4,0,52,30,22,6,5,1,4,3,1,27,15,12,5,5,0
C5120ST,23,443,District-Vidisha,Total,40-49,123,84,39,16,10,6,16,10,6,6,5,1,43,30,13,2,1,1,1,1,0,33,21,12,6,6,0
C5120ST,23,443,District-Vidisha,Total,50-59,97,57,40,17,9,8,14,7,7,4,3,1,29,20,9,2,1,1,2,1,1,20,10,10,9,6,3
C5120ST,23,443,District-Vidisha,Total,60-69,137,66,71,34,12,22,20,10,10,3,2,1,43,23,20,0,0,0,0,0,0,19,9,10,18,10,8
C5120ST,23,443,District-Vidisha,Total,70-79,97,47,50,29,13,16,20,8,12,0,0,0,23,13,10,1,1,0,0,0,0,14,7,7,10,5,5
C5120ST,23,443,District-Vidisha,Total,80-89,43,18,25,13,3,10,12,4,8,0,0,0,9,6,3,0,0,0,0,0,0,5,3,2,4,2,2
C5120ST,23,443,District-Vidisha,Total,90+,12,6,6,3,2,1,1,0,1,1,1,0,5,2,3,0,0,0,0,0,0,0,0,0,2,1,1
C5120ST,23,443,District-Vidisha,Total,Age Not Stated,0,0,0,0,0,0,0,0,0,0,0,0,0,0,0,0,0,0,0,0,0,0,0,0,0,0,0
C5120ST,23,443,District-Vidisha,Rural,Total,1246,723,523,282,146,136,175,94,81,28,18,10,333,207,126,32,22,10,14,8,6,286,165,121,96,63,33
C5120ST,23,443,District-Vidisha,Rural,0-4,87,54,33,25,15,10,10,6,4,1,0,1,13,6,7,3,2,1,0,0,0,31,22,9,4,3,1
C5120ST,23,443,District-Vidisha,Rural,5-9,143,72,71,40,20,20,16,7,9,4,3,1,24,13,11,5,2,3,1,1,0,39,19,20,14,7,7
C5120ST,23,443,District-Vidisha,Rural,10-19,250,151,99,55,34,21,30,17,13,5,1,4,57,37,20,10,6,4,4,0,4,72,43,29,17,13,4
C5120ST,23,443,District-Vidisha,Rural,20-29,149,98,51,26,15,11,18,15,3,3,2,1,48,32,16,6,5,1,3,3,0,36,20,16,9,6,3
C5120ST,23,443,District-Vidisha,Rural,30-39,139,86,53,29,17,12,22,13,9,3,3,0,47,28,19,4,4,0,3,2,1,27,15,12,4,4,0
C5120ST,23,443,District-Vidisha,Rural,40-49,115,79,36,15,9,6,15,9,6,5,4,1,39,29,10,2,1,1,1,1,0,32,20,12,6,6,0
C5120ST,23,443,District-Vidisha,Rural,50-59,89,53,36,15,7,8,13,6,7,3,2,1,29,20,9,1,1,0,2,1,1,18,10,8,8,6,2
C5120ST,23,443,District-Vidisha,Rural,60-69,128,61,67,33,11,22,20,10,10,3,2,1,41,22,19,0,0,0,0,0,0,13,6,7,18,10,8
C5120ST,23,443,District-Vidisha,Rural,70-79,94,47,47,28,13,15,19,8,11,0,0,0,22,13,9,1,1,0,0,0,0,14,7,7,10,5,5
C5120ST,23,443,District-Vidisha,Rural,80-89,40,16,24,13,3,10,11,3,8,0,0,0,8,5,3,0,0,0,0,0,0,4,3,1,4,2,2
C5120ST,23,443,District-Vidisha,Rural,90+,12,6,6,3,2,1,1,0,1,1,1,0,5,2,3,0,0,0,0,0,0,0,0,0,2,1,1
C5120ST,23,443,District-Vidisha,Rural,Age Not Stated,0,0,0,0,0,0,0,0,0,0,0,0,0,0,0,0,0,0,0,0,0,0,0,0,0,0,0
C5120ST,23,443,District-Vidisha,Urban,Total,98,58,40,18,15,3,15,9,6,5,5,0,28,14,14,8,2,6,3,2,1,16,8,8,5,3,2
C5120ST,23,443,District-Vidisha,Urban,0-4,5,3,2,2,1,1,1,0,1,0,0,0,1,1,0,0,0,0,0,0,0,0,0,0,1,1,0
C5120ST,23,443,District-Vidisha,Urban,5-9,9,6,3,4,4,0,1,0,1,1,1,0,0,0,0,1,0,1,0,0,0,2,1,1,0,0,0
C5120ST,23,443,District-Vidisha,Urban,10-19,23,14,9,3,3,0,4,3,1,1,1,0,8,4,4,4,1,3,0,0,0,2,2,0,1,0,1
C5120ST,23,443,District-Vidisha,Urban,20-29,18,11,7,3,2,1,4,2,2,0,0,0,6,4,2,0,0,0,2,1,1,2,1,1,1,1,0
C5120ST,23,443,District-Vidisha,Urban,30-39,12,8,4,1,1,0,1,1,0,1,1,0,5,2,3,2,1,1,1,1,0,0,0,0,1,1,0
C5120ST,23,443,District-Vidisha,Urban,40-49,8,5,3,1,1,0,1,1,0,1,1,0,4,1,3,0,0,0,0,0,0,1,1,0,0,0,0
C5120ST,23,443,District-Vidisha,Urban,50-59,8,4,4,2,2,0,1,1,0,1,1,0,0,0,0,1,0,1,0,0,0,2,0,2,1,0,1
C5120ST,23,443,District-Vidisha,Urban,60-69,9,5,4,1,1,0,0,0,0,0,0,0,2,1,1,0,0,0,0,0,0,6,3,3,0,0,0
C5120ST,23,443,District-Vidisha,Urban,70-79,3,0,3,1,0,1,1,0,1,0,0,0,1,0,1,0,0,0,0,0,0,0,0,0,0,0,0
C5120ST,23,443,District-Vidisha,Urban,80-89,3,2,1,0,0,0,1,1,0,0,0,0,1,1,0,0,0,0,0,0,0,1,0,1,0,0,0
C5120ST,23,443,District-Vidisha,Urban,90+,0,0,0,0,0,0,0,0,0,0,0,0,0,0,0,0,0,0,0,0,0,0,0,0,0,0,0
C5120ST,23,443,District-Vidisha,Urban,Age Not Stated,0,0,0,0,0,0,0,0,0,0,0,0,0,0,0,0,0,0,0,0,0,0,0,0,0,0,0
C5120ST,23,444,District-Bhopal,Total,Total,2451,1349,1102,695,374,321,623,327,296,106,58,48,299,194,105,122,69,53,25,16,9,492,261,231,89,50,39
C5120ST,23,444,District-Bhopal,Total,0-4,212,103,109,78,36,42,47,26,21,3,2,1,7,4,3,7,4,3,0,0,0,62,25,37,8,6,2
C5120ST,23,444,District-Bhopal,Total,5-9,192,105,87,52,25,27,48,25,23,6,4,2,14,7,7,18,13,5,1,0,1,43,24,19,10,7,3
C5120ST,23,444,District-Bhopal,Total,10-19,515,274,241,156,89,67,137,65,72,31,16,15,44,28,16,29,14,15,7,6,1,91,47,44,20,9,11
C5120ST,23,444,District-Bhopal,Total,20-29,491,256,235,136,68,68,129,69,60,24,12,12,71,45,26,27,10,17,6,3,3,88,43,45,10,6,4
C5120ST,23,444,District-Bhopal,Total,30-39,391,229,162,103,64,39,98,51,47,14,8,6,53,36,17,20,12,8,6,4,2,88,50,38,9,4,5
C5120ST,23,444,District-Bhopal,Total,40-49,272,162,110,77,41,36,80,48,32,12,7,5,33,21,12,9,7,2,2,1,1,51,31,20,8,6,2
C5120ST,23,444,District-Bhopal,Total,50-59,179,102,77,46,23,23,52,27,25,8,6,2,30,22,8,6,4,2,3,2,1,29,16,13,5,2,3
C5120ST,23,444,District-Bhopal,Total,60-69,113,78,35,28,20,8,10,6,4,7,3,4,29,23,6,3,3,0,0,0,0,26,17,9,10,6,4
C5120ST,23,444,District-Bhopal,Total,70-79,55,21,34,14,4,10,17,8,9,1,0,1,10,3,7,1,1,0,0,0,0,7,2,5,5,3,2
C5120ST,23,444,District-Bhopal,Total,80-89,17,8,9,2,1,1,4,1,3,0,0,0,5,3,2,1,0,1,0,0,0,4,3,1,1,0,1
C5120ST,23,444,District-Bhopal,Total,90+,6,3,3,2,2,0,0,0,0,0,0,0,1,0,1,0,0,0,0,0,0,1,1,0,2,0,2
C5120ST,23,444,District-Bhopal,Total,Age Not Stated,8,8,0,1,1,0,1,1,0,0,0,0,2,2,0,1,1,0,0,0,0,2,2,0,1,1,0
C5120ST,23,444,District-Bhopal,Rural,Total,380,225,155,86,50,36,60,26,34,16,9,7,85,61,24,23,17,6,6,6,0,85,46,39,19,10,9
C5120ST,23,444,District-Bhopal,Rural,0-4,34,16,18,11,5,6,4,2,2,1,0,1,3,2,1,0,0,0,0,0,0,11,5,6,4,2,2
C5120ST,23,444,District-Bhopal,Rural,5-9,38,23,15,9,4,5,7,3,4,1,1,0,7,4,3,5,5,0,0,0,0,8,5,3,1,1,0
C5120ST,23,444,District-Bhopal,Rural,10-19,93,53,40,20,13,7,16,7,9,8,5,3,17,11,6,8,5,3,3,3,0,18,8,10,3,1,2
C5120ST,23,444,District-Bhopal,Rural,20-29,63,39,24,13,8,5,11,5,6,3,2,1,21,16,5,1,0,1,1,1,0,12,6,6,1,1,0
C5120ST,23,444,District-Bhopal,Rural,30-39,60,43,17,13,9,4,6,3,3,1,0,1,16,14,2,6,4,2,1,1,0,15,10,5,2,2,0
C5120ST,23,444,District-Bhopal,Rural,40-49,29,17,12,6,5,1,6,3,3,1,0,1,4,3,1,2,2,0,1,1,0,8,3,5,1,0,1
C5120ST,23,444,District-Bhopal,Rural,50-59,19,12,7,5,3,2,4,1,3,1,1,0,5,4,1,0,0,0,0,0,0,4,3,1,0,0,0
C5120ST,23,444,District-Bhopal,Rural,60-69,19,15,4,3,2,1,2,2,0,0,0,0,6,5,1,1,1,0,0,0,0,4,4,0,3,1,2
C5120ST,23,444,District-Bhopal,Rural,70-79,20,4,16,6,1,5,3,0,3,0,0,0,5,1,4,0,0,0,0,0,0,3,0,3,3,2,1
C5120ST,23,444,District-Bhopal,Rural,80-89,4,3,1,0,0,0,1,0,1,0,0,0,1,1,0,0,0,0,0,0,0,2,2,0,0,0,0
C5120ST,23,444,District-Bhopal,Rural,90+,1,0,1,0,0,0,0,0,0,0,0,0,0,0,0,0,0,0,0,0,0,0,0,0,1,0,1
C5120ST,23,444,District-Bhopal,Rural,Age Not Stated,0,0,0,0,0,0,0,0,0,0,0,0,0,0,0,0,0,0,0,0,0,0,0,0,0,0,0
C5120ST,23,444,District-Bhopal,Urban,Total,2071,1124,947,609,324,285,563,301,262,90,49,41,214,133,81,99,52,47,19,10,9,407,215,192,70,40,30
C5120ST,23,444,District-Bhopal,Urban,0-4,178,87,91,67,31,36,43,24,19,2,2,0,4,2,2,7,4,3,0,0,0,51,20,31,4,4,0
C5120ST,23,444,District-Bhopal,Urban,5-9,154,82,72,43,21,22,41,22,19,5,3,2,7,3,4,13,8,5,1,0,1,35,19,16,9,6,3
C5120ST,23,444,District-Bhopal,Urban,10-19,422,221,201,136,76,60,121,58,63,23,11,12,27,17,10,21,9,12,4,3,1,73,39,34,17,8,9
C5120ST,23,444,District-Bhopal,Urban,20-29,428,217,211,123,60,63,118,64,54,21,10,11,50,29,21,26,10,16,5,2,3,76,37,39,9,5,4
C5120ST,23,444,District-Bhopal,Urban,30-39,331,186,145,90,55,35,92,48,44,13,8,5,37,22,15,14,8,6,5,3,2,73,40,33,7,2,5
C5120ST,23,444,District-Bhopal,Urban,40-49,243,145,98,71,36,35,74,45,29,11,7,4,29,18,11,7,5,2,1,0,1,43,28,15,7,6,1
C5120ST,23,444,District-Bhopal,Urban,50-59,160,90,70,41,20,21,48,26,22,7,5,2,25,18,7,6,4,2,3,2,1,25,13,12,5,2,3
C5120ST,23,444,District-Bhopal,Urban,60-69,94,63,31,25,18,7,8,4,4,7,3,4,23,18,5,2,2,0,0,0,0,22,13,9,7,5,2
C5120ST,23,444,District-Bhopal,Urban,70-79,35,17,18,8,3,5,14,8,6,1,0,1,5,2,3,1,1,0,0,0,0,4,2,2,2,1,1
C5120ST,23,444,District-Bhopal,Urban,80-89,13,5,8,2,1,1,3,1,2,0,0,0,4,2,2,1,0,1,0,0,0,2,1,1,1,0,1
C5120ST,23,444,District-Bhopal,Urban,90+,5,3,2,2,2,0,0,0,0,0,0,0,1,0,1,0,0,0,0,0,0,1,1,0,1,0,1
C5120ST,23,444,District-Bhopal,Urban,Age Not Stated,8,8,0,1,1,0,1,1,0,0,0,0,2,2,0,1,1,0,0,0,0,2,2,0,1,1,0
C5120ST,23,445,District-Sehore,Total,Total,3791,2050,1741,606,313,293,542,307,235,121,68,53,899,520,379,131,67,64,55,30,25,1122,592,530,315,153,162
C5120ST,23,445,District-Sehore,Total,0-4,290,148,142,49,24,25,41,23,18,4,1,3,28,13,15,6,1,5,1,0,1,148,77,71,13,9,4
C5120ST,23,445,District-Sehore,Total,5-9,411,223,188,62,38,24,62,34,28,27,14,13,44,20,24,16,8,8,2,0,2,175,92,83,23,17,6
C5120ST,23,445,District-Sehore,Total,10-19,726,402,324,86,51,35,96,49,47,34,21,13,161,94,67,34,25,9,12,8,4,245,125,120,58,29,29
C5120ST,23,445,District-Sehore,Total,20-29,544,336,208,56,34,22,79,54,25,15,9,6,155,105,50,21,9,12,10,7,3,179,99,80,29,19,10
C5120ST,23,445,District-Sehore,Total,30-39,406,235,171,41,27,14,51,28,23,16,11,5,120,71,49,24,8,16,10,5,5,128,74,54,16,11,5
C5120ST,23,445,District-Sehore,Total,40-49,347,192,155,60,30,30,40,24,16,11,5,6,94,63,31,12,4,8,11,6,5,106,55,51,13,5,8
C5120ST,23,445,District-Sehore,Total,50-59,224,117,107,33,19,14,38,14,24,3,1,2,68,39,29,10,5,5,0,0,0,53,29,24,19,10,9
C5120ST,23,445,District-Sehore,Total,60-69,361,181,180,83,41,42,66,39,27,8,4,4,115,53,62,4,4,0,5,3,2,44,22,22,36,15,21
C5120ST,23,445,District-Sehore,Total,70-79,295,139,156,86,31,55,47,30,17,3,2,1,68,39,29,0,0,0,4,1,3,28,13,15,59,23,36
C5120ST,23,445,District-Sehore,Total,80-89,140,58,82,36,12,24,18,10,8,0,0,0,32,16,16,1,1,0,0,0,0,16,6,10,37,13,24
C5120ST,23,445,District-Sehore,Total,90+,47,19,28,14,6,8,4,2,2,0,0,0,14,7,7,3,2,1,0,0,0,0,0,0,12,2,10
C5120ST,23,445,District-Sehore,Total,Age Not Stated,0,0,0,0,0,0,0,0,0,0,0,0,0,0,0,0,0,0,0,0,0,0,0,0,0,0,0
C5120ST,23,445,District-Sehore,Rural,Total,3641,1961,1680,576,295,281,526,300,226,117,66,51,845,485,360,126,65,61,51,28,23,1100,581,519,300,141,159
C5120ST,23,445,District-Sehore,Rural,0-4,282,146,136,48,23,25,40,23,17,4,1,3,26,13,13,6,1,5,1,0,1,144,76,68,13,9,4
C5120ST,23,445,District-Sehore,Rural,5-9,397,213,184,58,35,23,60,33,27,27,14,13,41,18,23,15,8,7,2,0,2,174,91,83,20,14,6
C5120ST,23,445,District-Sehore,Rural,10-19,699,387,312,82,50,32,93,49,44,32,20,12,154,89,65,31,23,8,11,7,4,241,122,119,55,27,28
C5120ST,23,445,District-Sehore,Rural,20-29,513,316,197,50,28,22,76,52,24,14,8,6,144,100,44,20,9,11,10,7,3,172,95,77,27,17,10
C5120ST,23,445,District-Sehore,Rural,30-39,386,221,165,38,25,13,49,27,22,16,11,5,109,63,46,24,8,16,8,4,4,127,73,54,15,10,5
C5120ST,23,445,District-Sehore,Rural,40-49,328,184,144,54,27,27,39,24,15,11,5,6,87,58,29,12,4,8,10,6,4,102,55,47,13,5,8
C5120ST,23,445,District-Sehore,Rural,50-59,220,114,106,33,19,14,37,14,23,3,1,2,67,38,29,10,5,5,0,0,0,52,28,24,18,9,9
C5120ST,23,445,District-Sehore,Rural,60-69,350,174,176,81,39,42,66,39,27,7,4,3,108,49,59,4,4,0,5,3,2,44,22,22,35,14,21
C5120ST,23,445,District-Sehore,Rural,70-79,288,134,154,84,31,53,45,28,17,3,2,1,66,37,29,0,0,0,4,1,3,28,13,15,58,22,36
C5120ST,23,445,District-Sehore,Rural,80-89,133,54,79,34,12,22,17,9,8,0,0,0,29,13,16,1,1,0,0,0,0,16,6,10,36,13,23
C5120ST,23,445,District-Sehore,Rural,90+,45,18,27,14,6,8,4,2,2,0,0,0,14,7,7,3,2,1,0,0,0,0,0,0,10,1,9
C5120ST,23,445,District-Sehore,Rural,Age Not Stated,0,0,0,0,0,0,0,0,0,0,0,0,0,0,0,0,0,0,0,0,0,0,0,0,0,0,0
C5120ST,23,445,District-Sehore,Urban,Total,150,89,61,30,18,12,16,7,9,4,2,2,54,35,19,5,2,3,4,2,2,22,11,11,15,12,3
C5120ST,23,445,District-Sehore,Urban,0-4,8,2,6,1,1,0,1,0,1,0,0,0,2,0,2,0,0,0,0,0,0,4,1,3,0,0,0
C5120ST,23,445,District-Sehore,Urban,5-9,14,10,4,4,3,1,2,1,1,0,0,0,3,2,1,1,0,1,0,0,0,1,1,0,3,3,0
C5120ST,23,445,District-Sehore,Urban,10-19,27,15,12,4,1,3,3,0,3,2,1,1,7,5,2,3,2,1,1,1,0,4,3,1,3,2,1
C5120ST,23,445,District-Sehore,Urban,20-29,31,20,11,6,6,0,3,2,1,1,1,0,11,5,6,1,0,1,0,0,0,7,4,3,2,2,0
C5120ST,23,445,District-Sehore,Urban,30-39,20,14,6,3,2,1,2,1,1,0,0,0,11,8,3,0,0,0,2,1,1,1,1,0,1,1,0
C5120ST,23,445,District-Sehore,Urban,40-49,19,8,11,6,3,3,1,0,1,0,0,0,7,5,2,0,0,0,1,0,1,4,0,4,0,0,0
C5120ST,23,445,District-Sehore,Urban,50-59,4,3,1,0,0,0,1,0,1,0,0,0,1,1,0,0,0,0,0,0,0,1,1,0,1,1,0
C5120ST,23,445,District-Sehore,Urban,60-69,11,7,4,2,2,0,0,0,0,1,0,1,7,4,3,0,0,0,0,0,0,0,0,0,1,1,0
C5120ST,23,445,District-Sehore,Urban,70-79,7,5,2,2,0,2,2,2,0,0,0,0,2,2,0,0,0,0,0,0,0,0,0,0,1,1,0
C5120ST,23,445,District-Sehore,Urban,80-89,7,4,3,2,0,2,1,1,0,0,0,0,3,3,0,0,0,0,0,0,0,0,0,0,1,0,1
C5120ST,23,445,District-Sehore,Urban,90+,2,1,1,0,0,0,0,0,0,0,0,0,0,0,0,0,0,0,0,0,0,0,0,0,2,1,1
C5120ST,23,445,District-Sehore,Urban,Age Not Stated,0,0,0,0,0,0,0,0,0,0,0,0,0,0,0,0,0,0,0,0,0,0,0,0,0,0,0
C5120ST,23,446,District-Raisen,Total,Total,4394,2477,1917,898,481,417,890,500,390,141,83,58,1028,617,411,182,118,64,64,35,29,892,479,413,299,164,135
C5120ST,23,446,District-Raisen,Total,0-4,303,150,153,70,29,41,75,35,40,4,3,1,46,31,15,13,7,6,1,0,1,84,40,44,10,5,5
C5120ST,23,446,District-Raisen,Total,5-9,439,240,199,115,66,49,98,54,44,23,14,9,46,27,19,13,7,6,2,2,0,110,49,61,32,21,11
C5120ST,23,446,District-Raisen,Total,10-19,840,471,369,158,90,68,170,100,70,40,22,18,183,101,82,45,30,15,11,4,7,186,97,89,47,27,20
C5120ST,23,446,District-Raisen,Total,20-29,585,375,210,84,54,30,96,57,39,17,12,5,179,119,60,35,22,13,18,11,7,133,82,51,23,18,5
C5120ST,23,446,District-Raisen,Total,30-39,497,296,201,87,45,42,102,63,39,26,18,8,99,65,34,29,17,12,5,3,2,125,70,55,24,15,9
C5120ST,23,446,District-Raisen,Total,40-49,455,265,190,90,58,32,86,55,31,8,3,5,116,65,51,31,26,5,15,6,9,93,42,51,16,10,6
C5120ST,23,446,District-Raisen,Total,50-59,319,205,114,68,40,28,62,37,25,6,3,3,74,53,21,8,6,2,7,5,2,79,50,29,15,11,4
C5120ST,23,446,District-Raisen,Total,60-69,401,188,213,97,39,58,91,42,49,9,4,5,118,65,53,6,2,4,1,1,0,47,26,21,32,9,23
C5120ST,23,446,District-Raisen,Total,70-79,342,187,155,84,43,41,69,36,33,5,3,2,107,64,43,2,1,1,2,1,1,20,13,7,53,26,27
C5120ST,23,446,District-Raisen,Total,80-89,165,77,88,41,17,24,29,14,15,3,1,2,45,18,27,0,0,0,2,2,0,10,6,4,35,19,16
C5120ST,23,446,District-Raisen,Total,90+,47,22,25,4,0,4,12,7,5,0,0,0,15,9,6,0,0,0,0,0,0,4,3,1,12,3,9
C5120ST,23,446,District-Raisen,Total,Age Not Stated,1,1,0,0,0,0,0,0,0,0,0,0,0,0,0,0,0,0,0,0,0,1,1,0,0,0,0
C5120ST,23,446,District-Raisen,Rural,Total,4150,2319,1831,847,449,398,840,466,374,134,79,55,969,580,389,166,107,59,59,33,26,847,447,400,288,158,130
C5120ST,23,446,District-Raisen,Rural,0-4,281,137,144,65,26,39,70,32,38,3,2,1,44,30,14,12,6,6,1,0,1,77,36,41,9,5,4
C5120ST,23,446,District-Raisen,Rural,5-9,411,222,189,104,56,48,94,52,42,23,14,9,40,24,16,11,6,5,2,2,0,108,48,60,29,20,9
C5120ST,23,446,District-Raisen,Rural,10-19,780,429,351,146,83,63,153,87,66,38,22,16,173,94,79,39,25,14,11,4,7,177,90,87,43,24,19
C5120ST,23,446,District-Raisen,Rural,20-29,547,350,197,79,50,29,91,54,37,15,10,5,168,113,55,35,22,13,15,10,5,123,75,48,21,16,5
C5120ST,23,446,District-Raisen,Rural,30-39,464,278,186,80,43,37,95,59,36,26,18,8,90,59,31,26,16,10,5,3,2,118,65,53,24,15,9
C5120ST,23,446,District-Raisen,Rural,40-49,425,243,182,84,54,30,80,50,30,7,3,4,109,60,49,27,23,4,15,6,9,87,37,50,16,10,6
C5120ST,23,446,District-Raisen,Rural,50-59,306,197,109,67,40,27,59,35,24,5,2,3,69,50,19,8,6,2,7,5,2,76,48,28,15,11,4
C5120ST,23,446,District-Raisen,Rural,60-69,391,181,210,95,37,58,89,40,49,9,4,5,114,63,51,6,2,4,1,1,0,46,25,21,31,9,22
C5120ST,23,446,District-Raisen,Rural,70-79,336,185,151,83,43,40,68,36,32,5,3,2,104,62,42,2,1,1,1,1,0,20,13,7,53,26,27
C5120ST,23,446,District-Raisen,Rural,80-89,161,74,87,40,17,23,29,14,15,3,1,2,43,16,27,0,0,0,1,1,0,10,6,4,35,19,16
C5120ST,23,446,District-Raisen,Rural,90+,47,22,25,4,0,4,12,7,5,0,0,0,15,9,6,0,0,0,0,0,0,4,3,1,12,3,9
C5120ST,23,446,District-Raisen,Rural,Age Not Stated,1,1,0,0,0,0,0,0,0,0,0,0,0,0,0,0,0,0,0,0,0,1,1,0,0,0,0
C5120ST,23,446,District-Raisen,Urban,Total,244,158,86,51,32,19,50,34,16,7,4,3,59,37,22,16,11,5,5,2,3,45,32,13,11,6,5
C5120ST,23,446,District-Raisen,Urban,0-4,22,13,9,5,3,2,5,3,2,1,1,0,2,1,1,1,1,0,0,0,0,7,4,3,1,0,1
C5120ST,23,446,District-Raisen,Urban,5-9,28,18,10,11,10,1,4,2,2,0,0,0,6,3,3,2,1,1,0,0,0,2,1,1,3,1,2
C5120ST,23,446,District-Raisen,Urban,10-19,60,42,18,12,7,5,17,13,4,2,0,2,10,7,3,6,5,1,0,0,0,9,7,2,4,3,1
C5120ST,23,446,District-Raisen,Urban,20-29,38,25,13,5,4,1,5,3,2,2,2,0,11,6,5,0,0,0,3,1,2,10,7,3,2,2,0
C5120ST,23,446,District-Raisen,Urban,30-39,33,18,15,7,2,5,7,4,3,0,0,0,9,6,3,3,1,2,0,0,0,7,5,2,0,0,0
C5120ST,23,446,District-Raisen,Urban,40-49,30,22,8,6,4,2,6,5,1,1,0,1,7,5,2,4,3,1,0,0,0,6,5,1,0,0,0
C5120ST,23,446,District-Raisen,Urban,50-59,13,8,5,1,0,1,3,2,1,1,1,0,5,3,2,0,0,0,0,0,0,3,2,1,0,0,0
C5120ST,23,446,District-Raisen,Urban,60-69,10,7,3,2,2,0,2,2,0,0,0,0,4,2,2,0,0,0,0,0,0,1,1,0,1,0,1
C5120ST,23,446,District-Raisen,Urban,70-79,6,2,4,1,0,1,1,0,1,0,0,0,3,2,1,0,0,0,1,0,1,0,0,0,0,0,0
C5120ST,23,446,District-Raisen,Urban,80-89,4,3,1,1,0,1,0,0,0,0,0,0,2,2,0,0,0,0,1,1,0,0,0,0,0,0,0
C5120ST,23,446,District-Raisen,Urban,90+,0,0,0,0,0,0,0,0,0,0,0,0,0,0,0,0,0,0,0,0,0,0,0,0,0,0,0
C5120ST,23,446,District-Raisen,Urban,Age Not Stated,0,0,0,0,0,0,0,0,0,0,0,0,0,0,0,0,0,0,0,0,0,0,0,0,0,0,0
C5120ST,23,447,District-Betul,Total,Total,13456,7224,6232,2737,1386,1351,1957,1053,904,392,203,189,3706,2142,1564,598,325,273,363,182,181,2369,1256,1113,1334,677,657
C5120ST,23,447,District-Betul,Total,0-4,633,329,304,132,72,60,94,40,54,9,4,5,117,65,52,26,13,13,4,1,3,201,101,100,50,33,17
C5120ST,23,447,District-Betul,Total,5-9,1018,535,483,206,100,106,142,74,68,68,38,30,167,92,75,61,38,23,19,10,9,225,112,113,130,71,59
C5120ST,23,447,District-Betul,Total,10-19,2618,1370,1248,514,268,246,377,189,188,120,59,61,589,328,261,188,94,94,76,33,43,533,277,256,221,122,99
C5120ST,23,447,District-Betul,Total,20-29,1840,1098,742,252,162,90,241,140,101,69,38,31,627,393,234,98,53,45,74,43,31,359,204,155,120,65,55
C5120ST,23,447,District-Betul,Total,30-39,1311,767,544,216,129,87,171,96,75,51,28,23,377,240,137,81,47,34,67,34,33,270,151,119,78,42,36
C5120ST,23,447,District-Betul,Total,40-49,1383,812,571,221,122,99,204,124,80,35,17,18,429,266,163,76,47,29,58,30,28,272,156,116,88,50,38
C5120ST,23,447,District-Betul,Total,50-59,1187,655,532,271,122,149,194,111,83,16,11,5,401,234,167,29,18,11,33,20,13,174,101,73,69,38,31
C5120ST,23,447,District-Betul,Total,60-69,1566,754,812,434,177,257,239,123,116,14,5,9,476,263,213,27,14,13,20,8,12,172,83,89,184,81,103
C5120ST,23,447,District-Betul,Total,70-79,1292,607,685,346,165,181,217,110,107,6,1,5,353,176,177,8,0,8,9,1,8,110,47,63,243,107,136
C5120ST,23,447,District-Betul,Total,80-89,454,224,230,111,51,60,59,37,22,3,2,1,130,63,67,2,1,1,1,1,0,35,13,22,113,56,57
C5120ST,23,447,District-Betul,Total,90+,132,60,72,30,15,15,18,8,10,1,0,1,37,21,16,1,0,1,0,0,0,9,5,4,36,11,25
C5120ST,23,447,District-Betul,Total,Age Not Stated,22,13,9,4,3,1,1,1,0,0,0,0,3,1,2,1,0,1,2,1,1,9,6,3,2,1,1
C5120ST,23,447,District-Betul,Rural,Total,12949,6925,6024,2668,1355,1313,1884,1013,871,376,198,178,3553,2035,1518,580,312,268,344,169,175,2278,1202,1076,1266,641,625
C5120ST,23,447,District-Betul,Rural,0-4,624,322,302,130,70,60,92,38,54,9,4,5,115,64,51,26,13,13,4,1,3,200,101,99,48,31,17
C5120ST,23,447,District-Betul,Rural,5-9,969,513,456,201,100,101,138,74,64,64,35,29,154,83,71,60,37,23,18,9,9,215,108,107,119,67,52
C5120ST,23,447,District-Betul,Rural,10-19,2479,1295,1184,494,263,231,352,175,177,116,59,57,556,302,254,181,89,92,72,30,42,506,262,244,202,115,87
C5120ST,23,447,District-Betul,Rural,20-29,1749,1032,717,244,155,89,235,138,97,66,36,30,593,369,224,95,50,45,67,39,28,340,189,151,109,56,53
C5120ST,23,447,District-Betul,Rural,30-39,1254,735,519,209,126,83,164,91,73,51,28,23,357,230,127,77,44,33,65,32,33,260,146,114,71,38,33
C5120ST,23,447,District-Betul,Rural,40-49,1327,780,547,215,121,94,196,118,78,32,17,15,411,252,159,74,46,28,55,29,26,259,149,110,85,48,37
C5120ST,23,447,District-Betul,Rural,50-59,1145,628,517,262,116,146,183,106,77,16,11,5,389,226,163,29,18,11,31,18,13,167,96,71,68,37,31
C5120ST,23,447,District-Betul,Rural,60-69,1531,732,799,426,171,255,235,121,114,12,5,7,464,255,209,26,14,12,20,8,12,169,80,89,179,78,101
C5120ST,23,447,District-Betul,Rural,70-79,1269,594,675,342,164,178,213,107,106,6,1,5,345,170,175,8,0,8,9,1,8,109,47,62,237,104,133
C5120ST,23,447,District-Betul,Rural,80-89,449,222,227,111,51,60,58,37,21,3,2,1,129,62,67,2,1,1,1,1,0,35,13,22,110,55,55
C5120ST,23,447,District-Betul,Rural,90+,131,59,72,30,15,15,17,7,10,1,0,1,37,21,16,1,0,1,0,0,0,9,5,4,36,11,25
C5120ST,23,447,District-Betul,Rural,Age Not Stated,22,13,9,4,3,1,1,1,0,0,0,0,3,1,2,1,0,1,2,1,1,9,6,3,2,1,1
C5120ST,23,447,District-Betul,Urban,Total,507,299,208,69,31,38,73,40,33,16,5,11,153,107,46,18,13,5,19,13,6,91,54,37,68,36,32
C5120ST,23,447,District-Betul,Urban,0-4,9,7,2,2,2,0,2,2,0,0,0,0,2,1,1,0,0,0,0,0,0,1,0,1,2,2,0
C5120ST,23,447,District-Betul,Urban,5-9,49,22,27,5,0,5,4,0,4,4,3,1,13,9,4,1,1,0,1,1,0,10,4,6,11,4,7
C5120ST,23,447,District-Betul,Urban,10-19,139,75,64,20,5,15,25,14,11,4,0,4,33,26,7,7,5,2,4,3,1,27,15,12,19,7,12
C5120ST,23,447,District-Betul,Urban,20-29,91,66,25,8,7,1,6,2,4,3,2,1,34,24,10,3,3,0,7,4,3,19,15,4,11,9,2
C5120ST,23,447,District-Betul,Urban,30-39,57,32,25,7,3,4,7,5,2,0,0,0,20,10,10,4,3,1,2,2,0,10,5,5,7,4,3
C5120ST,23,447,District-Betul,Urban,40-49,56,32,24,6,1,5,8,6,2,3,0,3,18,14,4,2,1,1,3,1,2,13,7,6,3,2,1
C5120ST,23,447,District-Betul,Urban,50-59,42,27,15,9,6,3,11,5,6,0,0,0,12,8,4,0,0,0,2,2,0,7,5,2,1,1,0
C5120ST,23,447,District-Betul,Urban,60-69,35,22,13,8,6,2,4,2,2,2,0,2,12,8,4,1,0,1,0,0,0,3,3,0,5,3,2
C5120ST,23,447,District-Betul,Urban,70-79,23,13,10,4,1,3,4,3,1,0,0,0,8,6,2,0,0,0,0,0,0,1,0,1,6,3,3
C5120ST,23,447,District-Betul,Urban,80-89,5,2,3,0,0,0,1,0,1,0,0,0,1,1,0,0,0,0,0,0,0,0,0,0,3,1,2
C5120ST,23,447,District-Betul,Urban,90+,1,1,0,0,0,0,1,1,0,0,0,0,0,0,0,0,0,0,0,0,0,0,0,0,0,0,0
C5120ST,23,447,District-Betul,Urban,Age Not Stated,0,0,0,0,0,0,0,0,0,0,0,0,0,0,0,0,0,0,0,0,0,0,0,0,0,0,0
C5120ST,23,448,District-Harda ,Total,Total,3058,1685,1373,765,377,388,523,295,228,101,59,42,649,388,261,178,100,78,38,22,16,570,334,236,234,110,124
C5120ST,23,448,District-Harda ,Total,0-4,211,122,89,59,33,26,40,23,17,4,1,3,32,20,12,11,8,3,0,0,0,57,33,24,8,4,4
C5120ST,23,448,District-Harda ,Total,5-9,328,190,138,74,42,32,50,35,15,25,15,10,51,28,23,21,9,12,2,1,1,87,48,39,18,12,6
C5120ST,23,448,District-Harda ,Total,10-19,713,383,330,164,80,84,116,65,51,24,14,10,150,85,65,58,28,30,10,5,5,138,85,53,53,21,32
C5120ST,23,448,District-Harda ,Total,20-29,384,230,154,82,49,33,74,41,33,12,7,5,99,67,32,27,18,9,9,6,3,61,28,33,20,14,6
C5120ST,23,448,District-Harda ,Total,30-39,346,204,142,87,43,44,55,31,24,18,14,4,69,41,28,19,13,6,6,5,1,75,49,26,17,8,9
C5120ST,23,448,District-Harda ,Total,40-49,300,177,123,69,34,35,52,34,18,5,2,3,79,49,30,17,12,5,3,2,1,64,37,27,11,7,4
C5120ST,23,448,District-Harda ,Total,50-59,222,120,102,54,26,28,37,19,18,5,2,3,47,35,12,12,6,6,6,2,4,42,24,18,19,6,13
C5120ST,23,448,District-Harda ,Total,60-69,265,140,125,84,39,45,40,19,21,4,2,2,62,37,25,8,4,4,0,0,0,29,22,7,38,17,21
C5120ST,23,448,District-Harda ,Total,70-79,188,73,115,59,21,38,37,16,21,0,0,0,44,16,28,2,0,2,1,0,1,9,5,4,36,15,21
C5120ST,23,448,District-Harda ,Total,80-89,71,31,40,25,8,17,16,8,8,1,0,1,12,9,3,0,0,0,0,0,0,4,1,3,13,5,8
C5120ST,23,448,District-Harda ,Total,90+,22,10,12,8,2,6,5,4,1,1,0,1,4,1,3,0,0,0,1,1,0,2,1,1,1,1,0
C5120ST,23,448,District-Harda ,Total,Age Not Stated,8,5,3,0,0,0,1,0,1,2,2,0,0,0,0,3,2,1,0,0,0,2,1,1,0,0,0
C5120ST,23,448,District-Harda ,Rural,Total,2923,1610,1313,741,366,375,499,279,220,96,57,39,625,374,251,170,93,77,35,21,14,537,318,219,220,102,118
C5120ST,23,448,District-Harda ,Rural,0-4,203,117,86,58,33,25,39,22,17,3,1,2,31,19,12,10,7,3,0,0,0,55,32,23,7,3,4
C5120ST,23,448,District-Harda ,Rural,5-9,314,180,134,72,40,32,49,34,15,25,15,10,49,27,22,21,9,12,1,1,0,82,44,38,15,10,5
C5120ST,23,448,District-Harda ,Rural,10-19,675,365,310,158,77,81,110,62,48,23,13,10,143,81,62,57,27,30,8,4,4,127,82,45,49,19,30
C5120ST,23,448,District-Harda ,Rural,20-29,365,220,145,79,48,31,71,38,33,12,7,5,93,64,29,26,17,9,9,6,3,57,27,30,18,13,5
C5120ST,23,448,District-Harda ,Rural,30-39,330,194,136,82,41,41,51,28,23,18,14,4,68,40,28,16,11,5,6,5,1,73,47,26,16,8,8
C5120ST,23,448,District-Harda ,Rural,40-49,286,171,115,67,34,33,49,34,15,4,2,2,77,48,29,15,10,5,3,2,1,61,35,26,10,6,4
C5120ST,23,448,District-Harda ,Rural,50-59,212,114,98,51,24,27,36,18,18,5,2,3,44,34,10,12,6,6,6,2,4,39,22,17,19,6,13
C5120ST,23,448,District-Harda ,Rural,60-69,256,133,123,84,39,45,38,17,21,2,1,1,60,35,25,8,4,4,0,0,0,28,21,7,36,16,20
C5120ST,23,448,District-Harda ,Rural,70-79,185,71,114,58,20,38,35,15,20,0,0,0,44,16,28,2,0,2,1,0,1,9,5,4,36,15,21
C5120ST,23,448,District-Harda ,Rural,80-89,68,30,38,25,8,17,15,7,8,1,0,1,12,9,3,0,0,0,0,0,0,2,1,1,13,5,8
C5120ST,23,448,District-Harda ,Rural,90+,21,10,11,7,2,5,5,4,1,1,0,1,4,1,3,0,0,0,1,1,0,2,1,1,1,1,0
C5120ST,23,448,District-Harda ,Rural,Age Not Stated,8,5,3,0,0,0,1,0,1,2,2,0,0,0,0,3,2,1,0,0,0,2,1,1,0,0,0
C5120ST,23,448,District-Harda ,Urban,Total,135,75,60,24,11,13,24,16,8,5,2,3,24,14,10,8,7,1,3,1,2,33,16,17,14,8,6
C5120ST,23,448,District-Harda ,Urban,0-4,8,5,3,1,0,1,1,1,0,1,0,1,1,1,0,1,1,0,0,0,0,2,1,1,1,1,0
C5120ST,23,448,District-Harda ,Urban,5-9,14,10,4,2,2,0,1,1,0,0,0,0,2,1,1,0,0,0,1,0,1,5,4,1,3,2,1
C5120ST,23,448,District-Harda ,Urban,10-19,38,18,20,6,3,3,6,3,3,1,1,0,7,4,3,1,1,0,2,1,1,11,3,8,4,2,2
C5120ST,23,448,District-Harda ,Urban,20-29,19,10,9,3,1,2,3,3,0,0,0,0,6,3,3,1,1,0,0,0,0,4,1,3,2,1,1
C5120ST,23,448,District-Harda ,Urban,30-39,16,10,6,5,2,3,4,3,1,0,0,0,1,1,0,3,2,1,0,0,0,2,2,0,1,0,1
C5120ST,23,448,District-Harda ,Urban,40-49,14,6,8,2,0,2,3,0,3,1,0,1,2,1,1,2,2,0,0,0,0,3,2,1,1,1,0
C5120ST,23,448,District-Harda ,Urban,50-59,10,6,4,3,2,1,1,1,0,0,0,0,3,1,2,0,0,0,0,0,0,3,2,1,0,0,0
C5120ST,23,448,District-Harda ,Urban,60-69,9,7,2,0,0,0,2,2,0,2,1,1,2,2,0,0,0,0,0,0,0,1,1,0,2,1,1
C5120ST,23,448,District-Harda ,Urban,70-79,3,2,1,1,1,0,2,1,1,0,0,0,0,0,0,0,0,0,0,0,0,0,0,0,0,0,0
C5120ST,23,448,District-Harda ,Urban,80-89,3,1,2,0,0,0,1,1,0,0,0,0,0,0,0,0,0,0,0,0,0,2,0,2,0,0,0
C5120ST,23,448,District-Harda ,Urban,90+,1,0,1,1,0,1,0,0,0,0,0,0,0,0,0,0,0,0,0,0,0,0,0,0,0,0,0
C5120ST,23,448,District-Harda ,Urban,Age Not Stated,0,0,0,0,0,0,0,0,0,0,0,0,0,0,0,0,0,0,0,0,0,0,0,0,0,0,0
C5120ST,23,449,District-Hoshangabad,Total,Total,4505,2526,1979,863,437,426,630,354,276,137,87,50,1276,767,509,213,114,99,97,67,30,789,438,351,500,262,238
C5120ST,23,449,District-Hoshangabad,Total,0-4,187,100,87,37,15,22,20,14,6,2,1,1,30,18,12,8,3,5,2,1,1,68,38,30,20,10,10
C5120ST,23,449,District-Hoshangabad,Total,5-9,313,180,133,62,36,26,45,24,21,13,9,4,53,29,24,20,8,12,5,5,0,75,39,36,40,30,10
C5120ST,23,449,District-Hoshangabad,Total,10-19,816,459,357,162,87,75,112,70,42,42,26,16,175,99,76,66,32,34,18,13,5,166,93,73,75,39,36
C5120ST,23,449,District-Hoshangabad,Total,20-29,617,385,232,83,49,34,68,42,26,23,14,9,217,133,84,46,30,16,25,21,4,118,74,44,37,22,15
C5120ST,23,449,District-Hoshangabad,Total,30-39,536,324,212,72,41,31,81,45,36,14,11,3,171,117,54,33,19,14,17,11,6,111,57,54,37,23,14
C5120ST,23,449,District-Hoshangabad,Total,40-49,542,325,217,85,45,40,71,46,25,16,13,3,184,108,76,19,12,7,15,8,7,111,72,39,41,21,20
C5120ST,23,449,District-Hoshangabad,Total,50-59,390,215,175,85,43,42,51,30,21,13,6,7,133,84,49,14,6,8,6,3,3,62,27,35,26,16,10
C5120ST,23,449,District-Hoshangabad,Total,60-69,548,265,283,127,53,74,98,47,51,7,4,3,168,98,70,6,3,3,5,3,2,44,19,25,93,38,55
C5120ST,23,449,District-Hoshangabad,Total,70-79,380,195,185,102,52,50,58,23,35,5,3,2,101,60,41,1,1,0,4,2,2,23,13,10,86,41,45
C5120ST,23,449,District-Hoshangabad,Total,80-89,147,65,82,43,14,29,23,11,12,1,0,1,35,17,18,0,0,0,0,0,0,10,5,5,35,18,17
C5120ST,23,449,District-Hoshangabad,Total,90+,26,11,15,5,2,3,3,2,1,0,0,0,8,3,5,0,0,0,0,0,0,0,0,0,10,4,6
C5120ST,23,449,District-Hoshangabad,Total,Age Not Stated,3,2,1,0,0,0,0,0,0,1,0,1,1,1,0,0,0,0,0,0,0,1,1,0,0,0,0
C5120ST,23,449,District-Hoshangabad,Rural,Total,4081,2266,1815,797,402,395,574,322,252,112,70,42,1160,687,473,189,103,86,90,61,29,701,389,312,458,232,226
C5120ST,23,449,District-Hoshangabad,Rural,0-4,174,92,82,34,13,21,18,13,5,2,1,1,29,17,12,7,3,4,1,0,1,66,37,29,17,8,9
C5120ST,23,449,District-Hoshangabad,Rural,5-9,294,165,129,58,34,24,42,21,21,12,8,4,51,28,23,20,8,12,5,5,0,72,37,35,34,24,10
C5120ST,23,449,District-Hoshangabad,Rural,10-19,719,407,312,141,77,64,102,64,38,35,22,13,159,90,69,59,30,29,16,11,5,143,81,62,64,32,32
C5120ST,23,449,District-Hoshangabad,Rural,20-29,531,325,206,71,41,30,58,36,22,17,9,8,189,112,77,39,24,15,22,19,3,103,65,38,32,19,13
C5120ST,23,449,District-Hoshangabad,Rural,30-39,475,286,189,68,37,31,70,40,30,10,7,3,154,104,50,28,17,11,16,10,6,95,50,45,34,21,13
C5120ST,23,449,District-Hoshangabad,Rural,40-49,499,297,202,82,44,38,66,44,22,14,12,2,168,95,73,18,12,6,15,8,7,96,62,34,40,20,20
C5120ST,23,449,District-Hoshangabad,Rural,50-59,353,193,160,80,41,39,49,28,21,9,4,5,120,76,44,13,6,7,6,3,3,52,21,31,24,14,10
C5120ST,23,449,District-Hoshangabad,Rural,60-69,510,243,267,119,50,69,90,41,49,6,4,2,155,89,66,4,2,2,5,3,2,41,18,23,90,36,54
C5120ST,23,449,District-Hoshangabad,Rural,70-79,361,183,178,99,50,49,55,22,33,5,3,2,93,55,38,1,1,0,4,2,2,22,12,10,82,38,44
C5120ST,23,449,District-Hoshangabad,Rural,80-89,137,62,75,40,13,27,21,11,10,1,0,1,34,17,17,0,0,0,0,0,0,10,5,5,31,16,15
C5120ST,23,449,District-Hoshangabad,Rural,90+,25,11,14,5,2,3,3,2,1,0,0,0,7,3,4,0,0,0,0,0,0,0,0,0,10,4,6
C5120ST,23,449,District-Hoshangabad,Rural,Age Not Stated,3,2,1,0,0,0,0,0,0,1,0,1,1,1,0,0,0,0,0,0,0,1,1,0,0,0,0
C5120ST,23,449,District-Hoshangabad,Urban,Total,424,260,164,66,35,31,56,32,24,25,17,8,116,80,36,24,11,13,7,6,1,88,49,39,42,30,12
C5120ST,23,449,District-Hoshangabad,Urban,0-4,13,8,5,3,2,1,2,1,1,0,0,0,1,1,0,1,0,1,1,1,0,2,1,1,3,2,1
C5120ST,23,449,District-Hoshangabad,Urban,5-9,19,15,4,4,2,2,3,3,0,1,1,0,2,1,1,0,0,0,0,0,0,3,2,1,6,6,0
C5120ST,23,449,District-Hoshangabad,Urban,10-19,97,52,45,21,10,11,10,6,4,7,4,3,16,9,7,7,2,5,2,2,0,23,12,11,11,7,4
C5120ST,23,449,District-Hoshangabad,Urban,20-29,86,60,26,12,8,4,10,6,4,6,5,1,28,21,7,7,6,1,3,2,1,15,9,6,5,3,2
C5120ST,23,449,District-Hoshangabad,Urban,30-39,61,38,23,4,4,0,11,5,6,4,4,0,17,13,4,5,2,3,1,1,0,16,7,9,3,2,1
C5120ST,23,449,District-Hoshangabad,Urban,40-49,43,28,15,3,1,2,5,2,3,2,1,1,16,13,3,1,0,1,0,0,0,15,10,5,1,1,0
C5120ST,23,449,District-Hoshangabad,Urban,50-59,37,22,15,5,2,3,2,2,0,4,2,2,13,8,5,1,0,1,0,0,0,10,6,4,2,2,0
C5120ST,23,449,District-Hoshangabad,Urban,60-69,38,22,16,8,3,5,8,6,2,1,0,1,13,9,4,2,1,1,0,0,0,3,1,2,3,2,1
C5120ST,23,449,District-Hoshangabad,Urban,70-79,19,12,7,3,2,1,3,1,2,0,0,0,8,5,3,0,0,0,0,0,0,1,1,0,4,3,1
C5120ST,23,449,District-Hoshangabad,Urban,80-89,10,3,7,3,1,2,2,0,2,0,0,0,1,0,1,0,0,0,0,0,0,0,0,0,4,2,2
C5120ST,23,449,District-Hoshangabad,Urban,90+,1,0,1,0,0,0,0,0,0,0,0,0,1,0,1,0,0,0,0,0,0,0,0,0,0,0,0
C5120ST,23,449,District-Hoshangabad,Urban,Age Not Stated,0,0,0,0,0,0,0,0,0,0,0,0,0,0,0,0,0,0,0,0,0,0,0,0,0,0,0
C5120ST,23,450,District-Katni ,Total,Total,6855,3885,2970,1539,842,697,1183,649,534,201,123,78,1786,1078,708,293,166,127,125,73,52,1308,736,572,420,218,202
C5120ST,23,450,District-Katni ,Total,0-4,466,243,223,130,66,64,100,50,50,4,2,2,68,36,32,11,6,5,2,1,1,129,69,60,22,13,9
C5120ST,23,450,District-Katni ,Total,5-9,650,363,287,155,77,78,125,76,49,40,26,14,96,55,41,37,19,18,7,4,3,146,83,63,44,23,21
C5120ST,23,450,District-Katni ,Total,10-19,1396,784,612,307,184,123,242,125,117,58,36,22,305,174,131,93,51,42,17,8,9,286,161,125,88,45,43
C5120ST,23,450,District-Katni ,Total,20-29,940,577,363,172,104,68,183,102,81,21,14,7,255,171,84,49,37,12,32,19,13,186,105,81,42,25,17
C5120ST,23,450,District-Katni ,Total,30-39,811,510,301,151,100,51,144,94,50,19,11,8,205,136,69,43,20,23,32,19,13,187,111,76,30,19,11
C5120ST,23,450,District-Katni ,Total,40-49,686,412,274,138,77,61,120,60,60,23,13,10,206,143,63,26,13,13,21,13,8,116,72,44,36,21,15
C5120ST,23,450,District-Katni ,Total,50-59,524,307,217,108,62,46,83,47,36,11,6,5,176,116,60,17,10,7,6,4,2,94,47,47,29,15,14
C5120ST,23,450,District-Katni ,Total,60-69,724,368,356,199,92,107,108,59,49,18,11,7,237,129,108,10,4,6,6,5,1,98,55,43,48,13,35
C5120ST,23,450,District-Katni ,Total,70-79,479,233,246,133,58,75,53,23,30,7,4,3,174,85,89,3,3,0,2,0,2,51,28,23,56,32,24
C5120ST,23,450,District-Katni ,Total,80-89,140,71,69,42,22,20,19,9,10,0,0,0,49,25,24,3,3,0,0,0,0,8,3,5,19,9,10
C5120ST,23,450,District-Katni ,Total,90+,28,12,16,4,0,4,4,2,2,0,0,0,11,7,4,0,0,0,0,0,0,3,0,3,6,3,3
C5120ST,23,450,District-Katni ,Total,Age Not Stated,11,5,6,0,0,0,2,2,0,0,0,0,4,1,3,1,0,1,0,0,0,4,2,2,0,0,0
C5120ST,23,450,District-Katni ,Rural,Total,6489,3661,2828,1489,815,674,1116,610,506,184,110,74,1684,1017,667,272,152,120,110,64,46,1239,691,548,395,202,193
C5120ST,23,450,District-Katni ,Rural,0-4,445,229,216,126,63,63,97,49,48,3,1,2,65,33,32,10,6,4,2,1,1,121,63,58,21,13,8
C5120ST,23,450,District-Katni ,Rural,5-9,620,342,278,151,75,76,118,70,48,37,23,14,91,51,40,36,18,18,6,4,2,137,78,59,44,23,21
C5120ST,23,450,District-Katni ,Rural,10-19,1311,737,574,296,178,118,223,115,108,53,33,20,286,166,120,87,46,41,16,8,8,269,152,117,81,39,42
C5120ST,23,450,District-Katni ,Rural,20-29,875,537,338,162,98,64,173,97,76,16,11,5,233,156,77,46,36,10,28,16,12,177,99,78,40,24,16
C5120ST,23,450,District-Katni ,Rural,30-39,762,477,285,147,98,49,137,88,49,18,10,8,192,128,64,38,17,21,25,14,11,178,105,73,27,17,10
C5120ST,23,450,District-Katni ,Rural,40-49,648,388,260,132,74,58,109,55,54,23,13,10,195,135,60,25,12,13,20,13,7,111,67,44,33,19,14
C5120ST,23,450,District-Katni ,Rural,50-59,502,294,208,106,62,44,79,44,35,11,6,5,168,111,57,15,9,6,6,4,2,88,43,45,29,15,14
C5120ST,23,450,District-Katni ,Rural,60-69,701,353,348,195,89,106,105,57,48,17,10,7,230,125,105,8,2,6,5,4,1,96,54,42,45,12,33
C5120ST,23,450,District-Katni ,Rural,70-79,454,221,233,130,57,73,51,23,28,6,3,3,162,80,82,3,3,0,2,0,2,47,25,22,53,30,23
C5120ST,23,450,District-Katni ,Rural,80-89,133,67,66,40,21,19,18,8,10,0,0,0,47,24,23,3,3,0,0,0,0,8,3,5,17,8,9
C5120ST,23,450,District-Katni ,Rural,90+,27,11,16,4,0,4,4,2,2,0,0,0,11,7,4,0,0,0,0,0,0,3,0,3,5,2,3
C5120ST,23,450,District-Katni ,Rural,Age Not Stated,11,5,6,0,0,0,2,2,0,0,0,0,4,1,3,1,0,1,0,0,0,4,2,2,0,0,0
C5120ST,23,450,District-Katni ,Urban,Total,366,224,142,50,27,23,67,39,28,17,13,4,102,61,41,21,14,7,15,9,6,69,45,24,25,16,9
C5120ST,23,450,District-Katni ,Urban,0-4,21,14,7,4,3,1,3,1,2,1,1,0,3,3,0,1,0,1,0,0,0,8,6,2,1,0,1
C5120ST,23,450,District-Katni ,Urban,5-9,30,21,9,4,2,2,7,6,1,3,3,0,5,4,1,1,1,0,1,0,1,9,5,4,0,0,0
C5120ST,23,450,District-Katni ,Urban,10-19,85,47,38,11,6,5,19,10,9,5,3,2,19,8,11,6,5,1,1,0,1,17,9,8,7,6,1
C5120ST,23,450,District-Katni ,Urban,20-29,65,40,25,10,6,4,10,5,5,5,3,2,22,15,7,3,1,2,4,3,1,9,6,3,2,1,1
C5120ST,23,450,District-Katni ,Urban,30-39,49,33,16,4,2,2,7,6,1,1,1,0,13,8,5,5,3,2,7,5,2,9,6,3,3,2,1
C5120ST,23,450,District-Katni ,Urban,40-49,38,24,14,6,3,3,11,5,6,0,0,0,11,8,3,1,1,0,1,0,1,5,5,0,3,2,1
C5120ST,23,450,District-Katni ,Urban,50-59,22,13,9,2,0,2,4,3,1,0,0,0,8,5,3,2,1,1,0,0,0,6,4,2,0,0,0
C5120ST,23,450,District-Katni ,Urban,60-69,23,15,8,4,3,1,3,2,1,1,1,0,7,4,3,2,2,0,1,1,0,2,1,1,3,1,2
C5120ST,23,450,District-Katni ,Urban,70-79,25,12,13,3,1,2,2,0,2,1,1,0,12,5,7,0,0,0,0,0,0,4,3,1,3,2,1
C5120ST,23,450,District-Katni ,Urban,80-89,7,4,3,2,1,1,1,1,0,0,0,0,2,1,1,0,0,0,0,0,0,0,0,0,2,1,1
C5120ST,23,450,District-Katni ,Urban,90+,1,1,0,0,0,0,0,0,0,0,0,0,0,0,0,0,0,0,0,0,0,0,0,0,1,1,0
C5120ST,23,450,District-Katni ,Urban,Age Not Stated,0,0,0,0,0,0,0,0,0,0,0,0,0,0,0,0,0,0,0,0,0,0,0,0,0,0,0
C5120ST,23,451,District-Jabalpur,Total,Total,8523,4768,3755,1465,771,694,1497,809,688,363,212,151,2363,1411,952,394,230,164,169,93,76,1711,934,777,561,308,253
C5120ST,23,451,District-Jabalpur,Total,0-4,410,210,200,84,41,43,123,60,63,4,2,2,52,34,18,14,7,7,0,0,0,115,58,57,18,8,10
C5120ST,23,451,District-Jabalpur,Total,5-9,613,334,279,108,57,51,118,64,54,56,35,21,91,58,33,35,21,14,9,2,7,152,76,76,44,21,23
C5120ST,23,451,District-Jabalpur,Total,10-19,1563,872,691,252,133,119,283,156,127,81,45,36,345,211,134,101,60,41,31,16,15,348,179,169,122,72,50
C5120ST,23,451,District-Jabalpur,Total,20-29,1404,875,529,171,108,63,241,137,104,70,44,26,430,290,140,71,40,31,43,25,18,311,187,124,67,44,23
C5120ST,23,451,District-Jabalpur,Total,30-39,1047,641,406,143,90,53,181,102,79,54,33,21,289,190,99,75,48,27,37,22,15,213,126,87,55,30,25
C5120ST,23,451,District-Jabalpur,Total,40-49,1055,644,411,153,88,65,201,115,86,34,21,13,307,203,104,44,29,15,31,19,12,243,138,105,42,31,11
C5120ST,23,451,District-Jabalpur,Total,50-59,752,417,335,170,99,71,115,61,54,29,16,13,225,127,98,29,12,17,11,6,5,137,75,62,36,21,15
C5120ST,23,451,District-Jabalpur,Total,60-69,881,445,436,218,91,127,121,64,57,18,10,8,319,164,155,13,8,5,6,2,4,116,65,51,70,41,29
C5120ST,23,451,District-Jabalpur,Total,70-79,526,220,306,112,40,72,72,28,44,9,3,6,208,99,109,6,4,2,1,1,0,47,20,27,71,25,46
C5120ST,23,451,District-Jabalpur,Total,80-89,188,78,110,38,18,20,29,13,16,6,2,4,71,26,45,4,1,3,0,0,0,16,7,9,24,11,13
C5120ST,23,451,District-Jabalpur,Total,90+,61,19,42,12,3,9,8,4,4,2,1,1,21,6,15,1,0,1,0,0,0,5,1,4,12,4,8
C5120ST,23,451,District-Jabalpur,Total,Age Not Stated,23,13,10,4,3,1,5,5,0,0,0,0,5,3,2,1,0,1,0,0,0,8,2,6,0,0,0
C5120ST,23,451,District-Jabalpur,Rural,Total,6482,3626,2856,1157,604,553,1104,613,491,237,138,99,1978,1171,807,295,175,120,115,63,52,1165,632,533,431,230,201
C5120ST,23,451,District-Jabalpur,Rural,0-4,302,160,142,70,36,34,85,46,39,3,1,2,45,30,15,8,4,4,0,0,0,76,35,41,15,8,7
C5120ST,23,451,District-Jabalpur,Rural,5-9,485,271,214,83,44,39,100,56,44,41,24,17,80,52,28,33,20,13,6,2,4,110,56,54,32,17,15
C5120ST,23,451,District-Jabalpur,Rural,10-19,1154,656,498,184,104,80,201,117,84,54,32,22,282,169,113,78,47,31,24,15,9,242,120,122,89,52,37
C5120ST,23,451,District-Jabalpur,Rural,20-29,978,612,366,119,72,47,163,96,67,36,20,16,335,230,105,49,26,23,27,17,10,204,122,82,45,29,16
C5120ST,23,451,District-Jabalpur,Rural,30-39,767,470,297,105,63,42,130,70,60,34,23,11,234,159,75,56,36,20,25,12,13,145,89,56,38,18,20
C5120ST,23,451,District-Jabalpur,Rural,40-49,801,490,311,119,68,51,153,92,61,24,14,10,254,165,89,34,24,10,20,11,9,162,90,72,35,26,9
C5120ST,23,451,District-Jabalpur,Rural,50-59,559,309,250,143,77,66,81,49,32,18,11,7,176,94,82,24,11,13,7,4,3,84,48,36,26,15,11
C5120ST,23,451,District-Jabalpur,Rural,60-69,757,376,381,190,80,110,102,53,49,14,8,6,296,150,146,8,5,3,5,1,4,87,50,37,55,29,26
C5120ST,23,451,District-Jabalpur,Rural,70-79,454,192,262,101,40,61,58,20,38,7,2,5,189,92,97,2,2,0,1,1,0,33,13,20,63,22,41
C5120ST,23,451,District-Jabalpur,Rural,80-89,167,64,103,31,15,16,23,8,15,5,2,3,67,22,45,2,0,2,0,0,0,16,7,9,23,10,13
C5120ST,23,451,District-Jabalpur,Rural,90+,44,17,27,9,3,6,6,4,2,1,1,0,15,5,10,0,0,0,0,0,0,3,0,3,10,4,6
C5120ST,23,451,District-Jabalpur,Rural,Age Not Stated,14,9,5,3,2,1,2,2,0,0,0,0,5,3,2,1,0,1,0,0,0,3,2,1,0,0,0
C5120ST,23,451,District-Jabalpur,Urban,Total,2041,1142,899,308,167,141,393,196,197,126,74,52,385,240,145,99,55,44,54,30,24,546,302,244,130,78,52
C5120ST,23,451,District-Jabalpur,Urban,0-4,108,50,58,14,5,9,38,14,24,1,1,0,7,4,3,6,3,3,0,0,0,39,23,16,3,0,3
C5120ST,23,451,District-Jabalpur,Urban,5-9,128,63,65,25,13,12,18,8,10,15,11,4,11,6,5,2,1,1,3,0,3,42,20,22,12,4,8
C5120ST,23,451,District-Jabalpur,Urban,10-19,409,216,193,68,29,39,82,39,43,27,13,14,63,42,21,23,13,10,7,1,6,106,59,47,33,20,13
C5120ST,23,451,District-Jabalpur,Urban,20-29,426,263,163,52,36,16,78,41,37,34,24,10,95,60,35,22,14,8,16,8,8,107,65,42,22,15,7
C5120ST,23,451,District-Jabalpur,Urban,30-39,280,171,109,38,27,11,51,32,19,20,10,10,55,31,24,19,12,7,12,10,2,68,37,31,17,12,5
C5120ST,23,451,District-Jabalpur,Urban,40-49,254,154,100,34,20,14,48,23,25,10,7,3,53,38,15,10,5,5,11,8,3,81,48,33,7,5,2
C5120ST,23,451,District-Jabalpur,Urban,50-59,193,108,85,27,22,5,34,12,22,11,5,6,49,33,16,5,1,4,4,2,2,53,27,26,10,6,4
C5120ST,23,451,District-Jabalpur,Urban,60-69,124,69,55,28,11,17,19,11,8,4,2,2,23,14,9,5,3,2,1,1,0,29,15,14,15,12,3
C5120ST,23,451,District-Jabalpur,Urban,70-79,72,28,44,11,0,11,14,8,6,2,1,1,19,7,12,4,2,2,0,0,0,14,7,7,8,3,5
C5120ST,23,451,District-Jabalpur,Urban,80-89,21,14,7,7,3,4,6,5,1,1,0,1,4,4,0,2,1,1,0,0,0,0,0,0,1,1,0
C5120ST,23,451,District-Jabalpur,Urban,90+,17,2,15,3,0,3,2,0,2,1,0,1,6,1,5,1,0,1,0,0,0,2,1,1,2,0,2
C5120ST,23,451,District-Jabalpur,Urban,Age Not Stated,9,4,5,1,1,0,3,3,0,0,0,0,0,0,0,0,0,0,0,0,0,5,0,5,0,0,0
C5120ST,23,452,District-Narsimhapur,Total,Total,3007,1661,1346,576,292,284,394,218,176,120,62,58,900,533,367,122,65,57,79,49,30,540,316,224,276,126,150
C5120ST,23,452,District-Narsimhapur,Total,0-4,125,56,69,32,15,17,22,11,11,2,1,1,17,10,7,0,0,0,0,0,0,43,17,26,9,2,7
C5120ST,23,452,District-Narsimhapur,Total,5-9,202,108,94,39,15,24,40,23,17,11,6,5,33,25,8,11,5,6,3,1,2,46,25,21,19,8,11
C5120ST,23,452,District-Narsimhapur,Total,10-19,476,274,202,94,55,39,53,31,22,22,9,13,108,60,48,34,20,14,11,7,4,107,63,44,47,29,18
C5120ST,23,452,District-Narsimhapur,Total,20-29,413,260,153,53,32,21,31,21,10,28,15,13,159,110,49,21,9,12,10,7,3,84,50,34,27,16,11
C5120ST,23,452,District-Narsimhapur,Total,30-39,335,207,128,58,37,21,42,26,16,16,8,8,104,65,39,17,10,7,12,7,5,76,51,25,10,3,7
C5120ST,23,452,District-Narsimhapur,Total,40-49,366,225,141,61,33,28,48,30,18,14,9,5,114,78,36,19,10,9,17,10,7,70,41,29,23,14,9
C5120ST,23,452,District-Narsimhapur,Total,50-59,307,177,130,56,31,25,33,19,14,12,6,6,111,66,45,11,5,6,11,6,5,52,34,18,21,10,11
C5120ST,23,452,District-Narsimhapur,Total,60-69,384,191,193,81,31,50,62,32,30,11,5,6,132,71,61,6,4,2,11,8,3,35,20,15,46,20,26
C5120ST,23,452,District-Narsimhapur,Total,70-79,277,110,167,71,32,39,41,15,26,4,3,1,86,32,54,3,2,1,1,0,1,23,13,10,48,13,35
C5120ST,23,452,District-Narsimhapur,Total,80-89,96,38,58,26,10,16,21,10,11,0,0,0,26,8,18,0,0,0,0,0,0,4,2,2,19,8,11
C5120ST,23,452,District-Narsimhapur,Total,90+,20,9,11,5,1,4,1,0,1,0,0,0,7,5,2,0,0,0,0,0,0,0,0,0,7,3,4
C5120ST,23,452,District-Narsimhapur,Total,Age Not Stated,6,6,0,0,0,0,0,0,0,0,0,0,3,3,0,0,0,0,3,3,0,0,0,0,0,0,0
C5120ST,23,452,District-Narsimhapur,Rural,Total,2833,1559,1274,556,281,275,382,208,174,101,53,48,844,495,349,110,61,49,69,43,26,506,299,207,265,119,146
C5120ST,23,452,District-Narsimhapur,Rural,0-4,114,52,62,32,15,17,21,10,11,1,1,0,14,9,5,0,0,0,0,0,0,38,15,23,8,2,6
C5120ST,23,452,District-Narsimhapur,Rural,5-9,195,105,90,39,15,24,39,23,16,9,4,5,33,25,8,10,4,6,3,1,2,44,25,19,18,8,10
C5120ST,23,452,District-Narsimhapur,Rural,10-19,452,259,193,91,52,39,52,30,22,19,9,10,101,54,47,32,20,12,10,7,3,103,61,42,44,26,18
C5120ST,23,452,District-Narsimhapur,Rural,20-29,386,245,141,52,32,20,30,20,10,20,12,8,152,104,48,19,9,10,7,6,1,80,47,33,26,15,11
C5120ST,23,452,District-Narsimhapur,Rural,30-39,309,189,120,55,34,21,41,25,16,14,7,7,97,61,36,13,7,6,10,5,5,70,48,22,9,2,7
C5120ST,23,452,District-Narsimhapur,Rural,40-49,337,205,132,57,30,27,45,27,18,12,7,5,107,72,35,17,10,7,14,8,6,64,38,26,21,13,8
C5120ST,23,452,District-Narsimhapur,Rural,50-59,286,163,123,54,31,23,31,17,14,12,6,6,99,58,41,11,5,6,11,6,5,48,31,17,20,9,11
C5120ST,23,452,District-Narsimhapur,Rural,60-69,368,181,187,78,31,47,60,31,29,10,4,6,123,64,59,6,4,2,10,7,3,35,20,15,46,20,26
C5120ST,23,452,District-Narsimhapur,Rural,70-79,269,108,161,69,31,38,41,15,26,4,3,1,83,32,51,2,2,0,1,0,1,21,12,9,48,13,35
C5120ST,23,452,District-Narsimhapur,Rural,80-89,91,37,54,24,9,15,21,10,11,0,0,0,25,8,17,0,0,0,0,0,0,3,2,1,18,8,10
C5120ST,23,452,District-Narsimhapur,Rural,90+,20,9,11,5,1,4,1,0,1,0,0,0,7,5,2,0,0,0,0,0,0,0,0,0,7,3,4
C5120ST,23,452,District-Narsimhapur,Rural,Age Not Stated,6,6,0,0,0,0,0,0,0,0,0,0,3,3,0,0,0,0,3,3,0,0,0,0,0,0,0
C5120ST,23,452,District-Narsimhapur,Urban,Total,174,102,72,20,11,9,12,10,2,19,9,10,56,38,18,12,4,8,10,6,4,34,17,17,11,7,4
C5120ST,23,452,District-Narsimhapur,Urban,0-4,11,4,7,0,0,0,1,1,0,1,0,1,3,1,2,0,0,0,0,0,0,5,2,3,1,0,1
C5120ST,23,452,District-Narsimhapur,Urban,5-9,7,3,4,0,0,0,1,0,1,2,2,0,0,0,0,1,1,0,0,0,0,2,0,2,1,0,1
C5120ST,23,452,District-Narsimhapur,Urban,10-19,24,15,9,3,3,0,1,1,0,3,0,3,7,6,1,2,0,2,1,0,1,4,2,2,3,3,0
C5120ST,23,452,District-Narsimhapur,Urban,20-29,27,15,12,1,0,1,1,1,0,8,3,5,7,6,1,2,0,2,3,1,2,4,3,1,1,1,0
C5120ST,23,452,District-Narsimhapur,Urban,30-39,26,18,8,3,3,0,1,1,0,2,1,1,7,4,3,4,3,1,2,2,0,6,3,3,1,1,0
C5120ST,23,452,District-Narsimhapur,Urban,40-49,29,20,9,4,3,1,3,3,0,2,2,0,7,6,1,2,0,2,3,2,1,6,3,3,2,1,1
C5120ST,23,452,District-Narsimhapur,Urban,50-59,21,14,7,2,0,2,2,2,0,0,0,0,12,8,4,0,0,0,0,0,0,4,3,1,1,1,0
C5120ST,23,452,District-Narsimhapur,Urban,60-69,16,10,6,3,0,3,2,1,1,1,1,0,9,7,2,0,0,0,1,1,0,0,0,0,0,0,0
C5120ST,23,452,District-Narsimhapur,Urban,70-79,8,2,6,2,1,1,0,0,0,0,0,0,3,0,3,1,0,1,0,0,0,2,1,1,0,0,0
C5120ST,23,452,District-Narsimhapur,Urban,80-89,5,1,4,2,1,1,0,0,0,0,0,0,1,0,1,0,0,0,0,0,0,1,0,1,1,0,1
C5120ST,23,452,District-Narsimhapur,Urban,90+,0,0,0,0,0,0,0,0,0,0,0,0,0,0,0,0,0,0,0,0,0,0,0,0,0,0,0
C5120ST,23,452,District-Narsimhapur,Urban,Age Not Stated,0,0,0,0,0,0,0,0,0,0,0,0,0,0,0,0,0,0,0,0,0,0,0,0,0,0,0
C5120ST,23,453,District-Dindori ,Total,Total,11608,5971,5637,1982,1012,970,2086,1063,1023,374,225,149,3133,1641,1492,539,281,258,244,155,89,2016,1018,998,1234,576,658
C5120ST,23,453,District-Dindori ,Total,0-4,554,311,243,121,71,50,122,72,50,13,10,3,82,45,37,9,6,3,5,3,2,160,82,78,42,22,20
C5120ST,23,453,District-Dindori ,Total,5-9,863,467,396,157,89,68,175,93,82,64,36,28,120,72,48,35,22,13,16,10,6,208,100,108,88,45,43
C5120ST,23,453,District-Dindori ,Total,10-19,1720,951,769,250,143,107,360,187,173,86,53,33,346,198,148,97,47,50,43,30,13,355,188,167,183,105,78
C5120ST,23,453,District-Dindori ,Total,20-29,1456,806,650,158,88,70,265,141,124,56,41,15,437,254,183,93,52,41,53,38,15,278,128,150,116,64,52
C5120ST,23,453,District-Dindori ,Total,30-39,1275,706,569,185,95,90,229,116,113,38,20,18,323,191,132,90,53,37,47,31,16,295,158,137,68,42,26
C5120ST,23,453,District-Dindori ,Total,40-49,1195,672,523,186,106,80,232,137,95,29,14,15,335,195,140,78,38,40,40,25,15,223,121,102,72,36,36
C5120ST,23,453,District-Dindori ,Total,50-59,1153,585,568,230,114,116,201,93,108,30,18,12,365,193,172,69,37,32,20,10,10,158,86,72,80,34,46
C5120ST,23,453,District-Dindori ,Total,60-69,1599,717,882,341,155,186,240,114,126,29,17,12,538,241,297,37,14,23,11,6,5,181,84,97,222,86,136
C5120ST,23,453,District-Dindori ,Total,70-79,1191,492,699,246,100,146,172,69,103,20,11,9,405,176,229,20,7,13,6,1,5,112,48,64,210,80,130
C5120ST,23,453,District-Dindori ,Total,80-89,439,187,252,84,39,45,62,25,37,6,4,2,139,58,81,8,4,4,3,1,2,32,13,19,105,43,62
C5120ST,23,453,District-Dindori ,Total,90+,156,71,85,21,10,11,27,15,12,3,1,2,43,18,25,3,1,2,0,0,0,12,8,4,47,18,29
C5120ST,23,453,District-Dindori ,Total,Age Not Stated,7,6,1,3,2,1,1,1,0,0,0,0,0,0,0,0,0,0,0,0,0,2,2,0,1,1,0
C5120ST,23,453,District-Dindori ,Rural,Total,11057,5661,5396,1922,976,946,2024,1030,994,359,215,144,3092,1610,1482,527,274,253,241,153,88,1674,836,838,1218,567,651
C5120ST,23,453,District-Dindori ,Rural,0-4,517,285,232,117,67,50,117,67,50,13,10,3,82,45,37,9,6,3,5,3,2,133,66,67,41,21,20
C5120ST,23,453,District-Dindori ,Rural,5-9,802,435,367,153,87,66,170,91,79,63,35,28,120,72,48,33,22,11,16,10,6,159,73,86,88,45,43
C5120ST,23,453,District-Dindori ,Rural,10-19,1599,878,721,236,132,104,353,183,170,81,48,33,335,188,147,93,44,49,43,30,13,277,148,129,181,105,76
C5120ST,23,453,District-Dindori ,Rural,20-29,1364,762,602,147,84,63,252,133,119,54,41,13,430,249,181,91,51,40,52,38,14,224,104,120,114,62,52
C5120ST,23,453,District-Dindori ,Rural,30-39,1186,654,532,176,89,87,218,113,105,37,19,18,320,188,132,86,50,36,46,30,16,236,124,112,67,41,26
C5120ST,23,453,District-Dindori ,Rural,40-49,1132,632,500,181,102,79,226,132,94,29,14,15,327,189,138,78,38,40,40,25,15,181,97,84,70,35,35
C5120ST,23,453,District-Dindori ,Rural,50-59,1120,567,553,226,112,114,199,91,108,25,16,9,362,191,171,69,37,32,19,9,10,141,77,64,79,34,45
C5120ST,23,453,District-Dindori ,Rural,60-69,1564,702,862,335,153,182,230,110,120,28,16,12,533,239,294,37,14,23,11,6,5,170,79,91,220,85,135
C5120ST,23,453,District-Dindori ,Rural,70-79,1178,483,695,244,99,145,172,69,103,20,11,9,402,173,229,20,7,13,6,1,5,107,45,62,207,78,129
C5120ST,23,453,District-Dindori ,Rural,80-89,433,186,247,83,39,44,60,25,35,6,4,2,138,58,80,8,4,4,3,1,2,32,13,19,103,42,61
C5120ST,23,453,District-Dindori ,Rural,90+,155,71,84,21,10,11,26,15,11,3,1,2,43,18,25,3,1,2,0,0,0,12,8,4,47,18,29
C5120ST,23,453,District-Dindori ,Rural,Age Not Stated,7,6,1,3,2,1,1,1,0,0,0,0,0,0,0,0,0,0,0,0,0,2,2,0,1,1,0
C5120ST,23,453,District-Dindori ,Urban,Total,551,310,241,60,36,24,62,33,29,15,10,5,41,31,10,12,7,5,3,2,1,342,182,160,16,9,7
C5120ST,23,453,District-Dindori ,Urban,0-4,37,26,11,4,4,0,5,5,0,0,0,0,0,0,0,0,0,0,0,0,0,27,16,11,1,1,0
C5120ST,23,453,District-Dindori ,Urban,5-9,61,32,29,4,2,2,5,2,3,1,1,0,0,0,0,2,0,2,0,0,0,49,27,22,0,0,0
C5120ST,23,453,District-Dindori ,Urban,10-19,121,73,48,14,11,3,7,4,3,5,5,0,11,10,1,4,3,1,0,0,0,78,40,38,2,0,2
C5120ST,23,453,District-Dindori ,Urban,20-29,92,44,48,11,4,7,13,8,5,2,0,2,7,5,2,2,1,1,1,0,1,54,24,30,2,2,0
C5120ST,23,453,District-Dindori ,Urban,30-39,89,52,37,9,6,3,11,3,8,1,1,0,3,3,0,4,3,1,1,1,0,59,34,25,1,1,0
C5120ST,23,453,District-Dindori ,Urban,40-49,63,40,23,5,4,1,6,5,1,0,0,0,8,6,2,0,0,0,0,0,0,42,24,18,2,1,1
C5120ST,23,453,District-Dindori ,Urban,50-59,33,18,15,4,2,2,2,2,0,5,2,3,3,2,1,0,0,0,1,1,0,17,9,8,1,0,1
C5120ST,23,453,District-Dindori ,Urban,60-69,35,15,20,6,2,4,10,4,6,1,1,0,5,2,3,0,0,0,0,0,0,11,5,6,2,1,1
C5120ST,23,453,District-Dindori ,Urban,70-79,13,9,4,2,1,1,0,0,0,0,0,0,3,3,0,0,0,0,0,0,0,5,3,2,3,2,1
C5120ST,23,453,District-Dindori ,Urban,80-89,6,1,5,1,0,1,2,0,2,0,0,0,1,0,1,0,0,0,0,0,0,0,0,0,2,1,1
C5120ST,23,453,District-Dindori ,Urban,90+,1,0,1,0,0,0,1,0,1,0,0,0,0,0,0,0,0,0,0,0,0,0,0,0,0,0,0
C5120ST,23,453,District-Dindori ,Urban,Age Not Stated,0,0,0,0,0,0,0,0,0,0,0,0,0,0,0,0,0,0,0,0,0,0,0,0,0,0,0
C5120ST,23,454,District-Mandla,Total,Total,14526,7649,6877,2348,1256,1092,2837,1435,1402,486,261,225,4168,2250,1918,606,315,291,347,210,137,2393,1251,1142,1341,671,670
C5120ST,23,454,District-Mandla,Total,0-4,721,376,345,126,70,56,200,108,92,7,2,5,112,56,56,29,10,19,8,2,6,175,89,86,64,39,25
C5120ST,23,454,District-Mandla,Total,5-9,1152,617,535,160,80,80,274,144,130,71,37,34,185,111,74,55,28,27,18,10,8,239,134,105,150,73,77
C5120ST,23,454,District-Mandla,Total,10-19,2612,1380,1232,428,255,173,575,268,307,141,74,67,514,273,241,171,91,80,59,34,25,490,250,240,234,135,99
C5120ST,23,454,District-Mandla,Total,20-29,1960,1105,855,251,137,114,387,203,184,62,40,22,588,352,236,115,62,53,71,43,28,334,174,160,152,94,58
C5120ST,23,454,District-Mandla,Total,30-39,1713,988,725,232,128,104,324,177,147,66,37,29,477,304,173,89,46,43,90,59,31,314,175,139,121,62,59
C5120ST,23,454,District-Mandla,Total,40-49,1703,987,716,283,175,108,318,168,150,66,38,28,488,290,198,65,34,31,52,35,17,314,183,131,117,64,53
C5120ST,23,454,District-Mandla,Total,50-59,1379,741,638,224,109,115,249,126,123,31,14,17,518,296,222,41,25,16,25,16,9,214,109,105,77,46,31
C5120ST,23,454,District-Mandla,Total,60-69,1703,820,883,326,166,160,281,136,145,28,13,15,684,338,346,27,14,13,18,8,10,193,85,108,146,60,86
C5120ST,23,454,District-Mandla,Total,70-79,1020,404,616,218,93,125,146,63,83,9,3,6,397,146,251,8,4,4,5,3,2,85,39,46,152,53,99
C5120ST,23,454,District-Mandla,Total,80-89,389,153,236,67,30,37,59,27,32,2,1,1,148,60,88,4,1,3,1,0,1,22,7,15,86,27,59
C5120ST,23,454,District-Mandla,Total,90+,157,72,85,29,12,17,22,13,9,3,2,1,50,21,29,1,0,1,0,0,0,11,6,5,41,18,23
C5120ST,23,454,District-Mandla,Total,Age Not Stated,17,6,11,4,1,3,2,2,0,0,0,0,7,3,4,1,0,1,0,0,0,2,0,2,1,0,1
C5120ST,23,454,District-Mandla,Rural,Total,14115,7420,6695,2276,1206,1070,2797,1417,1380,465,249,216,4038,2175,1863,580,298,282,331,201,130,2329,1223,1106,1299,651,648
C5120ST,23,454,District-Mandla,Rural,0-4,715,374,341,126,70,56,200,108,92,7,2,5,112,56,56,28,10,18,8,2,6,171,88,83,63,38,25
C5120ST,23,454,District-Mandla,Rural,5-9,1128,608,520,158,79,79,270,142,128,66,35,31,176,107,69,53,28,25,18,10,8,237,134,103,150,73,77
C5120ST,23,454,District-Mandla,Rural,10-19,2517,1311,1206,400,229,171,568,266,302,135,70,65,498,261,237,159,82,77,58,33,25,474,241,233,225,129,96
C5120ST,23,454,District-Mandla,Rural,20-29,1884,1065,819,243,133,110,381,200,181,59,38,21,557,333,224,112,59,53,65,41,24,321,171,150,146,90,56
C5120ST,23,454,District-Mandla,Rural,30-39,1669,963,706,226,125,101,317,173,144,64,36,28,464,297,167,86,44,42,85,57,28,310,172,138,117,59,58
C5120ST,23,454,District-Mandla,Rural,40-49,1652,956,696,272,171,101,310,162,148,65,38,27,477,283,194,62,32,30,48,31,17,303,177,126,115,62,53
C5120ST,23,454,District-Mandla,Rural,50-59,1342,723,619,217,104,113,245,125,120,29,12,17,505,291,214,39,24,15,25,16,9,208,106,102,74,45,29
C5120ST,23,454,District-Mandla,Rural,60-69,1665,799,866,322,163,159,281,136,145,28,13,15,662,323,339,27,14,13,18,8,10,187,83,104,140,59,81
C5120ST,23,454,District-Mandla,Rural,70-79,988,391,597,214,90,124,142,63,79,7,2,5,384,140,244,8,4,4,5,3,2,83,38,45,145,51,94
C5120ST,23,454,District-Mandla,Rural,80-89,383,153,230,66,30,36,59,27,32,2,1,1,146,60,86,4,1,3,1,0,1,22,7,15,83,27,56
C5120ST,23,454,District-Mandla,Rural,90+,155,71,84,28,11,17,22,13,9,3,2,1,50,21,29,1,0,1,0,0,0,11,6,5,40,18,22
C5120ST,23,454,District-Mandla,Rural,Age Not Stated,17,6,11,4,1,3,2,2,0,0,0,0,7,3,4,1,0,1,0,0,0,2,0,2,1,0,1
C5120ST,23,454,District-Mandla,Urban,Total,411,229,182,72,50,22,40,18,22,21,12,9,130,75,55,26,17,9,16,9,7,64,28,36,42,20,22
C5120ST,23,454,District-Mandla,Urban,0-4,6,2,4,0,0,0,0,0,0,0,0,0,0,0,0,1,0,1,0,0,0,4,1,3,1,1,0
C5120ST,23,454,District-Mandla,Urban,5-9,24,9,15,2,1,1,4,2,2,5,2,3,9,4,5,2,0,2,0,0,0,2,0,2,0,0,0
C5120ST,23,454,District-Mandla,Urban,10-19,95,69,26,28,26,2,7,2,5,6,4,2,16,12,4,12,9,3,1,1,0,16,9,7,9,6,3
C5120ST,23,454,District-Mandla,Urban,20-29,76,40,36,8,4,4,6,3,3,3,2,1,31,19,12,3,3,0,6,2,4,13,3,10,6,4,2
C5120ST,23,454,District-Mandla,Urban,30-39,44,25,19,6,3,3,7,4,3,2,1,1,13,7,6,3,2,1,5,2,3,4,3,1,4,3,1
C5120ST,23,454,District-Mandla,Urban,40-49,51,31,20,11,4,7,8,6,2,1,0,1,11,7,4,3,2,1,4,4,0,11,6,5,2,2,0
C5120ST,23,454,District-Mandla,Urban,50-59,37,18,19,7,5,2,4,1,3,2,2,0,13,5,8,2,1,1,0,0,0,6,3,3,3,1,2
C5120ST,23,454,District-Mandla,Urban,60-69,38,21,17,4,3,1,0,0,0,0,0,0,22,15,7,0,0,0,0,0,0,6,2,4,6,1,5
C5120ST,23,454,District-Mandla,Urban,70-79,32,13,19,4,3,1,4,0,4,2,1,1,13,6,7,0,0,0,0,0,0,2,1,1,7,2,5
C5120ST,23,454,District-Mandla,Urban,80-89,6,0,6,1,0,1,0,0,0,0,0,0,2,0,2,0,0,0,0,0,0,0,0,0,3,0,3
C5120ST,23,454,District-Mandla,Urban,90+,2,1,1,1,1,0,0,0,0,0,0,0,0,0,0,0,0,0,0,0,0,0,0,0,1,0,1
C5120ST,23,454,District-Mandla,Urban,Age Not Stated,0,0,0,0,0,0,0,0,0,0,0,0,0,0,0,0,0,0,0,0,0,0,0,0,0,0,0
C5120ST,23,455,District-Chhindwara,Total,Total,14758,8055,6703,2434,1232,1202,2024,1096,928,517,290,227,4669,2690,1979,675,373,302,432,219,213,2675,1464,1211,1332,691,641
C5120ST,23,455,District-Chhindwara,Total,0-4,609,323,286,102,58,44,110,54,56,13,6,7,115,66,49,17,9,8,4,2,2,185,98,87,63,30,33
C5120ST,23,455,District-Chhindwara,Total,5-9,1060,597,463,159,87,72,147,91,56,76,40,36,233,132,101,67,37,30,26,16,10,223,120,103,129,74,55
C5120ST,23,455,District-Chhindwara,Total,10-19,2853,1538,1315,395,212,183,372,205,167,124,67,57,777,437,340,206,113,93,83,39,44,616,303,313,280,162,118
C5120ST,23,455,District-Chhindwara,Total,20-29,2212,1262,950,252,145,107,231,133,98,92,55,37,853,514,339,129,66,63,76,41,35,410,221,189,169,87,82
C5120ST,23,455,District-Chhindwara,Total,30-39,1682,955,727,201,115,86,215,121,94,78,41,37,536,323,213,90,44,46,96,41,55,365,219,146,101,51,50
C5120ST,23,455,District-Chhindwara,Total,40-49,1679,998,681,241,128,113,238,131,107,46,27,19,592,379,213,80,50,30,74,43,31,323,187,136,85,53,32
C5120ST,23,455,District-Chhindwara,Total,50-59,1432,848,584,256,137,119,217,119,98,42,23,19,531,331,200,45,33,12,39,23,16,222,133,89,80,49,31
C5120ST,23,455,District-Chhindwara,Total,60-69,1553,768,785,370,170,200,256,118,138,28,19,9,530,264,266,24,13,11,18,7,11,198,113,85,129,64,65
C5120ST,23,455,District-Chhindwara,Total,70-79,1130,509,621,328,129,199,152,76,76,14,9,5,341,166,175,10,5,5,11,5,6,88,47,41,186,72,114
C5120ST,23,455,District-Chhindwara,Total,80-89,414,196,218,104,35,69,61,36,25,4,3,1,123,62,61,4,3,1,4,1,3,30,17,13,84,39,45
C5120ST,23,455,District-Chhindwara,Total,90+,123,55,68,26,16,10,24,11,13,0,0,0,36,15,21,2,0,2,0,0,0,10,4,6,25,9,16
C5120ST,23,455,District-Chhindwara,Total,Age Not Stated,11,6,5,0,0,0,1,1,0,0,0,0,2,1,1,1,0,1,1,1,0,5,2,3,1,1,0
C5120ST,23,455,District-Chhindwara,Rural,Total,13585,7393,6192,2291,1149,1142,1884,1026,858,453,255,198,4293,2478,1815,621,331,290,393,197,196,2455,1346,1109,1195,611,584
C5120ST,23,455,District-Chhindwara,Rural,0-4,576,305,271,96,52,44,105,53,52,12,6,6,112,65,47,16,9,7,4,2,2,175,93,82,56,25,31
C5120ST,23,455,District-Chhindwara,Rural,5-9,985,550,435,147,79,68,133,79,54,69,36,33,225,129,96,66,36,30,24,14,10,209,114,95,112,63,49
C5120ST,23,455,District-Chhindwara,Rural,10-19,2616,1404,1212,351,187,164,348,193,155,113,60,53,725,409,316,191,101,90,77,35,42,569,282,287,242,137,105
C5120ST,23,455,District-Chhindwara,Rural,20-29,1998,1139,859,231,128,103,215,126,89,80,49,31,776,472,304,109,51,58,66,35,31,366,196,170,155,82,73
C5120ST,23,455,District-Chhindwara,Rural,30-39,1528,875,653,190,109,81,202,118,84,67,35,32,480,293,187,83,39,44,91,40,51,327,195,132,88,46,42
C5120ST,23,455,District-Chhindwara,Rural,40-49,1543,914,629,233,124,109,217,123,94,38,24,14,540,343,197,76,46,30,64,35,29,298,172,126,77,47,30
C5120ST,23,455,District-Chhindwara,Rural,50-59,1326,784,542,248,133,115,199,107,92,35,19,16,489,304,185,44,32,12,37,23,14,204,122,82,70,44,26
C5120ST,23,455,District-Chhindwara,Rural,60-69,1433,707,726,356,166,190,239,110,129,22,15,7,481,239,242,19,9,10,15,7,8,182,104,78,119,57,62
C5120ST,23,455,District-Chhindwara,Rural,70-79,1064,475,589,314,123,191,145,72,73,13,8,5,316,152,164,10,5,5,11,5,6,84,46,38,171,64,107
C5120ST,23,455,District-Chhindwara,Rural,80-89,391,184,207,100,33,67,56,33,23,4,3,1,115,58,57,4,3,1,4,1,3,27,16,11,81,37,44
C5120ST,23,455,District-Chhindwara,Rural,90+,117,52,65,25,15,10,24,11,13,0,0,0,32,13,19,2,0,2,0,0,0,10,4,6,24,9,15
C5120ST,23,455,District-Chhindwara,Rural,Age Not Stated,8,4,4,0,0,0,1,1,0,0,0,0,2,1,1,1,0,1,0,0,0,4,2,2,0,0,0
C5120ST,23,455,District-Chhindwara,Urban,Total,1173,662,511,143,83,60,140,70,70,64,35,29,376,212,164,54,42,12,39,22,17,220,118,102,137,80,57
C5120ST,23,455,District-Chhindwara,Urban,0-4,33,18,15,6,6,0,5,1,4,1,0,1,3,1,2,1,0,1,0,0,0,10,5,5,7,5,2
C5120ST,23,455,District-Chhindwara,Urban,5-9,75,47,28,12,8,4,14,12,2,7,4,3,8,3,5,1,1,0,2,2,0,14,6,8,17,11,6
C5120ST,23,455,District-Chhindwara,Urban,10-19,237,134,103,44,25,19,24,12,12,11,7,4,52,28,24,15,12,3,6,4,2,47,21,26,38,25,13
C5120ST,23,455,District-Chhindwara,Urban,20-29,214,123,91,21,17,4,16,7,9,12,6,6,77,42,35,20,15,5,10,6,4,44,25,19,14,5,9
C5120ST,23,455,District-Chhindwara,Urban,30-39,154,80,74,11,6,5,13,3,10,11,6,5,56,30,26,7,5,2,5,1,4,38,24,14,13,5,8
C5120ST,23,455,District-Chhindwara,Urban,40-49,136,84,52,8,4,4,21,8,13,8,3,5,52,36,16,4,4,0,10,8,2,25,15,10,8,6,2
C5120ST,23,455,District-Chhindwara,Urban,50-59,106,64,42,8,4,4,18,12,6,7,4,3,42,27,15,1,1,0,2,0,2,18,11,7,10,5,5
C5120ST,23,455,District-Chhindwara,Urban,60-69,120,61,59,14,4,10,17,8,9,6,4,2,49,25,24,5,4,1,3,0,3,16,9,7,10,7,3
C5120ST,23,455,District-Chhindwara,Urban,70-79,66,34,32,14,6,8,7,4,3,1,1,0,25,14,11,0,0,0,0,0,0,4,1,3,15,8,7
C5120ST,23,455,District-Chhindwara,Urban,80-89,23,12,11,4,2,2,5,3,2,0,0,0,8,4,4,0,0,0,0,0,0,3,1,2,3,2,1
C5120ST,23,455,District-Chhindwara,Urban,90+,6,3,3,1,1,0,0,0,0,0,0,0,4,2,2,0,0,0,0,0,0,0,0,0,1,0,1
C5120ST,23,455,District-Chhindwara,Urban,Age Not Stated,3,2,1,0,0,0,0,0,0,0,0,0,0,0,0,0,0,0,1,1,0,1,0,1,1,1,0
C5120ST,23,456,District-Seoni,Total,Total,11424,6135,5289,2217,1085,1132,1459,783,676,383,210,173,3743,2155,1588,535,284,251,346,168,178,1636,929,707,1105,521,584
C5120ST,23,456,District-Seoni,Total,0-4,351,183,168,71,43,28,56,30,26,6,3,3,59,33,26,19,5,14,2,1,1,104,50,54,34,18,16
C5120ST,23,456,District-Seoni,Total,5-9,732,414,318,123,56,67,104,63,41,58,29,29,141,81,60,37,24,13,18,9,9,161,99,62,90,53,37
C5120ST,23,456,District-Seoni,Total,10-19,1902,1064,838,362,188,174,250,139,111,107,61,46,478,291,187,145,75,70,67,30,37,303,171,132,190,109,81
C5120ST,23,456,District-Seoni,Total,20-29,1519,902,617,216,130,86,164,103,61,61,34,27,595,372,223,97,49,48,64,33,31,237,135,102,85,46,39
C5120ST,23,456,District-Seoni,Total,30-39,1266,758,508,176,98,78,159,89,70,37,24,13,454,300,154,85,49,36,67,31,36,216,132,84,72,35,37
C5120ST,23,456,District-Seoni,Total,40-49,1307,747,560,215,120,95,172,98,74,48,24,24,444,260,184,72,41,31,55,30,25,233,137,96,68,37,31
C5120ST,23,456,District-Seoni,Total,50-59,1160,657,503,217,108,109,139,74,65,27,17,10,473,289,184,43,21,22,43,21,22,160,93,67,58,34,24
C5120ST,23,456,District-Seoni,Total,60-69,1555,717,838,423,172,251,222,112,110,23,11,12,524,257,267,26,15,11,16,5,11,135,70,65,186,75,111
C5120ST,23,456,District-Seoni,Total,70-79,1146,491,655,302,129,173,140,52,88,13,5,8,403,192,211,9,4,5,8,3,5,65,31,34,206,75,131
C5120ST,23,456,District-Seoni,Total,80-89,376,158,218,87,30,57,45,17,28,1,1,0,136,64,72,2,1,1,5,4,1,17,7,10,83,34,49
C5120ST,23,456,District-Seoni,Total,90+,98,38,60,22,10,12,7,6,1,2,1,1,33,14,19,0,0,0,1,1,0,1,1,0,32,5,27
C5120ST,23,456,District-Seoni,Total,Age Not Stated,12,6,6,3,1,2,1,0,1,0,0,0,3,2,1,0,0,0,0,0,0,4,3,1,1,0,1
C5120ST,23,456,District-Seoni,Rural,Total,11187,6008,5179,2164,1059,1105,1432,773,659,376,208,168,3669,2106,1563,520,277,243,335,163,172,1606,914,692,1085,508,577
C5120ST,23,456,District-Seoni,Rural,0-4,350,183,167,71,43,28,55,30,25,6,3,3,59,33,26,19,5,14,2,1,1,104,50,54,34,18,16
C5120ST,23,456,District-Seoni,Rural,5-9,720,408,312,119,55,64,103,62,41,58,29,29,139,79,60,36,24,12,17,9,8,158,97,61,90,53,37
C5120ST,23,456,District-Seoni,Rural,10-19,1846,1034,812,347,178,169,245,138,107,103,60,43,466,285,181,141,74,67,64,29,35,300,169,131,180,101,79
C5120ST,23,456,District-Seoni,Rural,20-29,1484,888,596,204,125,79,159,101,58,61,34,27,584,368,216,94,49,45,61,31,30,237,135,102,84,45,39
C5120ST,23,456,District-Seoni,Rural,30-39,1225,733,492,172,95,77,154,88,66,36,23,13,438,287,151,83,47,36,66,31,35,206,129,77,70,33,37
C5120ST,23,456,District-Seoni,Rural,40-49,1283,733,550,214,119,95,170,96,74,47,24,23,437,255,182,70,40,30,54,29,25,227,135,92,64,35,29
C5120ST,23,456,District-Seoni,Rural,50-59,1140,644,496,213,106,107,139,74,65,27,17,10,466,285,181,40,18,22,41,20,21,156,90,66,58,34,24
C5120ST,23,456,District-Seoni,Rural,60-69,1533,706,827,418,171,247,218,111,107,23,11,12,513,249,264,26,15,11,16,5,11,133,69,64,186,75,111
C5120ST,23,456,District-Seoni,Rural,70-79,1127,479,648,296,126,170,136,50,86,12,5,7,397,186,211,9,4,5,8,3,5,64,30,34,205,75,130
C5120ST,23,456,District-Seoni,Rural,80-89,372,157,215,85,30,55,45,17,28,1,1,0,136,64,72,2,1,1,5,4,1,16,6,10,82,34,48
C5120ST,23,456,District-Seoni,Rural,90+,95,37,58,22,10,12,7,6,1,2,1,1,31,13,18,0,0,0,1,1,0,1,1,0,31,5,26
C5120ST,23,456,District-Seoni,Rural,Age Not Stated,12,6,6,3,1,2,1,0,1,0,0,0,3,2,1,0,0,0,0,0,0,4,3,1,1,0,1
C5120ST,23,456,District-Seoni,Urban,Total,237,127,110,53,26,27,27,10,17,7,2,5,74,49,25,15,7,8,11,5,6,30,15,15,20,13,7
C5120ST,23,456,District-Seoni,Urban,0-4,1,0,1,0,0,0,1,0,1,0,0,0,0,0,0,0,0,0,0,0,0,0,0,0,0,0,0
C5120ST,23,456,District-Seoni,Urban,5-9,12,6,6,4,1,3,1,1,0,0,0,0,2,2,0,1,0,1,1,0,1,3,2,1,0,0,0
C5120ST,23,456,District-Seoni,Urban,10-19,56,30,26,15,10,5,5,1,4,4,1,3,12,6,6,4,1,3,3,1,2,3,2,1,10,8,2
C5120ST,23,456,District-Seoni,Urban,20-29,35,14,21,12,5,7,5,2,3,0,0,0,11,4,7,3,0,3,3,2,1,0,0,0,1,1,0
C5120ST,23,456,District-Seoni,Urban,30-39,41,25,16,4,3,1,5,1,4,1,1,0,16,13,3,2,2,0,1,0,1,10,3,7,2,2,0
C5120ST,23,456,District-Seoni,Urban,40-49,24,14,10,1,1,0,2,2,0,1,0,1,7,5,2,2,1,1,1,1,0,6,2,4,4,2,2
C5120ST,23,456,District-Seoni,Urban,50-59,20,13,7,4,2,2,0,0,0,0,0,0,7,4,3,3,3,0,2,1,1,4,3,1,0,0,0
C5120ST,23,456,District-Seoni,Urban,60-69,22,11,11,5,1,4,4,1,3,0,0,0,11,8,3,0,0,0,0,0,0,2,1,1,0,0,0
C5120ST,23,456,District-Seoni,Urban,70-79,19,12,7,6,3,3,4,2,2,1,0,1,6,6,0,0,0,0,0,0,0,1,1,0,1,0,1
C5120ST,23,456,District-Seoni,Urban,80-89,4,1,3,2,0,2,0,0,0,0,0,0,0,0,0,0,0,0,0,0,0,1,1,0,1,0,1
C5120ST,23,456,District-Seoni,Urban,90+,3,1,2,0,0,0,0,0,0,0,0,0,2,1,1,0,0,0,0,0,0,0,0,0,1,0,1
C5120ST,23,456,District-Seoni,Urban,Age Not Stated,0,0,0,0,0,0,0,0,0,0,0,0,0,0,0,0,0,0,0,0,0,0,0,0,0,0,0
C5120ST,23,457,District-Balaghat,Total,Total,6686,3520,3166,1159,593,566,973,496,477,277,150,127,1864,1067,797,362,188,174,186,90,96,1283,647,636,582,289,293
C5120ST,23,457,District-Balaghat,Total,0-4,336,182,154,66,32,34,48,27,21,6,4,2,54,39,15,13,7,6,2,1,1,121,54,67,26,18,8
C5120ST,23,457,District-Balaghat,Total,5-9,549,294,255,92,55,37,74,41,33,52,30,22,101,50,51,37,21,16,10,6,4,121,59,62,62,32,30
C5120ST,23,457,District-Balaghat,Total,10-19,1351,729,622,193,110,83,204,117,87,72,35,37,310,177,133,113,50,63,41,24,17,276,136,140,142,80,62
C5120ST,23,457,District-Balaghat,Total,20-29,1025,532,493,116,64,52,137,61,76,49,22,27,291,176,115,65,35,30,44,24,20,230,119,111,93,31,62
C5120ST,23,457,District-Balaghat,Total,30-39,791,455,336,128,71,57,117,53,64,32,22,10,202,133,69,61,34,27,36,19,17,178,98,80,37,25,12
C5120ST,23,457,District-Balaghat,Total,40-49,739,429,310,123,68,55,98,52,46,30,16,14,225,143,82,38,22,16,26,9,17,159,91,68,40,28,12
C5120ST,23,457,District-Balaghat,Total,50-59,580,325,255,108,58,50,94,58,36,17,9,8,198,113,85,20,11,9,16,6,10,90,45,45,37,25,12
C5120ST,23,457,District-Balaghat,Total,60-69,733,329,404,167,68,99,116,54,62,16,9,7,290,140,150,10,5,5,5,0,5,59,29,30,70,24,46
C5120ST,23,457,District-Balaghat,Total,70-79,412,175,237,127,51,76,54,21,33,2,2,0,144,72,72,2,0,2,6,1,5,28,9,19,49,19,30
C5120ST,23,457,District-Balaghat,Total,80-89,128,54,74,34,15,19,23,10,13,1,1,0,33,16,17,2,2,0,0,0,0,13,5,8,22,5,17
C5120ST,23,457,District-Balaghat,Total,90+,29,11,18,4,1,3,6,1,5,0,0,0,13,5,8,0,0,0,0,0,0,3,2,1,3,2,1
C5120ST,23,457,District-Balaghat,Total,Age Not Stated,13,5,8,1,0,1,2,1,1,0,0,0,3,3,0,1,1,0,0,0,0,5,0,5,1,0,1
C5120ST,23,457,District-Balaghat,Rural,Total,6008,3167,2841,1057,542,515,889,458,431,248,137,111,1679,951,728,315,160,155,165,80,85,1147,586,561,508,253,255
C5120ST,23,457,District-Balaghat,Rural,0-4,307,170,137,57,30,27,46,26,20,5,4,1,51,37,14,10,6,4,2,1,1,110,48,62,26,18,8
C5120ST,23,457,District-Balaghat,Rural,5-9,505,272,233,87,52,35,69,38,31,46,26,20,96,46,50,34,20,14,9,6,3,107,54,53,57,30,27
C5120ST,23,457,District-Balaghat,Rural,10-19,1216,655,561,173,96,77,192,110,82,64,32,32,279,159,120,96,42,54,39,22,17,250,126,124,123,68,55
C5120ST,23,457,District-Balaghat,Rural,20-29,892,466,426,99,53,46,118,54,64,43,20,23,254,156,98,58,31,27,41,22,19,200,104,96,79,26,53
C5120ST,23,457,District-Balaghat,Rural,30-39,706,408,298,117,66,51,104,47,57,29,22,7,180,118,62,53,28,25,31,16,15,160,91,69,32,20,12
C5120ST,23,457,District-Balaghat,Rural,40-49,663,381,282,114,65,49,87,46,41,27,13,14,196,120,76,34,18,16,21,8,13,146,85,61,38,26,12
C5120ST,23,457,District-Balaghat,Rural,50-59,524,297,227,99,54,45,90,56,34,16,8,8,180,107,73,17,8,9,15,5,10,79,39,40,28,20,8
C5120ST,23,457,District-Balaghat,Rural,60-69,667,295,372,160,66,94,108,51,57,15,9,6,261,119,142,9,4,5,4,0,4,53,25,28,57,21,36
C5120ST,23,457,District-Balaghat,Rural,70-79,368,155,213,114,45,69,47,18,29,2,2,0,136,66,70,1,0,1,3,0,3,22,7,15,43,17,26
C5120ST,23,457,District-Balaghat,Rural,80-89,121,52,69,32,14,18,22,10,12,1,1,0,30,15,15,2,2,0,0,0,0,13,5,8,21,5,16
C5120ST,23,457,District-Balaghat,Rural,90+,26,11,15,4,1,3,4,1,3,0,0,0,13,5,8,0,0,0,0,0,0,2,2,0,3,2,1
C5120ST,23,457,District-Balaghat,Rural,Age Not Stated,13,5,8,1,0,1,2,1,1,0,0,0,3,3,0,1,1,0,0,0,0,5,0,5,1,0,1
C5120ST,23,457,District-Balaghat,Urban,Total,678,353,325,102,51,51,84,38,46,29,13,16,185,116,69,47,28,19,21,10,11,136,61,75,74,36,38
C5120ST,23,457,District-Balaghat,Urban,0-4,29,12,17,9,2,7,2,1,1,1,0,1,3,2,1,3,1,2,0,0,0,11,6,5,0,0,0
C5120ST,23,457,District-Balaghat,Urban,5-9,44,22,22,5,3,2,5,3,2,6,4,2,5,4,1,3,1,2,1,0,1,14,5,9,5,2,3
C5120ST,23,457,District-Balaghat,Urban,10-19,135,74,61,20,14,6,12,7,5,8,3,5,31,18,13,17,8,9,2,2,0,26,10,16,19,12,7
C5120ST,23,457,District-Balaghat,Urban,20-29,133,66,67,17,11,6,19,7,12,6,2,4,37,20,17,7,4,3,3,2,1,30,15,15,14,5,9
C5120ST,23,457,District-Balaghat,Urban,30-39,85,47,38,11,5,6,13,6,7,3,0,3,22,15,7,8,6,2,5,3,2,18,7,11,5,5,0
C5120ST,23,457,District-Balaghat,Urban,40-49,76,48,28,9,3,6,11,6,5,3,3,0,29,23,6,4,4,0,5,1,4,13,6,7,2,2,0
C5120ST,23,457,District-Balaghat,Urban,50-59,56,28,28,9,4,5,4,2,2,1,1,0,18,6,12,3,3,0,1,1,0,11,6,5,9,5,4
C5120ST,23,457,District-Balaghat,Urban,60-69,66,34,32,7,2,5,8,3,5,1,0,1,29,21,8,1,1,0,1,0,1,6,4,2,13,3,10
C5120ST,23,457,District-Balaghat,Urban,70-79,44,20,24,13,6,7,7,3,4,0,0,0,8,6,2,1,0,1,3,1,2,6,2,4,6,2,4
C5120ST,23,457,District-Balaghat,Urban,80-89,7,2,5,2,1,1,1,0,1,0,0,0,3,1,2,0,0,0,0,0,0,0,0,0,1,0,1
C5120ST,23,457,District-Balaghat,Urban,90+,3,0,3,0,0,0,2,0,2,0,0,0,0,0,0,0,0,0,0,0,0,1,0,1,0,0,0
C5120ST,23,457,District-Balaghat,Urban,Age Not Stated,0,0,0,0,0,0,0,0,0,0,0,0,0,0,0,0,0,0,0,0,0,0,0,0,0,0,0
C5120ST,23,458,District-Guna,Total,Total,2495,1445,1050,434,244,190,575,332,243,96,52,44,623,398,225,70,40,30,46,24,22,431,244,187,220,111,109
C5120ST,23,458,District-Guna,Total,0-4,179,84,95,31,14,17,56,27,29,3,1,2,23,12,11,1,0,1,0,0,0,49,27,22,16,3,13
C5120ST,23,458,District-Guna,Total,5-9,251,148,103,38,23,15,53,30,23,21,15,6,39,21,18,9,6,3,4,2,2,61,37,24,26,14,12
C5120ST,23,458,District-Guna,Total,10-19,548,303,245,88,48,40,118,69,49,29,14,15,137,82,55,18,8,10,12,6,6,99,48,51,47,28,19
C5120ST,23,458,District-Guna,Total,20-29,407,256,151,50,36,14,91,58,33,15,8,7,121,80,41,10,5,5,8,6,2,76,45,31,36,18,18
C5120ST,23,458,District-Guna,Total,30-39,312,206,106,41,25,16,67,47,20,9,6,3,99,70,29,13,8,5,4,2,2,57,36,21,22,12,10
C5120ST,23,458,District-Guna,Total,40-49,222,151,71,29,24,5,56,35,21,4,3,1,65,45,20,8,7,1,7,4,3,37,23,14,16,10,6
C5120ST,23,458,District-Guna,Total,50-59,161,87,74,35,17,18,39,17,22,5,0,5,41,30,11,4,2,2,6,4,2,18,11,7,13,6,7
C5120ST,23,458,District-Guna,Total,60-69,217,119,98,58,32,26,48,22,26,6,4,2,53,35,18,5,2,3,4,0,4,23,13,10,20,11,9
C5120ST,23,458,District-Guna,Total,70-79,133,56,77,44,16,28,33,17,16,3,1,2,25,12,13,2,2,0,1,0,1,9,2,7,16,6,10
C5120ST,23,458,District-Guna,Total,80-89,50,28,22,12,5,7,13,9,4,1,0,1,18,11,7,0,0,0,0,0,0,1,1,0,5,2,3
C5120ST,23,458,District-Guna,Total,90+,13,5,8,8,4,4,0,0,0,0,0,0,2,0,2,0,0,0,0,0,0,0,0,0,3,1,2
C5120ST,23,458,District-Guna,Total,Age Not Stated,2,2,0,0,0,0,1,1,0,0,0,0,0,0,0,0,0,0,0,0,0,1,1,0,0,0,0
C5120ST,23,458,District-Guna,Rural,Total,2332,1351,981,405,227,178,537,309,228,87,47,40,585,377,208,63,36,27,42,22,20,396,224,172,217,109,108
C5120ST,23,458,District-Guna,Rural,0-4,171,80,91,29,14,15,55,26,29,3,1,2,22,11,11,1,0,1,0,0,0,45,25,20,16,3,13
C5120ST,23,458,District-Guna,Rural,5-9,235,135,100,35,20,15,46,23,23,20,14,6,38,21,17,9,6,3,4,2,2,57,35,22,26,14,12
C5120ST,23,458,District-Guna,Rural,10-19,512,285,227,82,46,36,112,64,48,28,13,15,124,76,48,16,7,9,10,5,5,93,46,47,47,28,19
C5120ST,23,458,District-Guna,Rural,20-29,381,243,138,45,32,13,84,56,28,12,7,5,115,77,38,9,5,4,8,6,2,72,42,30,36,18,18
C5120ST,23,458,District-Guna,Rural,30-39,282,187,95,34,21,13,61,43,18,9,6,3,91,65,26,11,7,4,4,2,2,50,31,19,22,12,10
C5120ST,23,458,District-Guna,Rural,40-49,205,141,64,27,22,5,51,33,18,3,3,0,63,44,19,7,6,1,6,3,3,33,21,12,15,9,6
C5120ST,23,458,District-Guna,Rural,50-59,152,82,70,34,17,17,36,16,20,4,0,4,38,27,11,4,2,2,6,4,2,17,10,7,13,6,7
C5120ST,23,458,District-Guna,Rural,60-69,206,113,93,57,31,26,47,22,25,5,3,2,51,34,17,4,1,3,3,0,3,19,11,8,20,11,9
C5120ST,23,458,District-Guna,Rural,70-79,124,51,73,42,15,27,32,17,15,2,0,2,23,11,12,2,2,0,1,0,1,8,1,7,14,5,9
C5120ST,23,458,District-Guna,Rural,80-89,50,28,22,12,5,7,13,9,4,1,0,1,18,11,7,0,0,0,0,0,0,1,1,0,5,2,3
C5120ST,23,458,District-Guna,Rural,90+,13,5,8,8,4,4,0,0,0,0,0,0,2,0,2,0,0,0,0,0,0,0,0,0,3,1,2
C5120ST,23,458,District-Guna,Rural,Age Not Stated,1,1,0,0,0,0,0,0,0,0,0,0,0,0,0,0,0,0,0,0,0,1,1,0,0,0,0
C5120ST,23,458,District-Guna,Urban,Total,163,94,69,29,17,12,38,23,15,9,5,4,38,21,17,7,4,3,4,2,2,35,20,15,3,2,1
C5120ST,23,458,District-Guna,Urban,0-4,8,4,4,2,0,2,1,1,0,0,0,0,1,1,0,0,0,0,0,0,0,4,2,2,0,0,0
C5120ST,23,458,District-Guna,Urban,5-9,16,13,3,3,3,0,7,7,0,1,1,0,1,0,1,0,0,0,0,0,0,4,2,2,0,0,0
C5120ST,23,458,District-Guna,Urban,10-19,36,18,18,6,2,4,6,5,1,1,1,0,13,6,7,2,1,1,2,1,1,6,2,4,0,0,0
C5120ST,23,458,District-Guna,Urban,20-29,26,13,13,5,4,1,7,2,5,3,1,2,6,3,3,1,0,1,0,0,0,4,3,1,0,0,0
C5120ST,23,458,District-Guna,Urban,30-39,30,19,11,7,4,3,6,4,2,0,0,0,8,5,3,2,1,1,0,0,0,7,5,2,0,0,0
C5120ST,23,458,District-Guna,Urban,40-49,17,10,7,2,2,0,5,2,3,1,0,1,2,1,1,1,1,0,1,1,0,4,2,2,1,1,0
C5120ST,23,458,District-Guna,Urban,50-59,9,5,4,1,0,1,3,1,2,1,0,1,3,3,0,0,0,0,0,0,0,1,1,0,0,0,0
C5120ST,23,458,District-Guna,Urban,60-69,11,6,5,1,1,0,1,0,1,1,1,0,2,1,1,1,1,0,1,0,1,4,2,2,0,0,0
C5120ST,23,458,District-Guna,Urban,70-79,9,5,4,2,1,1,1,0,1,1,1,0,2,1,1,0,0,0,0,0,0,1,1,0,2,1,1
C5120ST,23,458,District-Guna,Urban,80-89,0,0,0,0,0,0,0,0,0,0,0,0,0,0,0,0,0,0,0,0,0,0,0,0,0,0,0
C5120ST,23,458,District-Guna,Urban,90+,0,0,0,0,0,0,0,0,0,0,0,0,0,0,0,0,0,0,0,0,0,0,0,0,0,0,0
C5120ST,23,458,District-Guna,Urban,Age Not Stated,1,1,0,0,0,0,1,1,0,0,0,0,0,0,0,0,0,0,0,0,0,0,0,0,0,0,0
C5120ST,23,459,District-Ashoknagar,Total,Total,1245,729,516,231,105,126,234,137,97,37,22,15,297,204,93,45,25,20,24,11,13,315,187,128,62,38,24
C5120ST,23,459,District-Ashoknagar,Total,0-4,98,51,47,21,9,12,21,12,9,0,0,0,11,9,2,2,2,0,1,0,1,40,17,23,2,2,0
C5120ST,23,459,District-Ashoknagar,Total,5-9,152,89,63,25,16,9,30,16,14,7,5,2,22,10,12,7,5,2,1,0,1,52,34,18,8,3,5
C5120ST,23,459,District-Ashoknagar,Total,10-19,267,158,109,42,21,21,43,20,23,16,11,5,71,47,24,9,2,7,3,1,2,72,47,25,11,9,2
C5120ST,23,459,District-Ashoknagar,Total,20-29,183,116,67,25,18,7,37,21,16,4,1,3,51,37,14,11,3,8,6,6,0,41,23,18,8,7,1
C5120ST,23,459,District-Ashoknagar,Total,30-39,137,95,42,16,11,5,19,15,4,4,3,1,43,29,14,7,6,1,3,2,1,40,26,14,5,3,2
C5120ST,23,459,District-Ashoknagar,Total,40-49,110,69,41,15,7,8,20,16,4,3,1,2,27,21,6,5,4,1,4,1,3,32,17,15,4,2,2
C5120ST,23,459,District-Ashoknagar,Total,50-59,77,38,39,19,5,14,15,9,6,1,0,1,18,9,9,3,2,1,1,0,1,14,9,5,6,4,2
C5120ST,23,459,District-Ashoknagar,Total,60-69,127,64,63,36,8,28,26,16,10,1,1,0,31,23,8,1,1,0,4,1,3,19,10,9,9,4,5
C5120ST,23,459,District-Ashoknagar,Total,70-79,61,33,28,23,9,14,14,6,8,0,0,0,16,13,3,0,0,0,0,0,0,2,1,1,6,4,2
C5120ST,23,459,District-Ashoknagar,Total,80-89,25,12,13,9,1,8,7,5,2,1,0,1,4,4,0,0,0,0,0,0,0,2,2,0,2,0,2
C5120ST,23,459,District-Ashoknagar,Total,90+,4,2,2,0,0,0,1,0,1,0,0,0,2,2,0,0,0,0,0,0,0,0,0,0,1,0,1
C5120ST,23,459,District-Ashoknagar,Total,Age Not Stated,4,2,2,0,0,0,1,1,0,0,0,0,1,0,1,0,0,0,1,0,1,1,1,0,0,0,0
C5120ST,23,459,District-Ashoknagar,Rural,Total,1181,688,493,219,101,118,220,131,89,36,21,15,280,191,89,44,24,20,23,10,13,298,172,126,61,38,23
C5120ST,23,459,District-Ashoknagar,Rural,0-4,93,50,43,20,9,11,20,12,8,0,0,0,11,9,2,2,2,0,1,0,1,37,16,21,2,2,0
C5120ST,23,459,District-Ashoknagar,Rural,5-9,149,88,61,25,16,9,30,16,14,7,5,2,21,10,11,7,5,2,1,0,1,51,33,18,7,3,4
C5120ST,23,459,District-Ashoknagar,Rural,10-19,254,146,108,41,20,21,40,18,22,15,10,5,67,43,24,9,2,7,2,0,2,69,44,25,11,9,2
C5120ST,23,459,District-Ashoknagar,Rural,20-29,171,107,64,24,17,7,35,21,14,4,1,3,46,33,13,11,3,8,6,6,0,37,19,18,8,7,1
C5120ST,23,459,District-Ashoknagar,Rural,30-39,129,89,40,16,11,5,14,12,2,4,3,1,42,28,14,6,5,1,3,2,1,39,25,14,5,3,2
C5120ST,23,459,District-Ashoknagar,Rural,40-49,107,67,40,15,7,8,20,16,4,3,1,2,26,21,5,5,4,1,4,1,3,30,15,15,4,2,2
C5120ST,23,459,District-Ashoknagar,Rural,50-59,70,35,35,13,3,10,15,9,6,1,0,1,18,9,9,3,2,1,1,0,1,13,8,5,6,4,2
C5120ST,23,459,District-Ashoknagar,Rural,60-69,120,61,59,34,8,26,24,16,8,1,1,0,29,21,8,1,1,0,4,1,3,18,9,9,9,4,5
C5120ST,23,459,District-Ashoknagar,Rural,70-79,57,30,27,22,9,13,13,5,8,0,0,0,14,11,3,0,0,0,0,0,0,2,1,1,6,4,2
C5120ST,23,459,District-Ashoknagar,Rural,80-89,25,12,13,9,1,8,7,5,2,1,0,1,4,4,0,0,0,0,0,0,0,2,2,0,2,0,2
C5120ST,23,459,District-Ashoknagar,Rural,90+,4,2,2,0,0,0,1,0,1,0,0,0,2,2,0,0,0,0,0,0,0,0,0,0,1,0,1
C5120ST,23,459,District-Ashoknagar,Rural,Age Not Stated,2,1,1,0,0,0,1,1,0,0,0,0,0,0,0,0,0,0,1,0,1,0,0,0,0,0,0
C5120ST,23,459,District-Ashoknagar,Urban,Total,64,41,23,12,4,8,14,6,8,1,1,0,17,13,4,1,1,0,1,1,0,17,15,2,1,0,1
C5120ST,23,459,District-Ashoknagar,Urban,0-4,5,1,4,1,0,1,1,0,1,0,0,0,0,0,0,0,0,0,0,0,0,3,1,2,0,0,0
C5120ST,23,459,District-Ashoknagar,Urban,5-9,3,1,2,0,0,0,0,0,0,0,0,0,1,0,1,0,0,0,0,0,0,1,1,0,1,0,1
C5120ST,23,459,District-Ashoknagar,Urban,10-19,13,12,1,1,1,0,3,2,1,1,1,0,4,4,0,0,0,0,1,1,0,3,3,0,0,0,0
C5120ST,23,459,District-Ashoknagar,Urban,20-29,12,9,3,1,1,0,2,0,2,0,0,0,5,4,1,0,0,0,0,0,0,4,4,0,0,0,0
C5120ST,23,459,District-Ashoknagar,Urban,30-39,8,6,2,0,0,0,5,3,2,0,0,0,1,1,0,1,1,0,0,0,0,1,1,0,0,0,0
C5120ST,23,459,District-Ashoknagar,Urban,40-49,3,2,1,0,0,0,0,0,0,0,0,0,1,0,1,0,0,0,0,0,0,2,2,0,0,0,0
C5120ST,23,459,District-Ashoknagar,Urban,50-59,7,3,4,6,2,4,0,0,0,0,0,0,0,0,0,0,0,0,0,0,0,1,1,0,0,0,0
C5120ST,23,459,District-Ashoknagar,Urban,60-69,7,3,4,2,0,2,2,0,2,0,0,0,2,2,0,0,0,0,0,0,0,1,1,0,0,0,0
C5120ST,23,459,District-Ashoknagar,Urban,70-79,4,3,1,1,0,1,1,1,0,0,0,0,2,2,0,0,0,0,0,0,0,0,0,0,0,0,0
C5120ST,23,459,District-Ashoknagar,Urban,80-89,0,0,0,0,0,0,0,0,0,0,0,0,0,0,0,0,0,0,0,0,0,0,0,0,0,0,0
C5120ST,23,459,District-Ashoknagar,Urban,90+,0,0,0,0,0,0,0,0,0,0,0,0,0,0,0,0,0,0,0,0,0,0,0,0,0,0,0
C5120ST,23,459,District-Ashoknagar,Urban,Age Not Stated,2,1,1,0,0,0,0,0,0,0,0,0,1,0,1,0,0,0,0,0,0,1,1,0,0,0,0
C5120ST,23,460,District-Shahdol,Total,Total,11197,6152,5045,2261,1219,1042,2061,1067,994,362,204,158,2875,1678,1197,552,303,249,254,153,101,1956,1090,866,876,438,438
C5120ST,23,460,District-Shahdol,Total,0-4,707,395,312,170,85,85,189,101,88,7,5,2,102,69,33,27,19,8,6,6,0,177,94,83,29,16,13
C5120ST,23,460,District-Shahdol,Total,5-9,909,490,419,198,100,98,179,90,89,48,28,20,147,94,53,58,35,23,18,9,9,187,99,88,74,35,39
C5120ST,23,460,District-Shahdol,Total,10-19,1963,1113,850,406,225,181,366,197,169,93,56,37,367,223,144,133,68,65,52,31,21,408,231,177,138,82,56
C5120ST,23,460,District-Shahdol,Total,20-29,1506,880,626,265,164,101,268,140,128,68,37,31,370,231,139,94,56,38,54,32,22,308,168,140,79,52,27
C5120ST,23,460,District-Shahdol,Total,30-39,1315,768,547,219,127,92,268,144,124,43,20,23,304,205,99,94,49,45,51,37,14,254,146,108,82,40,42
C5120ST,23,460,District-Shahdol,Total,40-49,1231,707,524,241,141,100,232,115,117,48,28,20,317,197,120,72,39,33,30,15,15,228,138,90,63,34,29
C5120ST,23,460,District-Shahdol,Total,50-59,1030,582,448,220,119,101,166,88,78,23,15,8,342,205,137,35,18,17,21,14,7,158,90,68,65,33,32
C5120ST,23,460,District-Shahdol,Total,60-69,1418,693,725,289,132,157,236,111,125,20,10,10,528,269,259,24,13,11,18,9,9,159,85,74,144,64,80
C5120ST,23,460,District-Shahdol,Total,70-79,789,371,418,180,85,95,111,61,50,7,3,4,299,140,159,13,5,8,3,0,3,50,27,23,126,50,76
C5120ST,23,460,District-Shahdol,Total,80-89,255,119,136,56,31,25,37,17,20,3,0,3,79,35,44,1,1,0,1,0,1,20,10,10,58,25,33
C5120ST,23,460,District-Shahdol,Total,90+,68,33,35,16,10,6,9,3,6,2,2,0,18,10,8,1,0,1,0,0,0,5,1,4,17,7,10
C5120ST,23,460,District-Shahdol,Total,Age Not Stated,6,1,5,1,0,1,0,0,0,0,0,0,2,0,2,0,0,0,0,0,0,2,1,1,1,0,1
C5120ST,23,460,District-Shahdol,Rural,Total,10597,5811,4786,2124,1139,985,1977,1021,956,342,194,148,2704,1576,1128,529,289,240,243,147,96,1856,1040,816,822,405,417
C5120ST,23,460,District-Shahdol,Rural,0-4,667,377,290,159,79,80,184,100,84,6,4,2,99,68,31,25,17,8,6,6,0,160,88,72,28,15,13
C5120ST,23,460,District-Shahdol,Rural,5-9,847,453,394,179,87,92,167,81,86,46,28,18,142,90,52,55,34,21,17,8,9,175,96,79,66,29,37
C5120ST,23,460,District-Shahdol,Rural,10-19,1863,1053,810,384,211,173,353,192,161,88,52,36,347,208,139,128,66,62,50,29,21,392,222,170,121,73,48
C5120ST,23,460,District-Shahdol,Rural,20-29,1422,828,594,253,157,96,255,131,124,64,36,28,342,213,129,87,50,37,53,32,21,297,164,133,71,45,26
C5120ST,23,460,District-Shahdol,Rural,30-39,1246,720,526,202,116,86,260,140,120,40,18,22,284,188,96,92,48,44,47,35,12,243,138,105,78,37,41
C5120ST,23,460,District-Shahdol,Rural,40-49,1172,669,503,228,133,95,221,109,112,46,28,18,296,182,114,70,37,33,29,14,15,220,133,87,62,33,29
C5120ST,23,460,District-Shahdol,Rural,50-59,981,554,427,212,114,98,159,84,75,22,14,8,324,198,126,34,18,16,21,14,7,145,80,65,64,32,32
C5120ST,23,460,District-Shahdol,Rural,60-69,1342,656,686,274,124,150,227,106,121,20,10,10,492,252,240,23,13,10,16,9,7,151,82,69,139,60,79
C5120ST,23,460,District-Shahdol,Rural,70-79,742,351,391,167,80,87,107,58,49,5,2,3,281,132,149,13,5,8,3,0,3,47,25,22,119,49,70
C5120ST,23,460,District-Shahdol,Rural,80-89,242,117,125,50,29,21,35,17,18,3,0,3,77,35,42,1,1,0,1,0,1,19,10,9,56,25,31
C5120ST,23,460,District-Shahdol,Rural,90+,67,32,35,15,9,6,9,3,6,2,2,0,18,10,8,1,0,1,0,0,0,5,1,4,17,7,10
C5120ST,23,460,District-Shahdol,Rural,Age Not Stated,6,1,5,1,0,1,0,0,0,0,0,0,2,0,2,0,0,0,0,0,0,2,1,1,1,0,1
C5120ST,23,460,District-Shahdol,Urban,Total,600,341,259,137,80,57,84,46,38,20,10,10,171,102,69,23,14,9,11,6,5,100,50,50,54,33,21
C5120ST,23,460,District-Shahdol,Urban,0-4,40,18,22,11,6,5,5,1,4,1,1,0,3,1,2,2,2,0,0,0,0,17,6,11,1,1,0
C5120ST,23,460,District-Shahdol,Urban,5-9,62,37,25,19,13,6,12,9,3,2,0,2,5,4,1,3,1,2,1,1,0,12,3,9,8,6,2
C5120ST,23,460,District-Shahdol,Urban,10-19,100,60,40,22,14,8,13,5,8,5,4,1,20,15,5,5,2,3,2,2,0,16,9,7,17,9,8
C5120ST,23,460,District-Shahdol,Urban,20-29,84,52,32,12,7,5,13,9,4,4,1,3,28,18,10,7,6,1,1,0,1,11,4,7,8,7,1
C5120ST,23,460,District-Shahdol,Urban,30-39,69,48,21,17,11,6,8,4,4,3,2,1,20,17,3,2,1,1,4,2,2,11,8,3,4,3,1
C5120ST,23,460,District-Shahdol,Urban,40-49,59,38,21,13,8,5,11,6,5,2,0,2,21,15,6,2,2,0,1,1,0,8,5,3,1,1,0
C5120ST,23,460,District-Shahdol,Urban,50-59,49,28,21,8,5,3,7,4,3,1,1,0,18,7,11,1,0,1,0,0,0,13,10,3,1,1,0
C5120ST,23,460,District-Shahdol,Urban,60-69,76,37,39,15,8,7,9,5,4,0,0,0,36,17,19,1,0,1,2,0,2,8,3,5,5,4,1
C5120ST,23,460,District-Shahdol,Urban,70-79,47,20,27,13,5,8,4,3,1,2,1,1,18,8,10,0,0,0,0,0,0,3,2,1,7,1,6
C5120ST,23,460,District-Shahdol,Urban,80-89,13,2,11,6,2,4,2,0,2,0,0,0,2,0,2,0,0,0,0,0,0,1,0,1,2,0,2
C5120ST,23,460,District-Shahdol,Urban,90+,1,1,0,1,1,0,0,0,0,0,0,0,0,0,0,0,0,0,0,0,0,0,0,0,0,0,0
C5120ST,23,460,District-Shahdol,Urban,Age Not Stated,0,0,0,0,0,0,0,0,0,0,0,0,0,0,0,0,0,0,0,0,0,0,0,0,0,0,0
C5120ST,23,461,District-Anuppur,Total,Total,8876,4727,4149,1331,656,675,1584,836,748,296,187,109,2195,1223,972,366,201,165,193,126,67,2081,1105,976,830,393,437
C5120ST,23,461,District-Anuppur,Total,0-4,490,249,241,63,28,35,104,49,55,6,2,4,70,39,31,8,6,2,5,3,2,208,105,103,26,17,9
C5120ST,23,461,District-Anuppur,Total,5-9,687,392,295,82,45,37,122,62,60,44,29,15,118,80,38,29,14,15,13,6,7,213,119,94,66,37,29
C5120ST,23,461,District-Anuppur,Total,10-19,1386,749,637,192,97,95,251,136,115,74,37,37,243,137,106,95,56,39,41,27,14,343,180,163,147,79,68
C5120ST,23,461,District-Anuppur,Total,20-29,1364,748,616,144,72,72,282,155,127,46,30,16,339,198,141,71,40,31,37,23,14,351,184,167,94,46,48
C5120ST,23,461,District-Anuppur,Total,30-39,983,552,431,106,50,56,172,93,79,46,32,14,233,143,90,56,24,32,37,26,11,266,144,122,67,40,27
C5120ST,23,461,District-Anuppur,Total,40-49,1035,601,434,145,76,69,192,116,76,27,20,7,266,156,110,50,27,23,30,21,9,263,154,109,62,31,31
C5120ST,23,461,District-Anuppur,Total,50-59,867,466,401,173,90,83,139,68,71,16,12,4,250,138,112,33,20,13,19,14,5,196,100,96,41,24,17
C5120ST,23,461,District-Anuppur,Total,60-69,1022,487,535,210,97,113,145,68,77,26,15,11,348,174,174,20,11,9,9,5,4,139,70,69,125,47,78
C5120ST,23,461,District-Anuppur,Total,70-79,729,344,385,156,74,82,122,61,61,7,7,0,250,122,128,3,2,1,1,1,0,78,36,42,112,41,71
C5120ST,23,461,District-Anuppur,Total,80-89,224,97,127,41,18,23,39,19,20,1,0,1,63,27,36,1,1,0,1,0,1,16,9,7,62,23,39
C5120ST,23,461,District-Anuppur,Total,90+,82,39,43,18,9,9,13,8,5,2,2,0,15,9,6,0,0,0,0,0,0,6,3,3,28,8,20
C5120ST,23,461,District-Anuppur,Total,Age Not Stated,7,3,4,1,0,1,3,1,2,1,1,0,0,0,0,0,0,0,0,0,0,2,1,1,0,0,0
C5120ST,23,461,District-Anuppur,Rural,Total,8048,4264,3784,1203,594,609,1479,778,701,236,151,85,1951,1081,870,311,172,139,169,108,61,1949,1026,923,750,354,396
C5120ST,23,461,District-Anuppur,Rural,0-4,455,231,224,57,24,33,98,46,52,4,0,4,61,35,26,7,5,2,5,3,2,199,101,98,24,17,7
C5120ST,23,461,District-Anuppur,Rural,5-9,632,360,272,76,42,34,118,59,59,36,25,11,104,69,35,27,14,13,12,6,6,197,110,87,62,35,27
C5120ST,23,461,District-Anuppur,Rural,10-19,1262,672,590,170,87,83,241,129,112,58,28,30,220,120,100,88,50,38,34,20,14,320,167,153,131,71,60
C5120ST,23,461,District-Anuppur,Rural,20-29,1229,673,556,134,66,68,258,144,114,34,23,11,291,168,123,65,36,29,28,18,10,333,176,157,86,42,44
C5120ST,23,461,District-Anuppur,Rural,30-39,892,495,397,98,47,51,160,84,76,39,28,11,207,125,82,48,20,28,33,22,11,244,132,112,63,37,26
C5120ST,23,461,District-Anuppur,Rural,40-49,936,543,393,126,65,61,178,106,72,24,19,5,235,141,94,37,22,15,28,19,9,248,141,107,60,30,30
C5120ST,23,461,District-Anuppur,Rural,50-59,765,413,352,155,81,74,127,61,66,10,9,1,218,121,97,19,14,5,18,14,4,182,92,90,36,21,15
C5120ST,23,461,District-Anuppur,Rural,60-69,922,434,488,186,86,100,138,67,71,22,11,11,315,156,159,16,8,8,9,5,4,129,62,67,107,39,68
C5120ST,23,461,District-Anuppur,Rural,70-79,666,314,352,144,69,75,113,58,55,5,5,0,230,112,118,3,2,1,1,1,0,74,33,41,96,34,62
C5120ST,23,461,District-Anuppur,Rural,80-89,204,88,116,38,18,20,34,15,19,1,0,1,55,25,30,1,1,0,1,0,1,15,8,7,59,21,38
C5120ST,23,461,District-Anuppur,Rural,90+,78,38,40,18,9,9,11,8,3,2,2,0,15,9,6,0,0,0,0,0,0,6,3,3,26,7,19
C5120ST,23,461,District-Anuppur,Rural,Age Not Stated,7,3,4,1,0,1,3,1,2,1,1,0,0,0,0,0,0,0,0,0,0,2,1,1,0,0,0
C5120ST,23,461,District-Anuppur,Urban,Total,828,463,365,128,62,66,105,58,47,60,36,24,244,142,102,55,29,26,24,18,6,132,79,53,80,39,41
C5120ST,23,461,District-Anuppur,Urban,0-4,35,18,17,6,4,2,6,3,3,2,2,0,9,4,5,1,1,0,0,0,0,9,4,5,2,0,2
C5120ST,23,461,District-Anuppur,Urban,5-9,55,32,23,6,3,3,4,3,1,8,4,4,14,11,3,2,0,2,1,0,1,16,9,7,4,2,2
C5120ST,23,461,District-Anuppur,Urban,10-19,124,77,47,22,10,12,10,7,3,16,9,7,23,17,6,7,6,1,7,7,0,23,13,10,16,8,8
C5120ST,23,461,District-Anuppur,Urban,20-29,135,75,60,10,6,4,24,11,13,12,7,5,48,30,18,6,4,2,9,5,4,18,8,10,8,4,4
C5120ST,23,461,District-Anuppur,Urban,30-39,91,57,34,8,3,5,12,9,3,7,4,3,26,18,8,8,4,4,4,4,0,22,12,10,4,3,1
C5120ST,23,461,District-Anuppur,Urban,40-49,99,58,41,19,11,8,14,10,4,3,1,2,31,15,16,13,5,8,2,2,0,15,13,2,2,1,1
C5120ST,23,461,District-Anuppur,Urban,50-59,102,53,49,18,9,9,12,7,5,6,3,3,32,17,15,14,6,8,1,0,1,14,8,6,5,3,2
C5120ST,23,461,District-Anuppur,Urban,60-69,100,53,47,24,11,13,7,1,6,4,4,0,33,18,15,4,3,1,0,0,0,10,8,2,18,8,10
C5120ST,23,461,District-Anuppur,Urban,70-79,63,30,33,12,5,7,9,3,6,2,2,0,20,10,10,0,0,0,0,0,0,4,3,1,16,7,9
C5120ST,23,461,District-Anuppur,Urban,80-89,20,9,11,3,0,3,5,4,1,0,0,0,8,2,6,0,0,0,0,0,0,1,1,0,3,2,1
C5120ST,23,461,District-Anuppur,Urban,90+,4,1,3,0,0,0,2,0,2,0,0,0,0,0,0,0,0,0,0,0,0,0,0,0,2,1,1
C5120ST,23,461,District-Anuppur,Urban,Age Not Stated,0,0,0,0,0,0,0,0,0,0,0,0,0,0,0,0,0,0,0,0,0,0,0,0,0,0,0
C5120ST,23,462,District-Sidhi,Total,Total,5862,3271,2591,1133,618,515,899,515,384,211,112,99,1666,949,717,247,162,85,143,96,47,1129,585,544,434,234,200
C5120ST,23,462,District-Sidhi,Total,0-4,379,219,160,85,52,33,78,46,32,7,5,2,63,35,28,14,9,5,3,1,2,110,56,54,19,15,4
C5120ST,23,462,District-Sidhi,Total,5-9,557,305,252,119,71,48,84,40,44,31,18,13,94,50,44,27,16,11,17,10,7,138,76,62,47,24,23
C5120ST,23,462,District-Sidhi,Total,10-19,1091,604,487,204,111,93,167,99,68,63,29,34,240,134,106,65,39,26,37,22,15,237,122,115,78,48,30
C5120ST,23,462,District-Sidhi,Total,20-29,725,447,278,124,71,53,122,77,45,33,21,12,186,126,60,49,35,14,22,18,4,149,79,70,40,20,20
C5120ST,23,462,District-Sidhi,Total,30-39,619,381,238,103,57,46,108,59,49,27,21,6,159,98,61,33,28,5,24,19,5,138,85,53,27,14,13
C5120ST,23,462,District-Sidhi,Total,40-49,586,324,262,89,51,38,83,45,38,21,7,14,193,124,69,27,11,16,22,13,9,129,58,71,22,15,7
C5120ST,23,462,District-Sidhi,Total,50-59,486,284,202,91,47,44,66,45,21,10,3,7,178,98,80,19,17,2,8,7,1,88,47,41,26,20,6
C5120ST,23,462,District-Sidhi,Total,60-69,672,343,329,157,85,72,96,52,44,10,4,6,272,143,129,6,4,2,6,4,2,80,33,47,45,18,27
C5120ST,23,462,District-Sidhi,Total,70-79,527,252,275,114,49,65,69,35,34,8,3,5,202,102,100,6,3,3,2,0,2,43,19,24,83,41,42
C5120ST,23,462,District-Sidhi,Total,80-89,159,79,80,36,19,17,20,14,6,1,1,0,57,25,32,0,0,0,2,2,0,8,4,4,35,14,21
C5120ST,23,462,District-Sidhi,Total,90+,49,27,22,9,5,4,4,2,2,0,0,0,20,13,7,1,0,1,0,0,0,4,3,1,11,4,7
C5120ST,23,462,District-Sidhi,Total,Age Not Stated,12,6,6,2,0,2,2,1,1,0,0,0,2,1,1,0,0,0,0,0,0,5,3,2,1,1,0
C5120ST,23,462,District-Sidhi,Rural,Total,5711,3167,2544,1106,602,504,889,506,383,202,107,95,1623,917,706,236,151,85,135,93,42,1097,565,532,423,226,197
C5120ST,23,462,District-Sidhi,Rural,0-4,369,209,160,83,50,33,77,45,32,7,5,2,61,33,28,14,9,5,3,1,2,108,54,54,16,12,4
C5120ST,23,462,District-Sidhi,Rural,5-9,544,299,245,117,70,47,84,40,44,30,18,12,90,47,43,27,16,11,17,10,7,132,74,58,47,24,23
C5120ST,23,462,District-Sidhi,Rural,10-19,1054,583,471,199,108,91,163,95,68,60,28,32,233,132,101,62,36,26,30,19,11,231,119,112,76,46,30
C5120ST,23,462,District-Sidhi,Rural,20-29,705,433,272,120,69,51,121,76,45,32,20,12,178,119,59,46,32,14,21,18,3,148,79,69,39,20,19
C5120ST,23,462,District-Sidhi,Rural,30-39,606,370,236,100,55,45,108,59,49,26,20,6,154,94,60,31,26,5,24,19,5,136,83,53,27,14,13
C5120ST,23,462,District-Sidhi,Rural,40-49,570,311,259,87,49,38,82,45,37,19,6,13,187,119,68,25,9,16,22,13,9,126,55,71,22,15,7
C5120ST,23,462,District-Sidhi,Rural,50-59,470,271,199,90,46,44,65,44,21,9,2,7,173,94,79,18,16,2,8,7,1,82,43,39,25,19,6
C5120ST,23,462,District-Sidhi,Rural,60-69,662,336,326,155,84,71,95,51,44,10,4,6,269,140,129,6,4,2,6,4,2,76,31,45,45,18,27
C5120ST,23,462,District-Sidhi,Rural,70-79,516,246,270,110,48,62,68,34,34,8,3,5,199,100,99,6,3,3,2,0,2,42,18,24,81,40,41
C5120ST,23,462,District-Sidhi,Rural,80-89,155,77,78,34,18,16,20,14,6,1,1,0,57,25,32,0,0,0,2,2,0,8,4,4,33,13,20
C5120ST,23,462,District-Sidhi,Rural,90+,48,26,22,9,5,4,4,2,2,0,0,0,20,13,7,1,0,1,0,0,0,3,2,1,11,4,7
C5120ST,23,462,District-Sidhi,Rural,Age Not Stated,12,6,6,2,0,2,2,1,1,0,0,0,2,1,1,0,0,0,0,0,0,5,3,2,1,1,0
C5120ST,23,462,District-Sidhi,Urban,Total,151,104,47,27,16,11,10,9,1,9,5,4,43,32,11,11,11,0,8,3,5,32,20,12,11,8,3
C5120ST,23,462,District-Sidhi,Urban,0-4,10,10,0,2,2,0,1,1,0,0,0,0,2,2,0,0,0,0,0,0,0,2,2,0,3,3,0
C5120ST,23,462,District-Sidhi,Urban,5-9,13,6,7,2,1,1,0,0,0,1,0,1,4,3,1,0,0,0,0,0,0,6,2,4,0,0,0
C5120ST,23,462,District-Sidhi,Urban,10-19,37,21,16,5,3,2,4,4,0,3,1,2,7,2,5,3,3,0,7,3,4,6,3,3,2,2,0
C5120ST,23,462,District-Sidhi,Urban,20-29,20,14,6,4,2,2,1,1,0,1,1,0,8,7,1,3,3,0,1,0,1,1,0,1,1,0,1
C5120ST,23,462,District-Sidhi,Urban,30-39,13,11,2,3,2,1,0,0,0,1,1,0,5,4,1,2,2,0,0,0,0,2,2,0,0,0,0
C5120ST,23,462,District-Sidhi,Urban,40-49,16,13,3,2,2,0,1,0,1,2,1,1,6,5,1,2,2,0,0,0,0,3,3,0,0,0,0
C5120ST,23,462,District-Sidhi,Urban,50-59,16,13,3,1,1,0,1,1,0,1,1,0,5,4,1,1,1,0,0,0,0,6,4,2,1,1,0
C5120ST,23,462,District-Sidhi,Urban,60-69,10,7,3,2,1,1,1,1,0,0,0,0,3,3,0,0,0,0,0,0,0,4,2,2,0,0,0
C5120ST,23,462,District-Sidhi,Urban,70-79,11,6,5,4,1,3,1,1,0,0,0,0,3,2,1,0,0,0,0,0,0,1,1,0,2,1,1
C5120ST,23,462,District-Sidhi,Urban,80-89,4,2,2,2,1,1,0,0,0,0,0,0,0,0,0,0,0,0,0,0,0,0,0,0,2,1,1
C5120ST,23,462,District-Sidhi,Urban,90+,1,1,0,0,0,0,0,0,0,0,0,0,0,0,0,0,0,0,0,0,0,1,1,0,0,0,0
C5120ST,23,462,District-Sidhi,Urban,Age Not Stated,0,0,0,0,0,0,0,0,0,0,0,0,0,0,0,0,0,0,0,0,0,0,0,0,0,0,0
C5120ST,23,463,District-Singrauli,Total,Total,6585,3671,2914,1167,634,533,1364,743,621,264,150,114,1381,834,547,335,204,131,119,69,50,1417,757,660,538,280,258
C5120ST,23,463,District-Singrauli,Total,0-4,452,248,204,79,41,38,106,50,56,14,9,5,65,42,23,18,11,7,1,1,0,149,82,67,20,12,8
C5120ST,23,463,District-Singrauli,Total,5-9,663,364,299,113,59,54,153,85,68,50,31,19,86,55,31,38,24,14,13,5,8,164,82,82,46,23,23
C5120ST,23,463,District-Singrauli,Total,10-19,1365,746,619,203,107,96,268,142,126,73,40,33,244,138,106,87,49,38,29,18,11,354,189,165,107,63,44
C5120ST,23,463,District-Singrauli,Total,20-29,859,520,339,117,73,44,187,107,80,43,30,13,168,116,52,66,40,26,21,12,9,201,108,93,56,34,22
C5120ST,23,463,District-Singrauli,Total,30-39,739,424,315,96,52,44,160,89,71,38,19,19,151,100,51,53,32,21,26,17,9,181,97,84,34,18,16
C5120ST,23,463,District-Singrauli,Total,40-49,630,389,241,104,60,44,136,86,50,17,8,9,149,95,54,37,23,14,12,6,6,150,97,53,25,14,11
C5120ST,23,463,District-Singrauli,Total,50-59,469,272,197,74,46,28,99,53,46,16,9,7,116,78,38,22,16,6,10,5,5,92,40,52,40,25,15
C5120ST,23,463,District-Singrauli,Total,60-69,617,314,303,165,86,79,117,59,58,8,2,6,184,96,88,10,6,4,5,3,2,81,42,39,47,20,27
C5120ST,23,463,District-Singrauli,Total,70-79,566,281,285,161,79,82,106,56,50,2,1,1,159,85,74,3,2,1,2,2,0,31,14,17,102,42,60
C5120ST,23,463,District-Singrauli,Total,80-89,175,88,87,47,25,22,27,14,13,1,1,0,44,21,23,1,1,0,0,0,0,9,5,4,46,21,25
C5120ST,23,463,District-Singrauli,Total,90+,39,22,17,8,6,2,5,2,3,1,0,1,7,5,2,0,0,0,0,0,0,3,1,2,15,8,7
C5120ST,23,463,District-Singrauli,Total,Age Not Stated,11,3,8,0,0,0,0,0,0,1,0,1,8,3,5,0,0,0,0,0,0,2,0,2,0,0,0
C5120ST,23,463,District-Singrauli,Rural,Total,6059,3371,2688,1068,582,486,1253,682,571,245,143,102,1318,789,529,313,190,123,113,64,49,1252,663,589,497,258,239
C5120ST,23,463,District-Singrauli,Rural,0-4,417,225,192,74,39,35,93,43,50,13,8,5,64,41,23,18,11,7,1,1,0,137,73,64,17,9,8
C5120ST,23,463,District-Singrauli,Rural,5-9,608,332,276,103,54,49,141,75,66,46,30,16,82,53,29,37,23,14,13,5,8,143,71,72,43,21,22
C5120ST,23,463,District-Singrauli,Rural,10-19,1230,669,561,178,92,86,242,131,111,67,36,31,229,129,100,80,46,34,25,15,10,308,161,147,101,59,42
C5120ST,23,463,District-Singrauli,Rural,20-29,775,473,302,101,63,38,167,98,69,39,29,10,159,109,50,60,37,23,21,12,9,175,93,82,53,32,21
C5120ST,23,463,District-Singrauli,Rural,30-39,695,403,292,92,51,41,149,86,63,37,19,18,145,96,49,53,32,21,25,16,9,160,85,75,34,18,16
C5120ST,23,463,District-Singrauli,Rural,40-49,578,356,222,91,55,36,128,79,49,16,8,8,142,89,53,34,20,14,11,5,6,131,86,45,25,14,11
C5120ST,23,463,District-Singrauli,Rural,50-59,429,245,184,65,40,25,94,49,45,16,9,7,108,71,37,20,14,6,10,5,5,80,34,46,36,23,13
C5120ST,23,463,District-Singrauli,Rural,60-69,579,295,284,155,81,74,113,56,57,7,2,5,176,90,86,9,6,3,5,3,2,75,40,35,39,17,22
C5120ST,23,463,District-Singrauli,Rural,70-79,532,265,267,154,76,78,97,51,46,2,1,1,154,82,72,2,1,1,2,2,0,30,14,16,91,38,53
C5120ST,23,463,District-Singrauli,Rural,80-89,168,84,84,47,25,22,24,12,12,1,1,0,44,21,23,0,0,0,0,0,0,8,5,3,44,20,24
C5120ST,23,463,District-Singrauli,Rural,90+,38,21,17,8,6,2,5,2,3,1,0,1,7,5,2,0,0,0,0,0,0,3,1,2,14,7,7
C5120ST,23,463,District-Singrauli,Rural,Age Not Stated,10,3,7,0,0,0,0,0,0,0,0,0,8,3,5,0,0,0,0,0,0,2,0,2,0,0,0
C5120ST,23,463,District-Singrauli,Urban,Total,526,300,226,99,52,47,111,61,50,19,7,12,63,45,18,22,14,8,6,5,1,165,94,71,41,22,19
C5120ST,23,463,District-Singrauli,Urban,0-4,35,23,12,5,2,3,13,7,6,1,1,0,1,1,0,0,0,0,0,0,0,12,9,3,3,3,0
C5120ST,23,463,District-Singrauli,Urban,5-9,55,32,23,10,5,5,12,10,2,4,1,3,4,2,2,1,1,0,0,0,0,21,11,10,3,2,1
C5120ST,23,463,District-Singrauli,Urban,10-19,135,77,58,25,15,10,26,11,15,6,4,2,15,9,6,7,3,4,4,3,1,46,28,18,6,4,2
C5120ST,23,463,District-Singrauli,Urban,20-29,84,47,37,16,10,6,20,9,11,4,1,3,9,7,2,6,3,3,0,0,0,26,15,11,3,2,1
C5120ST,23,463,District-Singrauli,Urban,30-39,44,21,23,4,1,3,11,3,8,1,0,1,6,4,2,0,0,0,1,1,0,21,12,9,0,0,0
C5120ST,23,463,District-Singrauli,Urban,40-49,52,33,19,13,5,8,8,7,1,1,0,1,7,6,1,3,3,0,1,1,0,19,11,8,0,0,0
C5120ST,23,463,District-Singrauli,Urban,50-59,40,27,13,9,6,3,5,4,1,0,0,0,8,7,1,2,2,0,0,0,0,12,6,6,4,2,2
C5120ST,23,463,District-Singrauli,Urban,60-69,38,19,19,10,5,5,4,3,1,1,0,1,8,6,2,1,0,1,0,0,0,6,2,4,8,3,5
C5120ST,23,463,District-Singrauli,Urban,70-79,34,16,18,7,3,4,9,5,4,0,0,0,5,3,2,1,1,0,0,0,0,1,0,1,11,4,7
C5120ST,23,463,District-Singrauli,Urban,80-89,7,4,3,0,0,0,3,2,1,0,0,0,0,0,0,1,1,0,0,0,0,1,0,1,2,1,1
C5120ST,23,463,District-Singrauli,Urban,90+,1,1,0,0,0,0,0,0,0,0,0,0,0,0,0,0,0,0,0,0,0,0,0,0,1,1,0
C5120ST,23,463,District-Singrauli,Urban,Age Not Stated,1,0,1,0,0,0,0,0,0,1,0,1,0,0,0,0,0,0,0,0,0,0,0,0,0,0,0
C5120ST,23,464,District-Jhabua,Total,Total,15487,8611,6876,1821,950,871,2454,1329,1125,472,276,196,6110,3533,2577,601,366,235,403,217,186,2315,1244,1071,1311,696,615
C5120ST,23,464,District-Jhabua,Total,0-4,916,497,419,112,62,50,150,84,66,16,13,3,225,126,99,22,14,8,11,7,4,308,158,150,72,33,39
C5120ST,23,464,District-Jhabua,Total,5-9,1451,812,639,158,90,68,269,148,121,115,70,45,349,207,142,66,51,15,20,10,10,287,134,153,187,102,85
C5120ST,23,464,District-Jhabua,Total,10-19,3267,1830,1437,297,165,132,426,227,199,118,70,48,1365,771,594,177,102,75,99,52,47,516,271,245,269,172,97
C5120ST,23,464,District-Jhabua,Total,20-29,2650,1559,1091,167,102,65,286,167,119,61,34,27,1473,893,580,101,55,46,83,40,43,326,182,144,153,86,67
C5120ST,23,464,District-Jhabua,Total,30-39,1843,1084,759,144,93,51,223,120,103,65,31,34,857,505,352,94,61,33,68,39,29,281,171,110,111,64,47
C5120ST,23,464,District-Jhabua,Total,40-49,1467,855,612,151,78,73,239,149,90,49,31,18,567,339,228,84,55,29,67,36,31,231,122,109,79,45,34
C5120ST,23,464,District-Jhabua,Total,50-59,1202,717,485,181,96,85,245,143,102,24,16,8,449,279,170,33,17,16,31,21,10,151,93,58,88,52,36
C5120ST,23,464,District-Jhabua,Total,60-69,1287,661,626,250,116,134,293,149,144,17,10,7,458,253,205,15,7,8,14,5,9,116,64,52,124,57,67
C5120ST,23,464,District-Jhabua,Total,70-79,915,391,524,226,96,130,216,93,123,7,1,6,253,108,145,8,4,4,8,7,1,65,28,37,132,54,78
C5120ST,23,464,District-Jhabua,Total,80-89,357,146,211,96,34,62,83,38,45,0,0,0,83,37,46,1,0,1,1,0,1,22,13,9,71,24,47
C5120ST,23,464,District-Jhabua,Total,90+,123,52,71,38,18,20,24,11,13,0,0,0,30,14,16,0,0,0,1,0,1,5,2,3,25,7,18
C5120ST,23,464,District-Jhabua,Total,Age Not Stated,9,7,2,1,0,1,0,0,0,0,0,0,1,1,0,0,0,0,0,0,0,7,6,1,0,0,0
C5120ST,23,464,District-Jhabua,Rural,Total,14898,8252,6646,1766,919,847,2385,1292,1093,450,263,187,5888,3398,2490,578,356,222,386,206,180,2250,1210,1040,1195,608,587
C5120ST,23,464,District-Jhabua,Rural,0-4,897,484,413,108,59,49,145,82,63,16,13,3,221,123,98,22,14,8,11,7,4,305,155,150,69,31,38
C5120ST,23,464,District-Jhabua,Rural,5-9,1379,755,624,150,83,67,264,144,120,112,68,44,337,200,137,66,51,15,20,10,10,280,132,148,150,67,83
C5120ST,23,464,District-Jhabua,Rural,10-19,3116,1736,1380,287,161,126,412,219,193,111,66,45,1306,736,570,168,97,71,96,49,47,496,258,238,240,150,90
C5120ST,23,464,District-Jhabua,Rural,20-29,2515,1484,1031,153,95,58,275,160,115,56,33,23,1398,848,550,95,53,42,78,36,42,315,175,140,145,84,61
C5120ST,23,464,District-Jhabua,Rural,30-39,1775,1041,734,141,90,51,218,117,101,64,30,34,822,483,339,88,58,30,64,37,27,269,164,105,109,62,47
C5120ST,23,464,District-Jhabua,Rural,40-49,1425,833,592,149,78,71,232,145,87,46,29,17,554,330,224,83,55,28,65,35,30,226,122,104,70,39,31
C5120ST,23,464,District-Jhabua,Rural,50-59,1152,687,465,177,94,83,236,139,97,21,13,8,436,270,166,32,17,15,29,21,8,147,92,55,74,41,33
C5120ST,23,464,District-Jhabua,Rural,60-69,1259,646,613,246,113,133,287,147,140,17,10,7,450,249,201,15,7,8,14,5,9,113,63,50,117,52,65
C5120ST,23,464,District-Jhabua,Rural,70-79,896,384,512,222,95,127,210,90,120,7,1,6,251,108,143,8,4,4,7,6,1,65,28,37,126,52,74
C5120ST,23,464,District-Jhabua,Rural,80-89,353,143,210,95,33,62,82,38,44,0,0,0,82,36,46,1,0,1,1,0,1,22,13,9,70,23,47
C5120ST,23,464,District-Jhabua,Rural,90+,123,52,71,38,18,20,24,11,13,0,0,0,30,14,16,0,0,0,1,0,1,5,2,3,25,7,18
C5120ST,23,464,District-Jhabua,Rural,Age Not Stated,8,7,1,0,0,0,0,0,0,0,0,0,1,1,0,0,0,0,0,0,0,7,6,1,0,0,0
C5120ST,23,464,District-Jhabua,Urban,Total,589,359,230,55,31,24,69,37,32,22,13,9,222,135,87,23,10,13,17,11,6,65,34,31,116,88,28
C5120ST,23,464,District-Jhabua,Urban,0-4,19,13,6,4,3,1,5,2,3,0,0,0,4,3,1,0,0,0,0,0,0,3,3,0,3,2,1
C5120ST,23,464,District-Jhabua,Urban,5-9,72,57,15,8,7,1,5,4,1,3,2,1,12,7,5,0,0,0,0,0,0,7,2,5,37,35,2
C5120ST,23,464,District-Jhabua,Urban,10-19,151,94,57,10,4,6,14,8,6,7,4,3,59,35,24,9,5,4,3,3,0,20,13,7,29,22,7
C5120ST,23,464,District-Jhabua,Urban,20-29,135,75,60,14,7,7,11,7,4,5,1,4,75,45,30,6,2,4,5,4,1,11,7,4,8,2,6
C5120ST,23,464,District-Jhabua,Urban,30-39,68,43,25,3,3,0,5,3,2,1,1,0,35,22,13,6,3,3,4,2,2,12,7,5,2,2,0
C5120ST,23,464,District-Jhabua,Urban,40-49,42,22,20,2,0,2,7,4,3,3,2,1,13,9,4,1,0,1,2,1,1,5,0,5,9,6,3
C5120ST,23,464,District-Jhabua,Urban,50-59,50,30,20,4,2,2,9,4,5,3,3,0,13,9,4,1,0,1,2,0,2,4,1,3,14,11,3
C5120ST,23,464,District-Jhabua,Urban,60-69,28,15,13,4,3,1,6,2,4,0,0,0,8,4,4,0,0,0,0,0,0,3,1,2,7,5,2
C5120ST,23,464,District-Jhabua,Urban,70-79,19,7,12,4,1,3,6,3,3,0,0,0,2,0,2,0,0,0,1,1,0,0,0,0,6,2,4
C5120ST,23,464,District-Jhabua,Urban,80-89,4,3,1,1,1,0,1,0,1,0,0,0,1,1,0,0,0,0,0,0,0,0,0,0,1,1,0
C5120ST,23,464,District-Jhabua,Urban,90+,0,0,0,0,0,0,0,0,0,0,0,0,0,0,0,0,0,0,0,0,0,0,0,0,0,0,0
C5120ST,23,464,District-Jhabua,Urban,Age Not Stated,1,0,1,1,0,1,0,0,0,0,0,0,0,0,0,0,0,0,0,0,0,0,0,0,0,0,0
C5120ST,23,465,District-Alirajpur,Total,Total,9511,5305,4206,1720,954,766,1725,915,810,286,163,123,2936,1787,1149,326,174,152,186,97,89,1705,860,845,627,355,272
C5120ST,23,465,District-Alirajpur,Total,0-4,682,339,343,148,71,77,170,82,88,11,9,2,96,54,42,22,10,12,3,0,3,198,97,101,34,16,18
C5120ST,23,465,District-Alirajpur,Total,5-9,1010,515,495,234,120,114,189,85,104,55,33,22,146,71,75,33,16,17,11,6,5,237,113,124,105,71,34
C5120ST,23,465,District-Alirajpur,Total,10-19,2310,1254,1056,402,217,185,391,199,192,84,49,35,745,431,314,80,42,38,52,33,19,390,187,203,166,96,70
C5120ST,23,465,District-Alirajpur,Total,20-29,1357,776,581,196,119,77,214,116,98,47,27,20,533,321,212,55,28,27,38,22,16,201,107,94,73,36,37
C5120ST,23,465,District-Alirajpur,Total,30-39,1084,635,449,162,101,61,198,118,80,32,15,17,353,214,139,49,27,22,40,15,25,205,110,95,45,35,10
C5120ST,23,465,District-Alirajpur,Total,40-49,922,573,349,149,97,52,175,102,73,21,10,11,307,216,91,38,25,13,18,9,9,178,90,88,36,24,12
C5120ST,23,465,District-Alirajpur,Total,50-59,836,521,315,128,79,49,165,103,62,20,10,10,302,205,97,29,19,10,16,8,8,142,74,68,34,23,11
C5120ST,23,465,District-Alirajpur,Total,60-69,677,370,307,160,84,76,107,53,54,13,8,5,260,167,93,8,2,6,5,3,2,78,37,41,46,16,30
C5120ST,23,465,District-Alirajpur,Total,70-79,420,214,206,100,45,55,75,34,41,2,2,0,148,84,64,9,3,6,2,1,1,35,24,11,49,21,28
C5120ST,23,465,District-Alirajpur,Total,80-89,124,61,63,25,12,13,29,15,14,1,0,1,29,17,12,0,0,0,1,0,1,13,7,6,26,10,16
C5120ST,23,465,District-Alirajpur,Total,90+,46,24,22,10,6,4,6,3,3,0,0,0,14,6,8,2,1,1,0,0,0,1,1,0,13,7,6
C5120ST,23,465,District-Alirajpur,Total,Age Not Stated,43,23,20,6,3,3,6,5,1,0,0,0,3,1,2,1,1,0,0,0,0,27,13,14,0,0,0
C5120ST,23,465,District-Alirajpur,Rural,Total,9226,5137,4089,1688,936,752,1685,894,791,269,153,116,2829,1717,1112,314,166,148,183,96,87,1651,830,821,607,345,262
C5120ST,23,465,District-Alirajpur,Rural,0-4,667,332,335,145,70,75,167,81,86,9,8,1,95,53,42,22,10,12,3,0,3,193,94,99,33,16,17
C5120ST,23,465,District-Alirajpur,Rural,5-9,981,498,483,232,118,114,184,82,102,52,31,21,142,69,73,31,14,17,10,6,4,227,108,119,103,70,33
C5120ST,23,465,District-Alirajpur,Rural,10-19,2227,1210,1017,390,210,180,378,195,183,75,44,31,715,413,302,77,41,36,52,33,19,377,179,198,163,95,68
C5120ST,23,465,District-Alirajpur,Rural,20-29,1293,736,557,192,116,76,207,112,95,46,26,20,500,301,199,53,26,27,37,21,16,191,101,90,67,33,34
C5120ST,23,465,District-Alirajpur,Rural,30-39,1047,607,440,158,98,60,192,112,80,31,14,17,334,200,134,48,27,21,40,15,25,202,109,93,42,32,10
C5120ST,23,465,District-Alirajpur,Rural,40-49,907,565,342,148,97,51,174,102,72,21,10,11,302,212,90,38,25,13,17,9,8,172,86,86,35,24,11
C5120ST,23,465,District-Alirajpur,Rural,50-59,816,510,306,124,79,45,163,102,61,19,10,9,296,200,96,26,16,10,16,8,8,139,73,66,33,22,11
C5120ST,23,465,District-Alirajpur,Rural,60-69,661,358,303,158,82,76,105,51,54,13,8,5,252,161,91,8,2,6,5,3,2,76,36,40,44,15,29
C5120ST,23,465,District-Alirajpur,Rural,70-79,414,213,201,100,45,55,74,34,40,2,2,0,147,84,63,8,3,5,2,1,1,33,23,10,48,21,27
C5120ST,23,465,District-Alirajpur,Rural,80-89,124,61,63,25,12,13,29,15,14,1,0,1,29,17,12,0,0,0,1,0,1,13,7,6,26,10,16
C5120ST,23,465,District-Alirajpur,Rural,90+,46,24,22,10,6,4,6,3,3,0,0,0,14,6,8,2,1,1,0,0,0,1,1,0,13,7,6
C5120ST,23,465,District-Alirajpur,Rural,Age Not Stated,43,23,20,6,3,3,6,5,1,0,0,0,3,1,2,1,1,0,0,0,0,27,13,14,0,0,0
C5120ST,23,465,District-Alirajpur,Urban,Total,285,168,117,32,18,14,40,21,19,17,10,7,107,70,37,12,8,4,3,1,2,54,30,24,20,10,10
C5120ST,23,465,District-Alirajpur,Urban,0-4,15,7,8,3,1,2,3,1,2,2,1,1,1,1,0,0,0,0,0,0,0,5,3,2,1,0,1
C5120ST,23,465,District-Alirajpur,Urban,5-9,29,17,12,2,2,0,5,3,2,3,2,1,4,2,2,2,2,0,1,0,1,10,5,5,2,1,1
C5120ST,23,465,District-Alirajpur,Urban,10-19,83,44,39,12,7,5,13,4,9,9,5,4,30,18,12,3,1,2,0,0,0,13,8,5,3,1,2
C5120ST,23,465,District-Alirajpur,Urban,20-29,64,40,24,4,3,1,7,4,3,1,1,0,33,20,13,2,2,0,1,1,0,10,6,4,6,3,3
C5120ST,23,465,District-Alirajpur,Urban,30-39,37,28,9,4,3,1,6,6,0,1,1,0,19,14,5,1,0,1,0,0,0,3,1,2,3,3,0
C5120ST,23,465,District-Alirajpur,Urban,40-49,15,8,7,1,0,1,1,0,1,0,0,0,5,4,1,0,0,0,1,0,1,6,4,2,1,0,1
C5120ST,23,465,District-Alirajpur,Urban,50-59,20,11,9,4,0,4,2,1,1,1,0,1,6,5,1,3,3,0,0,0,0,3,1,2,1,1,0
C5120ST,23,465,District-Alirajpur,Urban,60-69,16,12,4,2,2,0,2,2,0,0,0,0,8,6,2,0,0,0,0,0,0,2,1,1,2,1,1
C5120ST,23,465,District-Alirajpur,Urban,70-79,6,1,5,0,0,0,1,0,1,0,0,0,1,0,1,1,0,1,0,0,0,2,1,1,1,0,1
C5120ST,23,465,District-Alirajpur,Urban,80-89,0,0,0,0,0,0,0,0,0,0,0,0,0,0,0,0,0,0,0,0,0,0,0,0,0,0,0
C5120ST,23,465,District-Alirajpur,Urban,90+,0,0,0,0,0,0,0,0,0,0,0,0,0,0,0,0,0,0,0,0,0,0,0,0,0,0,0
C5120ST,23,465,District-Alirajpur,Urban,Age Not Stated,0,0,0,0,0,0,0,0,0,0,0,0,0,0,0,0,0,0,0,0,0,0,0,0,0,0,0
C5120ST,23,466,District-Khandwa (East Nimar),Total,Total,9936,5446,4490,1956,1002,954,2615,1364,1251,286,161,125,2371,1444,927,348,198,150,180,108,72,1521,831,690,659,338,321
C5120ST,23,466,District-Khandwa (East Nimar),Total,0-4,688,358,330,132,67,65,276,135,141,7,3,4,83,47,36,19,6,13,1,0,1,144,83,61,26,17,9
C5120ST,23,466,District-Khandwa (East Nimar),Total,5-9,984,528,456,185,97,88,331,181,150,48,30,18,116,68,48,34,17,17,7,5,2,187,86,101,76,44,32
C5120ST,23,466,District-Khandwa (East Nimar),Total,10-19,2049,1111,938,389,202,187,538,285,253,81,48,33,447,261,186,90,46,44,37,22,15,357,181,176,110,66,44
C5120ST,23,466,District-Khandwa (East Nimar),Total,20-29,1479,888,591,187,108,79,333,179,154,43,28,15,520,343,177,57,39,18,41,22,19,238,140,98,60,29,31
C5120ST,23,466,District-Khandwa (East Nimar),Total,30-39,1177,685,492,192,107,85,285,145,140,35,16,19,344,230,114,54,35,19,41,29,12,187,101,86,39,22,17
C5120ST,23,466,District-Khandwa (East Nimar),Total,40-49,931,571,360,155,99,56,245,130,115,26,13,13,231,153,78,52,34,18,24,13,11,155,105,50,43,24,19
C5120ST,23,466,District-Khandwa (East Nimar),Total,50-59,716,420,296,151,75,76,190,105,85,16,10,6,180,121,59,18,12,6,15,10,5,110,67,43,36,20,16
C5120ST,23,466,District-Khandwa (East Nimar),Total,60-69,822,404,418,231,108,123,202,94,108,16,6,10,202,114,88,12,5,7,12,6,6,76,38,38,71,33,38
C5120ST,23,466,District-Khandwa (East Nimar),Total,70-79,702,329,373,222,97,125,132,74,58,8,4,4,160,74,86,7,3,4,2,1,1,47,22,25,124,54,70
C5120ST,23,466,District-Khandwa (East Nimar),Total,80-89,288,112,176,93,32,61,55,23,32,2,1,1,71,25,46,4,1,3,0,0,0,12,6,6,51,24,27
C5120ST,23,466,District-Khandwa (East Nimar),Total,90+,97,39,58,19,10,9,27,12,15,3,2,1,17,8,9,1,0,1,0,0,0,7,2,5,23,5,18
C5120ST,23,466,District-Khandwa (East Nimar),Total,Age Not Stated,3,1,2,0,0,0,1,1,0,1,0,1,0,0,0,0,0,0,0,0,0,1,0,1,0,0,0
C5120ST,23,466,District-Khandwa (East Nimar),Rural,Total,9468,5177,4291,1818,930,888,2558,1337,1221,268,150,118,2231,1353,878,333,188,145,172,106,66,1459,795,664,629,318,311
C5120ST,23,466,District-Khandwa (East Nimar),Rural,0-4,662,345,317,120,62,58,271,131,140,7,3,4,80,45,35,18,6,12,1,0,1,140,82,58,25,16,9
C5120ST,23,466,District-Khandwa (East Nimar),Rural,5-9,945,507,438,170,89,81,323,178,145,46,29,17,112,65,47,32,16,16,7,5,2,182,83,99,73,42,31
C5120ST,23,466,District-Khandwa (East Nimar),Rural,10-19,1950,1054,896,361,189,172,526,280,246,77,45,32,416,236,180,87,45,42,36,22,14,342,174,168,105,63,42
C5120ST,23,466,District-Khandwa (East Nimar),Rural,20-29,1391,833,558,166,95,71,321,175,146,40,26,14,486,321,165,55,37,18,39,21,18,229,132,97,55,26,29
C5120ST,23,466,District-Khandwa (East Nimar),Rural,30-39,1111,647,464,171,95,76,277,140,137,31,15,16,327,219,108,51,32,19,39,29,10,178,97,81,37,20,17
C5120ST,23,466,District-Khandwa (East Nimar),Rural,40-49,884,540,344,143,92,51,242,128,114,23,10,13,219,145,74,49,32,17,23,13,10,146,99,47,39,21,18
C5120ST,23,466,District-Khandwa (East Nimar),Rural,50-59,691,403,288,145,71,74,189,105,84,15,9,6,170,113,57,17,11,6,14,9,5,107,65,42,34,20,14
C5120ST,23,466,District-Khandwa (East Nimar),Rural,60-69,785,389,396,219,104,115,199,93,106,15,6,9,189,108,81,12,5,7,11,6,5,72,36,36,68,31,37
C5120ST,23,466,District-Khandwa (East Nimar),Rural,70-79,673,312,361,213,91,122,128,71,57,8,4,4,149,71,78,7,3,4,2,1,1,44,19,25,122,52,70
C5120ST,23,466,District-Khandwa (East Nimar),Rural,80-89,281,111,170,92,32,60,54,23,31,2,1,1,69,25,44,4,1,3,0,0,0,11,6,5,49,23,26
C5120ST,23,466,District-Khandwa (East Nimar),Rural,90+,92,35,57,18,10,8,27,12,15,3,2,1,14,5,9,1,0,1,0,0,0,7,2,5,22,4,18
C5120ST,23,466,District-Khandwa (East Nimar),Rural,Age Not Stated,3,1,2,0,0,0,1,1,0,1,0,1,0,0,0,0,0,0,0,0,0,1,0,1,0,0,0
C5120ST,23,466,District-Khandwa (East Nimar),Urban,Total,468,269,199,138,72,66,57,27,30,18,11,7,140,91,49,15,10,5,8,2,6,62,36,26,30,20,10
C5120ST,23,466,District-Khandwa (East Nimar),Urban,0-4,26,13,13,12,5,7,5,4,1,0,0,0,3,2,1,1,0,1,0,0,0,4,1,3,1,1,0
C5120ST,23,466,District-Khandwa (East Nimar),Urban,5-9,39,21,18,15,8,7,8,3,5,2,1,1,4,3,1,2,1,1,0,0,0,5,3,2,3,2,1
C5120ST,23,466,District-Khandwa (East Nimar),Urban,10-19,99,57,42,28,13,15,12,5,7,4,3,1,31,25,6,3,1,2,1,0,1,15,7,8,5,3,2
C5120ST,23,466,District-Khandwa (East Nimar),Urban,20-29,88,55,33,21,13,8,12,4,8,3,2,1,34,22,12,2,2,0,2,1,1,9,8,1,5,3,2
C5120ST,23,466,District-Khandwa (East Nimar),Urban,30-39,66,38,28,21,12,9,8,5,3,4,1,3,17,11,6,3,3,0,2,0,2,9,4,5,2,2,0
C5120ST,23,466,District-Khandwa (East Nimar),Urban,40-49,47,31,16,12,7,5,3,2,1,3,3,0,12,8,4,3,2,1,1,0,1,9,6,3,4,3,1
C5120ST,23,466,District-Khandwa (East Nimar),Urban,50-59,25,17,8,6,4,2,1,0,1,1,1,0,10,8,2,1,1,0,1,1,0,3,2,1,2,0,2
C5120ST,23,466,District-Khandwa (East Nimar),Urban,60-69,37,15,22,12,4,8,3,1,2,1,0,1,13,6,7,0,0,0,1,0,1,4,2,2,3,2,1
C5120ST,23,466,District-Khandwa (East Nimar),Urban,70-79,29,17,12,9,6,3,4,3,1,0,0,0,11,3,8,0,0,0,0,0,0,3,3,0,2,2,0
C5120ST,23,466,District-Khandwa (East Nimar),Urban,80-89,7,1,6,1,0,1,1,0,1,0,0,0,2,0,2,0,0,0,0,0,0,1,0,1,2,1,1
C5120ST,23,466,District-Khandwa (East Nimar),Urban,90+,5,4,1,1,0,1,0,0,0,0,0,0,3,3,0,0,0,0,0,0,0,0,0,0,1,1,0
C5120ST,23,466,District-Khandwa (East Nimar),Urban,Age Not Stated,0,0,0,0,0,0,0,0,0,0,0,0,0,0,0,0,0,0,0,0,0,0,0,0,0,0,0
C5120ST,23,467,District-Burhanpur,Total,Total,3141,1702,1439,763,387,376,834,446,388,110,59,51,691,406,285,115,61,54,60,35,25,378,211,167,190,97,93
C5120ST,23,467,District-Burhanpur,Total,0-4,223,121,102,68,34,34,82,45,37,3,1,2,24,14,10,11,7,4,0,0,0,26,14,12,9,6,3
C5120ST,23,467,District-Burhanpur,Total,5-9,328,165,163,100,53,47,87,40,47,23,11,12,39,18,21,12,6,6,3,1,2,42,22,20,22,14,8
C5120ST,23,467,District-Burhanpur,Total,10-19,645,345,300,136,67,69,177,100,77,43,26,17,128,70,58,26,11,15,12,6,6,80,43,37,43,22,21
C5120ST,23,467,District-Burhanpur,Total,20-29,425,253,172,72,34,38,86,50,36,16,7,9,142,98,44,20,10,10,9,6,3,63,36,27,17,12,5
C5120ST,23,467,District-Burhanpur,Total,30-39,401,235,166,92,55,37,100,57,43,13,7,6,100,61,39,17,9,8,17,9,8,50,32,18,12,5,7
C5120ST,23,467,District-Burhanpur,Total,40-49,339,192,147,73,42,31,103,54,49,7,3,4,68,42,26,17,8,9,11,7,4,52,32,20,8,4,4
C5120ST,23,467,District-Burhanpur,Total,50-59,227,133,94,62,32,30,63,36,27,1,1,0,56,36,20,4,4,0,3,2,1,26,15,11,12,7,5
C5120ST,23,467,District-Burhanpur,Total,60-69,264,115,149,77,30,47,71,28,43,2,2,0,63,33,30,6,5,1,4,3,1,20,9,11,21,5,16
C5120ST,23,467,District-Burhanpur,Total,70-79,193,107,86,54,29,25,48,27,21,2,1,1,47,29,18,1,1,0,0,0,0,14,5,9,27,15,12
C5120ST,23,467,District-Burhanpur,Total,80-89,71,26,45,21,9,12,14,7,7,0,0,0,16,4,12,1,0,1,1,1,0,4,2,2,14,3,11
C5120ST,23,467,District-Burhanpur,Total,90+,23,9,14,7,1,6,3,2,1,0,0,0,7,1,6,0,0,0,0,0,0,1,1,0,5,4,1
C5120ST,23,467,District-Burhanpur,Total,Age Not Stated,2,1,1,1,1,0,0,0,0,0,0,0,1,0,1,0,0,0,0,0,0,0,0,0,0,0,0
C5120ST,23,467,District-Burhanpur,Rural,Total,3061,1664,1397,753,383,370,824,438,386,106,58,48,664,395,269,108,58,50,54,33,21,370,205,165,182,94,88
C5120ST,23,467,District-Burhanpur,Rural,0-4,219,118,101,68,34,34,81,44,37,3,1,2,23,13,10,9,6,3,0,0,0,26,14,12,9,6,3
C5120ST,23,467,District-Burhanpur,Rural,5-9,326,164,162,100,53,47,86,39,47,22,11,11,39,18,21,12,6,6,3,1,2,42,22,20,22,14,8
C5120ST,23,467,District-Burhanpur,Rural,10-19,630,342,288,134,67,67,175,99,76,41,26,15,123,70,53,25,11,14,12,6,6,78,42,36,42,21,21
C5120ST,23,467,District-Burhanpur,Rural,20-29,412,247,165,72,34,38,86,50,36,16,7,9,135,95,40,18,9,9,8,6,2,63,36,27,14,10,4
C5120ST,23,467,District-Burhanpur,Rural,30-39,385,227,158,90,54,36,99,56,43,13,7,6,96,59,37,15,8,7,14,8,6,48,30,18,10,5,5
C5120ST,23,467,District-Burhanpur,Rural,40-49,325,185,140,70,40,30,101,52,49,7,3,4,65,42,23,17,8,9,9,6,3,49,30,19,7,4,3
C5120ST,23,467,District-Burhanpur,Rural,50-59,224,131,93,61,32,29,62,35,27,1,1,0,55,35,20,4,4,0,3,2,1,26,15,11,12,7,5
C5120ST,23,467,District-Burhanpur,Rural,60-69,255,110,145,75,29,46,69,27,42,1,1,0,60,32,28,6,5,1,4,3,1,19,8,11,21,5,16
C5120ST,23,467,District-Burhanpur,Rural,70-79,191,105,86,54,29,25,48,27,21,2,1,1,45,27,18,1,1,0,0,0,0,14,5,9,27,15,12
C5120ST,23,467,District-Burhanpur,Rural,80-89,69,25,44,21,9,12,14,7,7,0,0,0,15,3,12,1,0,1,1,1,0,4,2,2,13,3,10
C5120ST,23,467,District-Burhanpur,Rural,90+,23,9,14,7,1,6,3,2,1,0,0,0,7,1,6,0,0,0,0,0,0,1,1,0,5,4,1
C5120ST,23,467,District-Burhanpur,Rural,Age Not Stated,2,1,1,1,1,0,0,0,0,0,0,0,1,0,1,0,0,0,0,0,0,0,0,0,0,0,0
C5120ST,23,467,District-Burhanpur,Urban,Total,80,38,42,10,4,6,10,8,2,4,1,3,27,11,16,7,3,4,6,2,4,8,6,2,8,3,5
C5120ST,23,467,District-Burhanpur,Urban,0-4,4,3,1,0,0,0,1,1,0,0,0,0,1,1,0,2,1,1,0,0,0,0,0,0,0,0,0
C5120ST,23,467,District-Burhanpur,Urban,5-9,2,1,1,0,0,0,1,1,0,1,0,1,0,0,0,0,0,0,0,0,0,0,0,0,0,0,0
C5120ST,23,467,District-Burhanpur,Urban,10-19,15,3,12,2,0,2,2,1,1,2,0,2,5,0,5,1,0,1,0,0,0,2,1,1,1,1,0
C5120ST,23,467,District-Burhanpur,Urban,20-29,13,6,7,0,0,0,0,0,0,0,0,0,7,3,4,2,1,1,1,0,1,0,0,0,3,2,1
C5120ST,23,467,District-Burhanpur,Urban,30-39,16,8,8,2,1,1,1,1,0,0,0,0,4,2,2,2,1,1,3,1,2,2,2,0,2,0,2
C5120ST,23,467,District-Burhanpur,Urban,40-49,14,7,7,3,2,1,2,2,0,0,0,0,3,0,3,0,0,0,2,1,1,3,2,1,1,0,1
C5120ST,23,467,District-Burhanpur,Urban,50-59,3,2,1,1,0,1,1,1,0,0,0,0,1,1,0,0,0,0,0,0,0,0,0,0,0,0,0
C5120ST,23,467,District-Burhanpur,Urban,60-69,9,5,4,2,1,1,2,1,1,1,1,0,3,1,2,0,0,0,0,0,0,1,1,0,0,0,0
C5120ST,23,467,District-Burhanpur,Urban,70-79,2,2,0,0,0,0,0,0,0,0,0,0,2,2,0,0,0,0,0,0,0,0,0,0,0,0,0
C5120ST,23,467,District-Burhanpur,Urban,80-89,2,1,1,0,0,0,0,0,0,0,0,0,1,1,0,0,0,0,0,0,0,0,0,0,1,0,1
C5120ST,23,467,District-Burhanpur,Urban,90+,0,0,0,0,0,0,0,0,0,0,0,0,0,0,0,0,0,0,0,0,0,0,0,0,0,0,0
C5120ST,23,467,District-Burhanpur,Urban,Age Not Stated,0,0,0,0,0,0,0,0,0,0,0,0,0,0,0,0,0,0,0,0,0,0,0,0,0,0,0
C5120ST,24,0,State-GUJARAT,Total,Total,129483,70604,58879,24076,12311,11765,23188,12000,11188,5400,3146,2254,27504,16562,10942,6639,3760,2879,4297,2373,1924,29651,15682,13969,8728,4770,3958
C5120ST,24,0,State-GUJARAT,Total,0-4,7653,4060,3593,1518,799,719,1470,748,722,140,86,54,825,468,357,174,94,80,56,31,25,3049,1590,1459,421,244,177
C5120ST,24,0,State-GUJARAT,Total,5-9,11588,6355,5233,1998,1043,955,2040,1072,968,852,539,313,1440,836,604,1064,603,461,194,104,90,2826,1471,1355,1174,687,487
C5120ST,24,0,State-GUJARAT,Total,10-19,24850,13556,11294,4165,2097,2068,3934,2145,1789,1449,874,575,4442,2504,1938,2339,1319,1020,623,361,262,5727,3020,2707,2171,1236,935
C5120ST,24,0,State-GUJARAT,Total,20-29,19379,10983,8396,2780,1518,1262,2767,1480,1287,974,534,440,5110,3143,1967,1151,671,480,809,469,340,4567,2449,2118,1221,719,502
C5120ST,24,0,State-GUJARAT,Total,30-39,17182,9945,7237,2529,1411,1118,2669,1467,1202,716,402,314,4476,2911,1565,851,462,389,963,559,404,4286,2331,1955,692,402,290
C5120ST,24,0,State-GUJARAT,Total,40-49,14680,8485,6195,2660,1491,1169,2481,1372,1109,541,307,234,3438,2249,1189,563,322,241,797,427,370,3601,1956,1645,599,361,238
C5120ST,24,0,State-GUJARAT,Total,50-59,11866,6660,5206,2536,1321,1215,2324,1240,1084,345,198,147,2902,1885,1017,287,162,125,478,252,226,2514,1338,1176,480,264,216
C5120ST,24,0,State-GUJARAT,Total,60-69,11209,5618,5591,2987,1398,1589,2542,1193,1349,228,126,102,2595,1464,1131,119,81,38,245,120,125,1769,884,885,724,352,372
C5120ST,24,0,State-GUJARAT,Total,70-79,7292,3241,4051,1968,832,1136,2006,867,1139,97,46,51,1567,769,798,51,26,25,85,33,52,807,374,433,711,294,417
C5120ST,24,0,State-GUJARAT,Total,80-89,2333,1018,1315,643,272,371,636,280,356,24,15,9,456,205,251,13,8,5,21,7,14,191,94,97,349,137,212
C5120ST,24,0,State-GUJARAT,Total,90+,757,325,432,172,64,108,185,76,109,11,7,4,129,61,68,4,0,4,7,2,5,99,59,40,150,56,94
C5120ST,24,0,State-GUJARAT,Total,Age Not Stated,694,358,336,120,65,55,134,60,74,23,12,11,124,67,57,23,12,11,19,8,11,215,116,99,36,18,18
C5120ST,24,0,State-GUJARAT,Rural,Total,112484,61293,51191,20282,10348,9934,19710,10186,9524,4545,2671,1874,24798,14941,9857,5975,3365,2610,3825,2095,1730,25561,13450,12111,7788,4237,3551
C5120ST,24,0,State-GUJARAT,Rural,0-4,6677,3553,3124,1268,672,596,1237,632,605,125,77,48,769,430,339,158,85,73,50,29,21,2688,1407,1281,382,221,161
C5120ST,24,0,State-GUJARAT,Rural,5-9,10391,5713,4678,1725,898,827,1764,948,816,782,503,279,1344,782,562,1002,566,436,175,90,85,2506,1294,1212,1093,632,461
C5120ST,24,0,State-GUJARAT,Rural,10-19,21541,11698,9843,3437,1730,1707,3275,1770,1505,1239,751,488,4098,2309,1789,2148,1213,935,532,313,219,4938,2558,2380,1874,1054,820
C5120ST,24,0,State-GUJARAT,Rural,20-29,16279,9251,7028,2135,1174,961,2202,1178,1024,765,427,338,4601,2839,1762,992,566,426,715,407,308,3800,2026,1774,1069,634,435
C5120ST,24,0,State-GUJARAT,Rural,30-39,14646,8478,6168,2019,1140,879,2174,1194,980,600,334,266,3990,2596,1394,749,398,351,863,495,368,3640,1970,1670,611,351,260
C5120ST,24,0,State-GUJARAT,Rural,40-49,12552,7279,5273,2191,1235,956,2045,1141,904,436,245,191,3074,2011,1063,499,288,211,711,377,334,3051,1654,1397,545,328,217
C5120ST,24,0,State-GUJARAT,Rural,50-59,10325,5771,4554,2172,1117,1055,2016,1069,947,281,164,117,2557,1654,903,242,138,104,434,224,210,2206,1177,1029,417,228,189
C5120ST,24,0,State-GUJARAT,Rural,60-69,10070,5049,5021,2686,1247,1439,2306,1079,1227,188,102,86,2323,1318,1005,105,70,35,224,113,111,1570,794,776,668,326,342
C5120ST,24,0,State-GUJARAT,Rural,70-79,6632,2977,3655,1807,773,1034,1838,799,1039,81,38,43,1400,697,703,48,23,25,80,33,47,727,339,388,651,275,376
C5120ST,24,0,State-GUJARAT,Rural,80-89,2119,929,1190,589,252,337,586,260,326,21,15,6,415,187,228,11,7,4,19,5,14,170,83,87,308,120,188
C5120ST,24,0,State-GUJARAT,Rural,90+,668,291,377,151,57,94,160,65,95,7,4,3,113,55,58,3,0,3,7,2,5,89,56,33,138,52,86
C5120ST,24,0,State-GUJARAT,Rural,Age Not Stated,584,304,280,102,53,49,107,51,56,20,11,9,114,63,51,18,11,7,15,7,8,176,92,84,32,16,16
C5120ST,24,0,State-GUJARAT,Urban,Total,16999,9311,7688,3794,1963,1831,3478,1814,1664,855,475,380,2706,1621,1085,664,395,269,472,278,194,4090,2232,1858,940,533,407
C5120ST,24,0,State-GUJARAT,Urban,0-4,976,507,469,250,127,123,233,116,117,15,9,6,56,38,18,16,9,7,6,2,4,361,183,178,39,23,16
C5120ST,24,0,State-GUJARAT,Urban,5-9,1197,642,555,273,145,128,276,124,152,70,36,34,96,54,42,62,37,25,19,14,5,320,177,143,81,55,26
C5120ST,24,0,State-GUJARAT,Urban,10-19,3309,1858,1451,728,367,361,659,375,284,210,123,87,344,195,149,191,106,85,91,48,43,789,462,327,297,182,115
C5120ST,24,0,State-GUJARAT,Urban,20-29,3100,1732,1368,645,344,301,565,302,263,209,107,102,509,304,205,159,105,54,94,62,32,767,423,344,152,85,67
C5120ST,24,0,State-GUJARAT,Urban,30-39,2536,1467,1069,510,271,239,495,273,222,116,68,48,486,315,171,102,64,38,100,64,36,646,361,285,81,51,30
C5120ST,24,0,State-GUJARAT,Urban,40-49,2128,1206,922,469,256,213,436,231,205,105,62,43,364,238,126,64,34,30,86,50,36,550,302,248,54,33,21
C5120ST,24,0,State-GUJARAT,Urban,50-59,1541,889,652,364,204,160,308,171,137,64,34,30,345,231,114,45,24,21,44,28,16,308,161,147,63,36,27
C5120ST,24,0,State-GUJARAT,Urban,60-69,1139,569,570,301,151,150,236,114,122,40,24,16,272,146,126,14,11,3,21,7,14,199,90,109,56,26,30
C5120ST,24,0,State-GUJARAT,Urban,70-79,660,264,396,161,59,102,168,68,100,16,8,8,167,72,95,3,3,0,5,0,5,80,35,45,60,19,41
C5120ST,24,0,State-GUJARAT,Urban,80-89,214,89,125,54,20,34,50,20,30,3,0,3,41,18,23,2,1,1,2,2,0,21,11,10,41,17,24
C5120ST,24,0,State-GUJARAT,Urban,90+,89,34,55,21,7,14,25,11,14,4,3,1,16,6,10,1,0,1,0,0,0,10,3,7,12,4,8
C5120ST,24,0,State-GUJARAT,Urban,Age Not Stated,110,54,56,18,12,6,27,9,18,3,1,2,10,4,6,5,1,4,4,1,3,39,24,15,4,2,2
C5120ST,24,468,District-Kachchh,Total,Total,396,221,175,81,43,38,71,37,34,17,9,8,62,38,24,13,9,4,8,5,3,118,68,50,26,12,14
C5120ST,24,468,District-Kachchh,Total,0-4,27,14,13,7,2,5,3,2,1,2,0,2,1,1,0,0,0,0,0,0,0,13,8,5,1,1,0
C5120ST,24,468,District-Kachchh,Total,5-9,35,21,14,5,3,2,6,3,3,3,2,1,2,1,1,3,2,1,1,1,0,12,8,4,3,1,2
C5120ST,24,468,District-Kachchh,Total,10-19,83,47,36,13,7,6,15,6,9,4,1,3,12,6,6,4,4,0,1,1,0,28,19,9,6,3,3
C5120ST,24,468,District-Kachchh,Total,20-29,58,35,23,14,8,6,7,5,2,4,4,0,13,9,4,2,1,1,0,0,0,17,8,9,1,0,1
C5120ST,24,468,District-Kachchh,Total,30-39,60,32,28,7,5,2,13,7,6,3,1,2,11,7,4,2,1,1,4,2,2,18,8,10,2,1,1
C5120ST,24,468,District-Kachchh,Total,40-49,46,30,16,13,8,5,9,6,3,1,1,0,8,5,3,0,0,0,1,1,0,11,8,3,3,1,2
C5120ST,24,468,District-Kachchh,Total,50-59,31,17,14,5,4,1,11,5,6,0,0,0,7,5,2,1,0,1,0,0,0,6,2,4,1,1,0
C5120ST,24,468,District-Kachchh,Total,60-69,21,7,14,10,3,7,3,1,2,0,0,0,2,1,1,0,0,0,0,0,0,4,1,3,2,1,1
C5120ST,24,468,District-Kachchh,Total,70-79,14,11,3,3,3,0,3,2,1,0,0,0,3,3,0,1,1,0,1,0,1,0,0,0,3,2,1
C5120ST,24,468,District-Kachchh,Total,80-89,3,0,3,2,0,2,0,0,0,0,0,0,1,0,1,0,0,0,0,0,0,0,0,0,0,0,0
C5120ST,24,468,District-Kachchh,Total,90+,9,1,8,2,0,2,1,0,1,0,0,0,2,0,2,0,0,0,0,0,0,0,0,0,4,1,3
C5120ST,24,468,District-Kachchh,Total,Age Not Stated,9,6,3,0,0,0,0,0,0,0,0,0,0,0,0,0,0,0,0,0,0,9,6,3,0,0,0
C5120ST,24,468,District-Kachchh,Rural,Total,152,83,69,36,18,18,23,10,13,8,4,4,36,25,11,8,5,3,3,3,0,26,14,12,12,4,8
C5120ST,24,468,District-Kachchh,Rural,0-4,10,6,4,3,2,1,0,0,0,2,0,2,1,1,0,0,0,0,0,0,0,4,3,1,0,0,0
C5120ST,24,468,District-Kachchh,Rural,5-9,17,10,7,2,1,1,1,1,0,1,1,0,2,1,1,3,2,1,1,1,0,4,2,2,3,1,2
C5120ST,24,468,District-Kachchh,Rural,10-19,26,16,10,3,2,1,7,3,4,2,0,2,6,4,2,2,2,0,1,1,0,3,3,0,2,1,1
C5120ST,24,468,District-Kachchh,Rural,20-29,25,18,7,7,4,3,4,3,1,2,2,0,8,7,1,0,0,0,0,0,0,4,2,2,0,0,0
C5120ST,24,468,District-Kachchh,Rural,30-39,20,11,9,3,2,1,2,1,1,0,0,0,5,4,1,2,1,1,1,1,0,6,2,4,1,0,1
C5120ST,24,468,District-Kachchh,Rural,40-49,18,11,7,4,3,1,3,2,1,1,1,0,6,3,3,0,0,0,0,0,0,3,2,1,1,0,1
C5120ST,24,468,District-Kachchh,Rural,50-59,10,3,7,2,1,1,3,0,3,0,0,0,3,2,1,1,0,1,0,0,0,1,0,1,0,0,0
C5120ST,24,468,District-Kachchh,Rural,60-69,9,2,7,6,1,5,1,0,1,0,0,0,1,1,0,0,0,0,0,0,0,1,0,1,0,0,0
C5120ST,24,468,District-Kachchh,Rural,70-79,7,5,2,2,2,0,1,0,1,0,0,0,2,2,0,0,0,0,0,0,0,0,0,0,2,1,1
C5120ST,24,468,District-Kachchh,Rural,80-89,2,0,2,2,0,2,0,0,0,0,0,0,0,0,0,0,0,0,0,0,0,0,0,0,0,0,0
C5120ST,24,468,District-Kachchh,Rural,90+,8,1,7,2,0,2,1,0,1,0,0,0,2,0,2,0,0,0,0,0,0,0,0,0,3,1,2
C5120ST,24,468,District-Kachchh,Rural,Age Not Stated,0,0,0,0,0,0,0,0,0,0,0,0,0,0,0,0,0,0,0,0,0,0,0,0,0,0,0
C5120ST,24,468,District-Kachchh,Urban,Total,244,138,106,45,25,20,48,27,21,9,5,4,26,13,13,5,4,1,5,2,3,92,54,38,14,8,6
C5120ST,24,468,District-Kachchh,Urban,0-4,17,8,9,4,0,4,3,2,1,0,0,0,0,0,0,0,0,0,0,0,0,9,5,4,1,1,0
C5120ST,24,468,District-Kachchh,Urban,5-9,18,11,7,3,2,1,5,2,3,2,1,1,0,0,0,0,0,0,0,0,0,8,6,2,0,0,0
C5120ST,24,468,District-Kachchh,Urban,10-19,57,31,26,10,5,5,8,3,5,2,1,1,6,2,4,2,2,0,0,0,0,25,16,9,4,2,2
C5120ST,24,468,District-Kachchh,Urban,20-29,33,17,16,7,4,3,3,2,1,2,2,0,5,2,3,2,1,1,0,0,0,13,6,7,1,0,1
C5120ST,24,468,District-Kachchh,Urban,30-39,40,21,19,4,3,1,11,6,5,3,1,2,6,3,3,0,0,0,3,1,2,12,6,6,1,1,0
C5120ST,24,468,District-Kachchh,Urban,40-49,28,19,9,9,5,4,6,4,2,0,0,0,2,2,0,0,0,0,1,1,0,8,6,2,2,1,1
C5120ST,24,468,District-Kachchh,Urban,50-59,21,14,7,3,3,0,8,5,3,0,0,0,4,3,1,0,0,0,0,0,0,5,2,3,1,1,0
C5120ST,24,468,District-Kachchh,Urban,60-69,12,5,7,4,2,2,2,1,1,0,0,0,1,0,1,0,0,0,0,0,0,3,1,2,2,1,1
C5120ST,24,468,District-Kachchh,Urban,70-79,7,6,1,1,1,0,2,2,0,0,0,0,1,1,0,1,1,0,1,0,1,0,0,0,1,1,0
C5120ST,24,468,District-Kachchh,Urban,80-89,1,0,1,0,0,0,0,0,0,0,0,0,1,0,1,0,0,0,0,0,0,0,0,0,0,0,0
C5120ST,24,468,District-Kachchh,Urban,90+,1,0,1,0,0,0,0,0,0,0,0,0,0,0,0,0,0,0,0,0,0,0,0,0,1,0,1
C5120ST,24,468,District-Kachchh,Urban,Age Not Stated,9,6,3,0,0,0,0,0,0,0,0,0,0,0,0,0,0,0,0,0,0,9,6,3,0,0,0
C5120ST,24,469,District-Banas Kantha,Total,Total,2754,1606,1148,452,223,229,450,216,234,124,88,36,920,597,323,165,108,57,124,78,46,296,167,129,223,129,94
C5120ST,24,469,District-Banas Kantha,Total,0-4,182,104,78,24,12,12,46,23,23,2,1,1,45,33,12,2,1,1,2,1,1,47,23,24,14,10,4
C5120ST,24,469,District-Banas Kantha,Total,5-9,377,217,160,59,34,25,62,25,37,35,26,9,87,51,36,37,23,14,7,4,3,47,22,25,43,32,11
C5120ST,24,469,District-Banas Kantha,Total,10-19,622,382,240,93,50,43,80,43,37,36,29,7,207,123,84,59,40,19,29,20,9,64,43,21,54,34,20
C5120ST,24,469,District-Banas Kantha,Total,20-29,409,245,164,37,22,15,60,25,35,22,13,9,177,121,56,23,14,9,23,13,10,38,23,15,29,14,15
C5120ST,24,469,District-Banas Kantha,Total,30-39,328,214,114,36,23,13,45,24,21,15,9,6,145,100,45,22,15,7,24,17,7,31,20,11,10,6,4
C5120ST,24,469,District-Banas Kantha,Total,40-49,252,166,86,33,18,15,49,30,19,10,7,3,87,66,21,13,8,5,20,15,5,28,15,13,12,7,5
C5120ST,24,469,District-Banas Kantha,Total,50-59,181,102,79,36,15,21,32,14,18,3,2,1,64,46,18,4,3,1,6,2,4,27,14,13,9,6,3
C5120ST,24,469,District-Banas Kantha,Total,60-69,197,90,107,60,28,32,41,16,25,0,0,0,58,30,28,2,2,0,7,5,2,8,2,6,21,7,14
C5120ST,24,469,District-Banas Kantha,Total,70-79,146,64,82,50,15,35,23,10,13,1,1,0,33,20,13,2,2,0,6,1,5,5,5,0,26,10,16
C5120ST,24,469,District-Banas Kantha,Total,80-89,44,17,27,19,5,14,8,4,4,0,0,0,14,6,8,0,0,0,0,0,0,0,0,0,3,2,1
C5120ST,24,469,District-Banas Kantha,Total,90+,15,5,10,5,1,4,4,2,2,0,0,0,3,1,2,0,0,0,0,0,0,1,0,1,2,1,1
C5120ST,24,469,District-Banas Kantha,Total,Age Not Stated,1,0,1,0,0,0,0,0,0,0,0,0,0,0,0,1,0,1,0,0,0,0,0,0,0,0,0
C5120ST,24,469,District-Banas Kantha,Rural,Total,2579,1517,1062,420,208,212,426,207,219,113,81,32,873,572,301,149,98,51,110,69,41,274,157,117,214,125,89
C5120ST,24,469,District-Banas Kantha,Rural,0-4,175,102,73,23,12,11,44,22,22,2,1,1,44,33,11,2,1,1,2,1,1,44,22,22,14,10,4
C5120ST,24,469,District-Banas Kantha,Rural,5-9,361,206,155,58,33,25,58,23,35,33,24,9,85,50,35,34,22,12,7,4,3,45,20,25,41,30,11
C5120ST,24,469,District-Banas Kantha,Rural,10-19,587,363,224,86,47,39,75,42,33,34,28,6,200,117,83,54,36,18,27,18,9,60,41,19,51,34,17
C5120ST,24,469,District-Banas Kantha,Rural,20-29,377,232,145,34,21,13,56,24,32,20,12,8,168,117,51,19,12,7,18,11,7,35,21,14,27,14,13
C5120ST,24,469,District-Banas Kantha,Rural,30-39,301,197,104,33,21,12,45,24,21,13,7,6,132,93,39,20,13,7,19,14,5,29,19,10,10,6,4
C5120ST,24,469,District-Banas Kantha,Rural,40-49,230,152,78,28,15,13,47,28,19,9,7,2,79,60,19,11,7,4,19,14,5,25,14,11,12,7,5
C5120ST,24,469,District-Banas Kantha,Rural,50-59,166,98,68,33,15,18,30,14,16,1,1,0,61,45,16,4,3,1,6,2,4,23,13,10,8,5,3
C5120ST,24,469,District-Banas Kantha,Rural,60-69,183,85,98,55,25,30,38,15,23,0,0,0,54,30,24,2,2,0,6,4,2,7,2,5,21,7,14
C5120ST,24,469,District-Banas Kantha,Rural,70-79,142,63,79,48,15,33,22,10,12,1,1,0,33,20,13,2,2,0,6,1,5,5,5,0,25,9,16
C5120ST,24,469,District-Banas Kantha,Rural,80-89,42,15,27,17,3,14,8,4,4,0,0,0,14,6,8,0,0,0,0,0,0,0,0,0,3,2,1
C5120ST,24,469,District-Banas Kantha,Rural,90+,14,4,10,5,1,4,3,1,2,0,0,0,3,1,2,0,0,0,0,0,0,1,0,1,2,1,1
C5120ST,24,469,District-Banas Kantha,Rural,Age Not Stated,1,0,1,0,0,0,0,0,0,0,0,0,0,0,0,1,0,1,0,0,0,0,0,0,0,0,0
C5120ST,24,469,District-Banas Kantha,Urban,Total,175,89,86,32,15,17,24,9,15,11,7,4,47,25,22,16,10,6,14,9,5,22,10,12,9,4,5
C5120ST,24,469,District-Banas Kantha,Urban,0-4,7,2,5,1,0,1,2,1,1,0,0,0,1,0,1,0,0,0,0,0,0,3,1,2,0,0,0
C5120ST,24,469,District-Banas Kantha,Urban,5-9,16,11,5,1,1,0,4,2,2,2,2,0,2,1,1,3,1,2,0,0,0,2,2,0,2,2,0
C5120ST,24,469,District-Banas Kantha,Urban,10-19,35,19,16,7,3,4,5,1,4,2,1,1,7,6,1,5,4,1,2,2,0,4,2,2,3,0,3
C5120ST,24,469,District-Banas Kantha,Urban,20-29,32,13,19,3,1,2,4,1,3,2,1,1,9,4,5,4,2,2,5,2,3,3,2,1,2,0,2
C5120ST,24,469,District-Banas Kantha,Urban,30-39,27,17,10,3,2,1,0,0,0,2,2,0,13,7,6,2,2,0,5,3,2,2,1,1,0,0,0
C5120ST,24,469,District-Banas Kantha,Urban,40-49,22,14,8,5,3,2,2,2,0,1,0,1,8,6,2,2,1,1,1,1,0,3,1,2,0,0,0
C5120ST,24,469,District-Banas Kantha,Urban,50-59,15,4,11,3,0,3,2,0,2,2,1,1,3,1,2,0,0,0,0,0,0,4,1,3,1,1,0
C5120ST,24,469,District-Banas Kantha,Urban,60-69,14,5,9,5,3,2,3,1,2,0,0,0,4,0,4,0,0,0,1,1,0,1,0,1,0,0,0
C5120ST,24,469,District-Banas Kantha,Urban,70-79,4,1,3,2,0,2,1,0,1,0,0,0,0,0,0,0,0,0,0,0,0,0,0,0,1,1,0
C5120ST,24,469,District-Banas Kantha,Urban,80-89,2,2,0,2,2,0,0,0,0,0,0,0,0,0,0,0,0,0,0,0,0,0,0,0,0,0,0
C5120ST,24,469,District-Banas Kantha,Urban,90+,1,1,0,0,0,0,1,1,0,0,0,0,0,0,0,0,0,0,0,0,0,0,0,0,0,0,0
C5120ST,24,469,District-Banas Kantha,Urban,Age Not Stated,0,0,0,0,0,0,0,0,0,0,0,0,0,0,0,0,0,0,0,0,0,0,0,0,0,0,0
C5120ST,24,470,District-Patan  ,Total,Total,202,120,82,46,27,19,29,18,11,4,3,1,51,34,17,15,9,6,12,6,6,27,12,15,18,11,7
C5120ST,24,470,District-Patan  ,Total,0-4,11,7,4,4,2,2,4,3,1,1,1,0,0,0,0,1,1,0,0,0,0,1,0,1,0,0,0
C5120ST,24,470,District-Patan  ,Total,5-9,15,8,7,4,1,3,1,1,0,1,0,1,2,0,2,2,2,0,1,1,0,3,2,1,1,1,0
C5120ST,24,470,District-Patan  ,Total,10-19,54,34,20,16,11,5,8,5,3,1,1,0,8,7,1,7,3,4,2,1,1,5,3,2,7,3,4
C5120ST,24,470,District-Patan  ,Total,20-29,38,26,12,5,3,2,4,2,2,0,0,0,17,12,5,2,2,0,3,1,2,4,3,1,3,3,0
C5120ST,24,470,District-Patan  ,Total,30-39,26,15,11,7,5,2,1,0,1,0,0,0,7,6,1,2,0,2,2,2,0,5,1,4,2,1,1
C5120ST,24,470,District-Patan  ,Total,40-49,24,16,8,3,2,1,3,3,0,0,0,0,8,6,2,1,1,0,3,1,2,3,2,1,3,1,2
C5120ST,24,470,District-Patan  ,Total,50-59,9,5,4,1,1,0,3,2,1,0,0,0,2,1,1,0,0,0,0,0,0,3,1,2,0,0,0
C5120ST,24,470,District-Patan  ,Total,60-69,15,4,11,1,0,1,4,1,3,1,1,0,6,2,4,0,0,0,1,0,1,2,0,2,0,0,0
C5120ST,24,470,District-Patan  ,Total,70-79,6,4,2,4,2,2,1,1,0,0,0,0,0,0,0,0,0,0,0,0,0,0,0,0,1,1,0
C5120ST,24,470,District-Patan  ,Total,80-89,3,1,2,1,0,1,0,0,0,0,0,0,0,0,0,0,0,0,0,0,0,1,0,1,1,1,0
C5120ST,24,470,District-Patan  ,Total,90+,1,0,1,0,0,0,0,0,0,0,0,0,1,0,1,0,0,0,0,0,0,0,0,0,0,0,0
C5120ST,24,470,District-Patan  ,Total,Age Not Stated,0,0,0,0,0,0,0,0,0,0,0,0,0,0,0,0,0,0,0,0,0,0,0,0,0,0,0
C5120ST,24,470,District-Patan  ,Rural,Total,76,47,29,11,5,6,16,11,5,3,3,0,22,15,7,5,4,1,4,2,2,13,6,7,2,1,1
C5120ST,24,470,District-Patan  ,Rural,0-4,9,6,3,2,1,1,4,3,1,1,1,0,0,0,0,1,1,0,0,0,0,1,0,1,0,0,0
C5120ST,24,470,District-Patan  ,Rural,5-9,6,5,1,0,0,0,1,1,0,0,0,0,1,0,1,1,1,0,1,1,0,2,2,0,0,0,0
C5120ST,24,470,District-Patan  ,Rural,10-19,17,13,4,1,1,0,3,3,0,1,1,0,5,4,1,3,2,1,1,1,0,2,1,1,1,0,1
C5120ST,24,470,District-Patan  ,Rural,20-29,18,11,7,3,1,2,3,1,2,0,0,0,11,8,3,0,0,0,0,0,0,1,1,0,0,0,0
C5120ST,24,470,District-Patan  ,Rural,30-39,5,3,2,1,0,1,0,0,0,0,0,0,2,2,0,0,0,0,0,0,0,2,1,1,0,0,0
C5120ST,24,470,District-Patan  ,Rural,40-49,4,2,2,1,1,0,0,0,0,0,0,0,2,1,1,0,0,0,1,0,1,0,0,0,0,0,0
C5120ST,24,470,District-Patan  ,Rural,50-59,4,3,1,0,0,0,2,2,0,0,0,0,0,0,0,0,0,0,0,0,0,2,1,1,0,0,0
C5120ST,24,470,District-Patan  ,Rural,60-69,8,1,7,1,0,1,2,0,2,1,1,0,1,0,1,0,0,0,1,0,1,2,0,2,0,0,0
C5120ST,24,470,District-Patan  ,Rural,70-79,3,2,1,2,1,1,1,1,0,0,0,0,0,0,0,0,0,0,0,0,0,0,0,0,0,0,0
C5120ST,24,470,District-Patan  ,Rural,80-89,2,1,1,0,0,0,0,0,0,0,0,0,0,0,0,0,0,0,0,0,0,1,0,1,1,1,0
C5120ST,24,470,District-Patan  ,Rural,90+,0,0,0,0,0,0,0,0,0,0,0,0,0,0,0,0,0,0,0,0,0,0,0,0,0,0,0
C5120ST,24,470,District-Patan  ,Rural,Age Not Stated,0,0,0,0,0,0,0,0,0,0,0,0,0,0,0,0,0,0,0,0,0,0,0,0,0,0,0
C5120ST,24,470,District-Patan  ,Urban,Total,126,73,53,35,22,13,13,7,6,1,0,1,29,19,10,10,5,5,8,4,4,14,6,8,16,10,6
C5120ST,24,470,District-Patan  ,Urban,0-4,2,1,1,2,1,1,0,0,0,0,0,0,0,0,0,0,0,0,0,0,0,0,0,0,0,0,0
C5120ST,24,470,District-Patan  ,Urban,5-9,9,3,6,4,1,3,0,0,0,1,0,1,1,0,1,1,1,0,0,0,0,1,0,1,1,1,0
C5120ST,24,470,District-Patan  ,Urban,10-19,37,21,16,15,10,5,5,2,3,0,0,0,3,3,0,4,1,3,1,0,1,3,2,1,6,3,3
C5120ST,24,470,District-Patan  ,Urban,20-29,20,15,5,2,2,0,1,1,0,0,0,0,6,4,2,2,2,0,3,1,2,3,2,1,3,3,0
C5120ST,24,470,District-Patan  ,Urban,30-39,21,12,9,6,5,1,1,0,1,0,0,0,5,4,1,2,0,2,2,2,0,3,0,3,2,1,1
C5120ST,24,470,District-Patan  ,Urban,40-49,20,14,6,2,1,1,3,3,0,0,0,0,6,5,1,1,1,0,2,1,1,3,2,1,3,1,2
C5120ST,24,470,District-Patan  ,Urban,50-59,5,2,3,1,1,0,1,0,1,0,0,0,2,1,1,0,0,0,0,0,0,1,0,1,0,0,0
C5120ST,24,470,District-Patan  ,Urban,60-69,7,3,4,0,0,0,2,1,1,0,0,0,5,2,3,0,0,0,0,0,0,0,0,0,0,0,0
C5120ST,24,470,District-Patan  ,Urban,70-79,3,2,1,2,1,1,0,0,0,0,0,0,0,0,0,0,0,0,0,0,0,0,0,0,1,1,0
C5120ST,24,470,District-Patan  ,Urban,80-89,1,0,1,1,0,1,0,0,0,0,0,0,0,0,0,0,0,0,0,0,0,0,0,0,0,0,0
C5120ST,24,470,District-Patan  ,Urban,90+,1,0,1,0,0,0,0,0,0,0,0,0,1,0,1,0,0,0,0,0,0,0,0,0,0,0,0
C5120ST,24,470,District-Patan  ,Urban,Age Not Stated,0,0,0,0,0,0,0,0,0,0,0,0,0,0,0,0,0,0,0,0,0,0,0,0,0,0,0
C5120ST,24,471,District-Mahesana,Total,Total,170,103,67,21,12,9,41,23,18,10,7,3,24,18,6,6,2,4,4,3,1,57,33,24,7,5,2
C5120ST,24,471,District-Mahesana,Total,0-4,11,7,4,1,1,0,1,1,0,0,0,0,2,1,1,0,0,0,0,0,0,6,4,2,1,0,1
C5120ST,24,471,District-Mahesana,Total,5-9,13,7,6,2,1,1,3,1,2,0,0,0,2,1,1,1,0,1,0,0,0,5,4,1,0,0,0
C5120ST,24,471,District-Mahesana,Total,10-19,35,23,12,3,2,1,11,5,6,4,2,2,2,2,0,2,1,1,0,0,0,11,9,2,2,2,0
C5120ST,24,471,District-Mahesana,Total,20-29,29,17,12,1,1,0,8,5,3,3,3,0,3,2,1,0,0,0,0,0,0,12,4,8,2,2,0
C5120ST,24,471,District-Mahesana,Total,30-39,30,16,14,6,3,3,6,4,2,2,1,1,6,4,2,1,1,0,2,2,0,6,1,5,1,0,1
C5120ST,24,471,District-Mahesana,Total,40-49,15,12,3,1,1,0,3,3,0,0,0,0,1,1,0,1,0,1,0,0,0,8,6,2,1,1,0
C5120ST,24,471,District-Mahesana,Total,50-59,16,8,8,2,1,1,5,1,4,0,0,0,4,3,1,1,0,1,2,1,1,2,2,0,0,0,0
C5120ST,24,471,District-Mahesana,Total,60-69,12,8,4,4,2,2,3,2,1,0,0,0,3,3,0,0,0,0,0,0,0,2,1,1,0,0,0
C5120ST,24,471,District-Mahesana,Total,70-79,7,3,4,1,0,1,1,1,0,0,0,0,1,1,0,0,0,0,0,0,0,4,1,3,0,0,0
C5120ST,24,471,District-Mahesana,Total,80-89,1,1,0,0,0,0,0,0,0,1,1,0,0,0,0,0,0,0,0,0,0,0,0,0,0,0,0
C5120ST,24,471,District-Mahesana,Total,90+,0,0,0,0,0,0,0,0,0,0,0,0,0,0,0,0,0,0,0,0,0,0,0,0,0,0,0
C5120ST,24,471,District-Mahesana,Total,Age Not Stated,1,1,0,0,0,0,0,0,0,0,0,0,0,0,0,0,0,0,0,0,0,1,1,0,0,0,0
C5120ST,24,471,District-Mahesana,Rural,Total,39,23,16,5,3,2,12,5,7,5,3,2,6,4,2,1,0,1,0,0,0,9,7,2,1,1,0
C5120ST,24,471,District-Mahesana,Rural,0-4,4,2,2,0,0,0,0,0,0,0,0,0,1,0,1,0,0,0,0,0,0,3,2,1,0,0,0
C5120ST,24,471,District-Mahesana,Rural,5-9,4,2,2,0,0,0,2,0,2,0,0,0,1,1,0,0,0,0,0,0,0,1,1,0,0,0,0
C5120ST,24,471,District-Mahesana,Rural,10-19,8,4,4,2,1,1,2,1,1,1,0,1,1,1,0,1,0,1,0,0,0,1,1,0,0,0,0
C5120ST,24,471,District-Mahesana,Rural,20-29,8,4,4,0,0,0,4,2,2,1,1,0,1,0,1,0,0,0,0,0,0,2,1,1,0,0,0
C5120ST,24,471,District-Mahesana,Rural,30-39,7,5,2,1,1,0,2,1,1,2,1,1,1,1,0,0,0,0,0,0,0,1,1,0,0,0,0
C5120ST,24,471,District-Mahesana,Rural,40-49,2,2,0,0,0,0,0,0,0,0,0,0,0,0,0,0,0,0,0,0,0,1,1,0,1,1,0
C5120ST,24,471,District-Mahesana,Rural,50-59,3,2,1,1,1,0,1,0,1,0,0,0,1,1,0,0,0,0,0,0,0,0,0,0,0,0,0
C5120ST,24,471,District-Mahesana,Rural,60-69,2,1,1,1,0,1,1,1,0,0,0,0,0,0,0,0,0,0,0,0,0,0,0,0,0,0,0
C5120ST,24,471,District-Mahesana,Rural,70-79,0,0,0,0,0,0,0,0,0,0,0,0,0,0,0,0,0,0,0,0,0,0,0,0,0,0,0
C5120ST,24,471,District-Mahesana,Rural,80-89,1,1,0,0,0,0,0,0,0,1,1,0,0,0,0,0,0,0,0,0,0,0,0,0,0,0,0
C5120ST,24,471,District-Mahesana,Rural,90+,0,0,0,0,0,0,0,0,0,0,0,0,0,0,0,0,0,0,0,0,0,0,0,0,0,0,0
C5120ST,24,471,District-Mahesana,Rural,Age Not Stated,0,0,0,0,0,0,0,0,0,0,0,0,0,0,0,0,0,0,0,0,0,0,0,0,0,0,0
C5120ST,24,471,District-Mahesana,Urban,Total,131,80,51,16,9,7,29,18,11,5,4,1,18,14,4,5,2,3,4,3,1,48,26,22,6,4,2
C5120ST,24,471,District-Mahesana,Urban,0-4,7,5,2,1,1,0,1,1,0,0,0,0,1,1,0,0,0,0,0,0,0,3,2,1,1,0,1
C5120ST,24,471,District-Mahesana,Urban,5-9,9,5,4,2,1,1,1,1,0,0,0,0,1,0,1,1,0,1,0,0,0,4,3,1,0,0,0
C5120ST,24,471,District-Mahesana,Urban,10-19,27,19,8,1,1,0,9,4,5,3,2,1,1,1,0,1,1,0,0,0,0,10,8,2,2,2,0
C5120ST,24,471,District-Mahesana,Urban,20-29,21,13,8,1,1,0,4,3,1,2,2,0,2,2,0,0,0,0,0,0,0,10,3,7,2,2,0
C5120ST,24,471,District-Mahesana,Urban,30-39,23,11,12,5,2,3,4,3,1,0,0,0,5,3,2,1,1,0,2,2,0,5,0,5,1,0,1
C5120ST,24,471,District-Mahesana,Urban,40-49,13,10,3,1,1,0,3,3,0,0,0,0,1,1,0,1,0,1,0,0,0,7,5,2,0,0,0
C5120ST,24,471,District-Mahesana,Urban,50-59,13,6,7,1,0,1,4,1,3,0,0,0,3,2,1,1,0,1,2,1,1,2,2,0,0,0,0
C5120ST,24,471,District-Mahesana,Urban,60-69,10,7,3,3,2,1,2,1,1,0,0,0,3,3,0,0,0,0,0,0,0,2,1,1,0,0,0
C5120ST,24,471,District-Mahesana,Urban,70-79,7,3,4,1,0,1,1,1,0,0,0,0,1,1,0,0,0,0,0,0,0,4,1,3,0,0,0
C5120ST,24,471,District-Mahesana,Urban,80-89,0,0,0,0,0,0,0,0,0,0,0,0,0,0,0,0,0,0,0,0,0,0,0,0,0,0,0
C5120ST,24,471,District-Mahesana,Urban,90+,0,0,0,0,0,0,0,0,0,0,0,0,0,0,0,0,0,0,0,0,0,0,0,0,0,0,0
C5120ST,24,471,District-Mahesana,Urban,Age Not Stated,1,1,0,0,0,0,0,0,0,0,0,0,0,0,0,0,0,0,0,0,0,1,1,0,0,0,0
C5120ST,24,472,District-Sabar Kantha,Total,Total,7418,4189,3229,1331,670,661,1111,614,497,255,152,103,2298,1410,888,456,271,185,381,229,152,992,511,481,594,332,262
C5120ST,24,472,District-Sabar Kantha,Total,0-4,387,204,183,81,38,43,74,38,36,10,7,3,81,47,34,9,7,2,4,0,4,100,53,47,28,14,14
C5120ST,24,472,District-Sabar Kantha,Total,5-9,679,395,284,108,60,48,115,72,43,66,37,29,134,84,50,75,42,33,18,11,7,81,45,36,82,44,38
C5120ST,24,472,District-Sabar Kantha,Total,10-19,1460,818,642,185,101,84,197,117,80,60,37,23,410,223,187,155,96,59,54,30,24,223,114,109,176,100,76
C5120ST,24,472,District-Sabar Kantha,Total,20-29,1197,726,471,117,68,49,129,68,61,41,22,19,513,332,181,88,55,33,80,54,26,156,82,74,73,45,28
C5120ST,24,472,District-Sabar Kantha,Total,30-39,892,560,332,100,58,42,91,62,29,36,27,9,359,235,124,59,34,25,81,51,30,120,68,52,46,25,21
C5120ST,24,472,District-Sabar Kantha,Total,40-49,766,447,319,128,65,63,117,61,56,16,9,7,266,177,89,32,18,14,75,47,28,93,49,44,39,21,18
C5120ST,24,472,District-Sabar Kantha,Total,50-59,675,371,304,146,67,79,104,52,52,9,4,5,240,153,87,17,9,8,40,23,17,84,37,47,35,26,9
C5120ST,24,472,District-Sabar Kantha,Total,60-69,615,309,306,183,89,94,110,60,50,13,5,8,163,88,75,14,9,5,20,12,8,71,29,42,41,17,24
C5120ST,24,472,District-Sabar Kantha,Total,70-79,457,225,232,182,79,103,99,48,51,3,3,0,92,53,39,5,1,4,3,0,3,36,18,18,37,23,14
C5120ST,24,472,District-Sabar Kantha,Total,80-89,203,95,108,74,37,37,54,25,29,1,1,0,29,11,18,1,0,1,3,0,3,21,12,9,20,9,11
C5120ST,24,472,District-Sabar Kantha,Total,90+,75,32,43,23,8,15,18,8,10,0,0,0,9,5,4,1,0,1,3,1,2,5,3,2,16,7,9
C5120ST,24,472,District-Sabar Kantha,Total,Age Not Stated,12,7,5,4,0,4,3,3,0,0,0,0,2,2,0,0,0,0,0,0,0,2,1,1,1,1,0
C5120ST,24,472,District-Sabar Kantha,Rural,Total,7057,3969,3088,1281,647,634,1071,592,479,237,140,97,2208,1353,855,444,264,180,368,218,150,932,474,458,516,281,235
C5120ST,24,472,District-Sabar Kantha,Rural,0-4,379,199,180,81,38,43,72,36,36,10,7,3,79,46,33,9,7,2,4,0,4,97,51,46,27,14,13
C5120ST,24,472,District-Sabar Kantha,Rural,5-9,650,380,270,106,60,46,113,70,43,65,37,28,131,81,50,73,40,33,17,10,7,73,42,31,72,40,32
C5120ST,24,472,District-Sabar Kantha,Rural,10-19,1351,751,600,172,94,78,191,114,77,55,34,21,397,217,180,150,94,56,54,30,24,206,103,103,126,65,61
C5120ST,24,472,District-Sabar Kantha,Rural,20-29,1119,676,443,107,62,45,122,66,56,37,19,18,485,316,169,85,53,32,73,48,25,145,75,70,65,37,28
C5120ST,24,472,District-Sabar Kantha,Rural,30-39,849,532,317,94,55,39,83,57,26,34,25,9,346,225,121,58,33,25,78,48,30,111,64,47,45,25,20
C5120ST,24,472,District-Sabar Kantha,Rural,40-49,745,437,308,125,65,60,114,60,54,16,9,7,257,172,85,31,18,13,75,47,28,89,45,44,38,21,17
C5120ST,24,472,District-Sabar Kantha,Rural,50-59,641,347,294,138,63,75,98,49,49,7,3,4,228,143,85,17,9,8,39,22,17,80,33,47,34,25,9
C5120ST,24,472,District-Sabar Kantha,Rural,60-69,595,298,297,179,87,92,105,56,49,11,4,7,157,84,73,14,9,5,19,12,7,70,29,41,40,17,23
C5120ST,24,472,District-Sabar Kantha,Rural,70-79,446,218,228,179,78,101,99,48,51,1,1,0,89,51,38,5,1,4,3,0,3,34,16,18,36,23,13
C5120ST,24,472,District-Sabar Kantha,Rural,80-89,198,93,105,73,37,36,53,25,28,1,1,0,28,11,17,1,0,1,3,0,3,21,12,9,18,7,11
C5120ST,24,472,District-Sabar Kantha,Rural,90+,72,31,41,23,8,15,18,8,10,0,0,0,9,5,4,1,0,1,3,1,2,4,3,1,14,6,8
C5120ST,24,472,District-Sabar Kantha,Rural,Age Not Stated,12,7,5,4,0,4,3,3,0,0,0,0,2,2,0,0,0,0,0,0,0,2,1,1,1,1,0
C5120ST,24,472,District-Sabar Kantha,Urban,Total,361,220,141,50,23,27,40,22,18,18,12,6,90,57,33,12,7,5,13,11,2,60,37,23,78,51,27
C5120ST,24,472,District-Sabar Kantha,Urban,0-4,8,5,3,0,0,0,2,2,0,0,0,0,2,1,1,0,0,0,0,0,0,3,2,1,1,0,1
C5120ST,24,472,District-Sabar Kantha,Urban,5-9,29,15,14,2,0,2,2,2,0,1,0,1,3,3,0,2,2,0,1,1,0,8,3,5,10,4,6
C5120ST,24,472,District-Sabar Kantha,Urban,10-19,109,67,42,13,7,6,6,3,3,5,3,2,13,6,7,5,2,3,0,0,0,17,11,6,50,35,15
C5120ST,24,472,District-Sabar Kantha,Urban,20-29,78,50,28,10,6,4,7,2,5,4,3,1,28,16,12,3,2,1,7,6,1,11,7,4,8,8,0
C5120ST,24,472,District-Sabar Kantha,Urban,30-39,43,28,15,6,3,3,8,5,3,2,2,0,13,10,3,1,1,0,3,3,0,9,4,5,1,0,1
C5120ST,24,472,District-Sabar Kantha,Urban,40-49,21,10,11,3,0,3,3,1,2,0,0,0,9,5,4,1,0,1,0,0,0,4,4,0,1,0,1
C5120ST,24,472,District-Sabar Kantha,Urban,50-59,34,24,10,8,4,4,6,3,3,2,1,1,12,10,2,0,0,0,1,1,0,4,4,0,1,1,0
C5120ST,24,472,District-Sabar Kantha,Urban,60-69,20,11,9,4,2,2,5,4,1,2,1,1,6,4,2,0,0,0,1,0,1,1,0,1,1,0,1
C5120ST,24,472,District-Sabar Kantha,Urban,70-79,11,7,4,3,1,2,0,0,0,2,2,0,3,2,1,0,0,0,0,0,0,2,2,0,1,0,1
C5120ST,24,472,District-Sabar Kantha,Urban,80-89,5,2,3,1,0,1,1,0,1,0,0,0,1,0,1,0,0,0,0,0,0,0,0,0,2,2,0
C5120ST,24,472,District-Sabar Kantha,Urban,90+,3,1,2,0,0,0,0,0,0,0,0,0,0,0,0,0,0,0,0,0,0,1,0,1,2,1,1
C5120ST,24,472,District-Sabar Kantha,Urban,Age Not Stated,0,0,0,0,0,0,0,0,0,0,0,0,0,0,0,0,0,0,0,0,0,0,0,0,0,0,0
C5120ST,24,473,District-Gandhinagar,Total,Total,249,150,99,32,18,14,56,29,27,18,9,9,63,46,17,11,7,4,7,3,4,56,33,23,6,5,1
C5120ST,24,473,District-Gandhinagar,Total,0-4,18,7,11,3,1,2,7,2,5,0,0,0,1,1,0,1,0,1,0,0,0,6,3,3,0,0,0
C5120ST,24,473,District-Gandhinagar,Total,5-9,22,9,13,2,0,2,3,1,2,3,1,2,4,2,2,3,2,1,1,1,0,6,2,4,0,0,0
C5120ST,24,473,District-Gandhinagar,Total,10-19,52,36,16,7,5,2,14,9,5,6,3,3,10,9,1,1,1,0,1,1,0,10,6,4,3,2,1
C5120ST,24,473,District-Gandhinagar,Total,20-29,55,35,20,6,1,5,8,5,3,3,2,1,20,13,7,2,1,1,1,1,0,13,10,3,2,2,0
C5120ST,24,473,District-Gandhinagar,Total,30-39,40,23,17,4,3,1,9,3,6,2,1,1,13,11,2,3,2,1,2,0,2,6,2,4,1,1,0
C5120ST,24,473,District-Gandhinagar,Total,40-49,25,14,11,4,3,1,7,4,3,2,1,1,6,3,3,0,0,0,1,0,1,5,3,2,0,0,0
C5120ST,24,473,District-Gandhinagar,Total,50-59,19,15,4,1,1,0,4,3,1,1,0,1,4,4,0,1,1,0,1,0,1,7,6,1,0,0,0
C5120ST,24,473,District-Gandhinagar,Total,60-69,10,8,2,2,2,0,1,1,0,1,1,0,4,3,1,0,0,0,0,0,0,2,1,1,0,0,0
C5120ST,24,473,District-Gandhinagar,Total,70-79,2,0,2,0,0,0,1,0,1,0,0,0,1,0,1,0,0,0,0,0,0,0,0,0,0,0,0
C5120ST,24,473,District-Gandhinagar,Total,80-89,2,0,2,1,0,1,0,0,0,0,0,0,0,0,0,0,0,0,0,0,0,1,0,1,0,0,0
C5120ST,24,473,District-Gandhinagar,Total,90+,0,0,0,0,0,0,0,0,0,0,0,0,0,0,0,0,0,0,0,0,0,0,0,0,0,0,0
C5120ST,24,473,District-Gandhinagar,Total,Age Not Stated,4,3,1,2,2,0,2,1,1,0,0,0,0,0,0,0,0,0,0,0,0,0,0,0,0,0,0
C5120ST,24,473,District-Gandhinagar,Rural,Total,49,29,20,10,4,6,7,4,3,3,2,1,11,8,3,2,1,1,2,2,0,13,7,6,1,1,0
C5120ST,24,473,District-Gandhinagar,Rural,0-4,4,2,2,2,1,1,0,0,0,0,0,0,0,0,0,0,0,0,0,0,0,2,1,1,0,0,0
C5120ST,24,473,District-Gandhinagar,Rural,5-9,8,6,2,0,0,0,0,0,0,0,0,0,2,2,0,1,1,0,1,1,0,4,2,2,0,0,0
C5120ST,24,473,District-Gandhinagar,Rural,10-19,15,10,5,2,1,1,2,1,1,2,1,1,3,3,0,0,0,0,1,1,0,4,2,2,1,1,0
C5120ST,24,473,District-Gandhinagar,Rural,20-29,8,4,4,3,0,3,1,1,0,1,1,0,2,1,1,0,0,0,0,0,0,1,1,0,0,0,0
C5120ST,24,473,District-Gandhinagar,Rural,30-39,6,4,2,1,1,0,2,1,1,0,0,0,2,2,0,1,0,1,0,0,0,0,0,0,0,0,0
C5120ST,24,473,District-Gandhinagar,Rural,40-49,3,1,2,2,1,1,0,0,0,0,0,0,1,0,1,0,0,0,0,0,0,0,0,0,0,0,0
C5120ST,24,473,District-Gandhinagar,Rural,50-59,2,1,1,0,0,0,1,0,1,0,0,0,0,0,0,0,0,0,0,0,0,1,1,0,0,0,0
C5120ST,24,473,District-Gandhinagar,Rural,60-69,1,1,0,0,0,0,1,1,0,0,0,0,0,0,0,0,0,0,0,0,0,0,0,0,0,0,0
C5120ST,24,473,District-Gandhinagar,Rural,70-79,1,0,1,0,0,0,0,0,0,0,0,0,1,0,1,0,0,0,0,0,0,0,0,0,0,0,0
C5120ST,24,473,District-Gandhinagar,Rural,80-89,1,0,1,0,0,0,0,0,0,0,0,0,0,0,0,0,0,0,0,0,0,1,0,1,0,0,0
C5120ST,24,473,District-Gandhinagar,Rural,90+,0,0,0,0,0,0,0,0,0,0,0,0,0,0,0,0,0,0,0,0,0,0,0,0,0,0,0
C5120ST,24,473,District-Gandhinagar,Rural,Age Not Stated,0,0,0,0,0,0,0,0,0,0,0,0,0,0,0,0,0,0,0,0,0,0,0,0,0,0,0
C5120ST,24,473,District-Gandhinagar,Urban,Total,200,121,79,22,14,8,49,25,24,15,7,8,52,38,14,9,6,3,5,1,4,43,26,17,5,4,1
C5120ST,24,473,District-Gandhinagar,Urban,0-4,14,5,9,1,0,1,7,2,5,0,0,0,1,1,0,1,0,1,0,0,0,4,2,2,0,0,0
C5120ST,24,473,District-Gandhinagar,Urban,5-9,14,3,11,2,0,2,3,1,2,3,1,2,2,0,2,2,1,1,0,0,0,2,0,2,0,0,0
C5120ST,24,473,District-Gandhinagar,Urban,10-19,37,26,11,5,4,1,12,8,4,4,2,2,7,6,1,1,1,0,0,0,0,6,4,2,2,1,1
C5120ST,24,473,District-Gandhinagar,Urban,20-29,47,31,16,3,1,2,7,4,3,2,1,1,18,12,6,2,1,1,1,1,0,12,9,3,2,2,0
C5120ST,24,473,District-Gandhinagar,Urban,30-39,34,19,15,3,2,1,7,2,5,2,1,1,11,9,2,2,2,0,2,0,2,6,2,4,1,1,0
C5120ST,24,473,District-Gandhinagar,Urban,40-49,22,13,9,2,2,0,7,4,3,2,1,1,5,3,2,0,0,0,1,0,1,5,3,2,0,0,0
C5120ST,24,473,District-Gandhinagar,Urban,50-59,17,14,3,1,1,0,3,3,0,1,0,1,4,4,0,1,1,0,1,0,1,6,5,1,0,0,0
C5120ST,24,473,District-Gandhinagar,Urban,60-69,9,7,2,2,2,0,0,0,0,1,1,0,4,3,1,0,0,0,0,0,0,2,1,1,0,0,0
C5120ST,24,473,District-Gandhinagar,Urban,70-79,1,0,1,0,0,0,1,0,1,0,0,0,0,0,0,0,0,0,0,0,0,0,0,0,0,0,0
C5120ST,24,473,District-Gandhinagar,Urban,80-89,1,0,1,1,0,1,0,0,0,0,0,0,0,0,0,0,0,0,0,0,0,0,0,0,0,0,0
C5120ST,24,473,District-Gandhinagar,Urban,90+,0,0,0,0,0,0,0,0,0,0,0,0,0,0,0,0,0,0,0,0,0,0,0,0,0,0,0
C5120ST,24,473,District-Gandhinagar,Urban,Age Not Stated,4,3,1,2,2,0,2,1,1,0,0,0,0,0,0,0,0,0,0,0,0,0,0,0,0,0,0
C5120ST,24,474,District-Ahmadabad,Total,Total,2824,1533,1291,774,388,386,784,403,381,109,64,45,382,231,151,89,54,35,48,36,12,537,296,241,101,61,40
C5120ST,24,474,District-Ahmadabad,Total,0-4,192,95,97,60,28,32,58,25,33,2,2,0,12,7,5,2,2,0,2,1,1,49,24,25,7,6,1
C5120ST,24,474,District-Ahmadabad,Total,5-9,215,109,106,59,29,30,66,27,39,11,4,7,14,7,7,8,6,2,2,2,0,41,23,18,14,11,3
C5120ST,24,474,District-Ahmadabad,Total,10-19,528,267,261,153,69,84,151,85,66,16,9,7,66,36,30,31,17,14,7,4,3,94,43,51,10,4,6
C5120ST,24,474,District-Ahmadabad,Total,20-29,553,301,252,154,79,75,143,69,74,28,17,11,68,38,30,17,10,7,10,7,3,121,73,48,12,8,4
C5120ST,24,474,District-Ahmadabad,Total,30-39,437,244,193,113,59,54,123,68,55,16,7,9,69,43,26,12,7,5,10,8,2,78,41,37,16,11,5
C5120ST,24,474,District-Ahmadabad,Total,40-49,369,239,130,88,53,35,99,56,43,13,8,5,60,46,14,11,8,3,11,10,1,81,54,27,6,4,2
C5120ST,24,474,District-Ahmadabad,Total,50-59,235,138,97,66,35,31,68,37,31,12,11,1,38,27,11,6,4,2,5,3,2,35,18,17,5,3,2
C5120ST,24,474,District-Ahmadabad,Total,60-69,153,78,75,47,25,22,37,17,20,6,3,3,27,15,12,0,0,0,1,1,0,22,12,10,13,5,8
C5120ST,24,474,District-Ahmadabad,Total,70-79,94,41,53,26,8,18,24,12,12,2,2,0,22,9,13,0,0,0,0,0,0,8,5,3,12,5,7
C5120ST,24,474,District-Ahmadabad,Total,80-89,21,8,13,5,3,2,3,1,2,1,0,1,4,2,2,0,0,0,0,0,0,5,1,4,3,1,2
C5120ST,24,474,District-Ahmadabad,Total,90+,12,8,4,2,0,2,3,3,0,1,1,0,1,0,1,1,0,1,0,0,0,1,1,0,3,3,0
C5120ST,24,474,District-Ahmadabad,Total,Age Not Stated,15,5,10,1,0,1,9,3,6,1,0,1,1,1,0,1,0,1,0,0,0,2,1,1,0,0,0
C5120ST,24,474,District-Ahmadabad,Rural,Total,284,157,127,59,31,28,32,17,15,11,7,4,74,41,33,11,5,6,3,2,1,58,35,23,36,19,17
C5120ST,24,474,District-Ahmadabad,Rural,0-4,20,11,9,4,2,2,2,2,0,0,0,0,3,0,3,0,0,0,1,1,0,10,6,4,0,0,0
C5120ST,24,474,District-Ahmadabad,Rural,5-9,20,11,9,2,2,0,1,0,1,3,1,2,2,1,1,1,0,1,0,0,0,7,4,3,4,3,1
C5120ST,24,474,District-Ahmadabad,Rural,10-19,37,23,14,5,3,2,6,4,2,3,3,0,11,5,6,5,3,2,0,0,0,7,5,2,0,0,0
C5120ST,24,474,District-Ahmadabad,Rural,20-29,36,16,20,7,5,2,1,1,0,1,0,1,21,8,13,1,0,1,1,0,1,4,2,2,0,0,0
C5120ST,24,474,District-Ahmadabad,Rural,30-39,28,17,11,7,5,2,1,1,0,1,0,1,6,4,2,2,1,1,0,0,0,7,4,3,4,2,2
C5120ST,24,474,District-Ahmadabad,Rural,40-49,41,30,11,5,3,2,6,3,3,1,1,0,14,11,3,1,1,0,0,0,0,11,8,3,3,3,0
C5120ST,24,474,District-Ahmadabad,Rural,50-59,26,14,12,10,4,6,2,1,1,1,1,0,5,4,1,1,0,1,1,1,0,5,2,3,1,1,0
C5120ST,24,474,District-Ahmadabad,Rural,60-69,39,20,19,13,6,7,6,3,3,1,1,0,5,5,0,0,0,0,0,0,0,4,2,2,10,3,7
C5120ST,24,474,District-Ahmadabad,Rural,70-79,29,12,17,4,1,3,7,2,5,0,0,0,6,3,3,0,0,0,0,0,0,3,2,1,9,4,5
C5120ST,24,474,District-Ahmadabad,Rural,80-89,5,1,4,1,0,1,0,0,0,0,0,0,1,0,1,0,0,0,0,0,0,0,0,0,3,1,2
C5120ST,24,474,District-Ahmadabad,Rural,90+,2,2,0,0,0,0,0,0,0,0,0,0,0,0,0,0,0,0,0,0,0,0,0,0,2,2,0
C5120ST,24,474,District-Ahmadabad,Rural,Age Not Stated,1,0,1,1,0,1,0,0,0,0,0,0,0,0,0,0,0,0,0,0,0,0,0,0,0,0,0
C5120ST,24,474,District-Ahmadabad,Urban,Total,2540,1376,1164,715,357,358,752,386,366,98,57,41,308,190,118,78,49,29,45,34,11,479,261,218,65,42,23
C5120ST,24,474,District-Ahmadabad,Urban,0-4,172,84,88,56,26,30,56,23,33,2,2,0,9,7,2,2,2,0,1,0,1,39,18,21,7,6,1
C5120ST,24,474,District-Ahmadabad,Urban,5-9,195,98,97,57,27,30,65,27,38,8,3,5,12,6,6,7,6,1,2,2,0,34,19,15,10,8,2
C5120ST,24,474,District-Ahmadabad,Urban,10-19,491,244,247,148,66,82,145,81,64,13,6,7,55,31,24,26,14,12,7,4,3,87,38,49,10,4,6
C5120ST,24,474,District-Ahmadabad,Urban,20-29,517,285,232,147,74,73,142,68,74,27,17,10,47,30,17,16,10,6,9,7,2,117,71,46,12,8,4
C5120ST,24,474,District-Ahmadabad,Urban,30-39,409,227,182,106,54,52,122,67,55,15,7,8,63,39,24,10,6,4,10,8,2,71,37,34,12,9,3
C5120ST,24,474,District-Ahmadabad,Urban,40-49,328,209,119,83,50,33,93,53,40,12,7,5,46,35,11,10,7,3,11,10,1,70,46,24,3,1,2
C5120ST,24,474,District-Ahmadabad,Urban,50-59,209,124,85,56,31,25,66,36,30,11,10,1,33,23,10,5,4,1,4,2,2,30,16,14,4,2,2
C5120ST,24,474,District-Ahmadabad,Urban,60-69,114,58,56,34,19,15,31,14,17,5,2,3,22,10,12,0,0,0,1,1,0,18,10,8,3,2,1
C5120ST,24,474,District-Ahmadabad,Urban,70-79,65,29,36,22,7,15,17,10,7,2,2,0,16,6,10,0,0,0,0,0,0,5,3,2,3,1,2
C5120ST,24,474,District-Ahmadabad,Urban,80-89,16,7,9,4,3,1,3,1,2,1,0,1,3,2,1,0,0,0,0,0,0,5,1,4,0,0,0
C5120ST,24,474,District-Ahmadabad,Urban,90+,10,6,4,2,0,2,3,3,0,1,1,0,1,0,1,1,0,1,0,0,0,1,1,0,1,1,0
C5120ST,24,474,District-Ahmadabad,Urban,Age Not Stated,14,5,9,0,0,0,9,3,6,1,0,1,1,1,0,1,0,1,0,0,0,2,1,1,0,0,0
C5120ST,24,475,District-Surendranagar,Total,Total,294,167,127,45,24,21,59,32,27,19,14,5,75,42,33,15,9,6,11,8,3,52,31,21,18,7,11
C5120ST,24,475,District-Surendranagar,Total,0-4,12,8,4,0,0,0,5,4,1,1,1,0,1,0,1,1,1,0,0,0,0,4,2,2,0,0,0
C5120ST,24,475,District-Surendranagar,Total,5-9,24,16,8,4,2,2,5,4,1,4,3,1,4,2,2,1,1,0,0,0,0,3,3,0,3,1,2
C5120ST,24,475,District-Surendranagar,Total,10-19,60,40,20,5,3,2,5,2,3,7,6,1,23,17,6,5,3,2,3,2,1,11,6,5,1,1,0
C5120ST,24,475,District-Surendranagar,Total,20-29,52,28,24,5,2,3,9,3,6,3,2,1,16,9,7,2,2,0,0,0,0,13,9,4,4,1,3
C5120ST,24,475,District-Surendranagar,Total,30-39,36,17,19,4,3,1,5,1,4,1,0,1,11,6,5,5,2,3,2,2,0,6,3,3,2,0,2
C5120ST,24,475,District-Surendranagar,Total,40-49,44,22,22,10,5,5,10,7,3,1,0,1,8,3,5,0,0,0,1,0,1,11,5,6,3,2,1
C5120ST,24,475,District-Surendranagar,Total,50-59,23,17,6,4,4,0,9,6,3,2,2,0,3,3,0,1,0,1,3,2,1,1,0,1,0,0,0
C5120ST,24,475,District-Surendranagar,Total,60-69,20,8,12,5,1,4,7,3,4,0,0,0,4,0,4,0,0,0,1,1,0,3,3,0,0,0,0
C5120ST,24,475,District-Surendranagar,Total,70-79,15,10,5,4,3,1,3,2,1,0,0,0,4,2,2,0,0,0,1,1,0,0,0,0,3,2,1
C5120ST,24,475,District-Surendranagar,Total,80-89,4,1,3,3,1,2,1,0,1,0,0,0,0,0,0,0,0,0,0,0,0,0,0,0,0,0,0
C5120ST,24,475,District-Surendranagar,Total,90+,3,0,3,1,0,1,0,0,0,0,0,0,1,0,1,0,0,0,0,0,0,0,0,0,1,0,1
C5120ST,24,475,District-Surendranagar,Total,Age Not Stated,1,0,1,0,0,0,0,0,0,0,0,0,0,0,0,0,0,0,0,0,0,0,0,0,1,0,1
C5120ST,24,475,District-Surendranagar,Rural,Total,265,151,114,44,24,20,53,30,23,16,13,3,69,36,33,13,7,6,10,8,2,43,26,17,17,7,10
C5120ST,24,475,District-Surendranagar,Rural,0-4,12,8,4,0,0,0,5,4,1,1,1,0,1,0,1,1,1,0,0,0,0,4,2,2,0,0,0
C5120ST,24,475,District-Surendranagar,Rural,5-9,22,14,8,4,2,2,5,4,1,3,2,1,4,2,2,0,0,0,0,0,0,3,3,0,3,1,2
C5120ST,24,475,District-Surendranagar,Rural,10-19,54,37,17,5,3,2,3,2,1,6,6,0,21,15,6,5,3,2,3,2,1,10,5,5,1,1,0
C5120ST,24,475,District-Surendranagar,Rural,20-29,47,24,23,5,2,3,8,2,6,3,2,1,15,8,7,2,2,0,0,0,0,11,7,4,3,1,2
C5120ST,24,475,District-Surendranagar,Rural,30-39,29,14,15,4,3,1,4,1,3,0,0,0,10,5,5,4,1,3,2,2,0,3,2,1,2,0,2
C5120ST,24,475,District-Surendranagar,Rural,40-49,40,21,19,10,5,5,10,7,3,1,0,1,8,3,5,0,0,0,0,0,0,8,4,4,3,2,1
C5120ST,24,475,District-Surendranagar,Rural,50-59,20,14,6,4,4,0,8,5,3,2,2,0,1,1,0,1,0,1,3,2,1,1,0,1,0,0,0
C5120ST,24,475,District-Surendranagar,Rural,60-69,18,8,10,4,1,3,6,3,3,0,0,0,4,0,4,0,0,0,1,1,0,3,3,0,0,0,0
C5120ST,24,475,District-Surendranagar,Rural,70-79,15,10,5,4,3,1,3,2,1,0,0,0,4,2,2,0,0,0,1,1,0,0,0,0,3,2,1
C5120ST,24,475,District-Surendranagar,Rural,80-89,4,1,3,3,1,2,1,0,1,0,0,0,0,0,0,0,0,0,0,0,0,0,0,0,0,0,0
C5120ST,24,475,District-Surendranagar,Rural,90+,3,0,3,1,0,1,0,0,0,0,0,0,1,0,1,0,0,0,0,0,0,0,0,0,1,0,1
C5120ST,24,475,District-Surendranagar,Rural,Age Not Stated,1,0,1,0,0,0,0,0,0,0,0,0,0,0,0,0,0,0,0,0,0,0,0,0,1,0,1
C5120ST,24,475,District-Surendranagar,Urban,Total,29,16,13,1,0,1,6,2,4,3,1,2,6,6,0,2,2,0,1,0,1,9,5,4,1,0,1
C5120ST,24,475,District-Surendranagar,Urban,0-4,0,0,0,0,0,0,0,0,0,0,0,0,0,0,0,0,0,0,0,0,0,0,0,0,0,0,0
C5120ST,24,475,District-Surendranagar,Urban,5-9,2,2,0,0,0,0,0,0,0,1,1,0,0,0,0,1,1,0,0,0,0,0,0,0,0,0,0
C5120ST,24,475,District-Surendranagar,Urban,10-19,6,3,3,0,0,0,2,0,2,1,0,1,2,2,0,0,0,0,0,0,0,1,1,0,0,0,0
C5120ST,24,475,District-Surendranagar,Urban,20-29,5,4,1,0,0,0,1,1,0,0,0,0,1,1,0,0,0,0,0,0,0,2,2,0,1,0,1
C5120ST,24,475,District-Surendranagar,Urban,30-39,7,3,4,0,0,0,1,0,1,1,0,1,1,1,0,1,1,0,0,0,0,3,1,2,0,0,0
C5120ST,24,475,District-Surendranagar,Urban,40-49,4,1,3,0,0,0,0,0,0,0,0,0,0,0,0,0,0,0,1,0,1,3,1,2,0,0,0
C5120ST,24,475,District-Surendranagar,Urban,50-59,3,3,0,0,0,0,1,1,0,0,0,0,2,2,0,0,0,0,0,0,0,0,0,0,0,0,0
C5120ST,24,475,District-Surendranagar,Urban,60-69,2,0,2,1,0,1,1,0,1,0,0,0,0,0,0,0,0,0,0,0,0,0,0,0,0,0,0
C5120ST,24,475,District-Surendranagar,Urban,70-79,0,0,0,0,0,0,0,0,0,0,0,0,0,0,0,0,0,0,0,0,0,0,0,0,0,0,0
C5120ST,24,475,District-Surendranagar,Urban,80-89,0,0,0,0,0,0,0,0,0,0,0,0,0,0,0,0,0,0,0,0,0,0,0,0,0,0,0
C5120ST,24,475,District-Surendranagar,Urban,90+,0,0,0,0,0,0,0,0,0,0,0,0,0,0,0,0,0,0,0,0,0,0,0,0,0,0,0
C5120ST,24,475,District-Surendranagar,Urban,Age Not Stated,0,0,0,0,0,0,0,0,0,0,0,0,0,0,0,0,0,0,0,0,0,0,0,0,0,0,0
C5120ST,24,476,District-Rajkot,Total,Total,368,196,172,89,46,43,54,27,27,15,8,7,80,53,27,12,4,8,8,5,3,95,43,52,15,10,5
C5120ST,24,476,District-Rajkot,Total,0-4,27,19,8,6,3,3,2,2,0,0,0,0,4,4,0,2,1,1,0,0,0,13,9,4,0,0,0
C5120ST,24,476,District-Rajkot,Total,5-9,25,15,10,5,3,2,2,1,1,2,2,0,3,2,1,0,0,0,1,1,0,10,5,5,2,1,1
C5120ST,24,476,District-Rajkot,Total,10-19,67,31,36,17,9,8,12,4,8,6,1,5,9,3,6,3,2,1,1,0,1,15,8,7,4,4,0
C5120ST,24,476,District-Rajkot,Total,20-29,79,39,40,17,9,8,8,3,5,2,1,1,24,17,7,1,1,0,2,1,1,22,6,16,3,1,2
C5120ST,24,476,District-Rajkot,Total,30-39,59,36,23,15,9,6,9,7,2,1,1,0,17,12,5,1,0,1,1,1,0,15,6,9,0,0,0
C5120ST,24,476,District-Rajkot,Total,40-49,40,21,19,11,5,6,4,3,1,4,3,1,4,2,2,2,0,2,3,2,1,11,5,6,1,1,0
C5120ST,24,476,District-Rajkot,Total,50-59,23,11,12,5,2,3,4,2,2,0,0,0,8,6,2,2,0,2,0,0,0,3,1,2,1,0,1
C5120ST,24,476,District-Rajkot,Total,60-69,19,8,11,5,1,4,5,1,4,0,0,0,3,2,1,0,0,0,0,0,0,5,3,2,1,1,0
C5120ST,24,476,District-Rajkot,Total,70-79,16,10,6,5,4,1,3,1,2,0,0,0,5,4,1,1,0,1,0,0,0,0,0,0,2,1,1
C5120ST,24,476,District-Rajkot,Total,80-89,7,5,2,2,1,1,4,3,1,0,0,0,1,1,0,0,0,0,0,0,0,0,0,0,0,0,0
C5120ST,24,476,District-Rajkot,Total,90+,2,0,2,0,0,0,1,0,1,0,0,0,0,0,0,0,0,0,0,0,0,1,0,1,0,0,0
C5120ST,24,476,District-Rajkot,Total,Age Not Stated,4,1,3,1,0,1,0,0,0,0,0,0,2,0,2,0,0,0,0,0,0,0,0,0,1,1,0
C5120ST,24,476,District-Rajkot,Rural,Total,86,43,43,17,10,7,11,4,7,4,2,2,26,14,12,2,0,2,1,0,1,20,10,10,5,3,2
C5120ST,24,476,District-Rajkot,Rural,0-4,4,3,1,3,2,1,0,0,0,0,0,0,0,0,0,0,0,0,0,0,0,1,1,0,0,0,0
C5120ST,24,476,District-Rajkot,Rural,5-9,7,2,5,2,1,1,0,0,0,0,0,0,0,0,0,0,0,0,0,0,0,5,1,4,0,0,0
C5120ST,24,476,District-Rajkot,Rural,10-19,16,6,10,1,1,0,2,0,2,2,0,2,5,1,4,1,0,1,1,0,1,2,2,0,2,2,0
C5120ST,24,476,District-Rajkot,Rural,20-29,20,9,11,4,1,3,3,1,2,1,1,0,6,3,3,0,0,0,0,0,0,6,3,3,0,0,0
C5120ST,24,476,District-Rajkot,Rural,30-39,21,14,7,6,5,1,1,1,0,0,0,0,11,7,4,0,0,0,0,0,0,3,1,2,0,0,0
C5120ST,24,476,District-Rajkot,Rural,40-49,5,4,1,0,0,0,1,1,0,1,1,0,1,1,0,0,0,0,0,0,0,2,1,1,0,0,0
C5120ST,24,476,District-Rajkot,Rural,50-59,3,1,2,0,0,0,1,0,1,0,0,0,0,0,0,0,0,0,0,0,0,1,1,0,1,0,1
C5120ST,24,476,District-Rajkot,Rural,60-69,4,2,2,1,0,1,1,0,1,0,0,0,1,1,0,0,0,0,0,0,0,0,0,0,1,1,0
C5120ST,24,476,District-Rajkot,Rural,70-79,5,1,4,0,0,0,1,0,1,0,0,0,2,1,1,1,0,1,0,0,0,0,0,0,1,0,1
C5120ST,24,476,District-Rajkot,Rural,80-89,1,1,0,0,0,0,1,1,0,0,0,0,0,0,0,0,0,0,0,0,0,0,0,0,0,0,0
C5120ST,24,476,District-Rajkot,Rural,90+,0,0,0,0,0,0,0,0,0,0,0,0,0,0,0,0,0,0,0,0,0,0,0,0,0,0,0
C5120ST,24,476,District-Rajkot,Rural,Age Not Stated,0,0,0,0,0,0,0,0,0,0,0,0,0,0,0,0,0,0,0,0,0,0,0,0,0,0,0
C5120ST,24,476,District-Rajkot,Urban,Total,282,153,129,72,36,36,43,23,20,11,6,5,54,39,15,10,4,6,7,5,2,75,33,42,10,7,3
C5120ST,24,476,District-Rajkot,Urban,0-4,23,16,7,3,1,2,2,2,0,0,0,0,4,4,0,2,1,1,0,0,0,12,8,4,0,0,0
C5120ST,24,476,District-Rajkot,Urban,5-9,18,13,5,3,2,1,2,1,1,2,2,0,3,2,1,0,0,0,1,1,0,5,4,1,2,1,1
C5120ST,24,476,District-Rajkot,Urban,10-19,51,25,26,16,8,8,10,4,6,4,1,3,4,2,2,2,2,0,0,0,0,13,6,7,2,2,0
C5120ST,24,476,District-Rajkot,Urban,20-29,59,30,29,13,8,5,5,2,3,1,0,1,18,14,4,1,1,0,2,1,1,16,3,13,3,1,2
C5120ST,24,476,District-Rajkot,Urban,30-39,38,22,16,9,4,5,8,6,2,1,1,0,6,5,1,1,0,1,1,1,0,12,5,7,0,0,0
C5120ST,24,476,District-Rajkot,Urban,40-49,35,17,18,11,5,6,3,2,1,3,2,1,3,1,2,2,0,2,3,2,1,9,4,5,1,1,0
C5120ST,24,476,District-Rajkot,Urban,50-59,20,10,10,5,2,3,3,2,1,0,0,0,8,6,2,2,0,2,0,0,0,2,0,2,0,0,0
C5120ST,24,476,District-Rajkot,Urban,60-69,15,6,9,4,1,3,4,1,3,0,0,0,2,1,1,0,0,0,0,0,0,5,3,2,0,0,0
C5120ST,24,476,District-Rajkot,Urban,70-79,11,9,2,5,4,1,2,1,1,0,0,0,3,3,0,0,0,0,0,0,0,0,0,0,1,1,0
C5120ST,24,476,District-Rajkot,Urban,80-89,6,4,2,2,1,1,3,2,1,0,0,0,1,1,0,0,0,0,0,0,0,0,0,0,0,0,0
C5120ST,24,476,District-Rajkot,Urban,90+,2,0,2,0,0,0,1,0,1,0,0,0,0,0,0,0,0,0,0,0,0,1,0,1,0,0,0
C5120ST,24,476,District-Rajkot,Urban,Age Not Stated,4,1,3,1,0,1,0,0,0,0,0,0,2,0,2,0,0,0,0,0,0,0,0,0,1,1,0
C5120ST,24,477,District-Jamnagar,Total,Total,532,287,245,61,28,33,97,51,46,36,24,12,104,67,37,17,10,7,13,3,10,159,83,76,45,21,24
C5120ST,24,477,District-Jamnagar,Total,0-4,35,15,20,4,0,4,9,4,5,1,0,1,7,3,4,0,0,0,0,0,0,13,7,6,1,1,0
C5120ST,24,477,District-Jamnagar,Total,5-9,47,29,18,7,7,0,4,3,1,7,5,2,2,1,1,3,1,2,1,0,1,17,9,8,6,3,3
C5120ST,24,477,District-Jamnagar,Total,10-19,81,42,39,9,2,7,11,8,3,12,8,4,5,2,3,7,4,3,2,0,2,32,16,16,3,2,1
C5120ST,24,477,District-Jamnagar,Total,20-29,91,57,34,7,3,4,16,7,9,8,7,1,22,16,6,4,3,1,2,1,1,24,15,9,8,5,3
C5120ST,24,477,District-Jamnagar,Total,30-39,83,46,37,9,5,4,14,6,8,4,2,2,20,14,6,1,1,0,2,1,1,30,15,15,3,2,1
C5120ST,24,477,District-Jamnagar,Total,40-49,46,32,14,3,2,1,5,4,1,2,2,0,10,10,0,0,0,0,1,0,1,21,12,9,4,2,2
C5120ST,24,477,District-Jamnagar,Total,50-59,39,22,17,5,3,2,9,7,2,1,0,1,10,6,4,1,0,1,2,1,1,10,5,5,1,0,1
C5120ST,24,477,District-Jamnagar,Total,60-69,42,17,25,7,4,3,13,5,8,1,0,1,11,6,5,0,0,0,1,0,1,8,2,6,1,0,1
C5120ST,24,477,District-Jamnagar,Total,70-79,38,16,22,3,0,3,8,5,3,0,0,0,11,6,5,0,0,0,1,0,1,2,1,1,13,4,9
C5120ST,24,477,District-Jamnagar,Total,80-89,23,7,16,6,1,5,5,1,4,0,0,0,4,1,3,1,1,0,1,0,1,2,1,1,4,2,2
C5120ST,24,477,District-Jamnagar,Total,90+,6,4,2,1,1,0,2,1,1,0,0,0,2,2,0,0,0,0,0,0,0,0,0,0,1,0,1
C5120ST,24,477,District-Jamnagar,Total,Age Not Stated,1,0,1,0,0,0,1,0,1,0,0,0,0,0,0,0,0,0,0,0,0,0,0,0,0,0,0
C5120ST,24,477,District-Jamnagar,Rural,Total,263,140,123,41,15,26,49,24,25,27,20,7,72,47,25,13,8,5,7,1,6,33,15,18,21,10,11
C5120ST,24,477,District-Jamnagar,Rural,0-4,21,9,12,4,0,4,6,4,2,1,0,1,6,3,3,0,0,0,0,0,0,4,2,2,0,0,0
C5120ST,24,477,District-Jamnagar,Rural,5-9,28,16,12,5,5,0,2,1,1,7,5,2,1,1,0,3,1,2,0,0,0,6,1,5,4,2,2
C5120ST,24,477,District-Jamnagar,Rural,10-19,38,21,17,5,0,5,4,2,2,10,8,2,5,2,3,6,3,3,0,0,0,6,5,1,2,1,1
C5120ST,24,477,District-Jamnagar,Rural,20-29,40,26,14,6,2,4,4,2,2,5,4,1,16,12,4,2,2,0,1,0,1,2,1,1,4,3,1
C5120ST,24,477,District-Jamnagar,Rural,30-39,41,23,18,6,2,4,7,3,4,3,2,1,14,10,4,1,1,0,1,0,1,9,5,4,0,0,0
C5120ST,24,477,District-Jamnagar,Rural,40-49,17,13,4,0,0,0,3,3,0,1,1,0,7,7,0,0,0,0,1,0,1,1,0,1,4,2,2
C5120ST,24,477,District-Jamnagar,Rural,50-59,19,8,11,2,1,1,5,3,2,0,0,0,7,3,4,0,0,0,2,1,1,3,0,3,0,0,0
C5120ST,24,477,District-Jamnagar,Rural,60-69,21,9,12,4,3,1,9,2,7,0,0,0,5,3,2,0,0,0,1,0,1,2,1,1,0,0,0
C5120ST,24,477,District-Jamnagar,Rural,70-79,22,11,11,2,0,2,5,4,1,0,0,0,10,5,5,0,0,0,0,0,0,0,0,0,5,2,3
C5120ST,24,477,District-Jamnagar,Rural,80-89,13,3,10,6,1,5,3,0,3,0,0,0,1,1,0,1,1,0,1,0,1,0,0,0,1,0,1
C5120ST,24,477,District-Jamnagar,Rural,90+,3,1,2,1,1,0,1,0,1,0,0,0,0,0,0,0,0,0,0,0,0,0,0,0,1,0,1
C5120ST,24,477,District-Jamnagar,Rural,Age Not Stated,0,0,0,0,0,0,0,0,0,0,0,0,0,0,0,0,0,0,0,0,0,0,0,0,0,0,0
C5120ST,24,477,District-Jamnagar,Urban,Total,269,147,122,20,13,7,48,27,21,9,4,5,32,20,12,4,2,2,6,2,4,126,68,58,24,11,13
C5120ST,24,477,District-Jamnagar,Urban,0-4,14,6,8,0,0,0,3,0,3,0,0,0,1,0,1,0,0,0,0,0,0,9,5,4,1,1,0
C5120ST,24,477,District-Jamnagar,Urban,5-9,19,13,6,2,2,0,2,2,0,0,0,0,1,0,1,0,0,0,1,0,1,11,8,3,2,1,1
C5120ST,24,477,District-Jamnagar,Urban,10-19,43,21,22,4,2,2,7,6,1,2,0,2,0,0,0,1,1,0,2,0,2,26,11,15,1,1,0
C5120ST,24,477,District-Jamnagar,Urban,20-29,51,31,20,1,1,0,12,5,7,3,3,0,6,4,2,2,1,1,1,1,0,22,14,8,4,2,2
C5120ST,24,477,District-Jamnagar,Urban,30-39,42,23,19,3,3,0,7,3,4,1,0,1,6,4,2,0,0,0,1,1,0,21,10,11,3,2,1
C5120ST,24,477,District-Jamnagar,Urban,40-49,29,19,10,3,2,1,2,1,1,1,1,0,3,3,0,0,0,0,0,0,0,20,12,8,0,0,0
C5120ST,24,477,District-Jamnagar,Urban,50-59,20,14,6,3,2,1,4,4,0,1,0,1,3,3,0,1,0,1,0,0,0,7,5,2,1,0,1
C5120ST,24,477,District-Jamnagar,Urban,60-69,21,8,13,3,1,2,4,3,1,1,0,1,6,3,3,0,0,0,0,0,0,6,1,5,1,0,1
C5120ST,24,477,District-Jamnagar,Urban,70-79,16,5,11,1,0,1,3,1,2,0,0,0,1,1,0,0,0,0,1,0,1,2,1,1,8,2,6
C5120ST,24,477,District-Jamnagar,Urban,80-89,10,4,6,0,0,0,2,1,1,0,0,0,3,0,3,0,0,0,0,0,0,2,1,1,3,2,1
C5120ST,24,477,District-Jamnagar,Urban,90+,3,3,0,0,0,0,1,1,0,0,0,0,2,2,0,0,0,0,0,0,0,0,0,0,0,0,0
C5120ST,24,477,District-Jamnagar,Urban,Age Not Stated,1,0,1,0,0,0,1,0,1,0,0,0,0,0,0,0,0,0,0,0,0,0,0,0,0,0,0
C5120ST,24,478,District-Porbandar ,Total,Total,247,147,100,37,23,14,36,15,21,12,8,4,78,49,29,19,15,4,13,7,6,33,19,14,19,11,8
C5120ST,24,478,District-Porbandar ,Total,0-4,19,13,6,4,3,1,2,1,1,1,1,0,0,0,0,0,0,0,1,0,1,10,7,3,1,1,0
C5120ST,24,478,District-Porbandar ,Total,5-9,15,8,7,3,2,1,3,1,2,1,1,0,0,0,0,1,1,0,1,1,0,6,2,4,0,0,0
C5120ST,24,478,District-Porbandar ,Total,10-19,43,23,20,3,3,0,2,1,1,8,4,4,10,4,6,8,5,3,0,0,0,9,4,5,3,2,1
C5120ST,24,478,District-Porbandar ,Total,20-29,42,30,12,2,2,0,5,1,4,1,1,0,21,18,3,1,1,0,3,3,0,3,2,1,6,2,4
C5120ST,24,478,District-Porbandar ,Total,30-39,19,15,4,1,1,0,1,1,0,1,1,0,9,5,4,2,2,0,2,2,0,2,2,0,1,1,0
C5120ST,24,478,District-Porbandar ,Total,40-49,10,6,4,2,1,1,2,1,1,0,0,0,4,3,1,0,0,0,1,0,1,1,1,0,0,0,0
C5120ST,24,478,District-Porbandar ,Total,50-59,32,16,16,2,1,1,7,3,4,0,0,0,13,6,7,4,3,1,3,1,2,2,1,1,1,1,0
C5120ST,24,478,District-Porbandar ,Total,60-69,27,15,12,7,4,3,4,1,3,0,0,0,12,8,4,2,2,0,2,0,2,0,0,0,0,0,0
C5120ST,24,478,District-Porbandar ,Total,70-79,19,8,11,5,1,4,5,2,3,0,0,0,7,3,4,1,1,0,0,0,0,0,0,0,1,1,0
C5120ST,24,478,District-Porbandar ,Total,80-89,11,9,2,4,4,0,4,2,2,0,0,0,2,2,0,0,0,0,0,0,0,0,0,0,1,1,0
C5120ST,24,478,District-Porbandar ,Total,90+,10,4,6,4,1,3,1,1,0,0,0,0,0,0,0,0,0,0,0,0,0,0,0,0,5,2,3
C5120ST,24,478,District-Porbandar ,Total,Age Not Stated,0,0,0,0,0,0,0,0,0,0,0,0,0,0,0,0,0,0,0,0,0,0,0,0,0,0,0
C5120ST,24,478,District-Porbandar ,Rural,Total,175,111,64,25,19,6,26,12,14,10,7,3,57,36,21,15,12,3,10,6,4,15,9,6,17,10,7
C5120ST,24,478,District-Porbandar ,Rural,0-4,13,10,3,4,3,1,1,1,0,1,1,0,0,0,0,0,0,0,1,0,1,5,4,1,1,1,0
C5120ST,24,478,District-Porbandar ,Rural,5-9,8,5,3,2,2,0,1,0,1,1,1,0,0,0,0,0,0,0,1,1,0,3,1,2,0,0,0
C5120ST,24,478,District-Porbandar ,Rural,10-19,34,19,15,3,3,0,2,1,1,7,4,3,8,3,5,8,5,3,0,0,0,3,1,2,3,2,1
C5120ST,24,478,District-Porbandar ,Rural,20-29,28,20,8,1,1,0,3,1,2,1,1,0,16,13,3,1,1,0,2,2,0,0,0,0,4,1,3
C5120ST,24,478,District-Porbandar ,Rural,30-39,15,11,4,1,1,0,1,1,0,0,0,0,7,3,4,1,1,0,2,2,0,2,2,0,1,1,0
C5120ST,24,478,District-Porbandar ,Rural,40-49,7,4,3,1,1,0,2,1,1,0,0,0,3,2,1,0,0,0,1,0,1,0,0,0,0,0,0
C5120ST,24,478,District-Porbandar ,Rural,50-59,25,15,10,1,1,0,5,2,3,0,0,0,11,6,5,3,3,0,2,1,1,2,1,1,1,1,0
C5120ST,24,478,District-Porbandar ,Rural,60-69,21,12,9,5,2,3,3,1,2,0,0,0,10,7,3,2,2,0,1,0,1,0,0,0,0,0,0
C5120ST,24,478,District-Porbandar ,Rural,70-79,6,4,2,1,1,0,3,1,2,0,0,0,1,1,0,0,0,0,0,0,0,0,0,0,1,1,0
C5120ST,24,478,District-Porbandar ,Rural,80-89,9,7,2,3,3,0,4,2,2,0,0,0,1,1,0,0,0,0,0,0,0,0,0,0,1,1,0
C5120ST,24,478,District-Porbandar ,Rural,90+,9,4,5,3,1,2,1,1,0,0,0,0,0,0,0,0,0,0,0,0,0,0,0,0,5,2,3
C5120ST,24,478,District-Porbandar ,Rural,Age Not Stated,0,0,0,0,0,0,0,0,0,0,0,0,0,0,0,0,0,0,0,0,0,0,0,0,0,0,0
C5120ST,24,478,District-Porbandar ,Urban,Total,72,36,36,12,4,8,10,3,7,2,1,1,21,13,8,4,3,1,3,1,2,18,10,8,2,1,1
C5120ST,24,478,District-Porbandar ,Urban,0-4,6,3,3,0,0,0,1,0,1,0,0,0,0,0,0,0,0,0,0,0,0,5,3,2,0,0,0
C5120ST,24,478,District-Porbandar ,Urban,5-9,7,3,4,1,0,1,2,1,1,0,0,0,0,0,0,1,1,0,0,0,0,3,1,2,0,0,0
C5120ST,24,478,District-Porbandar ,Urban,10-19,9,4,5,0,0,0,0,0,0,1,0,1,2,1,1,0,0,0,0,0,0,6,3,3,0,0,0
C5120ST,24,478,District-Porbandar ,Urban,20-29,14,10,4,1,1,0,2,0,2,0,0,0,5,5,0,0,0,0,1,1,0,3,2,1,2,1,1
C5120ST,24,478,District-Porbandar ,Urban,30-39,4,4,0,0,0,0,0,0,0,1,1,0,2,2,0,1,1,0,0,0,0,0,0,0,0,0,0
C5120ST,24,478,District-Porbandar ,Urban,40-49,3,2,1,1,0,1,0,0,0,0,0,0,1,1,0,0,0,0,0,0,0,1,1,0,0,0,0
C5120ST,24,478,District-Porbandar ,Urban,50-59,7,1,6,1,0,1,2,1,1,0,0,0,2,0,2,1,0,1,1,0,1,0,0,0,0,0,0
C5120ST,24,478,District-Porbandar ,Urban,60-69,6,3,3,2,2,0,1,0,1,0,0,0,2,1,1,0,0,0,1,0,1,0,0,0,0,0,0
C5120ST,24,478,District-Porbandar ,Urban,70-79,13,4,9,4,0,4,2,1,1,0,0,0,6,2,4,1,1,0,0,0,0,0,0,0,0,0,0
C5120ST,24,478,District-Porbandar ,Urban,80-89,2,2,0,1,1,0,0,0,0,0,0,0,1,1,0,0,0,0,0,0,0,0,0,0,0,0,0
C5120ST,24,478,District-Porbandar ,Urban,90+,1,0,1,1,0,1,0,0,0,0,0,0,0,0,0,0,0,0,0,0,0,0,0,0,0,0,0
C5120ST,24,478,District-Porbandar ,Urban,Age Not Stated,0,0,0,0,0,0,0,0,0,0,0,0,0,0,0,0,0,0,0,0,0,0,0,0,0,0,0
C5120ST,24,479,District-Junagadh,Total,Total,923,519,404,160,83,77,179,92,87,48,27,21,237,151,86,59,35,24,57,31,26,116,61,55,67,39,28
C5120ST,24,479,District-Junagadh,Total,0-4,46,21,25,4,2,2,11,5,6,0,0,0,4,2,2,2,1,1,0,0,0,19,9,10,6,2,4
C5120ST,24,479,District-Junagadh,Total,5-9,78,40,38,7,1,6,16,7,9,7,3,4,15,8,7,7,5,2,4,3,1,10,5,5,12,8,4
C5120ST,24,479,District-Junagadh,Total,10-19,178,94,84,26,12,14,39,19,20,17,11,6,28,17,11,23,11,12,8,3,5,22,12,10,15,9,6
C5120ST,24,479,District-Junagadh,Total,20-29,130,84,46,14,11,3,22,13,9,13,8,5,44,31,13,6,4,2,4,2,2,14,5,9,13,10,3
C5120ST,24,479,District-Junagadh,Total,30-39,123,67,56,15,7,8,20,10,10,2,2,0,42,25,17,10,7,3,17,8,9,16,8,8,1,0,1
C5120ST,24,479,District-Junagadh,Total,40-49,106,74,32,16,11,5,22,13,9,5,3,2,28,20,8,7,4,3,12,9,3,13,11,2,3,3,0
C5120ST,24,479,District-Junagadh,Total,50-59,67,44,23,15,9,6,15,10,5,2,0,2,21,15,6,2,1,1,4,3,1,7,5,2,1,1,0
C5120ST,24,479,District-Junagadh,Total,60-69,79,44,35,21,11,10,13,9,4,0,0,0,24,15,9,0,0,0,8,3,5,6,2,4,7,4,3
C5120ST,24,479,District-Junagadh,Total,70-79,55,26,29,16,9,7,8,3,5,2,0,2,17,9,8,2,2,0,0,0,0,5,3,2,5,0,5
C5120ST,24,479,District-Junagadh,Total,80-89,48,19,29,18,6,12,11,3,8,0,0,0,12,7,5,0,0,0,0,0,0,4,1,3,3,2,1
C5120ST,24,479,District-Junagadh,Total,90+,12,5,7,7,3,4,2,0,2,0,0,0,2,2,0,0,0,0,0,0,0,0,0,0,1,0,1
C5120ST,24,479,District-Junagadh,Total,Age Not Stated,1,1,0,1,1,0,0,0,0,0,0,0,0,0,0,0,0,0,0,0,0,0,0,0,0,0,0
C5120ST,24,479,District-Junagadh,Rural,Total,584,331,253,103,51,52,83,45,38,26,16,10,162,104,58,44,25,19,46,23,23,67,35,32,53,32,21
C5120ST,24,479,District-Junagadh,Rural,0-4,24,13,11,2,1,1,1,1,0,0,0,0,3,2,1,1,1,0,0,0,0,13,6,7,4,2,2
C5120ST,24,479,District-Junagadh,Rural,5-9,56,29,27,6,1,5,8,4,4,5,2,3,11,6,5,6,4,2,3,2,1,7,4,3,10,6,4
C5120ST,24,479,District-Junagadh,Rural,10-19,114,57,57,15,6,9,22,9,13,5,3,2,21,12,9,20,10,10,5,2,3,14,7,7,12,8,4
C5120ST,24,479,District-Junagadh,Rural,20-29,84,56,28,10,7,3,9,5,4,9,7,2,26,20,6,4,2,2,4,2,2,10,4,6,12,9,3
C5120ST,24,479,District-Junagadh,Rural,30-39,79,39,40,11,5,6,8,3,5,2,2,0,27,15,12,7,4,3,16,7,9,7,3,4,1,0,1
C5120ST,24,479,District-Junagadh,Rural,40-49,56,42,14,11,9,2,6,5,1,2,2,0,19,13,6,4,2,2,7,5,2,6,5,1,1,1,0
C5120ST,24,479,District-Junagadh,Rural,50-59,40,28,12,7,4,3,7,5,2,1,0,1,16,12,4,1,1,0,3,2,1,4,3,1,1,1,0
C5120ST,24,479,District-Junagadh,Rural,60-69,50,29,21,14,6,8,9,7,2,0,0,0,13,9,4,0,0,0,8,3,5,1,1,0,5,3,2
C5120ST,24,479,District-Junagadh,Rural,70-79,37,17,20,10,5,5,5,3,2,2,0,2,14,7,7,1,1,0,0,0,0,1,1,0,4,0,4
C5120ST,24,479,District-Junagadh,Rural,80-89,37,16,21,12,4,8,8,3,5,0,0,0,10,6,4,0,0,0,0,0,0,4,1,3,3,2,1
C5120ST,24,479,District-Junagadh,Rural,90+,6,4,2,4,2,2,0,0,0,0,0,0,2,2,0,0,0,0,0,0,0,0,0,0,0,0,0
C5120ST,24,479,District-Junagadh,Rural,Age Not Stated,1,1,0,1,1,0,0,0,0,0,0,0,0,0,0,0,0,0,0,0,0,0,0,0,0,0,0
C5120ST,24,479,District-Junagadh,Urban,Total,339,188,151,57,32,25,96,47,49,22,11,11,75,47,28,15,10,5,11,8,3,49,26,23,14,7,7
C5120ST,24,479,District-Junagadh,Urban,0-4,22,8,14,2,1,1,10,4,6,0,0,0,1,0,1,1,0,1,0,0,0,6,3,3,2,0,2
C5120ST,24,479,District-Junagadh,Urban,5-9,22,11,11,1,0,1,8,3,5,2,1,1,4,2,2,1,1,0,1,1,0,3,1,2,2,2,0
C5120ST,24,479,District-Junagadh,Urban,10-19,64,37,27,11,6,5,17,10,7,12,8,4,7,5,2,3,1,2,3,1,2,8,5,3,3,1,2
C5120ST,24,479,District-Junagadh,Urban,20-29,46,28,18,4,4,0,13,8,5,4,1,3,18,11,7,2,2,0,0,0,0,4,1,3,1,1,0
C5120ST,24,479,District-Junagadh,Urban,30-39,44,28,16,4,2,2,12,7,5,0,0,0,15,10,5,3,3,0,1,1,0,9,5,4,0,0,0
C5120ST,24,479,District-Junagadh,Urban,40-49,50,32,18,5,2,3,16,8,8,3,1,2,9,7,2,3,2,1,5,4,1,7,6,1,2,2,0
C5120ST,24,479,District-Junagadh,Urban,50-59,27,16,11,8,5,3,8,5,3,1,0,1,5,3,2,1,0,1,1,1,0,3,2,1,0,0,0
C5120ST,24,479,District-Junagadh,Urban,60-69,29,15,14,7,5,2,4,2,2,0,0,0,11,6,5,0,0,0,0,0,0,5,1,4,2,1,1
C5120ST,24,479,District-Junagadh,Urban,70-79,18,9,9,6,4,2,3,0,3,0,0,0,3,2,1,1,1,0,0,0,0,4,2,2,1,0,1
C5120ST,24,479,District-Junagadh,Urban,80-89,11,3,8,6,2,4,3,0,3,0,0,0,2,1,1,0,0,0,0,0,0,0,0,0,0,0,0
C5120ST,24,479,District-Junagadh,Urban,90+,6,1,5,3,1,2,2,0,2,0,0,0,0,0,0,0,0,0,0,0,0,0,0,0,1,0,1
C5120ST,24,479,District-Junagadh,Urban,Age Not Stated,0,0,0,0,0,0,0,0,0,0,0,0,0,0,0,0,0,0,0,0,0,0,0,0,0,0,0
C5120ST,24,480,District-Amreli,Total,Total,123,65,58,25,11,14,38,19,19,10,6,4,15,9,6,5,5,0,4,2,2,22,11,11,4,2,2
C5120ST,24,480,District-Amreli,Total,0-4,10,7,3,4,2,2,1,1,0,0,0,0,1,1,0,0,0,0,0,0,0,4,3,1,0,0,0
C5120ST,24,480,District-Amreli,Total,5-9,13,6,7,2,1,1,3,1,2,3,1,2,2,1,1,0,0,0,0,0,0,3,2,1,0,0,0
C5120ST,24,480,District-Amreli,Total,10-19,24,9,15,5,2,3,8,3,5,2,2,0,2,0,2,0,0,0,0,0,0,4,1,3,3,1,2
C5120ST,24,480,District-Amreli,Total,20-29,29,17,12,4,1,3,10,6,4,3,1,2,5,4,1,4,4,0,1,1,0,2,0,2,0,0,0
C5120ST,24,480,District-Amreli,Total,30-39,24,14,10,5,3,2,7,3,4,1,1,0,2,2,0,1,1,0,3,1,2,5,3,2,0,0,0
C5120ST,24,480,District-Amreli,Total,40-49,13,7,6,4,1,3,4,3,1,0,0,0,2,1,1,0,0,0,0,0,0,2,1,1,1,1,0
C5120ST,24,480,District-Amreli,Total,50-59,4,3,1,0,0,0,3,2,1,0,0,0,0,0,0,0,0,0,0,0,0,1,1,0,0,0,0
C5120ST,24,480,District-Amreli,Total,60-69,3,1,2,1,1,0,1,0,1,0,0,0,1,0,1,0,0,0,0,0,0,0,0,0,0,0,0
C5120ST,24,480,District-Amreli,Total,70-79,1,0,1,0,0,0,1,0,1,0,0,0,0,0,0,0,0,0,0,0,0,0,0,0,0,0,0
C5120ST,24,480,District-Amreli,Total,80-89,1,0,1,0,0,0,0,0,0,0,0,0,0,0,0,0,0,0,0,0,0,1,0,1,0,0,0
C5120ST,24,480,District-Amreli,Total,90+,1,1,0,0,0,0,0,0,0,1,1,0,0,0,0,0,0,0,0,0,0,0,0,0,0,0,0
C5120ST,24,480,District-Amreli,Total,Age Not Stated,0,0,0,0,0,0,0,0,0,0,0,0,0,0,0,0,0,0,0,0,0,0,0,0,0,0,0
C5120ST,24,480,District-Amreli,Rural,Total,53,31,22,11,7,4,11,4,7,3,3,0,10,7,3,4,4,0,3,1,2,11,5,6,0,0,0
C5120ST,24,480,District-Amreli,Rural,0-4,7,4,3,4,2,2,0,0,0,0,0,0,0,0,0,0,0,0,0,0,0,3,2,1,0,0,0
C5120ST,24,480,District-Amreli,Rural,5-9,7,5,2,1,1,0,2,1,1,1,1,0,2,1,1,0,0,0,0,0,0,1,1,0,0,0,0
C5120ST,24,480,District-Amreli,Rural,10-19,9,5,4,2,2,0,4,1,3,2,2,0,0,0,0,0,0,0,0,0,0,1,0,1,0,0,0
C5120ST,24,480,District-Amreli,Rural,20-29,11,7,4,1,0,1,2,1,1,0,0,0,4,3,1,3,3,0,0,0,0,1,0,1,0,0,0
C5120ST,24,480,District-Amreli,Rural,30-39,14,8,6,3,2,1,2,1,1,0,0,0,2,2,0,1,1,0,3,1,2,3,1,2,0,0,0
C5120ST,24,480,District-Amreli,Rural,40-49,3,1,2,0,0,0,0,0,0,0,0,0,2,1,1,0,0,0,0,0,0,1,0,1,0,0,0
C5120ST,24,480,District-Amreli,Rural,50-59,1,1,0,0,0,0,0,0,0,0,0,0,0,0,0,0,0,0,0,0,0,1,1,0,0,0,0
C5120ST,24,480,District-Amreli,Rural,60-69,1,0,1,0,0,0,1,0,1,0,0,0,0,0,0,0,0,0,0,0,0,0,0,0,0,0,0
C5120ST,24,480,District-Amreli,Rural,70-79,0,0,0,0,0,0,0,0,0,0,0,0,0,0,0,0,0,0,0,0,0,0,0,0,0,0,0
C5120ST,24,480,District-Amreli,Rural,80-89,0,0,0,0,0,0,0,0,0,0,0,0,0,0,0,0,0,0,0,0,0,0,0,0,0,0,0
C5120ST,24,480,District-Amreli,Rural,90+,0,0,0,0,0,0,0,0,0,0,0,0,0,0,0,0,0,0,0,0,0,0,0,0,0,0,0
C5120ST,24,480,District-Amreli,Rural,Age Not Stated,0,0,0,0,0,0,0,0,0,0,0,0,0,0,0,0,0,0,0,0,0,0,0,0,0,0,0
C5120ST,24,480,District-Amreli,Urban,Total,70,34,36,14,4,10,27,15,12,7,3,4,5,2,3,1,1,0,1,1,0,11,6,5,4,2,2
C5120ST,24,480,District-Amreli,Urban,0-4,3,3,0,0,0,0,1,1,0,0,0,0,1,1,0,0,0,0,0,0,0,1,1,0,0,0,0
C5120ST,24,480,District-Amreli,Urban,5-9,6,1,5,1,0,1,1,0,1,2,0,2,0,0,0,0,0,0,0,0,0,2,1,1,0,0,0
C5120ST,24,480,District-Amreli,Urban,10-19,15,4,11,3,0,3,4,2,2,0,0,0,2,0,2,0,0,0,0,0,0,3,1,2,3,1,2
C5120ST,24,480,District-Amreli,Urban,20-29,18,10,8,3,1,2,8,5,3,3,1,2,1,1,0,1,1,0,1,1,0,1,0,1,0,0,0
C5120ST,24,480,District-Amreli,Urban,30-39,10,6,4,2,1,1,5,2,3,1,1,0,0,0,0,0,0,0,0,0,0,2,2,0,0,0,0
C5120ST,24,480,District-Amreli,Urban,40-49,10,6,4,4,1,3,4,3,1,0,0,0,0,0,0,0,0,0,0,0,0,1,1,0,1,1,0
C5120ST,24,480,District-Amreli,Urban,50-59,3,2,1,0,0,0,3,2,1,0,0,0,0,0,0,0,0,0,0,0,0,0,0,0,0,0,0
C5120ST,24,480,District-Amreli,Urban,60-69,2,1,1,1,1,0,0,0,0,0,0,0,1,0,1,0,0,0,0,0,0,0,0,0,0,0,0
C5120ST,24,480,District-Amreli,Urban,70-79,1,0,1,0,0,0,1,0,1,0,0,0,0,0,0,0,0,0,0,0,0,0,0,0,0,0,0
C5120ST,24,480,District-Amreli,Urban,80-89,1,0,1,0,0,0,0,0,0,0,0,0,0,0,0,0,0,0,0,0,0,1,0,1,0,0,0
C5120ST,24,480,District-Amreli,Urban,90+,1,1,0,0,0,0,0,0,0,1,1,0,0,0,0,0,0,0,0,0,0,0,0,0,0,0,0
C5120ST,24,480,District-Amreli,Urban,Age Not Stated,0,0,0,0,0,0,0,0,0,0,0,0,0,0,0,0,0,0,0,0,0,0,0,0,0,0,0
C5120ST,24,481,District-Bhavnagar,Total,Total,151,92,59,19,11,8,29,22,7,18,7,11,30,22,8,4,4,0,5,3,2,37,20,17,9,3,6
C5120ST,24,481,District-Bhavnagar,Total,0-4,4,4,0,0,0,0,0,0,0,0,0,0,1,1,0,0,0,0,0,0,0,3,3,0,0,0,0
C5120ST,24,481,District-Bhavnagar,Total,5-9,3,1,2,0,0,0,0,0,0,1,1,0,0,0,0,0,0,0,0,0,0,2,0,2,0,0,0
C5120ST,24,481,District-Bhavnagar,Total,10-19,40,21,19,5,2,3,8,7,1,5,2,3,6,3,3,1,1,0,1,1,0,9,4,5,5,1,4
C5120ST,24,481,District-Bhavnagar,Total,20-29,26,14,12,3,2,1,3,2,1,5,2,3,6,5,1,1,1,0,1,0,1,5,1,4,2,1,1
C5120ST,24,481,District-Bhavnagar,Total,30-39,28,20,8,4,3,1,6,5,1,2,0,2,8,6,2,1,1,0,1,0,1,6,5,1,0,0,0
C5120ST,24,481,District-Bhavnagar,Total,40-49,20,13,7,2,2,0,4,4,0,3,1,2,3,2,1,0,0,0,0,0,0,7,3,4,1,1,0
C5120ST,24,481,District-Bhavnagar,Total,50-59,17,11,6,4,1,3,4,2,2,2,1,1,3,3,0,1,1,0,2,2,0,1,1,0,0,0,0
C5120ST,24,481,District-Bhavnagar,Total,60-69,7,6,1,1,1,0,1,1,0,0,0,0,2,2,0,0,0,0,0,0,0,3,2,1,0,0,0
C5120ST,24,481,District-Bhavnagar,Total,70-79,6,2,4,0,0,0,3,1,2,0,0,0,1,0,1,0,0,0,0,0,0,1,1,0,1,0,1
C5120ST,24,481,District-Bhavnagar,Total,80-89,0,0,0,0,0,0,0,0,0,0,0,0,0,0,0,0,0,0,0,0,0,0,0,0,0,0,0
C5120ST,24,481,District-Bhavnagar,Total,90+,0,0,0,0,0,0,0,0,0,0,0,0,0,0,0,0,0,0,0,0,0,0,0,0,0,0,0
C5120ST,24,481,District-Bhavnagar,Total,Age Not Stated,0,0,0,0,0,0,0,0,0,0,0,0,0,0,0,0,0,0,0,0,0,0,0,0,0,0,0
C5120ST,24,481,District-Bhavnagar,Rural,Total,44,28,16,3,1,2,6,6,0,6,3,3,16,12,4,2,2,0,1,0,1,9,4,5,1,0,1
C5120ST,24,481,District-Bhavnagar,Rural,0-4,1,1,0,0,0,0,0,0,0,0,0,0,0,0,0,0,0,0,0,0,0,1,1,0,0,0,0
C5120ST,24,481,District-Bhavnagar,Rural,5-9,1,1,0,0,0,0,0,0,0,1,1,0,0,0,0,0,0,0,0,0,0,0,0,0,0,0,0
C5120ST,24,481,District-Bhavnagar,Rural,10-19,12,5,7,1,0,1,1,1,0,1,1,0,5,2,3,1,1,0,0,0,0,3,0,3,0,0,0
C5120ST,24,481,District-Bhavnagar,Rural,20-29,10,6,4,1,0,1,1,1,0,1,1,0,3,3,0,1,1,0,1,0,1,1,0,1,1,0,1
C5120ST,24,481,District-Bhavnagar,Rural,30-39,13,10,3,1,1,0,3,3,0,2,0,2,3,3,0,0,0,0,0,0,0,4,3,1,0,0,0
C5120ST,24,481,District-Bhavnagar,Rural,40-49,3,1,2,0,0,0,0,0,0,1,0,1,2,1,1,0,0,0,0,0,0,0,0,0,0,0,0
C5120ST,24,481,District-Bhavnagar,Rural,50-59,3,3,0,0,0,0,1,1,0,0,0,0,2,2,0,0,0,0,0,0,0,0,0,0,0,0,0
C5120ST,24,481,District-Bhavnagar,Rural,60-69,1,1,0,0,0,0,0,0,0,0,0,0,1,1,0,0,0,0,0,0,0,0,0,0,0,0,0
C5120ST,24,481,District-Bhavnagar,Rural,70-79,0,0,0,0,0,0,0,0,0,0,0,0,0,0,0,0,0,0,0,0,0,0,0,0,0,0,0
C5120ST,24,481,District-Bhavnagar,Rural,80-89,0,0,0,0,0,0,0,0,0,0,0,0,0,0,0,0,0,0,0,0,0,0,0,0,0,0,0
C5120ST,24,481,District-Bhavnagar,Rural,90+,0,0,0,0,0,0,0,0,0,0,0,0,0,0,0,0,0,0,0,0,0,0,0,0,0,0,0
C5120ST,24,481,District-Bhavnagar,Rural,Age Not Stated,0,0,0,0,0,0,0,0,0,0,0,0,0,0,0,0,0,0,0,0,0,0,0,0,0,0,0
C5120ST,24,481,District-Bhavnagar,Urban,Total,107,64,43,16,10,6,23,16,7,12,4,8,14,10,4,2,2,0,4,3,1,28,16,12,8,3,5
C5120ST,24,481,District-Bhavnagar,Urban,0-4,3,3,0,0,0,0,0,0,0,0,0,0,1,1,0,0,0,0,0,0,0,2,2,0,0,0,0
C5120ST,24,481,District-Bhavnagar,Urban,5-9,2,0,2,0,0,0,0,0,0,0,0,0,0,0,0,0,0,0,0,0,0,2,0,2,0,0,0
C5120ST,24,481,District-Bhavnagar,Urban,10-19,28,16,12,4,2,2,7,6,1,4,1,3,1,1,0,0,0,0,1,1,0,6,4,2,5,1,4
C5120ST,24,481,District-Bhavnagar,Urban,20-29,16,8,8,2,2,0,2,1,1,4,1,3,3,2,1,0,0,0,0,0,0,4,1,3,1,1,0
C5120ST,24,481,District-Bhavnagar,Urban,30-39,15,10,5,3,2,1,3,2,1,0,0,0,5,3,2,1,1,0,1,0,1,2,2,0,0,0,0
C5120ST,24,481,District-Bhavnagar,Urban,40-49,17,12,5,2,2,0,4,4,0,2,1,1,1,1,0,0,0,0,0,0,0,7,3,4,1,1,0
C5120ST,24,481,District-Bhavnagar,Urban,50-59,14,8,6,4,1,3,3,1,2,2,1,1,1,1,0,1,1,0,2,2,0,1,1,0,0,0,0
C5120ST,24,481,District-Bhavnagar,Urban,60-69,6,5,1,1,1,0,1,1,0,0,0,0,1,1,0,0,0,0,0,0,0,3,2,1,0,0,0
C5120ST,24,481,District-Bhavnagar,Urban,70-79,6,2,4,0,0,0,3,1,2,0,0,0,1,0,1,0,0,0,0,0,0,1,1,0,1,0,1
C5120ST,24,481,District-Bhavnagar,Urban,80-89,0,0,0,0,0,0,0,0,0,0,0,0,0,0,0,0,0,0,0,0,0,0,0,0,0,0,0
C5120ST,24,481,District-Bhavnagar,Urban,90+,0,0,0,0,0,0,0,0,0,0,0,0,0,0,0,0,0,0,0,0,0,0,0,0,0,0,0
C5120ST,24,481,District-Bhavnagar,Urban,Age Not Stated,0,0,0,0,0,0,0,0,0,0,0,0,0,0,0,0,0,0,0,0,0,0,0,0,0,0,0
C5120ST,24,482,District-Anand  ,Total,Total,342,214,128,42,25,17,46,25,21,21,15,6,99,66,33,22,13,9,11,5,6,85,54,31,16,11,5
C5120ST,24,482,District-Anand  ,Total,0-4,21,11,10,6,3,3,0,0,0,1,0,1,1,1,0,3,2,1,1,0,1,6,3,3,3,2,1
C5120ST,24,482,District-Anand  ,Total,5-9,20,12,8,6,4,2,2,1,1,1,1,0,5,3,2,2,0,2,0,0,0,2,1,1,2,2,0
C5120ST,24,482,District-Anand  ,Total,10-19,90,58,32,6,4,2,9,6,3,9,7,2,27,16,11,11,7,4,4,1,3,22,16,6,2,1,1
C5120ST,24,482,District-Anand  ,Total,20-29,58,41,17,3,2,1,11,10,1,2,2,0,15,11,4,2,1,1,2,1,1,18,11,7,5,3,2
C5120ST,24,482,District-Anand  ,Total,30-39,48,34,14,5,4,1,8,3,5,1,1,0,20,16,4,1,1,0,2,2,0,10,7,3,1,0,1
C5120ST,24,482,District-Anand  ,Total,40-49,25,13,12,6,3,3,3,1,2,3,1,2,6,5,1,0,0,0,1,1,0,6,2,4,0,0,0
C5120ST,24,482,District-Anand  ,Total,50-59,33,22,11,4,2,2,2,1,1,0,0,0,13,10,3,2,1,1,0,0,0,10,6,4,2,2,0
C5120ST,24,482,District-Anand  ,Total,60-69,27,16,11,3,3,0,4,2,2,4,3,1,8,2,6,1,1,0,1,0,1,5,4,1,1,1,0
C5120ST,24,482,District-Anand  ,Total,70-79,14,4,10,3,0,3,4,0,4,0,0,0,3,2,1,0,0,0,0,0,0,4,2,2,0,0,0
C5120ST,24,482,District-Anand  ,Total,80-89,2,1,1,0,0,0,1,1,0,0,0,0,1,0,1,0,0,0,0,0,0,0,0,0,0,0,0
C5120ST,24,482,District-Anand  ,Total,90+,1,1,0,0,0,0,0,0,0,0,0,0,0,0,0,0,0,0,0,0,0,1,1,0,0,0,0
C5120ST,24,482,District-Anand  ,Total,Age Not Stated,3,1,2,0,0,0,2,0,2,0,0,0,0,0,0,0,0,0,0,0,0,1,1,0,0,0,0
C5120ST,24,482,District-Anand  ,Rural,Total,153,97,56,27,18,9,17,7,10,12,8,4,46,36,10,8,3,5,2,2,0,34,18,16,7,5,2
C5120ST,24,482,District-Anand  ,Rural,0-4,12,7,5,4,2,2,0,0,0,1,0,1,1,1,0,2,1,1,0,0,0,3,2,1,1,1,0
C5120ST,24,482,District-Anand  ,Rural,5-9,11,5,6,3,2,1,1,0,1,1,1,0,2,1,1,2,0,2,0,0,0,1,0,1,1,1,0
C5120ST,24,482,District-Anand  ,Rural,10-19,38,23,15,5,3,2,3,1,2,5,4,1,10,7,3,3,2,1,1,1,0,10,5,5,1,0,1
C5120ST,24,482,District-Anand  ,Rural,20-29,22,17,5,2,2,0,3,2,1,1,1,0,6,5,1,0,0,0,0,0,0,9,6,3,1,1,0
C5120ST,24,482,District-Anand  ,Rural,30-39,23,16,7,4,3,1,4,2,2,0,0,0,10,9,1,0,0,0,1,1,0,3,1,2,1,0,1
C5120ST,24,482,District-Anand  ,Rural,40-49,12,8,4,4,3,1,0,0,0,2,1,1,5,4,1,0,0,0,0,0,0,1,0,1,0,0,0
C5120ST,24,482,District-Anand  ,Rural,50-59,17,12,5,3,2,1,1,0,1,0,0,0,7,6,1,1,0,1,0,0,0,4,3,1,1,1,0
C5120ST,24,482,District-Anand  ,Rural,60-69,10,6,4,1,1,0,2,1,1,2,1,1,3,2,1,0,0,0,0,0,0,1,0,1,1,1,0
C5120ST,24,482,District-Anand  ,Rural,70-79,5,1,4,1,0,1,1,0,1,0,0,0,2,1,1,0,0,0,0,0,0,1,0,1,0,0,0
C5120ST,24,482,District-Anand  ,Rural,80-89,1,1,0,0,0,0,1,1,0,0,0,0,0,0,0,0,0,0,0,0,0,0,0,0,0,0,0
C5120ST,24,482,District-Anand  ,Rural,90+,0,0,0,0,0,0,0,0,0,0,0,0,0,0,0,0,0,0,0,0,0,0,0,0,0,0,0
C5120ST,24,482,District-Anand  ,Rural,Age Not Stated,2,1,1,0,0,0,1,0,1,0,0,0,0,0,0,0,0,0,0,0,0,1,1,0,0,0,0
C5120ST,24,482,District-Anand  ,Urban,Total,189,117,72,15,7,8,29,18,11,9,7,2,53,30,23,14,10,4,9,3,6,51,36,15,9,6,3
C5120ST,24,482,District-Anand  ,Urban,0-4,9,4,5,2,1,1,0,0,0,0,0,0,0,0,0,1,1,0,1,0,1,3,1,2,2,1,1
C5120ST,24,482,District-Anand  ,Urban,5-9,9,7,2,3,2,1,1,1,0,0,0,0,3,2,1,0,0,0,0,0,0,1,1,0,1,1,0
C5120ST,24,482,District-Anand  ,Urban,10-19,52,35,17,1,1,0,6,5,1,4,3,1,17,9,8,8,5,3,3,0,3,12,11,1,1,1,0
C5120ST,24,482,District-Anand  ,Urban,20-29,36,24,12,1,0,1,8,8,0,1,1,0,9,6,3,2,1,1,2,1,1,9,5,4,4,2,2
C5120ST,24,482,District-Anand  ,Urban,30-39,25,18,7,1,1,0,4,1,3,1,1,0,10,7,3,1,1,0,1,1,0,7,6,1,0,0,0
C5120ST,24,482,District-Anand  ,Urban,40-49,13,5,8,2,0,2,3,1,2,1,0,1,1,1,0,0,0,0,1,1,0,5,2,3,0,0,0
C5120ST,24,482,District-Anand  ,Urban,50-59,16,10,6,1,0,1,1,1,0,0,0,0,6,4,2,1,1,0,0,0,0,6,3,3,1,1,0
C5120ST,24,482,District-Anand  ,Urban,60-69,17,10,7,2,2,0,2,1,1,2,2,0,5,0,5,1,1,0,1,0,1,4,4,0,0,0,0
C5120ST,24,482,District-Anand  ,Urban,70-79,9,3,6,2,0,2,3,0,3,0,0,0,1,1,0,0,0,0,0,0,0,3,2,1,0,0,0
C5120ST,24,482,District-Anand  ,Urban,80-89,1,0,1,0,0,0,0,0,0,0,0,0,1,0,1,0,0,0,0,0,0,0,0,0,0,0,0
C5120ST,24,482,District-Anand  ,Urban,90+,1,1,0,0,0,0,0,0,0,0,0,0,0,0,0,0,0,0,0,0,0,1,1,0,0,0,0
C5120ST,24,482,District-Anand  ,Urban,Age Not Stated,1,0,1,0,0,0,1,0,1,0,0,0,0,0,0,0,0,0,0,0,0,0,0,0,0,0,0
C5120ST,24,483,District-Kheda,Total,Total,612,331,281,126,58,68,85,41,44,39,21,18,139,87,52,29,16,13,19,11,8,136,72,64,39,25,14
C5120ST,24,483,District-Kheda,Total,0-4,41,18,23,10,3,7,5,3,2,2,0,2,6,2,4,0,0,0,0,0,0,17,9,8,1,1,0
C5120ST,24,483,District-Kheda,Total,5-9,59,31,28,15,7,8,8,1,7,4,3,1,2,2,0,7,4,3,1,1,0,16,10,6,6,3,3
C5120ST,24,483,District-Kheda,Total,10-19,155,83,72,26,12,14,20,10,10,12,6,6,26,16,10,11,5,6,5,3,2,36,19,17,19,12,7
C5120ST,24,483,District-Kheda,Total,20-29,91,54,37,23,13,10,9,5,4,6,4,2,26,19,7,2,1,1,4,2,2,16,7,9,5,3,2
C5120ST,24,483,District-Kheda,Total,30-39,79,45,34,13,6,7,13,5,8,8,4,4,23,15,8,3,3,0,4,3,1,15,9,6,0,0,0
C5120ST,24,483,District-Kheda,Total,40-49,62,37,25,14,8,6,7,5,2,5,3,2,21,14,7,2,0,2,3,1,2,9,5,4,1,1,0
C5120ST,24,483,District-Kheda,Total,50-59,49,37,12,10,6,4,5,4,1,1,1,0,14,11,3,3,3,0,1,1,0,14,10,4,1,1,0
C5120ST,24,483,District-Kheda,Total,60-69,41,17,24,11,2,9,10,5,5,0,0,0,11,7,4,0,0,0,0,0,0,7,2,5,2,1,1
C5120ST,24,483,District-Kheda,Total,70-79,17,6,11,2,1,1,4,2,2,1,0,1,7,1,6,0,0,0,0,0,0,2,1,1,1,1,0
C5120ST,24,483,District-Kheda,Total,80-89,8,2,6,1,0,1,1,1,0,0,0,0,3,0,3,0,0,0,0,0,0,1,0,1,2,1,1
C5120ST,24,483,District-Kheda,Total,90+,2,1,1,0,0,0,0,0,0,0,0,0,0,0,0,0,0,0,0,0,0,1,0,1,1,1,0
C5120ST,24,483,District-Kheda,Total,Age Not Stated,8,0,8,1,0,1,3,0,3,0,0,0,0,0,0,1,0,1,1,0,1,2,0,2,0,0,0
C5120ST,24,483,District-Kheda,Rural,Total,351,188,163,64,25,39,50,29,21,31,17,14,72,46,26,18,10,8,11,4,7,86,44,42,19,13,6
C5120ST,24,483,District-Kheda,Rural,0-4,22,9,13,6,2,4,3,2,1,1,0,1,3,0,3,0,0,0,0,0,0,9,5,4,0,0,0
C5120ST,24,483,District-Kheda,Rural,5-9,38,20,18,6,2,4,4,0,4,4,3,1,1,1,0,6,3,3,0,0,0,13,8,5,4,3,1
C5120ST,24,483,District-Kheda,Rural,10-19,76,37,39,13,7,6,7,4,3,9,4,5,13,7,6,7,3,4,3,1,2,19,7,12,5,4,1
C5120ST,24,483,District-Kheda,Rural,20-29,47,25,22,12,5,7,7,4,3,3,2,1,14,10,4,1,1,0,1,0,1,6,2,4,3,1,2
C5120ST,24,483,District-Kheda,Rural,30-39,51,31,20,6,2,4,7,4,3,8,4,4,14,10,4,2,2,0,2,1,1,12,8,4,0,0,0
C5120ST,24,483,District-Kheda,Rural,40-49,37,22,15,8,3,5,5,4,1,5,3,2,9,7,2,0,0,0,3,1,2,6,3,3,1,1,0
C5120ST,24,483,District-Kheda,Rural,50-59,33,25,8,3,2,1,5,4,1,1,1,0,8,6,2,1,1,0,1,1,0,13,9,4,1,1,0
C5120ST,24,483,District-Kheda,Rural,60-69,26,12,14,6,1,5,7,4,3,0,0,0,8,5,3,0,0,0,0,0,0,3,1,2,2,1,1
C5120ST,24,483,District-Kheda,Rural,70-79,7,4,3,2,1,1,3,2,1,0,0,0,0,0,0,0,0,0,0,0,0,2,1,1,0,0,0
C5120ST,24,483,District-Kheda,Rural,80-89,7,2,5,1,0,1,1,1,0,0,0,0,2,0,2,0,0,0,0,0,0,1,0,1,2,1,1
C5120ST,24,483,District-Kheda,Rural,90+,1,1,0,0,0,0,0,0,0,0,0,0,0,0,0,0,0,0,0,0,0,0,0,0,1,1,0
C5120ST,24,483,District-Kheda,Rural,Age Not Stated,6,0,6,1,0,1,1,0,1,0,0,0,0,0,0,1,0,1,1,0,1,2,0,2,0,0,0
C5120ST,24,483,District-Kheda,Urban,Total,261,143,118,62,33,29,35,12,23,8,4,4,67,41,26,11,6,5,8,7,1,50,28,22,20,12,8
C5120ST,24,483,District-Kheda,Urban,0-4,19,9,10,4,1,3,2,1,1,1,0,1,3,2,1,0,0,0,0,0,0,8,4,4,1,1,0
C5120ST,24,483,District-Kheda,Urban,5-9,21,11,10,9,5,4,4,1,3,0,0,0,1,1,0,1,1,0,1,1,0,3,2,1,2,0,2
C5120ST,24,483,District-Kheda,Urban,10-19,79,46,33,13,5,8,13,6,7,3,2,1,13,9,4,4,2,2,2,2,0,17,12,5,14,8,6
C5120ST,24,483,District-Kheda,Urban,20-29,44,29,15,11,8,3,2,1,1,3,2,1,12,9,3,1,0,1,3,2,1,10,5,5,2,2,0
C5120ST,24,483,District-Kheda,Urban,30-39,28,14,14,7,4,3,6,1,5,0,0,0,9,5,4,1,1,0,2,2,0,3,1,2,0,0,0
C5120ST,24,483,District-Kheda,Urban,40-49,25,15,10,6,5,1,2,1,1,0,0,0,12,7,5,2,0,2,0,0,0,3,2,1,0,0,0
C5120ST,24,483,District-Kheda,Urban,50-59,16,12,4,7,4,3,0,0,0,0,0,0,6,5,1,2,2,0,0,0,0,1,1,0,0,0,0
C5120ST,24,483,District-Kheda,Urban,60-69,15,5,10,5,1,4,3,1,2,0,0,0,3,2,1,0,0,0,0,0,0,4,1,3,0,0,0
C5120ST,24,483,District-Kheda,Urban,70-79,10,2,8,0,0,0,1,0,1,1,0,1,7,1,6,0,0,0,0,0,0,0,0,0,1,1,0
C5120ST,24,483,District-Kheda,Urban,80-89,1,0,1,0,0,0,0,0,0,0,0,0,1,0,1,0,0,0,0,0,0,0,0,0,0,0,0
C5120ST,24,483,District-Kheda,Urban,90+,1,0,1,0,0,0,0,0,0,0,0,0,0,0,0,0,0,0,0,0,0,1,0,1,0,0,0
C5120ST,24,483,District-Kheda,Urban,Age Not Stated,2,0,2,0,0,0,2,0,2,0,0,0,0,0,0,0,0,0,0,0,0,0,0,0,0,0,0
C5120ST,24,484,District-Panch Mahals,Total,Total,9535,5407,4128,1814,986,828,1771,968,803,413,245,168,2030,1243,787,445,267,178,290,175,115,2146,1149,997,626,374,252
C5120ST,24,484,District-Panch Mahals,Total,0-4,811,437,374,185,108,77,177,88,89,19,11,8,102,52,50,12,7,5,3,3,0,276,145,131,37,23,14
C5120ST,24,484,District-Panch Mahals,Total,5-9,1062,571,491,200,103,97,193,97,96,82,52,30,137,75,62,65,40,25,18,9,9,260,129,131,107,66,41
C5120ST,24,484,District-Panch Mahals,Total,10-19,2221,1231,990,447,232,215,364,208,156,135,79,56,404,216,188,171,100,71,46,29,17,463,244,219,191,123,68
C5120ST,24,484,District-Panch Mahals,Total,20-29,1551,889,662,238,128,110,255,148,107,67,38,29,427,264,163,76,49,27,66,37,29,321,160,161,101,65,36
C5120ST,24,484,District-Panch Mahals,Total,30-39,1207,727,480,189,108,81,192,109,83,40,24,16,366,250,116,43,28,15,65,39,26,263,140,123,49,29,20
C5120ST,24,484,District-Panch Mahals,Total,40-49,909,560,349,164,98,66,174,110,64,28,16,12,200,134,66,47,25,22,39,24,15,216,131,85,41,22,19
C5120ST,24,484,District-Panch Mahals,Total,50-59,692,410,282,121,71,50,136,75,61,24,16,8,166,107,59,18,10,8,35,20,15,165,98,67,27,13,14
C5120ST,24,484,District-Panch Mahals,Total,60-69,558,323,235,134,70,64,120,66,54,9,6,3,140,84,56,10,8,2,12,10,2,105,64,41,28,15,13
C5120ST,24,484,District-Panch Mahals,Total,70-79,331,170,161,91,48,43,103,43,60,5,0,5,58,42,16,2,0,2,4,3,1,49,26,23,19,8,11
C5120ST,24,484,District-Panch Mahals,Total,80-89,107,51,56,28,10,18,31,13,18,1,1,0,16,11,5,1,0,1,1,1,0,14,8,6,15,7,8
C5120ST,24,484,District-Panch Mahals,Total,90+,39,19,20,13,9,4,8,2,6,0,0,0,5,3,2,0,0,0,0,0,0,4,2,2,9,3,6
C5120ST,24,484,District-Panch Mahals,Total,Age Not Stated,47,19,28,4,1,3,18,9,9,3,2,1,9,5,4,0,0,0,1,0,1,10,2,8,2,0,2
C5120ST,24,484,District-Panch Mahals,Rural,Total,9258,5245,4013,1767,952,815,1710,941,769,399,235,164,1969,1206,763,433,258,175,281,170,111,2087,1117,970,612,366,246
C5120ST,24,484,District-Panch Mahals,Rural,0-4,787,426,361,183,106,77,167,85,82,17,10,7,101,52,49,12,7,5,3,3,0,267,140,127,37,23,14
C5120ST,24,484,District-Panch Mahals,Rural,5-9,1021,552,469,196,100,96,177,93,84,80,51,29,132,72,60,63,38,25,18,9,9,253,125,128,102,64,38
C5120ST,24,484,District-Panch Mahals,Rural,10-19,2143,1183,960,429,220,209,348,199,149,130,75,55,391,207,184,168,98,70,42,26,16,451,240,211,184,118,66
C5120ST,24,484,District-Panch Mahals,Rural,20-29,1510,866,644,233,125,108,248,145,103,65,37,28,416,258,158,71,45,26,65,37,28,311,154,157,101,65,36
C5120ST,24,484,District-Panch Mahals,Rural,30-39,1169,703,466,185,105,80,189,107,82,39,23,16,351,240,111,43,28,15,62,38,24,252,134,118,48,28,20
C5120ST,24,484,District-Panch Mahals,Rural,40-49,882,539,343,155,91,64,171,108,63,26,14,12,193,129,64,47,25,22,38,23,15,211,127,84,41,22,19
C5120ST,24,484,District-Panch Mahals,Rural,50-59,686,405,281,120,70,50,136,75,61,24,16,8,162,104,58,17,9,8,35,20,15,165,98,67,27,13,14
C5120ST,24,484,District-Panch Mahals,Rural,60-69,543,316,227,133,69,64,116,64,52,9,6,3,137,83,54,9,8,1,12,10,2,100,61,39,27,15,12
C5120ST,24,484,District-Panch Mahals,Rural,70-79,326,167,159,89,47,42,101,41,60,5,0,5,57,42,15,2,0,2,4,3,1,49,26,23,19,8,11
C5120ST,24,484,District-Panch Mahals,Rural,80-89,106,51,55,28,10,18,31,13,18,1,1,0,15,11,4,1,0,1,1,1,0,14,8,6,15,7,8
C5120ST,24,484,District-Panch Mahals,Rural,90+,38,18,20,12,8,4,8,2,6,0,0,0,5,3,2,0,0,0,0,0,0,4,2,2,9,3,6
C5120ST,24,484,District-Panch Mahals,Rural,Age Not Stated,47,19,28,4,1,3,18,9,9,3,2,1,9,5,4,0,0,0,1,0,1,10,2,8,2,0,2
C5120ST,24,484,District-Panch Mahals,Urban,Total,277,162,115,47,34,13,61,27,34,14,10,4,61,37,24,12,9,3,9,5,4,59,32,27,14,8,6
C5120ST,24,484,District-Panch Mahals,Urban,0-4,24,11,13,2,2,0,10,3,7,2,1,1,1,0,1,0,0,0,0,0,0,9,5,4,0,0,0
C5120ST,24,484,District-Panch Mahals,Urban,5-9,41,19,22,4,3,1,16,4,12,2,1,1,5,3,2,2,2,0,0,0,0,7,4,3,5,2,3
C5120ST,24,484,District-Panch Mahals,Urban,10-19,78,48,30,18,12,6,16,9,7,5,4,1,13,9,4,3,2,1,4,3,1,12,4,8,7,5,2
C5120ST,24,484,District-Panch Mahals,Urban,20-29,41,23,18,5,3,2,7,3,4,2,1,1,11,6,5,5,4,1,1,0,1,10,6,4,0,0,0
C5120ST,24,484,District-Panch Mahals,Urban,30-39,38,24,14,4,3,1,3,2,1,1,1,0,15,10,5,0,0,0,3,1,2,11,6,5,1,1,0
C5120ST,24,484,District-Panch Mahals,Urban,40-49,27,21,6,9,7,2,3,2,1,2,2,0,7,5,2,0,0,0,1,1,0,5,4,1,0,0,0
C5120ST,24,484,District-Panch Mahals,Urban,50-59,6,5,1,1,1,0,0,0,0,0,0,0,4,3,1,1,1,0,0,0,0,0,0,0,0,0,0
C5120ST,24,484,District-Panch Mahals,Urban,60-69,15,7,8,1,1,0,4,2,2,0,0,0,3,1,2,1,0,1,0,0,0,5,3,2,1,0,1
C5120ST,24,484,District-Panch Mahals,Urban,70-79,5,3,2,2,1,1,2,2,0,0,0,0,1,0,1,0,0,0,0,0,0,0,0,0,0,0,0
C5120ST,24,484,District-Panch Mahals,Urban,80-89,1,0,1,0,0,0,0,0,0,0,0,0,1,0,1,0,0,0,0,0,0,0,0,0,0,0,0
C5120ST,24,484,District-Panch Mahals,Urban,90+,1,1,0,1,1,0,0,0,0,0,0,0,0,0,0,0,0,0,0,0,0,0,0,0,0,0,0
C5120ST,24,484,District-Panch Mahals,Urban,Age Not Stated,0,0,0,0,0,0,0,0,0,0,0,0,0,0,0,0,0,0,0,0,0,0,0,0,0,0,0
C5120ST,24,485,District-Dohad  ,Total,Total,22688,12501,10187,3837,1976,1861,3929,2046,1883,688,412,276,5783,3483,2300,924,519,405,547,336,211,5688,3007,2681,1292,722,570
C5120ST,24,485,District-Dohad  ,Total,0-4,1960,1028,932,357,183,174,360,192,168,30,18,12,225,121,104,41,20,21,8,5,3,842,433,409,97,56,41
C5120ST,24,485,District-Dohad  ,Total,5-9,2600,1413,1187,461,234,227,490,264,226,156,105,51,343,205,138,161,86,75,29,15,14,746,386,360,214,118,96
C5120ST,24,485,District-Dohad  ,Total,10-19,5377,2867,2510,841,418,423,851,423,428,232,134,98,1375,777,598,369,195,174,90,51,39,1276,676,600,343,193,150
C5120ST,24,485,District-Dohad  ,Total,20-29,3686,2094,1592,472,265,207,479,252,227,92,53,39,1368,813,555,147,86,61,121,79,42,823,433,390,184,113,71
C5120ST,24,485,District-Dohad  ,Total,30-39,2781,1700,1081,375,219,156,413,242,171,68,36,32,913,618,295,71,47,24,119,79,40,723,402,321,99,57,42
C5120ST,24,485,District-Dohad  ,Total,40-49,2024,1207,817,347,192,155,349,198,151,46,32,14,557,379,178,68,46,22,88,50,38,490,254,236,79,56,23
C5120ST,24,485,District-Dohad  ,Total,50-59,1524,908,616,263,155,108,325,182,143,29,18,11,394,246,148,37,21,16,57,35,22,357,212,145,62,39,23
C5120ST,24,485,District-Dohad  ,Total,60-69,1411,724,687,355,172,183,337,158,179,25,11,14,317,178,139,16,12,4,26,17,9,256,133,123,79,43,36
C5120ST,24,485,District-Dohad  ,Total,70-79,852,349,503,238,88,150,211,89,122,7,4,3,208,100,108,7,1,6,6,2,4,108,38,70,67,27,40
C5120ST,24,485,District-Dohad  ,Total,80-89,281,114,167,88,38,50,77,30,47,1,0,1,50,25,25,3,3,0,1,1,0,19,11,8,42,6,36
C5120ST,24,485,District-Dohad  ,Total,90+,105,53,52,23,5,18,25,12,13,1,1,0,16,11,5,0,0,0,0,0,0,17,12,5,23,12,11
C5120ST,24,485,District-Dohad  ,Total,Age Not Stated,87,44,43,17,7,10,12,4,8,1,0,1,17,10,7,4,2,2,2,2,0,31,17,14,3,2,1
C5120ST,24,485,District-Dohad  ,Rural,Total,21953,12110,9843,3706,1910,1796,3806,1996,1810,664,397,267,5605,3385,2220,896,506,390,523,319,204,5502,2898,2604,1251,699,552
C5120ST,24,485,District-Dohad  ,Rural,0-4,1897,994,903,343,177,166,354,187,167,29,17,12,217,116,101,40,19,21,8,5,3,810,417,393,96,56,40
C5120ST,24,485,District-Dohad  ,Rural,5-9,2545,1379,1166,452,229,223,479,258,221,154,103,51,340,203,137,157,83,74,29,15,14,726,375,351,208,113,95
C5120ST,24,485,District-Dohad  ,Rural,10-19,5218,2781,2437,816,403,413,829,416,413,225,130,95,1349,764,585,357,190,167,86,48,38,1234,648,586,322,182,140
C5120ST,24,485,District-Dohad  ,Rural,20-29,3556,2028,1528,455,258,197,461,244,217,85,50,35,1327,792,535,144,83,61,115,74,41,790,416,374,179,111,68
C5120ST,24,485,District-Dohad  ,Rural,30-39,2684,1644,1040,362,213,149,396,234,162,65,34,31,877,594,283,70,47,23,115,76,39,703,391,312,96,55,41
C5120ST,24,485,District-Dohad  ,Rural,40-49,1953,1169,784,335,188,147,337,192,145,44,31,13,536,366,170,66,46,20,83,47,36,474,244,230,78,55,23
C5120ST,24,485,District-Dohad  ,Rural,50-59,1465,871,594,250,146,104,314,177,137,28,17,11,378,238,140,34,21,13,54,32,22,345,201,144,62,39,23
C5120ST,24,485,District-Dohad  ,Rural,60-69,1360,704,656,339,164,175,327,156,171,24,10,14,306,175,131,15,11,4,25,17,8,248,130,118,76,41,35
C5120ST,24,485,District-Dohad  ,Rural,70-79,816,334,482,226,82,144,203,87,116,7,4,3,195,94,101,7,1,6,5,2,3,107,37,70,66,27,39
C5120ST,24,485,District-Dohad  ,Rural,80-89,274,112,162,88,38,50,72,30,42,1,0,1,48,23,25,3,3,0,1,1,0,19,11,8,42,6,36
C5120ST,24,485,District-Dohad  ,Rural,90+,102,51,51,23,5,18,23,11,12,1,1,0,15,10,5,0,0,0,0,0,0,17,12,5,23,12,11
C5120ST,24,485,District-Dohad  ,Rural,Age Not Stated,83,43,40,17,7,10,11,4,7,1,0,1,17,10,7,3,2,1,2,2,0,29,16,13,3,2,1
C5120ST,24,485,District-Dohad  ,Urban,Total,735,391,344,131,66,65,123,50,73,24,15,9,178,98,80,28,13,15,24,17,7,186,109,77,41,23,18
C5120ST,24,485,District-Dohad  ,Urban,0-4,63,34,29,14,6,8,6,5,1,1,1,0,8,5,3,1,1,0,0,0,0,32,16,16,1,0,1
C5120ST,24,485,District-Dohad  ,Urban,5-9,55,34,21,9,5,4,11,6,5,2,2,0,3,2,1,4,3,1,0,0,0,20,11,9,6,5,1
C5120ST,24,485,District-Dohad  ,Urban,10-19,159,86,73,25,15,10,22,7,15,7,4,3,26,13,13,12,5,7,4,3,1,42,28,14,21,11,10
C5120ST,24,485,District-Dohad  ,Urban,20-29,130,66,64,17,7,10,18,8,10,7,3,4,41,21,20,3,3,0,6,5,1,33,17,16,5,2,3
C5120ST,24,485,District-Dohad  ,Urban,30-39,97,56,41,13,6,7,17,8,9,3,2,1,36,24,12,1,0,1,4,3,1,20,11,9,3,2,1
C5120ST,24,485,District-Dohad  ,Urban,40-49,71,38,33,12,4,8,12,6,6,2,1,1,21,13,8,2,0,2,5,3,2,16,10,6,1,1,0
C5120ST,24,485,District-Dohad  ,Urban,50-59,59,37,22,13,9,4,11,5,6,1,1,0,16,8,8,3,0,3,3,3,0,12,11,1,0,0,0
C5120ST,24,485,District-Dohad  ,Urban,60-69,51,20,31,16,8,8,10,2,8,1,1,0,11,3,8,1,1,0,1,0,1,8,3,5,3,2,1
C5120ST,24,485,District-Dohad  ,Urban,70-79,36,15,21,12,6,6,8,2,6,0,0,0,13,6,7,0,0,0,1,0,1,1,1,0,1,0,1
C5120ST,24,485,District-Dohad  ,Urban,80-89,7,2,5,0,0,0,5,0,5,0,0,0,2,2,0,0,0,0,0,0,0,0,0,0,0,0,0
C5120ST,24,485,District-Dohad  ,Urban,90+,3,2,1,0,0,0,2,1,1,0,0,0,1,1,0,0,0,0,0,0,0,0,0,0,0,0,0
C5120ST,24,485,District-Dohad  ,Urban,Age Not Stated,4,1,3,0,0,0,1,0,1,0,0,0,0,0,0,1,0,1,0,0,0,2,1,1,0,0,0
C5120ST,24,486,District-Vadodara,Total,Total,17488,9525,7963,4148,2136,2012,3118,1656,1462,742,442,300,3264,1958,1306,964,533,431,482,275,207,3760,2005,1755,1010,520,490
C5120ST,24,486,District-Vadodara,Total,0-4,1022,554,468,257,135,122,164,80,84,12,7,5,94,57,37,26,11,15,11,7,4,410,227,183,48,30,18
C5120ST,24,486,District-Vadodara,Total,5-9,1584,860,724,329,167,162,270,152,118,126,77,49,181,104,77,170,94,76,34,20,14,353,184,169,121,62,59
C5120ST,24,486,District-Vadodara,Total,10-19,3123,1755,1368,671,369,302,480,274,206,192,115,77,453,262,191,338,183,155,74,50,24,711,386,325,204,116,88
C5120ST,24,486,District-Vadodara,Total,20-29,2580,1451,1129,536,282,254,363,202,161,140,72,68,551,340,211,156,90,66,93,50,43,607,340,267,134,75,59
C5120ST,24,486,District-Vadodara,Total,30-39,2267,1324,943,427,241,186,370,210,160,100,63,37,554,346,208,134,68,66,107,65,42,510,287,223,65,44,21
C5120ST,24,486,District-Vadodara,Total,40-49,1945,1108,837,424,240,184,332,185,147,69,43,26,454,288,166,70,45,25,77,41,36,472,241,231,47,25,22
C5120ST,24,486,District-Vadodara,Total,50-59,1729,955,774,496,255,241,363,194,169,52,32,20,366,240,126,38,21,17,47,27,20,311,162,149,56,24,32
C5120ST,24,486,District-Vadodara,Total,60-69,1678,820,858,540,238,302,371,175,196,31,23,8,323,186,137,17,12,5,25,10,15,226,105,121,145,71,74
C5120ST,24,486,District-Vadodara,Total,70-79,1029,456,573,319,139,180,279,123,156,14,7,7,186,86,100,12,8,4,11,5,6,92,43,49,116,45,71
C5120ST,24,486,District-Vadodara,Total,80-89,320,143,177,109,51,58,82,42,40,3,1,2,55,25,30,2,0,2,0,0,0,25,6,19,44,18,26
C5120ST,24,486,District-Vadodara,Total,90+,103,41,62,25,9,16,24,8,16,2,1,1,20,9,11,0,0,0,0,0,0,10,7,3,22,7,15
C5120ST,24,486,District-Vadodara,Total,Age Not Stated,108,58,50,15,10,5,20,11,9,1,1,0,27,15,12,1,1,0,3,0,3,33,17,16,8,3,5
C5120ST,24,486,District-Vadodara,Rural,Total,14773,7967,6806,3292,1664,1628,2510,1319,1191,585,355,230,2995,1793,1202,865,478,387,425,240,185,3170,1651,1519,931,467,464
C5120ST,24,486,District-Vadodara,Rural,0-4,817,445,372,180,94,86,122,60,62,9,6,3,90,53,37,26,11,15,10,7,3,340,190,150,40,24,16
C5120ST,24,486,District-Vadodara,Rural,5-9,1380,746,634,257,132,125,229,128,101,111,69,42,172,97,75,162,90,72,29,16,13,306,157,149,114,57,57
C5120ST,24,486,District-Vadodara,Rural,10-19,2569,1412,1157,511,275,236,358,205,153,153,91,62,422,242,180,314,170,144,68,46,22,564,284,280,179,99,80
C5120ST,24,486,District-Vadodara,Rural,20-29,1985,1125,860,345,184,161,253,142,111,98,54,44,487,310,177,124,70,54,80,41,39,485,262,223,113,62,51
C5120ST,24,486,District-Vadodara,Rural,30-39,1874,1097,777,294,171,123,284,151,133,81,54,27,506,317,189,118,60,58,96,59,37,438,246,192,57,39,18
C5120ST,24,486,District-Vadodara,Rural,40-49,1615,911,704,333,185,148,249,141,108,53,30,23,406,254,152,60,40,20,67,35,32,405,206,199,42,20,22
C5120ST,24,486,District-Vadodara,Rural,50-59,1513,818,695,431,211,220,307,160,147,40,25,15,330,213,117,32,18,14,40,22,18,279,146,133,54,23,31
C5120ST,24,486,District-Vadodara,Rural,60-69,1566,766,800,499,216,283,338,163,175,24,18,6,311,179,132,16,11,5,23,9,14,212,99,113,143,71,72
C5120ST,24,486,District-Vadodara,Rural,70-79,974,431,543,310,135,175,255,112,143,12,6,6,175,83,92,12,8,4,11,5,6,83,37,46,116,45,71
C5120ST,24,486,District-Vadodara,Rural,80-89,301,134,167,101,48,53,78,39,39,2,1,1,53,24,29,1,0,1,0,0,0,23,5,18,43,17,26
C5120ST,24,486,District-Vadodara,Rural,90+,90,36,54,20,6,14,20,8,12,1,0,1,18,8,10,0,0,0,0,0,0,9,7,2,22,7,15
C5120ST,24,486,District-Vadodara,Rural,Age Not Stated,89,46,43,11,7,4,17,10,7,1,1,0,25,13,12,0,0,0,1,0,1,26,12,14,8,3,5
C5120ST,24,486,District-Vadodara,Urban,Total,2715,1558,1157,856,472,384,608,337,271,157,87,70,269,165,104,99,55,44,57,35,22,590,354,236,79,53,26
C5120ST,24,486,District-Vadodara,Urban,0-4,205,109,96,77,41,36,42,20,22,3,1,2,4,4,0,0,0,0,1,0,1,70,37,33,8,6,2
C5120ST,24,486,District-Vadodara,Urban,5-9,204,114,90,72,35,37,41,24,17,15,8,7,9,7,2,8,4,4,5,4,1,47,27,20,7,5,2
C5120ST,24,486,District-Vadodara,Urban,10-19,554,343,211,160,94,66,122,69,53,39,24,15,31,20,11,24,13,11,6,4,2,147,102,45,25,17,8
C5120ST,24,486,District-Vadodara,Urban,20-29,595,326,269,191,98,93,110,60,50,42,18,24,64,30,34,32,20,12,13,9,4,122,78,44,21,13,8
C5120ST,24,486,District-Vadodara,Urban,30-39,393,227,166,133,70,63,86,59,27,19,9,10,48,29,19,16,8,8,11,6,5,72,41,31,8,5,3
C5120ST,24,486,District-Vadodara,Urban,40-49,330,197,133,91,55,36,83,44,39,16,13,3,48,34,14,10,5,5,10,6,4,67,35,32,5,5,0
C5120ST,24,486,District-Vadodara,Urban,50-59,216,137,79,65,44,21,56,34,22,12,7,5,36,27,9,6,3,3,7,5,2,32,16,16,2,1,1
C5120ST,24,486,District-Vadodara,Urban,60-69,112,54,58,41,22,19,33,12,21,7,5,2,12,7,5,1,1,0,2,1,1,14,6,8,2,0,2
C5120ST,24,486,District-Vadodara,Urban,70-79,55,25,30,9,4,5,24,11,13,2,1,1,11,3,8,0,0,0,0,0,0,9,6,3,0,0,0
C5120ST,24,486,District-Vadodara,Urban,80-89,19,9,10,8,3,5,4,3,1,1,0,1,2,1,1,1,0,1,0,0,0,2,1,1,1,1,0
C5120ST,24,486,District-Vadodara,Urban,90+,13,5,8,5,3,2,4,0,4,1,1,0,2,1,1,0,0,0,0,0,0,1,0,1,0,0,0
C5120ST,24,486,District-Vadodara,Urban,Age Not Stated,19,12,7,4,3,1,3,1,2,0,0,0,2,2,0,1,1,0,2,0,2,7,5,2,0,0,0
C5120ST,24,487,District-Narmada,Total,Total,6197,3460,2737,903,501,402,1141,613,528,297,161,136,1456,894,562,358,209,149,262,130,132,1391,731,660,389,221,168
C5120ST,24,487,District-Narmada,Total,0-4,309,166,143,45,24,21,63,35,28,10,7,3,40,23,17,10,7,3,2,1,1,121,57,64,18,12,6
C5120ST,24,487,District-Narmada,Total,5-9,561,311,250,81,45,36,111,63,48,45,30,15,50,27,23,76,44,32,17,7,10,112,58,54,69,37,32
C5120ST,24,487,District-Narmada,Total,10-19,1282,705,577,191,99,92,231,129,102,80,43,37,201,118,83,135,90,45,37,18,19,299,148,151,108,60,48
C5120ST,24,487,District-Narmada,Total,20-29,842,459,383,99,50,49,121,64,57,38,17,21,241,146,95,53,27,26,42,22,20,183,93,90,65,40,25
C5120ST,24,487,District-Narmada,Total,30-39,946,543,403,107,63,44,178,88,90,50,26,24,261,172,89,38,16,22,50,27,23,231,129,102,31,22,9
C5120ST,24,487,District-Narmada,Total,40-49,791,470,321,120,76,44,115,66,49,27,16,11,227,149,78,28,12,16,53,27,26,182,100,82,39,24,15
C5120ST,24,487,District-Narmada,Total,50-59,549,315,234,90,47,43,102,56,46,29,16,13,151,105,46,14,9,5,37,17,20,112,62,50,14,3,11
C5120ST,24,487,District-Narmada,Total,60-69,519,278,241,86,53,33,133,64,69,14,4,10,162,91,71,3,3,0,19,10,9,82,44,38,20,9,11
C5120ST,24,487,District-Narmada,Total,70-79,253,138,115,50,25,25,56,33,23,2,1,1,83,44,39,1,1,0,4,1,3,44,27,17,13,6,7
C5120ST,24,487,District-Narmada,Total,80-89,101,50,51,28,15,13,23,10,13,1,0,1,30,14,16,0,0,0,1,0,1,10,5,5,8,6,2
C5120ST,24,487,District-Narmada,Total,90+,31,18,13,6,4,2,4,2,2,0,0,0,7,3,4,0,0,0,0,0,0,11,8,3,3,1,2
C5120ST,24,487,District-Narmada,Total,Age Not Stated,13,7,6,0,0,0,4,3,1,1,1,0,3,2,1,0,0,0,0,0,0,4,0,4,1,1,0
C5120ST,24,487,District-Narmada,Rural,Total,5933,3303,2630,866,486,380,1082,572,510,287,155,132,1392,849,543,350,204,146,247,124,123,1340,704,636,369,209,160
C5120ST,24,487,District-Narmada,Rural,0-4,299,159,140,44,23,21,61,34,27,10,7,3,38,21,17,9,6,3,2,1,1,118,56,62,17,11,6
C5120ST,24,487,District-Narmada,Rural,5-9,548,299,249,80,44,36,104,56,48,44,29,15,50,27,23,76,44,32,17,7,10,109,55,54,68,37,31
C5120ST,24,487,District-Narmada,Rural,10-19,1202,659,543,173,98,75,205,105,100,78,42,36,197,115,82,132,88,44,33,16,17,285,140,145,99,55,44
C5120ST,24,487,District-Narmada,Rural,20-29,804,440,364,95,49,46,116,63,53,34,15,19,229,139,90,49,25,24,41,22,19,179,90,89,61,37,24
C5120ST,24,487,District-Narmada,Rural,30-39,915,522,393,106,62,44,175,87,88,48,25,23,248,162,86,38,16,22,48,26,22,223,124,99,29,20,9
C5120ST,24,487,District-Narmada,Rural,40-49,760,454,306,117,74,43,108,63,45,26,15,11,220,144,76,28,12,16,50,25,25,172,97,75,39,24,15
C5120ST,24,487,District-Narmada,Rural,50-59,526,297,229,86,43,43,100,54,46,29,16,13,141,96,45,14,9,5,34,16,18,108,60,48,14,3,11
C5120ST,24,487,District-Narmada,Rural,60-69,500,267,233,82,49,33,128,62,66,14,4,10,158,88,70,3,3,0,18,10,8,78,42,36,19,9,10
C5120ST,24,487,District-Narmada,Rural,70-79,240,133,107,49,25,24,55,33,22,2,1,1,74,39,35,1,1,0,3,1,2,43,27,16,13,6,7
C5120ST,24,487,District-Narmada,Rural,80-89,96,48,48,28,15,13,22,10,12,1,0,1,28,13,15,0,0,0,1,0,1,10,5,5,6,5,1
C5120ST,24,487,District-Narmada,Rural,90+,30,18,12,6,4,2,4,2,2,0,0,0,6,3,3,0,0,0,0,0,0,11,8,3,3,1,2
C5120ST,24,487,District-Narmada,Rural,Age Not Stated,13,7,6,0,0,0,4,3,1,1,1,0,3,2,1,0,0,0,0,0,0,4,0,4,1,1,0
C5120ST,24,487,District-Narmada,Urban,Total,264,157,107,37,15,22,59,41,18,10,6,4,64,45,19,8,5,3,15,6,9,51,27,24,20,12,8
C5120ST,24,487,District-Narmada,Urban,0-4,10,7,3,1,1,0,2,1,1,0,0,0,2,2,0,1,1,0,0,0,0,3,1,2,1,1,0
C5120ST,24,487,District-Narmada,Urban,5-9,13,12,1,1,1,0,7,7,0,1,1,0,0,0,0,0,0,0,0,0,0,3,3,0,1,0,1
C5120ST,24,487,District-Narmada,Urban,10-19,80,46,34,18,1,17,26,24,2,2,1,1,4,3,1,3,2,1,4,2,2,14,8,6,9,5,4
C5120ST,24,487,District-Narmada,Urban,20-29,38,19,19,4,1,3,5,1,4,4,2,2,12,7,5,4,2,2,1,0,1,4,3,1,4,3,1
C5120ST,24,487,District-Narmada,Urban,30-39,31,21,10,1,1,0,3,1,2,2,1,1,13,10,3,0,0,0,2,1,1,8,5,3,2,2,0
C5120ST,24,487,District-Narmada,Urban,40-49,31,16,15,3,2,1,7,3,4,1,1,0,7,5,2,0,0,0,3,2,1,10,3,7,0,0,0
C5120ST,24,487,District-Narmada,Urban,50-59,23,18,5,4,4,0,2,2,0,0,0,0,10,9,1,0,0,0,3,1,2,4,2,2,0,0,0
C5120ST,24,487,District-Narmada,Urban,60-69,19,11,8,4,4,0,5,2,3,0,0,0,4,3,1,0,0,0,1,0,1,4,2,2,1,0,1
C5120ST,24,487,District-Narmada,Urban,70-79,13,5,8,1,0,1,1,0,1,0,0,0,9,5,4,0,0,0,1,0,1,1,0,1,0,0,0
C5120ST,24,487,District-Narmada,Urban,80-89,5,2,3,0,0,0,1,0,1,0,0,0,2,1,1,0,0,0,0,0,0,0,0,0,2,1,1
C5120ST,24,487,District-Narmada,Urban,90+,1,0,1,0,0,0,0,0,0,0,0,0,1,0,1,0,0,0,0,0,0,0,0,0,0,0,0
C5120ST,24,487,District-Narmada,Urban,Age Not Stated,0,0,0,0,0,0,0,0,0,0,0,0,0,0,0,0,0,0,0,0,0,0,0,0,0,0,0
C5120ST,24,488,District-Bharuch,Total,Total,7747,4184,3563,1507,772,735,1608,821,787,314,185,129,1189,719,470,366,206,160,257,138,119,2054,1101,953,452,242,210
C5120ST,24,488,District-Bharuch,Total,0-4,415,224,191,93,52,41,90,47,43,1,0,1,19,11,8,13,10,3,5,3,2,179,95,84,15,6,9
C5120ST,24,488,District-Bharuch,Total,5-9,615,322,293,105,55,50,114,54,60,41,22,19,57,30,27,62,31,31,11,4,7,182,98,84,43,28,15
C5120ST,24,488,District-Bharuch,Total,10-19,1427,784,643,244,105,139,240,138,102,89,60,29,162,101,61,113,66,47,41,22,19,405,216,189,133,76,57
C5120ST,24,488,District-Bharuch,Total,20-29,1076,643,433,179,111,68,200,111,89,53,34,19,180,116,64,66,37,29,37,21,16,311,180,131,50,33,17
C5120ST,24,488,District-Bharuch,Total,30-39,1040,567,473,155,91,64,185,94,91,41,18,23,218,137,81,47,21,26,53,27,26,308,161,147,33,18,15
C5120ST,24,488,District-Bharuch,Total,40-49,977,567,410,158,90,68,201,105,96,36,24,12,175,118,57,37,23,14,48,29,19,297,161,136,25,17,8
C5120ST,24,488,District-Bharuch,Total,50-59,728,398,330,148,82,66,173,91,82,22,12,10,140,83,57,17,11,6,28,16,12,174,90,84,26,13,13
C5120ST,24,488,District-Bharuch,Total,60-69,719,372,347,207,100,107,187,90,97,14,10,4,127,81,46,5,4,1,22,10,12,113,56,57,44,21,23
C5120ST,24,488,District-Bharuch,Total,70-79,534,208,326,163,64,99,161,65,96,11,4,7,81,25,56,4,3,1,7,5,2,51,20,31,56,22,34
C5120ST,24,488,District-Bharuch,Total,80-89,129,55,74,31,10,21,38,16,22,4,1,3,22,12,10,0,0,0,3,1,2,12,9,3,19,6,13
C5120ST,24,488,District-Bharuch,Total,90+,43,19,24,12,5,7,12,6,6,0,0,0,3,1,2,0,0,0,1,0,1,8,5,3,7,2,5
C5120ST,24,488,District-Bharuch,Total,Age Not Stated,44,25,19,12,7,5,7,4,3,2,0,2,5,4,1,2,0,2,1,0,1,14,10,4,1,0,1
C5120ST,24,488,District-Bharuch,Rural,Total,6828,3676,3152,1271,638,633,1459,736,723,269,161,108,1079,658,421,323,181,142,234,126,108,1767,945,822,426,231,195
C5120ST,24,488,District-Bharuch,Rural,0-4,357,193,164,67,37,30,78,39,39,1,0,1,17,10,7,11,9,2,4,2,2,165,90,75,14,6,8
C5120ST,24,488,District-Bharuch,Rural,5-9,529,273,256,81,41,40,104,49,55,36,21,15,53,27,26,59,29,30,9,2,7,148,78,70,39,26,13
C5120ST,24,488,District-Bharuch,Rural,10-19,1277,706,571,202,83,119,220,125,95,81,55,26,148,95,53,105,60,45,38,22,16,353,190,163,130,76,54
C5120ST,24,488,District-Bharuch,Rural,20-29,914,548,366,129,79,50,182,102,80,48,32,16,161,104,57,55,31,24,35,20,15,259,150,109,45,30,15
C5120ST,24,488,District-Bharuch,Rural,30-39,911,492,419,133,77,56,166,83,83,32,13,19,201,124,77,38,16,22,47,24,23,263,137,126,31,18,13
C5120ST,24,488,District-Bharuch,Rural,40-49,850,495,355,137,78,59,172,92,80,29,17,12,158,108,50,30,21,9,44,26,18,255,136,119,25,17,8
C5120ST,24,488,District-Bharuch,Rural,50-59,636,349,287,123,65,58,160,83,77,17,11,6,126,79,47,15,9,6,25,15,10,148,77,71,22,10,12
C5120ST,24,488,District-Bharuch,Rural,60-69,661,338,323,195,95,100,175,82,93,12,8,4,113,72,41,4,3,1,20,9,11,102,49,53,40,20,20
C5120ST,24,488,District-Bharuch,Rural,70-79,498,197,301,153,62,91,155,62,93,7,3,4,74,23,51,4,3,1,7,5,2,44,18,26,54,21,33
C5120ST,24,488,District-Bharuch,Rural,80-89,117,48,69,29,10,19,32,13,19,4,1,3,21,11,10,0,0,0,3,1,2,10,7,3,18,5,13
C5120ST,24,488,District-Bharuch,Rural,90+,39,17,22,10,4,6,11,5,6,0,0,0,2,1,1,0,0,0,1,0,1,8,5,3,7,2,5
C5120ST,24,488,District-Bharuch,Rural,Age Not Stated,39,20,19,12,7,5,4,1,3,2,0,2,5,4,1,2,0,2,1,0,1,12,8,4,1,0,1
C5120ST,24,488,District-Bharuch,Urban,Total,919,508,411,236,134,102,149,85,64,45,24,21,110,61,49,43,25,18,23,12,11,287,156,131,26,11,15
C5120ST,24,488,District-Bharuch,Urban,0-4,58,31,27,26,15,11,12,8,4,0,0,0,2,1,1,2,1,1,1,1,0,14,5,9,1,0,1
C5120ST,24,488,District-Bharuch,Urban,5-9,86,49,37,24,14,10,10,5,5,5,1,4,4,3,1,3,2,1,2,2,0,34,20,14,4,2,2
C5120ST,24,488,District-Bharuch,Urban,10-19,150,78,72,42,22,20,20,13,7,8,5,3,14,6,8,8,6,2,3,0,3,52,26,26,3,0,3
C5120ST,24,488,District-Bharuch,Urban,20-29,162,95,67,50,32,18,18,9,9,5,2,3,19,12,7,11,6,5,2,1,1,52,30,22,5,3,2
C5120ST,24,488,District-Bharuch,Urban,30-39,129,75,54,22,14,8,19,11,8,9,5,4,17,13,4,9,5,4,6,3,3,45,24,21,2,0,2
C5120ST,24,488,District-Bharuch,Urban,40-49,127,72,55,21,12,9,29,13,16,7,7,0,17,10,7,7,2,5,4,3,1,42,25,17,0,0,0
C5120ST,24,488,District-Bharuch,Urban,50-59,92,49,43,25,17,8,13,8,5,5,1,4,14,4,10,2,2,0,3,1,2,26,13,13,4,3,1
C5120ST,24,488,District-Bharuch,Urban,60-69,58,34,24,12,5,7,12,8,4,2,2,0,14,9,5,1,1,0,2,1,1,11,7,4,4,1,3
C5120ST,24,488,District-Bharuch,Urban,70-79,36,11,25,10,2,8,6,3,3,4,1,3,7,2,5,0,0,0,0,0,0,7,2,5,2,1,1
C5120ST,24,488,District-Bharuch,Urban,80-89,12,7,5,2,0,2,6,3,3,0,0,0,1,1,0,0,0,0,0,0,0,2,2,0,1,1,0
C5120ST,24,488,District-Bharuch,Urban,90+,4,2,2,2,1,1,1,1,0,0,0,0,1,0,1,0,0,0,0,0,0,0,0,0,0,0,0
C5120ST,24,488,District-Bharuch,Urban,Age Not Stated,5,5,0,0,0,0,3,3,0,0,0,0,0,0,0,0,0,0,0,0,0,2,2,0,0,0,0
C5120ST,24,489,District-The Dangs,Total,Total,3021,1623,1398,648,320,328,562,275,287,127,77,50,612,384,228,187,89,98,76,45,31,493,269,224,316,164,152
C5120ST,24,489,District-The Dangs,Total,0-4,174,89,85,43,22,21,32,12,20,5,2,3,11,6,5,10,5,5,1,1,0,53,28,25,19,13,6
C5120ST,24,489,District-The Dangs,Total,5-9,355,206,149,83,44,39,41,25,16,18,12,6,41,27,14,47,24,23,3,2,1,58,34,24,64,38,26
C5120ST,24,489,District-The Dangs,Total,10-19,612,310,302,161,74,87,77,42,35,31,20,11,83,48,35,71,31,40,14,9,5,107,56,51,68,30,38
C5120ST,24,489,District-The Dangs,Total,20-29,469,242,227,72,33,39,61,25,36,29,16,13,145,86,59,29,11,18,14,6,8,77,40,37,42,25,17
C5120ST,24,489,District-The Dangs,Total,30-39,318,179,139,62,38,24,64,33,31,8,6,2,70,43,27,14,10,4,17,9,8,63,29,34,20,11,9
C5120ST,24,489,District-The Dangs,Total,40-49,291,170,121,55,28,27,49,25,24,14,7,7,69,47,22,10,5,5,17,10,7,58,35,23,19,13,6
C5120ST,24,489,District-The Dangs,Total,50-59,287,165,122,53,26,27,78,36,42,9,7,2,82,56,26,6,3,3,6,5,1,44,28,16,9,4,5
C5120ST,24,489,District-The Dangs,Total,60-69,265,145,120,63,30,33,78,38,40,11,6,5,61,42,19,0,0,0,2,1,1,24,15,9,26,13,13
C5120ST,24,489,District-The Dangs,Total,70-79,167,81,86,46,21,25,52,24,28,0,0,0,36,22,14,0,0,0,2,2,0,7,4,3,24,8,16
C5120ST,24,489,District-The Dangs,Total,80-89,61,29,32,9,4,5,25,13,12,1,1,0,11,6,5,0,0,0,0,0,0,0,0,0,15,5,10
C5120ST,24,489,District-The Dangs,Total,90+,20,6,14,1,0,1,5,2,3,1,0,1,3,1,2,0,0,0,0,0,0,1,0,1,9,3,6
C5120ST,24,489,District-The Dangs,Total,Age Not Stated,2,1,1,0,0,0,0,0,0,0,0,0,0,0,0,0,0,0,0,0,0,1,0,1,1,1,0
C5120ST,24,489,District-The Dangs,Rural,Total,2871,1543,1328,629,311,318,543,267,276,115,73,42,566,357,209,180,86,94,72,44,28,458,245,213,308,160,148
C5120ST,24,489,District-The Dangs,Rural,0-4,170,87,83,42,21,21,32,12,20,4,2,2,11,6,5,10,5,5,1,1,0,51,27,24,19,13,6
C5120ST,24,489,District-The Dangs,Rural,5-9,347,203,144,82,43,39,39,24,15,18,12,6,39,26,13,46,24,22,3,2,1,57,34,23,63,38,25
C5120ST,24,489,District-The Dangs,Rural,10-19,579,296,283,158,73,85,76,42,34,29,19,10,76,46,30,66,29,37,12,9,3,97,49,48,65,29,36
C5120ST,24,489,District-The Dangs,Rural,20-29,442,229,213,68,32,36,60,25,35,25,15,10,133,78,55,29,11,18,14,6,8,71,37,34,42,25,17
C5120ST,24,489,District-The Dangs,Rural,30-39,299,167,132,62,38,24,59,30,29,7,5,2,65,40,25,14,10,4,17,9,8,56,24,32,19,11,8
C5120ST,24,489,District-The Dangs,Rural,40-49,271,157,114,52,27,25,46,24,22,13,7,6,65,45,20,9,4,5,16,9,7,53,30,23,17,11,6
C5120ST,24,489,District-The Dangs,Rural,50-59,274,157,117,51,25,26,76,35,41,8,6,2,77,53,24,6,3,3,5,5,0,43,27,16,8,3,5
C5120ST,24,489,District-The Dangs,Rural,60-69,250,136,114,60,27,33,75,37,38,9,6,3,56,38,18,0,0,0,2,1,1,22,14,8,26,13,13
C5120ST,24,489,District-The Dangs,Rural,70-79,158,76,82,44,21,23,50,23,27,0,0,0,32,19,13,0,0,0,2,2,0,6,3,3,24,8,16
C5120ST,24,489,District-The Dangs,Rural,80-89,59,28,31,9,4,5,25,13,12,1,1,0,9,5,4,0,0,0,0,0,0,0,0,0,15,5,10
C5120ST,24,489,District-The Dangs,Rural,90+,20,6,14,1,0,1,5,2,3,1,0,1,3,1,2,0,0,0,0,0,0,1,0,1,9,3,6
C5120ST,24,489,District-The Dangs,Rural,Age Not Stated,2,1,1,0,0,0,0,0,0,0,0,0,0,0,0,0,0,0,0,0,0,1,0,1,1,1,0
C5120ST,24,489,District-The Dangs,Urban,Total,150,80,70,19,9,10,19,8,11,12,4,8,46,27,19,7,3,4,4,1,3,35,24,11,8,4,4
C5120ST,24,489,District-The Dangs,Urban,0-4,4,2,2,1,1,0,0,0,0,1,0,1,0,0,0,0,0,0,0,0,0,2,1,1,0,0,0
C5120ST,24,489,District-The Dangs,Urban,5-9,8,3,5,1,1,0,2,1,1,0,0,0,2,1,1,1,0,1,0,0,0,1,0,1,1,0,1
C5120ST,24,489,District-The Dangs,Urban,10-19,33,14,19,3,1,2,1,0,1,2,1,1,7,2,5,5,2,3,2,0,2,10,7,3,3,1,2
C5120ST,24,489,District-The Dangs,Urban,20-29,27,13,14,4,1,3,1,0,1,4,1,3,12,8,4,0,0,0,0,0,0,6,3,3,0,0,0
C5120ST,24,489,District-The Dangs,Urban,30-39,19,12,7,0,0,0,5,3,2,1,1,0,5,3,2,0,0,0,0,0,0,7,5,2,1,0,1
C5120ST,24,489,District-The Dangs,Urban,40-49,20,13,7,3,1,2,3,1,2,1,0,1,4,2,2,1,1,0,1,1,0,5,5,0,2,2,0
C5120ST,24,489,District-The Dangs,Urban,50-59,13,8,5,2,1,1,2,1,1,1,1,0,5,3,2,0,0,0,1,0,1,1,1,0,1,1,0
C5120ST,24,489,District-The Dangs,Urban,60-69,15,9,6,3,3,0,3,1,2,2,0,2,5,4,1,0,0,0,0,0,0,2,1,1,0,0,0
C5120ST,24,489,District-The Dangs,Urban,70-79,9,5,4,2,0,2,2,1,1,0,0,0,4,3,1,0,0,0,0,0,0,1,1,0,0,0,0
C5120ST,24,489,District-The Dangs,Urban,80-89,2,1,1,0,0,0,0,0,0,0,0,0,2,1,1,0,0,0,0,0,0,0,0,0,0,0,0
C5120ST,24,489,District-The Dangs,Urban,90+,0,0,0,0,0,0,0,0,0,0,0,0,0,0,0,0,0,0,0,0,0,0,0,0,0,0,0
C5120ST,24,489,District-The Dangs,Urban,Age Not Stated,0,0,0,0,0,0,0,0,0,0,0,0,0,0,0,0,0,0,0,0,0,0,0,0,0,0,0
C5120ST,24,490,District-Navsari  ,Total,Total,10493,5535,4958,1814,925,889,1694,824,870,512,293,219,1909,1105,804,634,336,298,391,187,204,2523,1307,1216,1016,558,458
C5120ST,24,490,District-Navsari  ,Total,0-4,342,189,153,53,30,23,54,27,27,7,6,1,36,23,13,5,2,3,3,2,1,157,83,74,27,16,11
C5120ST,24,490,District-Navsari  ,Total,5-9,659,385,274,72,41,31,94,53,41,72,49,23,67,37,30,78,49,29,6,2,4,163,91,72,107,63,44
C5120ST,24,490,District-Navsari  ,Total,10-19,1686,919,767,249,125,124,200,114,86,114,73,41,182,97,85,215,118,97,45,23,22,398,211,187,283,158,125
C5120ST,24,490,District-Navsari  ,Total,20-29,1331,703,628,151,81,70,152,79,73,98,45,53,240,134,106,114,57,57,71,38,33,369,188,181,136,81,55
C5120ST,24,490,District-Navsari  ,Total,30-39,1364,757,607,162,79,83,157,76,81,64,38,26,291,188,103,105,49,56,92,48,44,411,231,180,82,48,34
C5120ST,24,490,District-Navsari  ,Total,40-49,1359,720,639,250,134,116,195,91,104,73,32,41,290,179,111,63,32,31,73,28,45,343,180,163,72,44,28
C5120ST,24,490,District-Navsari  ,Total,50-59,1272,691,581,266,138,128,204,105,99,40,20,20,288,188,100,36,19,17,62,32,30,311,152,159,65,37,28
C5120ST,24,490,District-Navsari  ,Total,60-69,1219,621,598,319,157,162,268,128,140,30,20,10,261,142,119,14,8,6,22,8,14,216,111,105,89,47,42
C5120ST,24,490,District-Navsari  ,Total,70-79,834,380,454,213,107,106,245,101,144,11,9,2,161,82,79,2,1,1,10,2,8,97,37,60,95,41,54
C5120ST,24,490,District-Navsari  ,Total,80-89,285,110,175,57,24,33,92,33,59,2,1,1,62,25,37,0,0,0,4,2,2,20,5,15,48,20,28
C5120ST,24,490,District-Navsari  ,Total,90+,81,31,50,14,6,8,21,11,10,1,0,1,20,6,14,1,0,1,2,1,1,11,4,7,11,3,8
C5120ST,24,490,District-Navsari  ,Total,Age Not Stated,61,29,32,8,3,5,12,6,6,0,0,0,11,4,7,1,1,0,1,1,0,27,14,13,1,0,1
C5120ST,24,490,District-Navsari  ,Rural,Total,8993,4770,4223,1510,785,725,1349,662,687,426,244,182,1702,989,713,575,300,275,355,165,190,2202,1142,1060,874,483,391
C5120ST,24,490,District-Navsari  ,Rural,0-4,278,153,125,40,22,18,30,14,16,5,4,1,35,23,12,5,2,3,3,2,1,134,70,64,26,16,10
C5120ST,24,490,District-Navsari  ,Rural,5-9,576,339,237,60,33,27,67,43,24,68,46,22,60,33,27,72,45,27,6,2,4,144,82,62,99,55,44
C5120ST,24,490,District-Navsari  ,Rural,10-19,1435,777,658,206,106,100,147,84,63,92,58,34,172,91,81,201,111,90,43,22,21,334,176,158,240,129,111
C5120ST,24,490,District-Navsari  ,Rural,20-29,1126,595,531,123,69,54,97,48,49,77,34,43,221,119,102,103,51,52,63,34,29,320,165,155,122,75,47
C5120ST,24,490,District-Navsari  ,Rural,30-39,1184,650,534,137,65,72,121,60,61,57,33,24,263,169,94,95,43,52,78,37,41,358,199,159,75,44,31
C5120ST,24,490,District-Navsari  ,Rural,40-49,1158,624,534,209,115,94,160,80,80,56,26,30,256,159,97,55,25,30,66,25,41,293,156,137,63,38,25
C5120ST,24,490,District-Navsari  ,Rural,50-59,1078,595,483,216,117,99,167,89,78,33,17,16,248,165,83,31,17,14,58,29,29,278,134,144,47,27,20
C5120ST,24,490,District-Navsari  ,Rural,60-69,1055,541,514,268,134,134,234,105,129,27,18,9,224,125,99,9,4,5,21,8,13,196,105,91,76,42,34
C5120ST,24,490,District-Navsari  ,Rural,70-79,733,343,390,183,94,89,214,93,121,9,7,2,142,73,69,2,1,1,10,2,8,94,36,58,79,37,42
C5120ST,24,490,District-Navsari  ,Rural,80-89,251,102,149,49,22,27,84,30,54,1,1,0,55,24,31,0,0,0,4,2,2,20,5,15,38,18,20
C5120ST,24,490,District-Navsari  ,Rural,90+,73,29,44,13,6,7,19,11,8,1,0,1,17,5,12,1,0,1,2,1,1,11,4,7,9,2,7
C5120ST,24,490,District-Navsari  ,Rural,Age Not Stated,46,22,24,6,2,4,9,5,4,0,0,0,9,3,6,1,1,0,1,1,0,20,10,10,0,0,0
C5120ST,24,490,District-Navsari  ,Urban,Total,1500,765,735,304,140,164,345,162,183,86,49,37,207,116,91,59,36,23,36,22,14,321,165,156,142,75,67
C5120ST,24,490,District-Navsari  ,Urban,0-4,64,36,28,13,8,5,24,13,11,2,2,0,1,0,1,0,0,0,0,0,0,23,13,10,1,0,1
C5120ST,24,490,District-Navsari  ,Urban,5-9,83,46,37,12,8,4,27,10,17,4,3,1,7,4,3,6,4,2,0,0,0,19,9,10,8,8,0
C5120ST,24,490,District-Navsari  ,Urban,10-19,251,142,109,43,19,24,53,30,23,22,15,7,10,6,4,14,7,7,2,1,1,64,35,29,43,29,14
C5120ST,24,490,District-Navsari  ,Urban,20-29,205,108,97,28,12,16,55,31,24,21,11,10,19,15,4,11,6,5,8,4,4,49,23,26,14,6,8
C5120ST,24,490,District-Navsari  ,Urban,30-39,180,107,73,25,14,11,36,16,20,7,5,2,28,19,9,10,6,4,14,11,3,53,32,21,7,4,3
C5120ST,24,490,District-Navsari  ,Urban,40-49,201,96,105,41,19,22,35,11,24,17,6,11,34,20,14,8,7,1,7,3,4,50,24,26,9,6,3
C5120ST,24,490,District-Navsari  ,Urban,50-59,194,96,98,50,21,29,37,16,21,7,3,4,40,23,17,5,2,3,4,3,1,33,18,15,18,10,8
C5120ST,24,490,District-Navsari  ,Urban,60-69,164,80,84,51,23,28,34,23,11,3,2,1,37,17,20,5,4,1,1,0,1,20,6,14,13,5,8
C5120ST,24,490,District-Navsari  ,Urban,70-79,101,37,64,30,13,17,31,8,23,2,2,0,19,9,10,0,0,0,0,0,0,3,1,2,16,4,12
C5120ST,24,490,District-Navsari  ,Urban,80-89,34,8,26,8,2,6,8,3,5,1,0,1,7,1,6,0,0,0,0,0,0,0,0,0,10,2,8
C5120ST,24,490,District-Navsari  ,Urban,90+,8,2,6,1,0,1,2,0,2,0,0,0,3,1,2,0,0,0,0,0,0,0,0,0,2,1,1
C5120ST,24,490,District-Navsari  ,Urban,Age Not Stated,15,7,8,2,1,1,3,1,2,0,0,0,2,1,1,0,0,0,0,0,0,7,4,3,1,0,1
C5120ST,24,491,District-Valsad,Total,Total,14319,7637,6682,2569,1279,1290,2822,1430,1392,620,335,285,2190,1336,854,667,383,284,408,226,182,4165,2185,1980,878,463,415
C5120ST,24,491,District-Valsad,Total,0-4,844,453,391,155,93,62,167,85,82,20,13,7,59,34,25,10,5,5,8,5,3,369,188,181,56,30,26
C5120ST,24,491,District-Valsad,Total,5-9,1204,651,553,211,105,106,224,116,108,76,47,29,120,76,44,94,54,40,12,6,6,351,176,175,116,71,45
C5120ST,24,491,District-Valsad,Total,10-19,2373,1255,1118,382,186,196,400,217,183,155,85,70,255,143,112,229,124,105,48,25,23,713,369,344,191,106,85
C5120ST,24,491,District-Valsad,Total,20-29,1974,1101,873,251,136,115,298,162,136,109,57,52,307,195,112,112,68,44,88,53,35,667,356,311,142,74,68
C5120ST,24,491,District-Valsad,Total,30-39,2054,1150,904,322,180,142,354,187,167,98,50,48,332,216,116,103,67,36,90,52,38,672,358,314,83,40,43
C5120ST,24,491,District-Valsad,Total,40-49,1880,1059,821,339,187,152,334,189,145,66,32,34,317,198,119,72,40,32,92,50,42,594,322,272,66,41,25
C5120ST,24,491,District-Valsad,Total,50-59,1378,751,627,295,152,143,294,146,148,40,19,21,270,190,80,27,13,14,35,17,18,356,185,171,61,29,32
C5120ST,24,491,District-Valsad,Total,60-69,1322,648,674,334,137,197,341,155,186,33,19,14,263,160,103,12,7,5,24,14,10,253,127,126,62,29,33
C5120ST,24,491,District-Valsad,Total,70-79,893,372,521,196,67,129,300,126,174,16,7,9,195,89,106,4,2,2,5,3,2,118,54,64,59,24,35
C5120ST,24,491,District-Valsad,Total,80-89,218,103,115,51,18,33,69,32,37,3,3,0,41,21,20,0,0,0,3,0,3,25,17,8,26,12,14
C5120ST,24,491,District-Valsad,Total,90+,69,29,40,12,4,8,19,7,12,1,1,0,14,6,8,0,0,0,0,0,0,14,8,6,9,3,6
C5120ST,24,491,District-Valsad,Total,Age Not Stated,110,65,45,21,14,7,22,8,14,3,2,1,17,8,9,4,3,1,3,1,2,33,25,8,7,4,3
C5120ST,24,491,District-Valsad,Rural,Total,12179,6491,5688,2183,1079,1104,2439,1220,1219,508,276,232,1888,1153,735,583,337,246,359,203,156,3446,1822,1624,773,401,372
C5120ST,24,491,District-Valsad,Rural,0-4,744,396,348,137,81,56,141,69,72,18,12,6,55,31,24,8,4,4,7,4,3,325,166,159,53,29,24
C5120ST,24,491,District-Valsad,Rural,5-9,1073,583,490,184,88,96,196,104,92,69,43,26,107,68,39,88,53,35,12,6,6,308,154,154,109,67,42
C5120ST,24,491,District-Valsad,Rural,10-19,2021,1052,969,321,153,168,333,176,157,124,68,56,228,126,102,201,113,88,39,22,17,605,302,303,170,92,78
C5120ST,24,491,District-Valsad,Rural,20-29,1621,895,726,210,109,101,244,131,113,87,45,42,263,166,97,96,56,40,75,45,30,526,284,242,120,59,61
C5120ST,24,491,District-Valsad,Rural,30-39,1681,947,734,266,153,113,293,159,134,78,39,39,270,179,91,85,53,32,82,46,36,538,286,252,69,32,37
C5120ST,24,491,District-Valsad,Rural,40-49,1584,906,678,271,155,116,292,162,130,54,27,27,271,171,100,66,36,30,81,46,35,491,274,217,58,35,23
C5120ST,24,491,District-Valsad,Rural,50-59,1167,638,529,250,125,125,262,130,132,32,15,17,225,158,67,21,10,11,33,17,16,292,158,134,52,25,27
C5120ST,24,491,District-Valsad,Rural,60-69,1144,560,584,296,122,174,303,136,167,24,14,10,229,138,91,11,7,4,21,13,8,207,107,100,53,23,30
C5120ST,24,491,District-Valsad,Rural,70-79,799,339,460,178,63,115,275,112,163,15,7,8,176,83,93,4,2,2,4,3,1,93,46,47,54,23,31
C5120ST,24,491,District-Valsad,Rural,80-89,196,92,104,46,16,30,65,29,36,3,3,0,38,20,18,0,0,0,3,0,3,21,15,6,20,9,11
C5120ST,24,491,District-Valsad,Rural,90+,54,24,30,8,3,5,14,4,10,1,1,0,11,5,6,0,0,0,0,0,0,12,8,4,8,3,5
C5120ST,24,491,District-Valsad,Rural,Age Not Stated,95,59,36,16,11,5,21,8,13,3,2,1,15,8,7,3,3,0,2,1,1,28,22,6,7,4,3
C5120ST,24,491,District-Valsad,Urban,Total,2140,1146,994,386,200,186,383,210,173,112,59,53,302,183,119,84,46,38,49,23,26,719,363,356,105,62,43
C5120ST,24,491,District-Valsad,Urban,0-4,100,57,43,18,12,6,26,16,10,2,1,1,4,3,1,2,1,1,1,1,0,44,22,22,3,1,2
C5120ST,24,491,District-Valsad,Urban,5-9,131,68,63,27,17,10,28,12,16,7,4,3,13,8,5,6,1,5,0,0,0,43,22,21,7,4,3
C5120ST,24,491,District-Valsad,Urban,10-19,352,203,149,61,33,28,67,41,26,31,17,14,27,17,10,28,11,17,9,3,6,108,67,41,21,14,7
C5120ST,24,491,District-Valsad,Urban,20-29,353,206,147,41,27,14,54,31,23,22,12,10,44,29,15,16,12,4,13,8,5,141,72,69,22,15,7
C5120ST,24,491,District-Valsad,Urban,30-39,373,203,170,56,27,29,61,28,33,20,11,9,62,37,25,18,14,4,8,6,2,134,72,62,14,8,6
C5120ST,24,491,District-Valsad,Urban,40-49,296,153,143,68,32,36,42,27,15,12,5,7,46,27,19,6,4,2,11,4,7,103,48,55,8,6,2
C5120ST,24,491,District-Valsad,Urban,50-59,211,113,98,45,27,18,32,16,16,8,4,4,45,32,13,6,3,3,2,0,2,64,27,37,9,4,5
C5120ST,24,491,District-Valsad,Urban,60-69,178,88,90,38,15,23,38,19,19,9,5,4,34,22,12,1,0,1,3,1,2,46,20,26,9,6,3
C5120ST,24,491,District-Valsad,Urban,70-79,94,33,61,18,4,14,25,14,11,1,0,1,19,6,13,0,0,0,1,0,1,25,8,17,5,1,4
C5120ST,24,491,District-Valsad,Urban,80-89,22,11,11,5,2,3,4,3,1,0,0,0,3,1,2,0,0,0,0,0,0,4,2,2,6,3,3
C5120ST,24,491,District-Valsad,Urban,90+,15,5,10,4,1,3,5,3,2,0,0,0,3,1,2,0,0,0,0,0,0,2,0,2,1,0,1
C5120ST,24,491,District-Valsad,Urban,Age Not Stated,15,6,9,5,3,2,1,0,1,0,0,0,2,0,2,1,0,1,1,0,1,5,3,2,0,0,0
C5120ST,24,492,District-Surat,Total,Total,10434,5489,4945,1800,874,926,1704,853,851,528,305,223,2401,1347,1054,609,340,269,465,236,229,2151,1121,1030,776,413,363
C5120ST,24,492,District-Surat,Total,0-4,366,180,186,56,24,32,58,32,26,5,3,2,43,24,19,16,5,11,2,0,2,171,84,87,15,8,7
C5120ST,24,492,District-Surat,Total,5-9,693,365,328,86,45,41,127,52,75,48,32,16,87,47,40,81,46,35,20,9,11,170,89,81,74,45,29
C5120ST,24,492,District-Surat,Total,10-19,1816,951,865,232,112,120,305,155,150,133,85,48,293,152,141,200,108,92,74,45,29,382,185,197,197,109,88
C5120ST,24,492,District-Surat,Total,20-29,1541,849,692,198,106,92,205,116,89,112,60,52,362,206,156,121,77,44,69,40,29,362,188,174,112,56,56
C5120ST,24,492,District-Surat,Total,30-39,1518,860,658,207,95,112,196,114,82,88,53,35,391,250,141,92,48,44,116,60,56,353,195,158,75,45,30
C5120ST,24,492,District-Surat,Total,40-49,1271,738,533,220,131,89,173,99,74,64,35,29,328,208,120,48,24,24,87,41,46,287,166,121,64,34,30
C5120ST,24,492,District-Surat,Total,50-59,1102,591,511,250,127,123,166,86,80,33,16,17,326,192,134,23,15,8,51,26,25,198,95,103,55,34,21
C5120ST,24,492,District-Surat,Total,60-69,1064,491,573,297,122,175,196,81,115,19,9,10,312,155,157,20,11,9,28,10,18,127,66,61,65,37,28
C5120ST,24,492,District-Surat,Total,70-79,679,298,381,183,83,100,185,84,101,13,4,9,177,78,99,2,0,2,11,2,9,58,28,30,50,19,31
C5120ST,24,492,District-Surat,Total,80-89,232,94,138,44,16,28,64,28,36,2,2,0,55,19,36,2,2,0,4,2,2,12,7,5,49,18,31
C5120ST,24,492,District-Surat,Total,90+,64,27,37,15,6,9,17,4,13,2,1,1,13,9,4,0,0,0,0,0,0,5,3,2,12,4,8
C5120ST,24,492,District-Surat,Total,Age Not Stated,88,45,43,12,7,5,12,2,10,9,5,4,14,7,7,4,4,0,3,1,2,26,15,11,8,4,4
C5120ST,24,492,District-Surat,Rural,Total,7950,4160,3790,1260,610,650,1305,648,657,385,223,162,1922,1074,848,501,269,232,374,183,191,1607,833,774,596,320,276
C5120ST,24,492,District-Surat,Rural,0-4,256,127,129,36,16,20,37,21,16,4,2,2,34,19,15,13,4,9,1,0,1,120,61,59,11,4,7
C5120ST,24,492,District-Surat,Rural,5-9,532,286,246,56,29,27,96,42,54,41,28,13,68,38,30,70,40,30,15,7,8,119,64,55,67,38,29
C5120ST,24,492,District-Surat,Rural,10-19,1356,703,653,130,63,67,238,118,120,100,64,36,227,120,107,172,90,82,39,24,15,301,144,157,149,80,69
C5120ST,24,492,District-Surat,Rural,20-29,1086,602,484,107,60,47,136,74,62,73,40,33,279,162,117,86,51,35,58,32,26,264,136,128,83,47,36
C5120ST,24,492,District-Surat,Rural,30-39,1109,609,500,120,50,70,134,78,56,64,37,27,310,195,115,76,38,38,100,52,48,248,127,121,57,32,25
C5120ST,24,492,District-Surat,Rural,40-49,947,563,384,145,90,55,110,68,42,42,21,21,266,172,94,41,21,20,77,37,40,214,125,89,52,29,23
C5120ST,24,492,District-Surat,Rural,50-59,875,466,409,197,102,95,133,68,65,25,14,11,264,150,114,18,11,7,45,20,25,153,74,79,40,27,13
C5120ST,24,492,District-Surat,Rural,60-69,886,401,485,253,102,151,174,72,102,14,6,8,251,120,131,17,8,9,23,8,15,101,55,46,53,30,23
C5120ST,24,492,District-Surat,Rural,70-79,580,260,320,160,74,86,164,75,89,12,4,8,145,65,80,2,0,2,11,2,9,50,26,24,36,14,22
C5120ST,24,492,District-Surat,Rural,80-89,194,79,115,35,14,21,57,26,31,2,2,0,53,17,36,2,2,0,2,0,2,9,5,4,34,13,21
C5120ST,24,492,District-Surat,Rural,90+,53,25,28,13,6,7,15,4,11,1,1,0,12,9,3,0,0,0,0,0,0,4,2,2,8,3,5
C5120ST,24,492,District-Surat,Rural,Age Not Stated,76,39,37,8,4,4,11,2,9,7,4,3,13,7,6,4,4,0,3,1,2,24,14,10,6,3,3
C5120ST,24,492,District-Surat,Urban,Total,2484,1329,1155,540,264,276,399,205,194,143,82,61,479,273,206,108,71,37,91,53,38,544,288,256,180,93,87
C5120ST,24,492,District-Surat,Urban,0-4,110,53,57,20,8,12,21,11,10,1,1,0,9,5,4,3,1,2,1,0,1,51,23,28,4,4,0
C5120ST,24,492,District-Surat,Urban,5-9,161,79,82,30,16,14,31,10,21,7,4,3,19,9,10,11,6,5,5,2,3,51,25,26,7,7,0
C5120ST,24,492,District-Surat,Urban,10-19,460,248,212,102,49,53,67,37,30,33,21,12,66,32,34,28,18,10,35,21,14,81,41,40,48,29,19
C5120ST,24,492,District-Surat,Urban,20-29,455,247,208,91,46,45,69,42,27,39,20,19,83,44,39,35,26,9,11,8,3,98,52,46,29,9,20
C5120ST,24,492,District-Surat,Urban,30-39,409,251,158,87,45,42,62,36,26,24,16,8,81,55,26,16,10,6,16,8,8,105,68,37,18,13,5
C5120ST,24,492,District-Surat,Urban,40-49,324,175,149,75,41,34,63,31,32,22,14,8,62,36,26,7,3,4,10,4,6,73,41,32,12,5,7
C5120ST,24,492,District-Surat,Urban,50-59,227,125,102,53,25,28,33,18,15,8,2,6,62,42,20,5,4,1,6,6,0,45,21,24,15,7,8
C5120ST,24,492,District-Surat,Urban,60-69,178,90,88,44,20,24,22,9,13,5,3,2,61,35,26,3,3,0,5,2,3,26,11,15,12,7,5
C5120ST,24,492,District-Surat,Urban,70-79,99,38,61,23,9,14,21,9,12,1,0,1,32,13,19,0,0,0,0,0,0,8,2,6,14,5,9
C5120ST,24,492,District-Surat,Urban,80-89,38,15,23,9,2,7,7,2,5,0,0,0,2,2,0,0,0,0,2,2,0,3,2,1,15,5,10
C5120ST,24,492,District-Surat,Urban,90+,11,2,9,2,0,2,2,0,2,1,0,1,1,0,1,0,0,0,0,0,0,1,1,0,4,1,3
C5120ST,24,492,District-Surat,Urban,Age Not Stated,12,6,6,4,3,1,1,0,1,2,1,1,1,0,1,0,0,0,0,0,0,2,1,1,2,1,1
C5120ST,24,493,District-Tapi,Total,Total,9956,5303,4653,1695,852,843,1674,850,824,404,229,175,2013,1173,840,548,307,241,394,190,204,2462,1293,1169,766,409,357
C5120ST,24,493,District-Tapi,Total,0-4,367,186,181,56,28,28,77,36,41,8,6,2,29,13,16,8,6,2,3,2,1,160,83,77,26,12,14
C5120ST,24,493,District-Tapi,Total,5-9,615,347,268,82,49,33,77,47,30,39,23,16,79,43,36,80,46,34,6,4,2,167,83,84,85,52,33
C5120ST,24,493,District-Tapi,Total,10-19,1361,771,590,175,83,92,196,115,81,83,51,32,183,106,77,170,104,66,36,22,14,378,206,172,140,84,56
C5120ST,24,493,District-Tapi,Total,20-29,1392,803,589,172,99,73,181,92,89,92,53,39,299,186,113,120,68,52,72,36,36,369,212,157,87,57,30
C5120ST,24,493,District-Tapi,Total,30-39,1375,740,635,179,100,79,189,105,84,64,30,34,318,184,134,78,30,48,95,51,44,383,200,183,69,40,29
C5120ST,24,493,District-Tapi,Total,40-49,1370,737,633,245,127,118,211,100,111,53,31,22,299,185,114,51,31,20,90,40,50,352,184,168,69,39,30
C5120ST,24,493,District-Tapi,Total,50-59,1152,637,515,248,116,132,198,118,80,34,21,13,275,179,96,25,14,11,51,18,33,273,144,129,48,27,21
C5120ST,24,493,District-Tapi,Total,60-69,1166,560,606,284,142,142,254,113,141,16,5,11,290,161,129,3,2,1,23,8,15,219,99,120,77,30,47
C5120ST,24,493,District-Tapi,Total,70-79,813,359,454,165,65,100,223,89,134,9,4,5,175,88,87,5,3,2,13,6,7,116,60,56,107,44,63
C5120ST,24,493,District-Tapi,Total,80-89,218,103,115,62,28,34,43,22,21,3,3,0,43,17,26,3,2,1,0,0,0,18,11,7,46,20,26
C5120ST,24,493,District-Tapi,Total,90+,53,20,33,6,2,4,18,7,11,1,1,0,7,2,5,1,0,1,1,0,1,8,5,3,11,3,8
C5120ST,24,493,District-Tapi,Total,Age Not Stated,74,40,34,21,13,8,7,6,1,2,1,1,16,9,7,4,1,3,4,3,1,19,6,13,1,1,0
C5120ST,24,493,District-Tapi,Rural,Total,9536,5083,4453,1641,827,814,1614,818,796,392,223,169,1920,1121,799,530,298,232,374,180,194,2339,1227,1112,726,389,337
C5120ST,24,493,District-Tapi,Rural,0-4,355,181,174,54,27,27,77,36,41,8,6,2,29,13,16,8,6,2,3,2,1,154,80,74,22,11,11
C5120ST,24,493,District-Tapi,Rural,5-9,596,336,260,80,47,33,74,46,28,36,22,14,78,43,35,79,46,33,6,4,2,161,78,83,82,50,32
C5120ST,24,493,District-Tapi,Rural,10-19,1309,739,570,170,82,88,187,111,76,82,50,32,177,103,74,166,100,66,35,21,14,363,197,166,129,75,54
C5120ST,24,493,District-Tapi,Rural,20-29,1335,772,563,167,96,71,174,87,87,87,51,36,283,177,106,116,66,50,68,33,35,357,206,151,83,56,27
C5120ST,24,493,District-Tapi,Rural,30-39,1318,712,606,172,97,75,185,101,84,64,30,34,307,181,126,73,29,44,93,51,42,359,185,174,65,38,27
C5120ST,24,493,District-Tapi,Rural,40-49,1309,710,599,238,123,115,203,97,106,53,31,22,288,177,111,50,30,20,82,37,45,329,176,153,66,39,27
C5120ST,24,493,District-Tapi,Rural,50-59,1092,600,492,244,115,129,191,112,79,32,19,13,256,167,89,24,14,10,48,16,32,254,134,120,43,23,20
C5120ST,24,493,District-Tapi,Rural,60-69,1116,533,583,271,136,135,244,108,136,16,5,11,275,152,123,3,2,1,22,8,14,210,93,117,75,29,46
C5120ST,24,493,District-Tapi,Rural,70-79,783,349,434,160,63,97,215,88,127,8,4,4,166,83,83,5,3,2,13,6,7,112,58,54,104,44,60
C5120ST,24,493,District-Tapi,Rural,80-89,202,93,109,58,26,32,40,20,20,3,3,0,38,14,24,2,1,1,0,0,0,16,9,7,45,20,25
C5120ST,24,493,District-Tapi,Rural,90+,51,19,32,6,2,4,17,6,11,1,1,0,7,2,5,1,0,1,1,0,1,7,5,2,11,3,8
C5120ST,24,493,District-Tapi,Rural,Age Not Stated,70,39,31,21,13,8,7,6,1,2,1,1,16,9,7,3,1,2,3,2,1,17,6,11,1,1,0
C5120ST,24,493,District-Tapi,Urban,Total,420,220,200,54,25,29,60,32,28,12,6,6,93,52,41,18,9,9,20,10,10,123,66,57,40,20,20
C5120ST,24,493,District-Tapi,Urban,0-4,12,5,7,2,1,1,0,0,0,0,0,0,0,0,0,0,0,0,0,0,0,6,3,3,4,1,3
C5120ST,24,493,District-Tapi,Urban,5-9,19,11,8,2,2,0,3,1,2,3,1,2,1,0,1,1,0,1,0,0,0,6,5,1,3,2,1
C5120ST,24,493,District-Tapi,Urban,10-19,52,32,20,5,1,4,9,4,5,1,1,0,6,3,3,4,4,0,1,1,0,15,9,6,11,9,2
C5120ST,24,493,District-Tapi,Urban,20-29,57,31,26,5,3,2,7,5,2,5,2,3,16,9,7,4,2,2,4,3,1,12,6,6,4,1,3
C5120ST,24,493,District-Tapi,Urban,30-39,57,28,29,7,3,4,4,4,0,0,0,0,11,3,8,5,1,4,2,0,2,24,15,9,4,2,2
C5120ST,24,493,District-Tapi,Urban,40-49,61,27,34,7,4,3,8,3,5,0,0,0,11,8,3,1,1,0,8,3,5,23,8,15,3,0,3
C5120ST,24,493,District-Tapi,Urban,50-59,60,37,23,4,1,3,7,6,1,2,2,0,19,12,7,1,0,1,3,2,1,19,10,9,5,4,1
C5120ST,24,493,District-Tapi,Urban,60-69,50,27,23,13,6,7,10,5,5,0,0,0,15,9,6,0,0,0,1,0,1,9,6,3,2,1,1
C5120ST,24,493,District-Tapi,Urban,70-79,30,10,20,5,2,3,8,1,7,1,0,1,9,5,4,0,0,0,0,0,0,4,2,2,3,0,3
C5120ST,24,493,District-Tapi,Urban,80-89,16,10,6,4,2,2,3,2,1,0,0,0,5,3,2,1,1,0,0,0,0,2,2,0,1,0,1
C5120ST,24,493,District-Tapi,Urban,90+,2,1,1,0,0,0,1,1,0,0,0,0,0,0,0,0,0,0,0,0,0,1,0,1,0,0,0
C5120ST,24,493,District-Tapi,Urban,Age Not Stated,4,1,3,0,0,0,0,0,0,0,0,0,0,0,0,1,0,1,1,1,0,2,0,2,0,0,0
C5120ST,25,0,State-DAMAN & DIU,Total,Total,200,100,100,43,25,18,39,11,28,16,9,7,55,30,25,12,6,6,8,4,4,15,12,3,12,3,9
C5120ST,25,0,State-DAMAN & DIU,Total,0-4,6,3,3,1,1,0,2,0,2,0,0,0,1,0,1,0,0,0,0,0,0,2,2,0,0,0,0
C5120ST,25,0,State-DAMAN & DIU,Total,5-9,8,6,2,0,0,0,2,2,0,3,2,1,0,0,0,0,0,0,1,1,0,0,0,0,2,1,1
C5120ST,25,0,State-DAMAN & DIU,Total,10-19,32,16,16,3,2,1,6,1,5,5,3,2,7,4,3,6,3,3,1,1,0,3,2,1,1,0,1
C5120ST,25,0,State-DAMAN & DIU,Total,20-29,34,14,20,4,2,2,10,4,6,2,1,1,13,5,8,1,0,1,1,0,1,2,1,1,1,1,0
C5120ST,25,0,State-DAMAN & DIU,Total,30-39,35,20,15,5,4,1,6,0,6,1,1,0,14,9,5,4,2,2,1,1,0,3,3,0,1,0,1
C5120ST,25,0,State-DAMAN & DIU,Total,40-49,24,15,9,9,5,4,3,1,2,2,2,0,4,3,1,1,1,0,1,0,1,3,3,0,1,0,1
C5120ST,25,0,State-DAMAN & DIU,Total,50-59,21,9,12,8,3,5,2,1,1,1,0,1,6,4,2,0,0,0,2,0,2,1,1,0,1,0,1
C5120ST,25,0,State-DAMAN & DIU,Total,60-69,25,14,11,12,7,5,4,2,2,1,0,1,5,3,2,0,0,0,1,1,0,1,0,1,1,1,0
C5120ST,25,0,State-DAMAN & DIU,Total,70-79,9,2,7,1,1,0,3,0,3,1,0,1,3,1,2,0,0,0,0,0,0,0,0,0,1,0,1
C5120ST,25,0,State-DAMAN & DIU,Total,80-89,2,0,2,0,0,0,1,0,1,0,0,0,1,0,1,0,0,0,0,0,0,0,0,0,0,0,0
C5120ST,25,0,State-DAMAN & DIU,Total,90+,4,1,3,0,0,0,0,0,0,0,0,0,1,1,0,0,0,0,0,0,0,0,0,0,3,0,3
C5120ST,25,0,State-DAMAN & DIU,Total,Age Not Stated,0,0,0,0,0,0,0,0,0,0,0,0,0,0,0,0,0,0,0,0,0,0,0,0,0,0,0
C5120ST,25,0,State-DAMAN & DIU,Rural,Total,91,45,46,28,15,13,13,4,9,9,4,5,25,13,12,7,3,4,3,1,2,5,5,0,1,0,1
C5120ST,25,0,State-DAMAN & DIU,Rural,0-4,3,3,0,1,1,0,0,0,0,0,0,0,0,0,0,0,0,0,0,0,0,2,2,0,0,0,0
C5120ST,25,0,State-DAMAN & DIU,Rural,5-9,2,2,0,0,0,0,1,1,0,1,1,0,0,0,0,0,0,0,0,0,0,0,0,0,0,0,0
C5120ST,25,0,State-DAMAN & DIU,Rural,10-19,15,7,8,3,2,1,2,0,2,3,1,2,4,3,1,3,1,2,0,0,0,0,0,0,0,0,0
C5120ST,25,0,State-DAMAN & DIU,Rural,20-29,13,2,11,2,0,2,2,1,1,1,0,1,6,1,5,1,0,1,1,0,1,0,0,0,0,0,0
C5120ST,25,0,State-DAMAN & DIU,Rural,30-39,15,10,5,2,2,0,1,0,1,0,0,0,7,4,3,2,1,1,1,1,0,2,2,0,0,0,0
C5120ST,25,0,State-DAMAN & DIU,Rural,40-49,14,10,4,6,4,2,2,1,1,2,2,0,2,1,1,1,1,0,0,0,0,1,1,0,0,0,0
C5120ST,25,0,State-DAMAN & DIU,Rural,50-59,14,6,8,8,3,5,1,0,1,0,0,0,4,3,1,0,0,0,1,0,1,0,0,0,0,0,0
C5120ST,25,0,State-DAMAN & DIU,Rural,60-69,10,5,5,6,3,3,2,1,1,1,0,1,1,1,0,0,0,0,0,0,0,0,0,0,0,0,0
C5120ST,25,0,State-DAMAN & DIU,Rural,70-79,4,0,4,0,0,0,2,0,2,1,0,1,1,0,1,0,0,0,0,0,0,0,0,0,0,0,0
C5120ST,25,0,State-DAMAN & DIU,Rural,80-89,0,0,0,0,0,0,0,0,0,0,0,0,0,0,0,0,0,0,0,0,0,0,0,0,0,0,0
C5120ST,25,0,State-DAMAN & DIU,Rural,90+,1,0,1,0,0,0,0,0,0,0,0,0,0,0,0,0,0,0,0,0,0,0,0,0,1,0,1
C5120ST,25,0,State-DAMAN & DIU,Rural,Age Not Stated,0,0,0,0,0,0,0,0,0,0,0,0,0,0,0,0,0,0,0,0,0,0,0,0,0,0,0
C5120ST,25,0,State-DAMAN & DIU,Urban,Total,109,55,54,15,10,5,26,7,19,7,5,2,30,17,13,5,3,2,5,3,2,10,7,3,11,3,8
C5120ST,25,0,State-DAMAN & DIU,Urban,0-4,3,0,3,0,0,0,2,0,2,0,0,0,1,0,1,0,0,0,0,0,0,0,0,0,0,0,0
C5120ST,25,0,State-DAMAN & DIU,Urban,5-9,6,4,2,0,0,0,1,1,0,2,1,1,0,0,0,0,0,0,1,1,0,0,0,0,2,1,1
C5120ST,25,0,State-DAMAN & DIU,Urban,10-19,17,9,8,0,0,0,4,1,3,2,2,0,3,1,2,3,2,1,1,1,0,3,2,1,1,0,1
C5120ST,25,0,State-DAMAN & DIU,Urban,20-29,21,12,9,2,2,0,8,3,5,1,1,0,7,4,3,0,0,0,0,0,0,2,1,1,1,1,0
C5120ST,25,0,State-DAMAN & DIU,Urban,30-39,20,10,10,3,2,1,5,0,5,1,1,0,7,5,2,2,1,1,0,0,0,1,1,0,1,0,1
C5120ST,25,0,State-DAMAN & DIU,Urban,40-49,10,5,5,3,1,2,1,0,1,0,0,0,2,2,0,0,0,0,1,0,1,2,2,0,1,0,1
C5120ST,25,0,State-DAMAN & DIU,Urban,50-59,7,3,4,0,0,0,1,1,0,1,0,1,2,1,1,0,0,0,1,0,1,1,1,0,1,0,1
C5120ST,25,0,State-DAMAN & DIU,Urban,60-69,15,9,6,6,4,2,2,1,1,0,0,0,4,2,2,0,0,0,1,1,0,1,0,1,1,1,0
C5120ST,25,0,State-DAMAN & DIU,Urban,70-79,5,2,3,1,1,0,1,0,1,0,0,0,2,1,1,0,0,0,0,0,0,0,0,0,1,0,1
C5120ST,25,0,State-DAMAN & DIU,Urban,80-89,2,0,2,0,0,0,1,0,1,0,0,0,1,0,1,0,0,0,0,0,0,0,0,0,0,0,0
C5120ST,25,0,State-DAMAN & DIU,Urban,90+,3,1,2,0,0,0,0,0,0,0,0,0,1,1,0,0,0,0,0,0,0,0,0,0,2,0,2
C5120ST,25,0,State-DAMAN & DIU,Urban,Age Not Stated,0,0,0,0,0,0,0,0,0,0,0,0,0,0,0,0,0,0,0,0,0,0,0,0,0,0,0
C5120ST,25,494,District-Diu,Total,Total,1,1,0,0,0,0,0,0,0,0,0,0,1,1,0,0,0,0,0,0,0,0,0,0,0,0,0
C5120ST,25,494,District-Diu,Total,0-4,0,0,0,0,0,0,0,0,0,0,0,0,0,0,0,0,0,0,0,0,0,0,0,0,0,0,0
C5120ST,25,494,District-Diu,Total,5-9,0,0,0,0,0,0,0,0,0,0,0,0,0,0,0,0,0,0,0,0,0,0,0,0,0,0,0
C5120ST,25,494,District-Diu,Total,10-19,0,0,0,0,0,0,0,0,0,0,0,0,0,0,0,0,0,0,0,0,0,0,0,0,0,0,0
C5120ST,25,494,District-Diu,Total,20-29,0,0,0,0,0,0,0,0,0,0,0,0,0,0,0,0,0,0,0,0,0,0,0,0,0,0,0
C5120ST,25,494,District-Diu,Total,30-39,1,1,0,0,0,0,0,0,0,0,0,0,1,1,0,0,0,0,0,0,0,0,0,0,0,0,0
C5120ST,25,494,District-Diu,Total,40-49,0,0,0,0,0,0,0,0,0,0,0,0,0,0,0,0,0,0,0,0,0,0,0,0,0,0,0
C5120ST,25,494,District-Diu,Total,50-59,0,0,0,0,0,0,0,0,0,0,0,0,0,0,0,0,0,0,0,0,0,0,0,0,0,0,0
C5120ST,25,494,District-Diu,Total,60-69,0,0,0,0,0,0,0,0,0,0,0,0,0,0,0,0,0,0,0,0,0,0,0,0,0,0,0
C5120ST,25,494,District-Diu,Total,70-79,0,0,0,0,0,0,0,0,0,0,0,0,0,0,0,0,0,0,0,0,0,0,0,0,0,0,0
C5120ST,25,494,District-Diu,Total,80-89,0,0,0,0,0,0,0,0,0,0,0,0,0,0,0,0,0,0,0,0,0,0,0,0,0,0,0
C5120ST,25,494,District-Diu,Total,90+,0,0,0,0,0,0,0,0,0,0,0,0,0,0,0,0,0,0,0,0,0,0,0,0,0,0,0
C5120ST,25,494,District-Diu,Total,Age Not Stated,0,0,0,0,0,0,0,0,0,0,0,0,0,0,0,0,0,0,0,0,0,0,0,0,0,0,0
C5120ST,25,494,District-Diu,Rural,Total,0,0,0,0,0,0,0,0,0,0,0,0,0,0,0,0,0,0,0,0,0,0,0,0,0,0,0
C5120ST,25,494,District-Diu,Rural,0-4,0,0,0,0,0,0,0,0,0,0,0,0,0,0,0,0,0,0,0,0,0,0,0,0,0,0,0
C5120ST,25,494,District-Diu,Rural,5-9,0,0,0,0,0,0,0,0,0,0,0,0,0,0,0,0,0,0,0,0,0,0,0,0,0,0,0
C5120ST,25,494,District-Diu,Rural,10-19,0,0,0,0,0,0,0,0,0,0,0,0,0,0,0,0,0,0,0,0,0,0,0,0,0,0,0
C5120ST,25,494,District-Diu,Rural,20-29,0,0,0,0,0,0,0,0,0,0,0,0,0,0,0,0,0,0,0,0,0,0,0,0,0,0,0
C5120ST,25,494,District-Diu,Rural,30-39,0,0,0,0,0,0,0,0,0,0,0,0,0,0,0,0,0,0,0,0,0,0,0,0,0,0,0
C5120ST,25,494,District-Diu,Rural,40-49,0,0,0,0,0,0,0,0,0,0,0,0,0,0,0,0,0,0,0,0,0,0,0,0,0,0,0
C5120ST,25,494,District-Diu,Rural,50-59,0,0,0,0,0,0,0,0,0,0,0,0,0,0,0,0,0,0,0,0,0,0,0,0,0,0,0
C5120ST,25,494,District-Diu,Rural,60-69,0,0,0,0,0,0,0,0,0,0,0,0,0,0,0,0,0,0,0,0,0,0,0,0,0,0,0
C5120ST,25,494,District-Diu,Rural,70-79,0,0,0,0,0,0,0,0,0,0,0,0,0,0,0,0,0,0,0,0,0,0,0,0,0,0,0
C5120ST,25,494,District-Diu,Rural,80-89,0,0,0,0,0,0,0,0,0,0,0,0,0,0,0,0,0,0,0,0,0,0,0,0,0,0,0
C5120ST,25,494,District-Diu,Rural,90+,0,0,0,0,0,0,0,0,0,0,0,0,0,0,0,0,0,0,0,0,0,0,0,0,0,0,0
C5120ST,25,494,District-Diu,Rural,Age Not Stated,0,0,0,0,0,0,0,0,0,0,0,0,0,0,0,0,0,0,0,0,0,0,0,0,0,0,0
C5120ST,25,494,District-Diu,Urban,Total,1,1,0,0,0,0,0,0,0,0,0,0,1,1,0,0,0,0,0,0,0,0,0,0,0,0,0
C5120ST,25,494,District-Diu,Urban,0-4,0,0,0,0,0,0,0,0,0,0,0,0,0,0,0,0,0,0,0,0,0,0,0,0,0,0,0
C5120ST,25,494,District-Diu,Urban,5-9,0,0,0,0,0,0,0,0,0,0,0,0,0,0,0,0,0,0,0,0,0,0,0,0,0,0,0
C5120ST,25,494,District-Diu,Urban,10-19,0,0,0,0,0,0,0,0,0,0,0,0,0,0,0,0,0,0,0,0,0,0,0,0,0,0,0
C5120ST,25,494,District-Diu,Urban,20-29,0,0,0,0,0,0,0,0,0,0,0,0,0,0,0,0,0,0,0,0,0,0,0,0,0,0,0
C5120ST,25,494,District-Diu,Urban,30-39,1,1,0,0,0,0,0,0,0,0,0,0,1,1,0,0,0,0,0,0,0,0,0,0,0,0,0
C5120ST,25,494,District-Diu,Urban,40-49,0,0,0,0,0,0,0,0,0,0,0,0,0,0,0,0,0,0,0,0,0,0,0,0,0,0,0
C5120ST,25,494,District-Diu,Urban,50-59,0,0,0,0,0,0,0,0,0,0,0,0,0,0,0,0,0,0,0,0,0,0,0,0,0,0,0
C5120ST,25,494,District-Diu,Urban,60-69,0,0,0,0,0,0,0,0,0,0,0,0,0,0,0,0,0,0,0,0,0,0,0,0,0,0,0
C5120ST,25,494,District-Diu,Urban,70-79,0,0,0,0,0,0,0,0,0,0,0,0,0,0,0,0,0,0,0,0,0,0,0,0,0,0,0
C5120ST,25,494,District-Diu,Urban,80-89,0,0,0,0,0,0,0,0,0,0,0,0,0,0,0,0,0,0,0,0,0,0,0,0,0,0,0
C5120ST,25,494,District-Diu,Urban,90+,0,0,0,0,0,0,0,0,0,0,0,0,0,0,0,0,0,0,0,0,0,0,0,0,0,0,0
C5120ST,25,494,District-Diu,Urban,Age Not Stated,0,0,0,0,0,0,0,0,0,0,0,0,0,0,0,0,0,0,0,0,0,0,0,0,0,0,0
C5120ST,25,495,District-Daman,Total,Total,199,99,100,43,25,18,39,11,28,16,9,7,54,29,25,12,6,6,8,4,4,15,12,3,12,3,9
C5120ST,25,495,District-Daman,Total,0-4,6,3,3,1,1,0,2,0,2,0,0,0,1,0,1,0,0,0,0,0,0,2,2,0,0,0,0
C5120ST,25,495,District-Daman,Total,5-9,8,6,2,0,0,0,2,2,0,3,2,1,0,0,0,0,0,0,1,1,0,0,0,0,2,1,1
C5120ST,25,495,District-Daman,Total,10-19,32,16,16,3,2,1,6,1,5,5,3,2,7,4,3,6,3,3,1,1,0,3,2,1,1,0,1
C5120ST,25,495,District-Daman,Total,20-29,34,14,20,4,2,2,10,4,6,2,1,1,13,5,8,1,0,1,1,0,1,2,1,1,1,1,0
C5120ST,25,495,District-Daman,Total,30-39,34,19,15,5,4,1,6,0,6,1,1,0,13,8,5,4,2,2,1,1,0,3,3,0,1,0,1
C5120ST,25,495,District-Daman,Total,40-49,24,15,9,9,5,4,3,1,2,2,2,0,4,3,1,1,1,0,1,0,1,3,3,0,1,0,1
C5120ST,25,495,District-Daman,Total,50-59,21,9,12,8,3,5,2,1,1,1,0,1,6,4,2,0,0,0,2,0,2,1,1,0,1,0,1
C5120ST,25,495,District-Daman,Total,60-69,25,14,11,12,7,5,4,2,2,1,0,1,5,3,2,0,0,0,1,1,0,1,0,1,1,1,0
C5120ST,25,495,District-Daman,Total,70-79,9,2,7,1,1,0,3,0,3,1,0,1,3,1,2,0,0,0,0,0,0,0,0,0,1,0,1
C5120ST,25,495,District-Daman,Total,80-89,2,0,2,0,0,0,1,0,1,0,0,0,1,0,1,0,0,0,0,0,0,0,0,0,0,0,0
C5120ST,25,495,District-Daman,Total,90+,4,1,3,0,0,0,0,0,0,0,0,0,1,1,0,0,0,0,0,0,0,0,0,0,3,0,3
C5120ST,25,495,District-Daman,Total,Age Not Stated,0,0,0,0,0,0,0,0,0,0,0,0,0,0,0,0,0,0,0,0,0,0,0,0,0,0,0
C5120ST,25,495,District-Daman,Rural,Total,91,45,46,28,15,13,13,4,9,9,4,5,25,13,12,7,3,4,3,1,2,5,5,0,1,0,1
C5120ST,25,495,District-Daman,Rural,0-4,3,3,0,1,1,0,0,0,0,0,0,0,0,0,0,0,0,0,0,0,0,2,2,0,0,0,0
C5120ST,25,495,District-Daman,Rural,5-9,2,2,0,0,0,0,1,1,0,1,1,0,0,0,0,0,0,0,0,0,0,0,0,0,0,0,0
C5120ST,25,495,District-Daman,Rural,10-19,15,7,8,3,2,1,2,0,2,3,1,2,4,3,1,3,1,2,0,0,0,0,0,0,0,0,0
C5120ST,25,495,District-Daman,Rural,20-29,13,2,11,2,0,2,2,1,1,1,0,1,6,1,5,1,0,1,1,0,1,0,0,0,0,0,0
C5120ST,25,495,District-Daman,Rural,30-39,15,10,5,2,2,0,1,0,1,0,0,0,7,4,3,2,1,1,1,1,0,2,2,0,0,0,0
C5120ST,25,495,District-Daman,Rural,40-49,14,10,4,6,4,2,2,1,1,2,2,0,2,1,1,1,1,0,0,0,0,1,1,0,0,0,0
C5120ST,25,495,District-Daman,Rural,50-59,14,6,8,8,3,5,1,0,1,0,0,0,4,3,1,0,0,0,1,0,1,0,0,0,0,0,0
C5120ST,25,495,District-Daman,Rural,60-69,10,5,5,6,3,3,2,1,1,1,0,1,1,1,0,0,0,0,0,0,0,0,0,0,0,0,0
C5120ST,25,495,District-Daman,Rural,70-79,4,0,4,0,0,0,2,0,2,1,0,1,1,0,1,0,0,0,0,0,0,0,0,0,0,0,0
C5120ST,25,495,District-Daman,Rural,80-89,0,0,0,0,0,0,0,0,0,0,0,0,0,0,0,0,0,0,0,0,0,0,0,0,0,0,0
C5120ST,25,495,District-Daman,Rural,90+,1,0,1,0,0,0,0,0,0,0,0,0,0,0,0,0,0,0,0,0,0,0,0,0,1,0,1
C5120ST,25,495,District-Daman,Rural,Age Not Stated,0,0,0,0,0,0,0,0,0,0,0,0,0,0,0,0,0,0,0,0,0,0,0,0,0,0,0
C5120ST,25,495,District-Daman,Urban,Total,108,54,54,15,10,5,26,7,19,7,5,2,29,16,13,5,3,2,5,3,2,10,7,3,11,3,8
C5120ST,25,495,District-Daman,Urban,0-4,3,0,3,0,0,0,2,0,2,0,0,0,1,0,1,0,0,0,0,0,0,0,0,0,0,0,0
C5120ST,25,495,District-Daman,Urban,5-9,6,4,2,0,0,0,1,1,0,2,1,1,0,0,0,0,0,0,1,1,0,0,0,0,2,1,1
C5120ST,25,495,District-Daman,Urban,10-19,17,9,8,0,0,0,4,1,3,2,2,0,3,1,2,3,2,1,1,1,0,3,2,1,1,0,1
C5120ST,25,495,District-Daman,Urban,20-29,21,12,9,2,2,0,8,3,5,1,1,0,7,4,3,0,0,0,0,0,0,2,1,1,1,1,0
C5120ST,25,495,District-Daman,Urban,30-39,19,9,10,3,2,1,5,0,5,1,1,0,6,4,2,2,1,1,0,0,0,1,1,0,1,0,1
C5120ST,25,495,District-Daman,Urban,40-49,10,5,5,3,1,2,1,0,1,0,0,0,2,2,0,0,0,0,1,0,1,2,2,0,1,0,1
C5120ST,25,495,District-Daman,Urban,50-59,7,3,4,0,0,0,1,1,0,1,0,1,2,1,1,0,0,0,1,0,1,1,1,0,1,0,1
C5120ST,25,495,District-Daman,Urban,60-69,15,9,6,6,4,2,2,1,1,0,0,0,4,2,2,0,0,0,1,1,0,1,0,1,1,1,0
C5120ST,25,495,District-Daman,Urban,70-79,5,2,3,1,1,0,1,0,1,0,0,0,2,1,1,0,0,0,0,0,0,0,0,0,1,0,1
C5120ST,25,495,District-Daman,Urban,80-89,2,0,2,0,0,0,1,0,1,0,0,0,1,0,1,0,0,0,0,0,0,0,0,0,0,0,0
C5120ST,25,495,District-Daman,Urban,90+,3,1,2,0,0,0,0,0,0,0,0,0,1,1,0,0,0,0,0,0,0,0,0,0,2,0,2
C5120ST,25,495,District-Daman,Urban,Age Not Stated,0,0,0,0,0,0,0,0,0,0,0,0,0,0,0,0,0,0,0,0,0,0,0,0,0,0,0
C5120ST,26,0,State-DADRA & NAGAR HAVELI,Total,Total,2077,1140,937,291,147,144,416,227,189,131,71,60,413,259,154,128,70,58,92,54,38,246,127,119,360,185,175
C5120ST,26,0,State-DADRA & NAGAR HAVELI,Total,0-4,110,64,46,15,9,6,26,17,9,5,2,3,11,9,2,3,2,1,1,1,0,18,7,11,31,17,14
C5120ST,26,0,State-DADRA & NAGAR HAVELI,Total,5-9,177,94,83,17,7,10,29,13,16,15,11,4,19,11,8,18,12,6,2,1,1,25,10,15,52,29,23
C5120ST,26,0,State-DADRA & NAGAR HAVELI,Total,10-19,428,248,180,39,20,19,62,42,20,36,18,18,58,41,17,51,26,25,15,7,8,55,32,23,112,62,50
C5120ST,26,0,State-DADRA & NAGAR HAVELI,Total,20-29,345,179,166,51,27,24,52,29,23,27,13,14,71,39,32,31,14,17,19,9,10,45,21,24,49,27,22
C5120ST,26,0,State-DADRA & NAGAR HAVELI,Total,30-39,268,167,101,29,19,10,50,34,16,20,12,8,73,49,24,7,3,4,22,16,6,30,16,14,37,18,19
C5120ST,26,0,State-DADRA & NAGAR HAVELI,Total,40-49,248,144,104,42,24,18,42,21,21,15,8,7,59,36,23,8,6,2,20,12,8,37,24,13,25,13,12
C5120ST,26,0,State-DADRA & NAGAR HAVELI,Total,50-59,154,87,67,25,15,10,34,15,19,7,4,3,43,30,13,5,3,2,5,3,2,19,10,9,16,7,9
C5120ST,26,0,State-DADRA & NAGAR HAVELI,Total,60-69,183,95,88,37,13,24,52,29,23,4,3,1,47,32,15,4,3,1,6,4,2,9,4,5,24,7,17
C5120ST,26,0,State-DADRA & NAGAR HAVELI,Total,70-79,125,48,77,29,9,20,51,20,31,1,0,1,27,10,17,0,0,0,2,1,1,6,3,3,9,5,4
C5120ST,26,0,State-DADRA & NAGAR HAVELI,Total,80-89,28,9,19,5,3,2,12,4,8,1,0,1,5,2,3,0,0,0,0,0,0,2,0,2,3,0,3
C5120ST,26,0,State-DADRA & NAGAR HAVELI,Total,90+,5,2,3,2,1,1,0,0,0,0,0,0,0,0,0,1,1,0,0,0,0,0,0,0,2,0,2
C5120ST,26,0,State-DADRA & NAGAR HAVELI,Total,Age Not Stated,6,3,3,0,0,0,6,3,3,0,0,0,0,0,0,0,0,0,0,0,0,0,0,0,0,0,0
C5120ST,26,0,State-DADRA & NAGAR HAVELI,Rural,Total,1779,968,811,239,119,120,359,195,164,105,59,46,342,210,132,109,61,48,82,47,35,214,111,103,329,166,163
C5120ST,26,0,State-DADRA & NAGAR HAVELI,Rural,0-4,100,57,43,11,6,5,23,15,8,5,2,3,9,7,2,3,2,1,1,1,0,17,7,10,31,17,14
C5120ST,26,0,State-DADRA & NAGAR HAVELI,Rural,5-9,157,83,74,12,5,7,27,13,14,13,9,4,15,9,6,14,8,6,2,1,1,24,10,14,50,28,22
C5120ST,26,0,State-DADRA & NAGAR HAVELI,Rural,10-19,372,217,155,32,18,14,53,35,18,26,14,12,48,33,15,46,26,20,14,6,8,48,29,19,105,56,49
C5120ST,26,0,State-DADRA & NAGAR HAVELI,Rural,20-29,279,143,136,40,22,18,45,25,20,19,9,10,56,32,24,25,11,14,18,8,10,34,13,21,42,23,19
C5120ST,26,0,State-DADRA & NAGAR HAVELI,Rural,30-39,221,139,82,23,14,9,38,25,13,19,12,7,58,40,18,5,3,2,20,14,6,25,14,11,33,17,16
C5120ST,26,0,State-DADRA & NAGAR HAVELI,Rural,40-49,210,120,90,36,21,15,35,16,19,12,6,6,50,29,21,7,5,2,16,10,6,32,22,10,22,11,11
C5120ST,26,0,State-DADRA & NAGAR HAVELI,Rural,50-59,132,73,59,20,12,8,32,14,18,5,4,1,36,23,13,5,3,2,4,3,1,18,9,9,12,5,7
C5120ST,26,0,State-DADRA & NAGAR HAVELI,Rural,60-69,164,80,84,34,11,23,46,25,21,4,3,1,40,26,14,3,2,1,6,4,2,9,4,5,22,5,17
C5120ST,26,0,State-DADRA & NAGAR HAVELI,Rural,70-79,111,43,68,25,7,18,44,20,24,1,0,1,26,9,17,0,0,0,1,0,1,6,3,3,8,4,4
C5120ST,26,0,State-DADRA & NAGAR HAVELI,Rural,80-89,24,9,15,5,3,2,10,4,6,1,0,1,4,2,2,0,0,0,0,0,0,1,0,1,3,0,3
C5120ST,26,0,State-DADRA & NAGAR HAVELI,Rural,90+,3,1,2,1,0,1,0,0,0,0,0,0,0,0,0,1,1,0,0,0,0,0,0,0,1,0,1
C5120ST,26,0,State-DADRA & NAGAR HAVELI,Rural,Age Not Stated,6,3,3,0,0,0,6,3,3,0,0,0,0,0,0,0,0,0,0,0,0,0,0,0,0,0,0
C5120ST,26,0,State-DADRA & NAGAR HAVELI,Urban,Total,298,172,126,52,28,24,57,32,25,26,12,14,71,49,22,19,9,10,10,7,3,32,16,16,31,19,12
C5120ST,26,0,State-DADRA & NAGAR HAVELI,Urban,0-4,10,7,3,4,3,1,3,2,1,0,0,0,2,2,0,0,0,0,0,0,0,1,0,1,0,0,0
C5120ST,26,0,State-DADRA & NAGAR HAVELI,Urban,5-9,20,11,9,5,2,3,2,0,2,2,2,0,4,2,2,4,4,0,0,0,0,1,0,1,2,1,1
C5120ST,26,0,State-DADRA & NAGAR HAVELI,Urban,10-19,56,31,25,7,2,5,9,7,2,10,4,6,10,8,2,5,0,5,1,1,0,7,3,4,7,6,1
C5120ST,26,0,State-DADRA & NAGAR HAVELI,Urban,20-29,66,36,30,11,5,6,7,4,3,8,4,4,15,7,8,6,3,3,1,1,0,11,8,3,7,4,3
C5120ST,26,0,State-DADRA & NAGAR HAVELI,Urban,30-39,47,28,19,6,5,1,12,9,3,1,0,1,15,9,6,2,0,2,2,2,0,5,2,3,4,1,3
C5120ST,26,0,State-DADRA & NAGAR HAVELI,Urban,40-49,38,24,14,6,3,3,7,5,2,3,2,1,9,7,2,1,1,0,4,2,2,5,2,3,3,2,1
C5120ST,26,0,State-DADRA & NAGAR HAVELI,Urban,50-59,22,14,8,5,3,2,2,1,1,2,0,2,7,7,0,0,0,0,1,0,1,1,1,0,4,2,2
C5120ST,26,0,State-DADRA & NAGAR HAVELI,Urban,60-69,19,15,4,3,2,1,6,4,2,0,0,0,7,6,1,1,1,0,0,0,0,0,0,0,2,2,0
C5120ST,26,0,State-DADRA & NAGAR HAVELI,Urban,70-79,14,5,9,4,2,2,7,0,7,0,0,0,1,1,0,0,0,0,1,1,0,0,0,0,1,1,0
C5120ST,26,0,State-DADRA & NAGAR HAVELI,Urban,80-89,4,0,4,0,0,0,2,0,2,0,0,0,1,0,1,0,0,0,0,0,0,1,0,1,0,0,0
C5120ST,26,0,State-DADRA & NAGAR HAVELI,Urban,90+,2,1,1,1,1,0,0,0,0,0,0,0,0,0,0,0,0,0,0,0,0,0,0,0,1,0,1
C5120ST,26,0,State-DADRA & NAGAR HAVELI,Urban,Age Not Stated,0,0,0,0,0,0,0,0,0,0,0,0,0,0,0,0,0,0,0,0,0,0,0,0,0,0,0
C5120ST,26,496,District-Dadra & Nagar Haveli,Total,Total,2077,1140,937,291,147,144,416,227,189,131,71,60,413,259,154,128,70,58,92,54,38,246,127,119,360,185,175
C5120ST,26,496,District-Dadra & Nagar Haveli,Total,0-4,110,64,46,15,9,6,26,17,9,5,2,3,11,9,2,3,2,1,1,1,0,18,7,11,31,17,14
C5120ST,26,496,District-Dadra & Nagar Haveli,Total,5-9,177,94,83,17,7,10,29,13,16,15,11,4,19,11,8,18,12,6,2,1,1,25,10,15,52,29,23
C5120ST,26,496,District-Dadra & Nagar Haveli,Total,10-19,428,248,180,39,20,19,62,42,20,36,18,18,58,41,17,51,26,25,15,7,8,55,32,23,112,62,50
C5120ST,26,496,District-Dadra & Nagar Haveli,Total,20-29,345,179,166,51,27,24,52,29,23,27,13,14,71,39,32,31,14,17,19,9,10,45,21,24,49,27,22
C5120ST,26,496,District-Dadra & Nagar Haveli,Total,30-39,268,167,101,29,19,10,50,34,16,20,12,8,73,49,24,7,3,4,22,16,6,30,16,14,37,18,19
C5120ST,26,496,District-Dadra & Nagar Haveli,Total,40-49,248,144,104,42,24,18,42,21,21,15,8,7,59,36,23,8,6,2,20,12,8,37,24,13,25,13,12
C5120ST,26,496,District-Dadra & Nagar Haveli,Total,50-59,154,87,67,25,15,10,34,15,19,7,4,3,43,30,13,5,3,2,5,3,2,19,10,9,16,7,9
C5120ST,26,496,District-Dadra & Nagar Haveli,Total,60-69,183,95,88,37,13,24,52,29,23,4,3,1,47,32,15,4,3,1,6,4,2,9,4,5,24,7,17
C5120ST,26,496,District-Dadra & Nagar Haveli,Total,70-79,125,48,77,29,9,20,51,20,31,1,0,1,27,10,17,0,0,0,2,1,1,6,3,3,9,5,4
C5120ST,26,496,District-Dadra & Nagar Haveli,Total,80-89,28,9,19,5,3,2,12,4,8,1,0,1,5,2,3,0,0,0,0,0,0,2,0,2,3,0,3
C5120ST,26,496,District-Dadra & Nagar Haveli,Total,90+,5,2,3,2,1,1,0,0,0,0,0,0,0,0,0,1,1,0,0,0,0,0,0,0,2,0,2
C5120ST,26,496,District-Dadra & Nagar Haveli,Total,Age Not Stated,6,3,3,0,0,0,6,3,3,0,0,0,0,0,0,0,0,0,0,0,0,0,0,0,0,0,0
C5120ST,26,496,District-Dadra & Nagar Haveli,Rural,Total,1779,968,811,239,119,120,359,195,164,105,59,46,342,210,132,109,61,48,82,47,35,214,111,103,329,166,163
C5120ST,26,496,District-Dadra & Nagar Haveli,Rural,0-4,100,57,43,11,6,5,23,15,8,5,2,3,9,7,2,3,2,1,1,1,0,17,7,10,31,17,14
C5120ST,26,496,District-Dadra & Nagar Haveli,Rural,5-9,157,83,74,12,5,7,27,13,14,13,9,4,15,9,6,14,8,6,2,1,1,24,10,14,50,28,22
C5120ST,26,496,District-Dadra & Nagar Haveli,Rural,10-19,372,217,155,32,18,14,53,35,18,26,14,12,48,33,15,46,26,20,14,6,8,48,29,19,105,56,49
C5120ST,26,496,District-Dadra & Nagar Haveli,Rural,20-29,279,143,136,40,22,18,45,25,20,19,9,10,56,32,24,25,11,14,18,8,10,34,13,21,42,23,19
C5120ST,26,496,District-Dadra & Nagar Haveli,Rural,30-39,221,139,82,23,14,9,38,25,13,19,12,7,58,40,18,5,3,2,20,14,6,25,14,11,33,17,16
C5120ST,26,496,District-Dadra & Nagar Haveli,Rural,40-49,210,120,90,36,21,15,35,16,19,12,6,6,50,29,21,7,5,2,16,10,6,32,22,10,22,11,11
C5120ST,26,496,District-Dadra & Nagar Haveli,Rural,50-59,132,73,59,20,12,8,32,14,18,5,4,1,36,23,13,5,3,2,4,3,1,18,9,9,12,5,7
C5120ST,26,496,District-Dadra & Nagar Haveli,Rural,60-69,164,80,84,34,11,23,46,25,21,4,3,1,40,26,14,3,2,1,6,4,2,9,4,5,22,5,17
C5120ST,26,496,District-Dadra & Nagar Haveli,Rural,70-79,111,43,68,25,7,18,44,20,24,1,0,1,26,9,17,0,0,0,1,0,1,6,3,3,8,4,4
C5120ST,26,496,District-Dadra & Nagar Haveli,Rural,80-89,24,9,15,5,3,2,10,4,6,1,0,1,4,2,2,0,0,0,0,0,0,1,0,1,3,0,3
C5120ST,26,496,District-Dadra & Nagar Haveli,Rural,90+,3,1,2,1,0,1,0,0,0,0,0,0,0,0,0,1,1,0,0,0,0,0,0,0,1,0,1
C5120ST,26,496,District-Dadra & Nagar Haveli,Rural,Age Not Stated,6,3,3,0,0,0,6,3,3,0,0,0,0,0,0,0,0,0,0,0,0,0,0,0,0,0,0
C5120ST,26,496,District-Dadra & Nagar Haveli,Urban,Total,298,172,126,52,28,24,57,32,25,26,12,14,71,49,22,19,9,10,10,7,3,32,16,16,31,19,12
C5120ST,26,496,District-Dadra & Nagar Haveli,Urban,0-4,10,7,3,4,3,1,3,2,1,0,0,0,2,2,0,0,0,0,0,0,0,1,0,1,0,0,0
C5120ST,26,496,District-Dadra & Nagar Haveli,Urban,5-9,20,11,9,5,2,3,2,0,2,2,2,0,4,2,2,4,4,0,0,0,0,1,0,1,2,1,1
C5120ST,26,496,District-Dadra & Nagar Haveli,Urban,10-19,56,31,25,7,2,5,9,7,2,10,4,6,10,8,2,5,0,5,1,1,0,7,3,4,7,6,1
C5120ST,26,496,District-Dadra & Nagar Haveli,Urban,20-29,66,36,30,11,5,6,7,4,3,8,4,4,15,7,8,6,3,3,1,1,0,11,8,3,7,4,3
C5120ST,26,496,District-Dadra & Nagar Haveli,Urban,30-39,47,28,19,6,5,1,12,9,3,1,0,1,15,9,6,2,0,2,2,2,0,5,2,3,4,1,3
C5120ST,26,496,District-Dadra & Nagar Haveli,Urban,40-49,38,24,14,6,3,3,7,5,2,3,2,1,9,7,2,1,1,0,4,2,2,5,2,3,3,2,1
C5120ST,26,496,District-Dadra & Nagar Haveli,Urban,50-59,22,14,8,5,3,2,2,1,1,2,0,2,7,7,0,0,0,0,1,0,1,1,1,0,4,2,2
C5120ST,26,496,District-Dadra & Nagar Haveli,Urban,60-69,19,15,4,3,2,1,6,4,2,0,0,0,7,6,1,1,1,0,0,0,0,0,0,0,2,2,0
C5120ST,26,496,District-Dadra & Nagar Haveli,Urban,70-79,14,5,9,4,2,2,7,0,7,0,0,0,1,1,0,0,0,0,1,1,0,0,0,0,1,1,0
C5120ST,26,496,District-Dadra & Nagar Haveli,Urban,80-89,4,0,4,0,0,0,2,0,2,0,0,0,1,0,1,0,0,0,0,0,0,1,0,1,0,0,0
C5120ST,26,496,District-Dadra & Nagar Haveli,Urban,90+,2,1,1,1,1,0,0,0,0,0,0,0,0,0,0,0,0,0,0,0,0,0,0,0,1,0,1
C5120ST,26,496,District-Dadra & Nagar Haveli,Urban,Age Not Stated,0,0,0,0,0,0,0,0,0,0,0,0,0,0,0,0,0,0,0,0,0,0,0,0,0,0,0
C5120ST,27,0,State-MAHARASHTRA,Total,Total,216706,120466,96240,45688,24125,21563,38118,20776,17342,19237,10462,8775,44336,28088,16248,10751,5739,5012,4320,2283,2037,41088,21652,19436,13168,7341,5827
C5120ST,27,0,State-MAHARASHTRA,Total,0-4,12753,6799,5954,2906,1532,1374,2254,1161,1093,302,157,145,1393,802,591,531,290,241,54,29,25,4665,2457,2208,648,371,277
C5120ST,27,0,State-MAHARASHTRA,Total,5-9,19185,10488,8697,4054,2150,1904,3195,1718,1477,1989,1083,906,2303,1385,918,1487,827,660,131,79,52,4463,2329,2134,1563,917,646
C5120ST,27,0,State-MAHARASHTRA,Total,10-19,42663,23578,19085,8688,4786,3902,7386,4096,3290,3941,2118,1823,6379,3786,2593,3873,2127,1746,438,234,204,8698,4606,4092,3260,1825,1435
C5120ST,27,0,State-MAHARASHTRA,Total,20-29,34313,19370,14943,5889,3273,2616,5309,2923,2386,3610,1927,1683,8278,5261,3017,2029,1007,1022,787,430,357,6506,3447,3059,1905,1102,803
C5120ST,27,0,State-MAHARASHTRA,Total,30-39,28704,16843,11861,4975,2891,2084,4731,2765,1966,3298,1811,1487,6969,4638,2331,1227,660,567,1008,554,454,5245,2789,2456,1251,735,516
C5120ST,27,0,State-MAHARASHTRA,Total,40-49,23814,14210,9604,4540,2653,1887,4156,2448,1708,2512,1438,1074,5636,3841,1795,792,409,383,889,484,405,4269,2325,1944,1020,612,408
C5120ST,27,0,State-MAHARASHTRA,Total,50-59,18401,10871,7530,3904,2105,1799,3376,1940,1436,1660,925,735,4817,3371,1446,411,224,187,521,261,260,2975,1595,1380,737,450,287
C5120ST,27,0,State-MAHARASHTRA,Total,60-69,19092,9710,9382,5274,2352,2922,3788,1844,1944,1127,608,519,4902,2956,1946,227,114,113,315,134,181,2402,1165,1237,1057,537,520
C5120ST,27,0,State-MAHARASHTRA,Total,70-79,11847,5778,6069,3746,1617,2129,2699,1281,1418,458,228,230,2643,1538,1105,92,42,50,123,56,67,1039,513,526,1047,503,544
C5120ST,27,0,State-MAHARASHTRA,Total,80-89,3433,1563,1870,1079,465,614,756,357,399,134,60,74,679,340,339,23,8,15,35,16,19,268,118,150,459,199,260
C5120ST,27,0,State-MAHARASHTRA,Total,90+,1100,486,614,315,127,188,215,106,109,57,32,25,197,89,108,17,6,11,8,3,5,121,59,62,170,64,106
C5120ST,27,0,State-MAHARASHTRA,Total,Age Not Stated,1401,770,631,318,174,144,253,137,116,149,75,74,140,81,59,42,25,17,11,3,8,437,249,188,51,26,25
C5120ST,27,0,State-MAHARASHTRA,Rural,Total,180280,99771,80509,38592,20219,18373,31769,17181,14588,14250,7762,6488,38179,24151,14028,8916,4703,4213,3753,1963,1790,33767,17657,16110,11054,6135,4919
C5120ST,27,0,State-MAHARASHTRA,Rural,0-4,10864,5769,5095,2474,1302,1172,1889,960,929,230,120,110,1264,732,532,445,240,205,49,25,24,3962,2071,1891,551,319,232
C5120ST,27,0,State-MAHARASHTRA,Rural,5-9,16436,9018,7418,3519,1878,1641,2692,1457,1235,1590,881,709,2028,1215,813,1285,712,573,108,67,41,3915,2043,1872,1299,765,534
C5120ST,27,0,State-MAHARASHTRA,Rural,10-19,35741,19697,16044,7354,4037,3317,6162,3399,2763,3032,1640,1392,5524,3271,2253,3249,1767,1482,386,204,182,7349,3877,3472,2685,1502,1183
C5120ST,27,0,State-MAHARASHTRA,Rural,20-29,27569,15578,11991,4669,2572,2097,4170,2290,1880,2610,1395,1215,7127,4557,2570,1646,813,833,684,376,308,5112,2676,2436,1551,899,652
C5120ST,27,0,State-MAHARASHTRA,Rural,30-39,22792,13448,9344,3969,2324,1645,3731,2183,1548,2315,1283,1032,5847,3900,1947,980,515,465,872,473,399,4066,2164,1902,1012,606,406
C5120ST,27,0,State-MAHARASHTRA,Rural,40-49,19182,11350,7832,3682,2130,1552,3354,1958,1396,1775,1009,766,4749,3210,1539,647,324,323,783,426,357,3366,1801,1565,826,492,334
C5120ST,27,0,State-MAHARASHTRA,Rural,50-59,15290,8925,6365,3288,1747,1541,2876,1624,1252,1204,658,546,4132,2880,1252,331,180,151,436,207,229,2403,1262,1141,620,367,253
C5120ST,27,0,State-MAHARASHTRA,Rural,60-69,16709,8433,8276,4673,2071,2602,3415,1650,1765,880,471,409,4306,2588,1718,189,90,99,284,115,169,2009,971,1038,953,477,476
C5120ST,27,0,State-MAHARASHTRA,Rural,70-79,10588,5116,5472,3439,1475,1964,2414,1132,1282,366,178,188,2336,1361,975,79,35,44,103,48,55,897,436,461,954,451,503
C5120ST,27,0,State-MAHARASHTRA,Rural,80-89,3025,1389,1636,989,426,563,665,321,344,101,48,53,577,292,285,21,7,14,32,16,16,223,99,124,417,180,237
C5120ST,27,0,State-MAHARASHTRA,Rural,90+,954,421,533,282,111,171,189,94,95,45,26,19,170,76,94,17,6,11,7,3,4,99,48,51,145,57,88
C5120ST,27,0,State-MAHARASHTRA,Rural,Age Not Stated,1130,627,503,254,146,108,212,113,99,102,53,49,119,69,50,27,14,13,9,3,6,366,209,157,41,20,21
C5120ST,27,0,State-MAHARASHTRA,Urban,Total,36426,20695,15731,7096,3906,3190,6349,3595,2754,4987,2700,2287,6157,3937,2220,1835,1036,799,567,320,247,7321,3995,3326,2114,1206,908
C5120ST,27,0,State-MAHARASHTRA,Urban,0-4,1889,1030,859,432,230,202,365,201,164,72,37,35,129,70,59,86,50,36,5,4,1,703,386,317,97,52,45
C5120ST,27,0,State-MAHARASHTRA,Urban,5-9,2749,1470,1279,535,272,263,503,261,242,399,202,197,275,170,105,202,115,87,23,12,11,548,286,262,264,152,112
C5120ST,27,0,State-MAHARASHTRA,Urban,10-19,6922,3881,3041,1334,749,585,1224,697,527,909,478,431,855,515,340,624,360,264,52,30,22,1349,729,620,575,323,252
C5120ST,27,0,State-MAHARASHTRA,Urban,20-29,6744,3792,2952,1220,701,519,1139,633,506,1000,532,468,1151,704,447,383,194,189,103,54,49,1394,771,623,354,203,151
C5120ST,27,0,State-MAHARASHTRA,Urban,30-39,5912,3395,2517,1006,567,439,1000,582,418,983,528,455,1122,738,384,247,145,102,136,81,55,1179,625,554,239,129,110
C5120ST,27,0,State-MAHARASHTRA,Urban,40-49,4632,2860,1772,858,523,335,802,490,312,737,429,308,887,631,256,145,85,60,106,58,48,903,524,379,194,120,74
C5120ST,27,0,State-MAHARASHTRA,Urban,50-59,3111,1946,1165,616,358,258,500,316,184,456,267,189,685,491,194,80,44,36,85,54,31,572,333,239,117,83,34
C5120ST,27,0,State-MAHARASHTRA,Urban,60-69,2383,1277,1106,601,281,320,373,194,179,247,137,110,596,368,228,38,24,14,31,19,12,393,194,199,104,60,44
C5120ST,27,0,State-MAHARASHTRA,Urban,70-79,1259,662,597,307,142,165,285,149,136,92,50,42,307,177,130,13,7,6,20,8,12,142,77,65,93,52,41
C5120ST,27,0,State-MAHARASHTRA,Urban,80-89,408,174,234,90,39,51,91,36,55,33,12,21,102,48,54,2,1,1,3,0,3,45,19,26,42,19,23
C5120ST,27,0,State-MAHARASHTRA,Urban,90+,146,65,81,33,16,17,26,12,14,12,6,6,27,13,14,0,0,0,1,0,1,22,11,11,25,7,18
C5120ST,27,0,State-MAHARASHTRA,Urban,Age Not Stated,271,143,128,64,28,36,41,24,17,47,22,25,21,12,9,15,11,4,2,0,2,71,40,31,10,6,4
C5120ST,27,497,District-Nandurbar,Total,Total,15869,8706,7163,3108,1626,1482,3094,1687,1407,817,450,367,3163,1991,1172,941,494,447,394,192,202,3507,1811,1696,845,455,390
C5120ST,27,497,District-Nandurbar,Total,0-4,1190,621,569,255,137,118,208,109,99,15,9,6,111,66,45,55,31,24,5,2,3,504,245,259,37,22,15
C5120ST,27,497,District-Nandurbar,Total,5-9,1787,971,816,370,186,184,307,151,156,160,102,58,184,111,73,165,102,63,13,9,4,468,247,221,120,63,57
C5120ST,27,497,District-Nandurbar,Total,10-19,3497,1926,1571,696,375,321,645,359,286,191,117,74,572,323,249,335,188,147,36,16,20,792,426,366,230,122,108
C5120ST,27,497,District-Nandurbar,Total,20-29,2412,1327,1085,362,197,165,421,239,182,130,62,68,640,422,218,151,55,96,75,37,38,501,247,254,132,68,64
C5120ST,27,497,District-Nandurbar,Total,30-39,1921,1106,815,313,167,146,343,204,139,138,71,67,459,311,148,97,53,44,93,47,46,402,212,190,76,41,35
C5120ST,27,497,District-Nandurbar,Total,40-49,1569,893,676,272,153,119,317,185,132,89,47,42,370,242,128,61,24,37,82,38,44,312,161,151,66,43,23
C5120ST,27,497,District-Nandurbar,Total,50-59,1246,742,504,226,123,103,272,157,115,44,25,19,328,230,98,52,28,24,51,30,21,222,113,109,51,36,15
C5120ST,27,497,District-Nandurbar,Total,60-69,1191,615,576,307,145,162,289,148,141,33,11,22,290,171,119,14,10,4,24,8,16,184,97,87,50,25,25
C5120ST,27,497,District-Nandurbar,Total,70-79,722,355,367,220,102,118,204,98,106,11,4,7,151,87,64,5,1,4,8,4,4,72,35,37,51,24,27
C5120ST,27,497,District-Nandurbar,Total,80-89,215,93,122,62,28,34,63,24,39,3,1,2,34,16,18,3,1,2,5,1,4,20,14,6,25,8,17
C5120ST,27,497,District-Nandurbar,Total,90+,58,23,35,19,8,11,10,5,5,0,0,0,15,5,10,1,1,0,1,0,1,7,3,4,5,1,4
C5120ST,27,497,District-Nandurbar,Total,Age Not Stated,61,34,27,6,5,1,15,8,7,3,1,2,9,7,2,2,0,2,1,0,1,23,11,12,2,2,0
C5120ST,27,497,District-Nandurbar,Rural,Total,15113,8275,6838,2982,1560,1422,2975,1616,1359,737,413,324,2973,1873,1100,877,456,421,383,184,199,3382,1746,1636,804,427,377
C5120ST,27,497,District-Nandurbar,Rural,0-4,1150,600,550,249,133,116,205,107,98,14,9,5,105,63,42,52,29,23,5,2,3,485,237,248,35,20,15
C5120ST,27,497,District-Nandurbar,Rural,5-9,1698,917,781,354,180,174,295,144,151,146,95,51,176,106,70,148,89,59,13,9,4,451,236,215,115,58,57
C5120ST,27,497,District-Nandurbar,Rural,10-19,3323,1831,1492,673,358,315,607,340,267,174,108,66,540,306,234,307,171,136,35,16,19,765,412,353,222,120,102
C5120ST,27,497,District-Nandurbar,Rural,20-29,2279,1240,1039,349,189,160,394,215,179,115,55,60,595,392,203,144,53,91,73,36,37,486,238,248,123,62,61
C5120ST,27,497,District-Nandurbar,Rural,30-39,1818,1050,768,292,156,136,334,200,134,119,62,57,435,296,139,93,51,42,90,44,46,382,203,179,73,38,35
C5120ST,27,497,District-Nandurbar,Rural,40-49,1493,843,650,255,141,114,308,180,128,83,45,38,345,222,123,59,24,35,78,34,44,303,157,146,62,40,22
C5120ST,27,497,District-Nandurbar,Rural,50-59,1186,711,475,219,121,98,260,150,110,39,23,16,305,219,86,50,26,24,51,30,21,215,110,105,47,32,15
C5120ST,27,497,District-Nandurbar,Rural,60-69,1143,594,549,293,142,151,285,147,138,31,11,20,271,159,112,13,10,3,24,8,16,177,93,84,49,24,25
C5120ST,27,497,District-Nandurbar,Rural,70-79,700,345,355,214,100,114,200,96,104,10,3,7,147,85,62,5,1,4,8,4,4,69,33,36,47,23,24
C5120ST,27,497,District-Nandurbar,Rural,80-89,209,90,119,61,28,33,62,24,38,3,1,2,31,14,17,3,1,2,5,1,4,20,14,6,24,7,17
C5120ST,27,497,District-Nandurbar,Rural,90+,55,21,34,17,7,10,10,5,5,0,0,0,14,4,10,1,1,0,1,0,1,7,3,4,5,1,4
C5120ST,27,497,District-Nandurbar,Rural,Age Not Stated,59,33,26,6,5,1,15,8,7,3,1,2,9,7,2,2,0,2,0,0,0,22,10,12,2,2,0
C5120ST,27,497,District-Nandurbar,Urban,Total,756,431,325,126,66,60,119,71,48,80,37,43,190,118,72,64,38,26,11,8,3,125,65,60,41,28,13
C5120ST,27,497,District-Nandurbar,Urban,0-4,40,21,19,6,4,2,3,2,1,1,0,1,6,3,3,3,2,1,0,0,0,19,8,11,2,2,0
C5120ST,27,497,District-Nandurbar,Urban,5-9,89,54,35,16,6,10,12,7,5,14,7,7,8,5,3,17,13,4,0,0,0,17,11,6,5,5,0
C5120ST,27,497,District-Nandurbar,Urban,10-19,174,95,79,23,17,6,38,19,19,17,9,8,32,17,15,28,17,11,1,0,1,27,14,13,8,2,6
C5120ST,27,497,District-Nandurbar,Urban,20-29,133,87,46,13,8,5,27,24,3,15,7,8,45,30,15,7,2,5,2,1,1,15,9,6,9,6,3
C5120ST,27,497,District-Nandurbar,Urban,30-39,103,56,47,21,11,10,9,4,5,19,9,10,24,15,9,4,2,2,3,3,0,20,9,11,3,3,0
C5120ST,27,497,District-Nandurbar,Urban,40-49,76,50,26,17,12,5,9,5,4,6,2,4,25,20,5,2,0,2,4,4,0,9,4,5,4,3,1
C5120ST,27,497,District-Nandurbar,Urban,50-59,60,31,29,7,2,5,12,7,5,5,2,3,23,11,12,2,2,0,0,0,0,7,3,4,4,4,0
C5120ST,27,497,District-Nandurbar,Urban,60-69,48,21,27,14,3,11,4,1,3,2,0,2,19,12,7,1,0,1,0,0,0,7,4,3,1,1,0
C5120ST,27,497,District-Nandurbar,Urban,70-79,22,10,12,6,2,4,4,2,2,1,1,0,4,2,2,0,0,0,0,0,0,3,2,1,4,1,3
C5120ST,27,497,District-Nandurbar,Urban,80-89,6,3,3,1,0,1,1,0,1,0,0,0,3,2,1,0,0,0,0,0,0,0,0,0,1,1,0
C5120ST,27,497,District-Nandurbar,Urban,90+,3,2,1,2,1,1,0,0,0,0,0,0,1,1,0,0,0,0,0,0,0,0,0,0,0,0,0
C5120ST,27,497,District-Nandurbar,Urban,Age Not Stated,2,1,1,0,0,0,0,0,0,0,0,0,0,0,0,0,0,0,1,0,1,1,1,0,0,0,0
C5120ST,27,498,District-Dhule,Total,Total,13077,7066,6011,2461,1302,1159,2493,1308,1185,1297,693,604,2086,1288,798,444,212,232,176,87,89,3573,1863,1710,547,313,234
C5120ST,27,498,District-Dhule,Total,0-4,1118,609,509,226,128,98,195,100,95,26,13,13,67,39,28,33,14,19,3,3,0,541,297,244,27,15,12
C5120ST,27,498,District-Dhule,Total,5-9,1454,760,694,283,142,141,227,118,109,161,87,74,162,92,70,68,33,35,8,4,4,466,233,233,79,51,28
C5120ST,27,498,District-Dhule,Total,10-19,2580,1445,1135,512,300,212,517,288,229,255,138,117,326,194,132,150,82,68,17,6,11,648,346,302,155,91,64
C5120ST,27,498,District-Dhule,Total,20-29,2031,1085,946,300,168,132,356,186,170,210,104,106,468,273,195,78,35,43,29,16,13,519,262,257,71,41,30
C5120ST,27,498,District-Dhule,Total,30-39,1662,930,732,232,129,103,287,148,139,229,124,105,334,231,103,50,24,26,43,20,23,436,223,213,51,31,20
C5120ST,27,498,District-Dhule,Total,40-49,1270,742,528,219,126,93,214,129,85,170,93,77,217,146,71,30,9,21,35,21,14,350,201,149,35,17,18
C5120ST,27,498,District-Dhule,Total,50-59,996,544,452,175,88,87,236,132,104,105,55,50,182,122,60,17,6,11,23,11,12,230,110,120,28,20,8
C5120ST,27,498,District-Dhule,Total,60-69,946,458,488,238,108,130,214,92,122,86,50,36,163,94,69,12,5,7,13,3,10,189,89,100,31,17,14
C5120ST,27,498,District-Dhule,Total,70-79,555,266,289,146,56,90,155,70,85,31,17,14,101,61,40,2,1,1,4,2,2,81,44,37,35,15,20
C5120ST,27,498,District-Dhule,Total,80-89,179,81,98,49,20,29,40,16,24,11,4,7,38,21,17,2,2,0,1,1,0,14,5,9,24,12,12
C5120ST,27,498,District-Dhule,Total,90+,68,28,40,19,4,15,15,9,6,2,1,1,12,7,5,1,0,1,0,0,0,12,6,6,7,1,6
C5120ST,27,498,District-Dhule,Total,Age Not Stated,218,118,100,62,33,29,37,20,17,11,7,4,16,8,8,1,1,0,0,0,0,87,47,40,4,2,2
C5120ST,27,498,District-Dhule,Rural,Total,12060,6474,5586,2315,1205,1110,2346,1229,1117,1125,593,532,1890,1167,723,410,193,217,161,78,83,3334,1739,1595,479,270,209
C5120ST,27,498,District-Dhule,Rural,0-4,1053,572,481,221,124,97,187,97,90,21,10,11,63,37,26,32,14,18,3,3,0,501,273,228,25,14,11
C5120ST,27,498,District-Dhule,Rural,5-9,1366,714,652,274,140,134,218,114,104,145,78,67,148,82,66,63,31,32,8,4,4,444,221,223,66,44,22
C5120ST,27,498,District-Dhule,Rural,10-19,2355,1300,1055,453,255,198,481,270,211,225,117,108,303,183,120,137,72,65,17,6,11,614,326,288,125,71,54
C5120ST,27,498,District-Dhule,Rural,20-29,1862,990,872,282,154,128,333,178,155,192,95,97,417,242,175,72,34,38,25,13,12,476,238,238,65,36,29
C5120ST,27,498,District-Dhule,Rural,30-39,1502,835,667,214,118,96,261,130,131,189,103,86,300,210,90,46,20,26,37,17,20,409,208,201,46,29,17
C5120ST,27,498,District-Dhule,Rural,40-49,1166,680,486,205,117,88,198,118,80,148,78,70,195,131,64,28,8,20,32,19,13,329,194,135,31,15,16
C5120ST,27,498,District-Dhule,Rural,50-59,913,503,410,169,83,86,227,127,100,88,47,41,156,107,49,15,6,9,22,11,11,210,104,106,26,18,8
C5120ST,27,498,District-Dhule,Rural,60-69,883,419,464,231,105,126,205,86,119,70,40,30,152,86,66,11,4,7,12,2,10,174,81,93,28,15,13
C5120ST,27,498,District-Dhule,Rural,70-79,526,248,278,141,54,87,148,65,83,26,15,11,95,55,40,2,1,1,4,2,2,75,41,34,35,15,20
C5120ST,27,498,District-Dhule,Rural,80-89,173,79,94,49,20,29,40,16,24,10,4,6,36,20,16,2,2,0,1,1,0,13,5,8,22,11,11
C5120ST,27,498,District-Dhule,Rural,90+,67,27,40,19,4,15,15,9,6,1,0,1,12,7,5,1,0,1,0,0,0,12,6,6,7,1,6
C5120ST,27,498,District-Dhule,Rural,Age Not Stated,194,107,87,57,31,26,33,19,14,10,6,4,13,7,6,1,1,0,0,0,0,77,42,35,3,1,2
C5120ST,27,498,District-Dhule,Urban,Total,1017,592,425,146,97,49,147,79,68,172,100,72,196,121,75,34,19,15,15,9,6,239,124,115,68,43,25
C5120ST,27,498,District-Dhule,Urban,0-4,65,37,28,5,4,1,8,3,5,5,3,2,4,2,2,1,0,1,0,0,0,40,24,16,2,1,1
C5120ST,27,498,District-Dhule,Urban,5-9,88,46,42,9,2,7,9,4,5,16,9,7,14,10,4,5,2,3,0,0,0,22,12,10,13,7,6
C5120ST,27,498,District-Dhule,Urban,10-19,225,145,80,59,45,14,36,18,18,30,21,9,23,11,12,13,10,3,0,0,0,34,20,14,30,20,10
C5120ST,27,498,District-Dhule,Urban,20-29,169,95,74,18,14,4,23,8,15,18,9,9,51,31,20,6,1,5,4,3,1,43,24,19,6,5,1
C5120ST,27,498,District-Dhule,Urban,30-39,160,95,65,18,11,7,26,18,8,40,21,19,34,21,13,4,4,0,6,3,3,27,15,12,5,2,3
C5120ST,27,498,District-Dhule,Urban,40-49,104,62,42,14,9,5,16,11,5,22,15,7,22,15,7,2,1,1,3,2,1,21,7,14,4,2,2
C5120ST,27,498,District-Dhule,Urban,50-59,83,41,42,6,5,1,9,5,4,17,8,9,26,15,11,2,0,2,1,0,1,20,6,14,2,2,0
C5120ST,27,498,District-Dhule,Urban,60-69,63,39,24,7,3,4,9,6,3,16,10,6,11,8,3,1,1,0,1,1,0,15,8,7,3,2,1
C5120ST,27,498,District-Dhule,Urban,70-79,29,18,11,5,2,3,7,5,2,5,2,3,6,6,0,0,0,0,0,0,0,6,3,3,0,0,0
C5120ST,27,498,District-Dhule,Urban,80-89,6,2,4,0,0,0,0,0,0,1,0,1,2,1,1,0,0,0,0,0,0,1,0,1,2,1,1
C5120ST,27,498,District-Dhule,Urban,90+,1,1,0,0,0,0,0,0,0,1,1,0,0,0,0,0,0,0,0,0,0,0,0,0,0,0,0
C5120ST,27,498,District-Dhule,Urban,Age Not Stated,24,11,13,5,2,3,4,1,3,1,1,0,3,1,2,0,0,0,0,0,0,10,5,5,1,1,0
C5120ST,27,499,District-Jalgaon,Total,Total,16437,9090,7347,3636,1961,1675,3113,1659,1454,1640,858,782,2892,1825,1067,724,405,319,184,102,82,3425,1812,1613,823,468,355
C5120ST,27,499,District-Jalgaon,Total,0-4,1249,665,584,314,167,147,237,121,116,20,8,12,97,55,42,65,33,32,7,3,4,462,251,211,47,27,20
C5120ST,27,499,District-Jalgaon,Total,5-9,1579,885,694,381,205,176,282,161,121,168,94,74,144,87,57,92,58,34,5,3,2,398,214,184,109,63,46
C5120ST,27,499,District-Jalgaon,Total,10-19,3166,1823,1343,741,431,310,591,328,263,286,153,133,424,263,161,217,131,86,28,17,11,673,372,301,206,128,78
C5120ST,27,499,District-Jalgaon,Total,20-29,2699,1466,1233,461,240,221,475,245,230,332,162,170,586,375,211,132,71,61,33,21,12,566,289,277,114,63,51
C5120ST,27,499,District-Jalgaon,Total,30-39,2268,1324,944,408,246,162,441,250,191,315,170,145,468,311,157,96,48,48,36,23,13,426,228,198,78,48,30
C5120ST,27,499,District-Jalgaon,Total,40-49,1707,1019,688,368,236,132,340,188,152,200,109,91,356,242,114,44,27,17,35,21,14,316,169,147,48,27,21
C5120ST,27,499,District-Jalgaon,Total,50-59,1250,744,506,270,147,123,220,139,81,133,69,64,309,215,94,24,13,11,19,10,9,239,126,113,36,25,11
C5120ST,27,499,District-Jalgaon,Total,60-69,1203,568,635,320,140,180,254,111,143,88,43,45,269,151,118,27,12,15,17,3,14,166,72,94,62,36,26
C5120ST,27,499,District-Jalgaon,Total,70-79,825,367,458,256,102,154,178,75,103,48,22,26,172,86,86,13,7,6,2,0,2,82,40,42,74,35,39
C5120ST,27,499,District-Jalgaon,Total,80-89,186,72,114,54,15,39,35,12,23,12,3,9,40,24,16,0,0,0,1,1,0,16,7,9,28,10,18
C5120ST,27,499,District-Jalgaon,Total,90+,84,32,52,15,6,9,21,8,13,5,4,1,11,6,5,8,2,6,0,0,0,12,5,7,12,1,11
C5120ST,27,499,District-Jalgaon,Total,Age Not Stated,221,125,96,48,26,22,39,21,18,33,21,12,16,10,6,6,3,3,1,0,1,69,39,30,9,5,4
C5120ST,27,499,District-Jalgaon,Rural,Total,14338,7882,6456,3265,1754,1511,2716,1447,1269,1333,696,637,2543,1597,946,646,359,287,167,89,78,2963,1548,1415,705,392,313
C5120ST,27,499,District-Jalgaon,Rural,0-4,1122,587,535,284,150,134,213,107,106,16,6,10,89,50,39,61,32,29,7,3,4,411,214,197,41,25,16
C5120ST,27,499,District-Jalgaon,Rural,5-9,1388,777,611,346,189,157,250,145,105,140,77,63,126,73,53,83,50,33,4,2,2,354,192,162,85,49,36
C5120ST,27,499,District-Jalgaon,Rural,10-19,2759,1576,1183,668,383,285,519,294,225,231,121,110,379,234,145,194,118,76,26,15,11,574,309,265,168,102,66
C5120ST,27,499,District-Jalgaon,Rural,20-29,2319,1264,1055,415,214,201,397,203,194,273,140,133,511,327,184,117,64,53,31,19,12,483,246,237,92,51,41
C5120ST,27,499,District-Jalgaon,Rural,30-39,1955,1133,822,368,224,144,385,219,166,248,130,118,403,267,136,81,38,43,30,20,10,371,195,176,69,40,29
C5120ST,27,499,District-Jalgaon,Rural,40-49,1487,882,605,322,207,115,304,167,137,162,91,71,305,202,103,39,23,16,33,19,14,275,146,129,47,27,20
C5120ST,27,499,District-Jalgaon,Rural,50-59,1088,650,438,235,126,109,191,122,69,109,56,53,280,194,86,21,13,8,17,9,8,203,109,94,32,21,11
C5120ST,27,499,District-Jalgaon,Rural,60-69,1062,497,565,289,126,163,223,96,127,68,31,37,242,139,103,24,10,14,15,1,14,145,63,82,56,31,25
C5120ST,27,499,District-Jalgaon,Rural,70-79,758,333,425,239,95,144,159,64,95,45,21,24,156,77,79,13,7,6,2,0,2,74,36,38,70,33,37
C5120ST,27,499,District-Jalgaon,Rural,80-89,156,62,94,46,14,32,28,9,19,9,2,7,31,21,10,0,0,0,1,1,0,14,6,8,27,9,18
C5120ST,27,499,District-Jalgaon,Rural,90+,74,28,46,13,5,8,18,7,11,5,4,1,8,5,3,8,2,6,0,0,0,11,4,7,11,1,10
C5120ST,27,499,District-Jalgaon,Rural,Age Not Stated,170,93,77,40,21,19,29,14,15,27,17,10,13,8,5,5,2,3,1,0,1,48,28,20,7,3,4
C5120ST,27,499,District-Jalgaon,Urban,Total,2099,1208,891,371,207,164,397,212,185,307,162,145,349,228,121,78,46,32,17,13,4,462,264,198,118,76,42
C5120ST,27,499,District-Jalgaon,Urban,0-4,127,78,49,30,17,13,24,14,10,4,2,2,8,5,3,4,1,3,0,0,0,51,37,14,6,2,4
C5120ST,27,499,District-Jalgaon,Urban,5-9,191,108,83,35,16,19,32,16,16,28,17,11,18,14,4,9,8,1,1,1,0,44,22,22,24,14,10
C5120ST,27,499,District-Jalgaon,Urban,10-19,407,247,160,73,48,25,72,34,38,55,32,23,45,29,16,23,13,10,2,2,0,99,63,36,38,26,12
C5120ST,27,499,District-Jalgaon,Urban,20-29,380,202,178,46,26,20,78,42,36,59,22,37,75,48,27,15,7,8,2,2,0,83,43,40,22,12,10
C5120ST,27,499,District-Jalgaon,Urban,30-39,313,191,122,40,22,18,56,31,25,67,40,27,65,44,21,15,10,5,6,3,3,55,33,22,9,8,1
C5120ST,27,499,District-Jalgaon,Urban,40-49,220,137,83,46,29,17,36,21,15,38,18,20,51,40,11,5,4,1,2,2,0,41,23,18,1,0,1
C5120ST,27,499,District-Jalgaon,Urban,50-59,162,94,68,35,21,14,29,17,12,24,13,11,29,21,8,3,0,3,2,1,1,36,17,19,4,4,0
C5120ST,27,499,District-Jalgaon,Urban,60-69,141,71,70,31,14,17,31,15,16,20,12,8,27,12,15,3,2,1,2,2,0,21,9,12,6,5,1
C5120ST,27,499,District-Jalgaon,Urban,70-79,67,34,33,17,7,10,19,11,8,3,1,2,16,9,7,0,0,0,0,0,0,8,4,4,4,2,2
C5120ST,27,499,District-Jalgaon,Urban,80-89,30,10,20,8,1,7,7,3,4,3,1,2,9,3,6,0,0,0,0,0,0,2,1,1,1,1,0
C5120ST,27,499,District-Jalgaon,Urban,90+,10,4,6,2,1,1,3,1,2,0,0,0,3,1,2,0,0,0,0,0,0,1,1,0,1,0,1
C5120ST,27,499,District-Jalgaon,Urban,Age Not Stated,51,32,19,8,5,3,10,7,3,6,4,2,3,2,1,1,1,0,0,0,0,21,11,10,2,2,0
C5120ST,27,500,District-Buldana,Total,Total,2909,1678,1231,522,280,242,364,201,163,261,159,102,852,560,292,177,100,77,74,35,39,455,229,226,204,114,90
C5120ST,27,500,District-Buldana,Total,0-4,151,86,65,31,18,13,17,10,7,3,2,1,42,23,19,5,4,1,1,0,1,37,23,14,15,6,9
C5120ST,27,500,District-Buldana,Total,5-9,272,139,133,49,24,25,38,22,16,29,15,14,46,27,19,30,15,15,3,0,3,49,18,31,28,18,10
C5120ST,27,500,District-Buldana,Total,10-19,594,328,266,107,51,56,71,43,28,64,41,23,131,84,47,65,36,29,4,3,1,89,38,51,63,32,31
C5120ST,27,500,District-Buldana,Total,20-29,464,288,176,58,35,23,37,21,16,51,37,14,169,112,57,29,17,12,13,6,7,74,44,30,33,16,17
C5120ST,27,500,District-Buldana,Total,30-39,353,232,121,44,34,10,50,27,23,36,21,15,126,94,32,19,11,8,18,11,7,53,29,24,7,5,2
C5120ST,27,500,District-Buldana,Total,40-49,303,178,125,38,21,17,37,21,16,23,14,9,102,62,40,15,9,6,16,9,7,55,28,27,17,14,3
C5120ST,27,500,District-Buldana,Total,50-59,245,157,88,52,28,24,22,15,7,23,12,11,93,70,23,8,4,4,10,2,8,27,18,9,10,8,2
C5120ST,27,500,District-Buldana,Total,60-69,287,151,136,71,32,39,43,17,26,25,16,9,78,53,25,3,3,0,6,3,3,49,22,27,12,5,7
C5120ST,27,500,District-Buldana,Total,70-79,161,80,81,50,26,24,34,17,17,5,0,5,45,25,20,3,1,2,3,1,2,14,6,8,7,4,3
C5120ST,27,500,District-Buldana,Total,80-89,58,33,25,17,10,7,13,8,5,1,0,1,14,7,7,0,0,0,0,0,0,4,3,1,9,5,4
C5120ST,27,500,District-Buldana,Total,90+,17,4,13,5,1,4,2,0,2,0,0,0,5,2,3,0,0,0,0,0,0,2,0,2,3,1,2
C5120ST,27,500,District-Buldana,Total,Age Not Stated,4,2,2,0,0,0,0,0,0,1,1,0,1,1,0,0,0,0,0,0,0,2,0,2,0,0,0
C5120ST,27,500,District-Buldana,Rural,Total,2684,1542,1142,489,261,228,334,185,149,242,147,95,785,513,272,167,92,75,66,32,34,424,214,210,177,98,79
C5120ST,27,500,District-Buldana,Rural,0-4,144,84,60,30,18,12,15,10,5,3,2,1,40,22,18,5,4,1,1,0,1,36,22,14,14,6,8
C5120ST,27,500,District-Buldana,Rural,5-9,252,129,123,45,23,22,36,22,14,27,13,14,43,26,17,29,15,14,3,0,3,46,17,29,23,13,10
C5120ST,27,500,District-Buldana,Rural,10-19,541,291,250,102,47,55,64,37,27,59,38,21,118,74,44,60,32,28,4,3,1,81,34,47,53,26,27
C5120ST,27,500,District-Buldana,Rural,20-29,425,263,162,48,29,19,33,19,14,47,33,14,156,102,54,29,17,12,11,6,5,72,42,30,29,15,14
C5120ST,27,500,District-Buldana,Rural,30-39,326,218,108,41,32,9,43,24,19,32,21,11,120,89,31,18,10,8,17,10,7,49,28,21,6,4,2
C5120ST,27,500,District-Buldana,Rural,40-49,279,161,118,37,20,17,33,18,15,21,12,9,93,56,37,14,8,6,14,7,7,52,27,25,15,13,2
C5120ST,27,500,District-Buldana,Rural,50-59,221,141,80,49,26,23,22,15,7,21,11,10,81,60,21,7,3,4,8,2,6,25,17,8,8,7,1
C5120ST,27,500,District-Buldana,Rural,60-69,273,142,131,67,29,38,42,16,26,25,16,9,76,52,24,3,3,0,6,3,3,42,18,24,12,5,7
C5120ST,27,500,District-Buldana,Rural,70-79,149,77,72,48,26,22,32,17,15,5,0,5,39,23,16,2,0,2,2,1,1,14,6,8,7,4,3
C5120ST,27,500,District-Buldana,Rural,80-89,54,31,23,17,10,7,12,7,5,1,0,1,13,6,7,0,0,0,0,0,0,3,3,0,8,5,3
C5120ST,27,500,District-Buldana,Rural,90+,16,3,13,5,1,4,2,0,2,0,0,0,5,2,3,0,0,0,0,0,0,2,0,2,2,0,2
C5120ST,27,500,District-Buldana,Rural,Age Not Stated,4,2,2,0,0,0,0,0,0,1,1,0,1,1,0,0,0,0,0,0,0,2,0,2,0,0,0
C5120ST,27,500,District-Buldana,Urban,Total,225,136,89,33,19,14,30,16,14,19,12,7,67,47,20,10,8,2,8,3,5,31,15,16,27,16,11
C5120ST,27,500,District-Buldana,Urban,0-4,7,2,5,1,0,1,2,0,2,0,0,0,2,1,1,0,0,0,0,0,0,1,1,0,1,0,1
C5120ST,27,500,District-Buldana,Urban,5-9,20,10,10,4,1,3,2,0,2,2,2,0,3,1,2,1,0,1,0,0,0,3,1,2,5,5,0
C5120ST,27,500,District-Buldana,Urban,10-19,53,37,16,5,4,1,7,6,1,5,3,2,13,10,3,5,4,1,0,0,0,8,4,4,10,6,4
C5120ST,27,500,District-Buldana,Urban,20-29,39,25,14,10,6,4,4,2,2,4,4,0,13,10,3,0,0,0,2,0,2,2,2,0,4,1,3
C5120ST,27,500,District-Buldana,Urban,30-39,27,14,13,3,2,1,7,3,4,4,0,4,6,5,1,1,1,0,1,1,0,4,1,3,1,1,0
C5120ST,27,500,District-Buldana,Urban,40-49,24,17,7,1,1,0,4,3,1,2,2,0,9,6,3,1,1,0,2,2,0,3,1,2,2,1,1
C5120ST,27,500,District-Buldana,Urban,50-59,24,16,8,3,2,1,0,0,0,2,1,1,12,10,2,1,1,0,2,0,2,2,1,1,2,1,1
C5120ST,27,500,District-Buldana,Urban,60-69,14,9,5,4,3,1,1,1,0,0,0,0,2,1,1,0,0,0,0,0,0,7,4,3,0,0,0
C5120ST,27,500,District-Buldana,Urban,70-79,12,3,9,2,0,2,2,0,2,0,0,0,6,2,4,1,1,0,1,0,1,0,0,0,0,0,0
C5120ST,27,500,District-Buldana,Urban,80-89,4,2,2,0,0,0,1,1,0,0,0,0,1,1,0,0,0,0,0,0,0,1,0,1,1,0,1
C5120ST,27,500,District-Buldana,Urban,90+,1,1,0,0,0,0,0,0,0,0,0,0,0,0,0,0,0,0,0,0,0,0,0,0,1,1,0
C5120ST,27,500,District-Buldana,Urban,Age Not Stated,0,0,0,0,0,0,0,0,0,0,0,0,0,0,0,0,0,0,0,0,0,0,0,0,0,0,0
C5120ST,27,501,District-Akola,Total,Total,2418,1414,1004,458,255,203,390,223,167,204,121,83,619,407,212,162,84,78,64,33,31,371,210,161,150,81,69
C5120ST,27,501,District-Akola,Total,0-4,137,74,63,24,12,12,40,20,20,2,0,2,18,12,6,12,8,4,0,0,0,32,18,14,9,4,5
C5120ST,27,501,District-Akola,Total,5-9,176,103,73,35,17,18,19,11,8,25,17,8,26,21,5,23,13,10,1,0,1,33,19,14,14,5,9
C5120ST,27,501,District-Akola,Total,10-19,452,251,201,85,55,30,79,43,36,48,27,21,65,33,32,54,28,26,4,2,2,79,48,31,38,15,23
C5120ST,27,501,District-Akola,Total,20-29,375,232,143,67,49,18,44,28,16,35,23,12,113,69,44,26,12,14,12,4,8,52,31,21,26,16,10
C5120ST,27,501,District-Akola,Total,30-39,309,194,115,37,21,16,41,28,13,33,21,12,107,69,38,22,12,10,14,10,4,41,24,17,14,9,5
C5120ST,27,501,District-Akola,Total,40-49,274,171,103,35,19,16,39,26,13,26,17,9,84,61,23,16,7,9,17,9,8,44,23,21,13,9,4
C5120ST,27,501,District-Akola,Total,50-59,239,151,88,54,31,23,33,18,15,17,8,9,74,60,14,6,3,3,11,6,5,32,16,16,12,9,3
C5120ST,27,501,District-Akola,Total,60-69,258,146,112,61,25,36,53,30,23,10,4,6,77,55,22,3,1,2,1,1,0,40,21,19,13,9,4
C5120ST,27,501,District-Akola,Total,70-79,134,69,65,39,20,19,30,14,16,6,2,4,36,21,15,0,0,0,4,1,3,12,7,5,7,4,3
C5120ST,27,501,District-Akola,Total,80-89,46,15,31,16,4,12,6,4,2,2,2,0,15,3,12,0,0,0,0,0,0,5,2,3,2,0,2
C5120ST,27,501,District-Akola,Total,90+,10,4,6,5,2,3,2,0,2,0,0,0,1,1,0,0,0,0,0,0,0,0,0,0,2,1,1
C5120ST,27,501,District-Akola,Total,Age Not Stated,8,4,4,0,0,0,4,1,3,0,0,0,3,2,1,0,0,0,0,0,0,1,1,0,0,0,0
C5120ST,27,501,District-Akola,Rural,Total,2096,1209,887,423,237,186,358,201,157,164,95,69,512,330,182,131,68,63,51,25,26,328,183,145,129,70,59
C5120ST,27,501,District-Akola,Rural,0-4,128,71,57,22,12,10,40,20,20,0,0,0,17,11,6,11,8,3,0,0,0,30,17,13,8,3,5
C5120ST,27,501,District-Akola,Rural,5-9,155,87,68,32,15,17,17,10,7,23,15,8,21,16,5,20,10,10,1,0,1,28,16,12,13,5,8
C5120ST,27,501,District-Akola,Rural,10-19,406,225,181,80,52,28,74,39,35,40,22,18,56,26,30,42,22,20,4,2,2,76,47,29,34,15,19
C5120ST,27,501,District-Akola,Rural,20-29,328,200,128,62,47,15,39,24,15,26,17,9,99,59,40,22,9,13,11,3,8,45,26,19,24,15,9
C5120ST,27,501,District-Akola,Rural,30-39,253,161,92,34,20,14,38,26,12,27,18,9,82,52,30,18,10,8,9,7,2,35,21,14,10,7,3
C5120ST,27,501,District-Akola,Rural,40-49,241,149,92,30,16,14,36,24,12,23,15,8,73,52,21,13,6,7,15,8,7,41,21,20,10,7,3
C5120ST,27,501,District-Akola,Rural,50-59,190,113,77,50,28,22,28,14,14,11,3,8,59,48,11,5,3,2,6,3,3,22,8,14,9,6,3
C5120ST,27,501,District-Akola,Rural,60-69,220,122,98,55,23,32,49,27,22,7,2,5,61,42,19,0,0,0,1,1,0,36,19,17,11,8,3
C5120ST,27,501,District-Akola,Rural,70-79,120,62,58,38,19,19,26,12,14,6,2,4,30,20,10,0,0,0,4,1,3,10,5,5,6,3,3
C5120ST,27,501,District-Akola,Rural,80-89,38,11,27,15,3,12,6,4,2,1,1,0,10,1,9,0,0,0,0,0,0,4,2,2,2,0,2
C5120ST,27,501,District-Akola,Rural,90+,10,4,6,5,2,3,2,0,2,0,0,0,1,1,0,0,0,0,0,0,0,0,0,0,2,1,1
C5120ST,27,501,District-Akola,Rural,Age Not Stated,7,4,3,0,0,0,3,1,2,0,0,0,3,2,1,0,0,0,0,0,0,1,1,0,0,0,0
C5120ST,27,501,District-Akola,Urban,Total,322,205,117,35,18,17,32,22,10,40,26,14,107,77,30,31,16,15,13,8,5,43,27,16,21,11,10
C5120ST,27,501,District-Akola,Urban,0-4,9,3,6,2,0,2,0,0,0,2,0,2,1,1,0,1,0,1,0,0,0,2,1,1,1,1,0
C5120ST,27,501,District-Akola,Urban,5-9,21,16,5,3,2,1,2,1,1,2,2,0,5,5,0,3,3,0,0,0,0,5,3,2,1,0,1
C5120ST,27,501,District-Akola,Urban,10-19,46,26,20,5,3,2,5,4,1,8,5,3,9,7,2,12,6,6,0,0,0,3,1,2,4,0,4
C5120ST,27,501,District-Akola,Urban,20-29,47,32,15,5,2,3,5,4,1,9,6,3,14,10,4,4,3,1,1,1,0,7,5,2,2,1,1
C5120ST,27,501,District-Akola,Urban,30-39,56,33,23,3,1,2,3,2,1,6,3,3,25,17,8,4,2,2,5,3,2,6,3,3,4,2,2
C5120ST,27,501,District-Akola,Urban,40-49,33,22,11,5,3,2,3,2,1,3,2,1,11,9,2,3,1,2,2,1,1,3,2,1,3,2,1
C5120ST,27,501,District-Akola,Urban,50-59,49,38,11,4,3,1,5,4,1,6,5,1,15,12,3,1,0,1,5,3,2,10,8,2,3,3,0
C5120ST,27,501,District-Akola,Urban,60-69,38,24,14,6,2,4,4,3,1,3,2,1,16,13,3,3,1,2,0,0,0,4,2,2,2,1,1
C5120ST,27,501,District-Akola,Urban,70-79,14,7,7,1,1,0,4,2,2,0,0,0,6,1,5,0,0,0,0,0,0,2,2,0,1,1,0
C5120ST,27,501,District-Akola,Urban,80-89,8,4,4,1,1,0,0,0,0,1,1,0,5,2,3,0,0,0,0,0,0,1,0,1,0,0,0
C5120ST,27,501,District-Akola,Urban,90+,0,0,0,0,0,0,0,0,0,0,0,0,0,0,0,0,0,0,0,0,0,0,0,0,0,0,0
C5120ST,27,501,District-Akola,Urban,Age Not Stated,1,0,1,0,0,0,1,0,1,0,0,0,0,0,0,0,0,0,0,0,0,0,0,0,0,0,0
C5120ST,27,502,District-Washim,Total,Total,1847,1087,760,482,264,218,250,131,119,139,80,59,435,287,148,104,57,47,46,35,11,270,155,115,121,78,43
C5120ST,27,502,District-Washim,Total,0-4,106,71,35,35,25,10,10,8,2,2,1,1,19,13,6,6,2,4,1,0,1,28,20,8,5,2,3
C5120ST,27,502,District-Washim,Total,5-9,164,93,71,50,27,23,29,19,10,16,12,4,22,12,10,13,6,7,1,0,1,20,8,12,13,9,4
C5120ST,27,502,District-Washim,Total,10-19,425,246,179,113,68,45,37,17,20,57,28,29,71,40,31,34,20,14,6,6,0,70,42,28,37,25,12
C5120ST,27,502,District-Washim,Total,20-29,266,178,88,60,39,21,33,16,17,8,6,2,77,60,17,21,11,10,9,7,2,37,20,17,21,19,2
C5120ST,27,502,District-Washim,Total,30-39,213,112,101,39,20,19,33,15,18,15,7,8,65,40,25,16,7,9,3,3,0,32,17,15,10,3,7
C5120ST,27,502,District-Washim,Total,40-49,192,127,65,35,19,16,25,17,8,16,9,7,64,45,19,4,4,0,14,12,2,27,17,10,7,4,3
C5120ST,27,502,District-Washim,Total,50-59,129,78,51,32,16,16,20,8,12,13,10,3,39,28,11,3,2,1,3,2,1,15,9,6,4,3,1
C5120ST,27,502,District-Washim,Total,60-69,183,98,85,62,24,38,21,13,8,7,4,3,49,32,17,3,2,1,8,5,3,24,13,11,9,5,4
C5120ST,27,502,District-Washim,Total,70-79,110,54,56,43,21,22,26,10,16,2,1,1,19,12,7,3,2,1,1,0,1,9,5,4,7,3,4
C5120ST,27,502,District-Washim,Total,80-89,40,19,21,8,4,4,13,6,7,1,1,0,8,3,5,0,0,0,0,0,0,3,1,2,7,4,3
C5120ST,27,502,District-Washim,Total,90+,16,9,7,5,1,4,2,1,1,1,1,0,2,2,0,0,0,0,0,0,0,5,3,2,1,1,0
C5120ST,27,502,District-Washim,Total,Age Not Stated,3,2,1,0,0,0,1,1,0,1,0,1,0,0,0,1,1,0,0,0,0,0,0,0,0,0,0
C5120ST,27,502,District-Washim,Rural,Total,1765,1038,727,471,258,213,238,123,115,129,77,52,410,270,140,92,50,42,45,34,11,260,149,111,120,77,43
C5120ST,27,502,District-Washim,Rural,0-4,103,69,34,35,25,10,10,8,2,2,1,1,19,13,6,4,1,3,1,0,1,27,19,8,5,2,3
C5120ST,27,502,District-Washim,Rural,5-9,160,93,67,48,27,21,28,19,9,16,12,4,21,12,9,13,6,7,1,0,1,20,8,12,13,9,4
C5120ST,27,502,District-Washim,Rural,10-19,403,234,169,111,67,44,36,16,20,51,26,25,67,39,28,31,17,14,6,6,0,65,39,26,36,24,12
C5120ST,27,502,District-Washim,Rural,20-29,256,172,84,58,37,21,33,16,17,7,6,1,74,57,17,18,10,8,9,7,2,36,20,16,21,19,2
C5120ST,27,502,District-Washim,Rural,30-39,197,101,96,38,20,18,29,12,17,13,6,7,58,34,24,15,7,8,3,3,0,31,16,15,10,3,7
C5120ST,27,502,District-Washim,Rural,40-49,181,118,63,35,19,16,23,15,8,16,9,7,58,41,17,3,3,0,13,11,2,26,16,10,7,4,3
C5120ST,27,502,District-Washim,Rural,50-59,124,74,50,30,14,16,19,7,12,13,10,3,37,27,10,3,2,1,3,2,1,15,9,6,4,3,1
C5120ST,27,502,District-Washim,Rural,60-69,175,93,82,60,23,37,19,12,7,7,4,3,47,30,17,1,1,0,8,5,3,24,13,11,9,5,4
C5120ST,27,502,District-Washim,Rural,70-79,108,54,54,43,21,22,25,10,15,2,1,1,19,12,7,3,2,1,1,0,1,8,5,3,7,3,4
C5120ST,27,502,District-Washim,Rural,80-89,40,19,21,8,4,4,13,6,7,1,1,0,8,3,5,0,0,0,0,0,0,3,1,2,7,4,3
C5120ST,27,502,District-Washim,Rural,90+,16,9,7,5,1,4,2,1,1,1,1,0,2,2,0,0,0,0,0,0,0,5,3,2,1,1,0
C5120ST,27,502,District-Washim,Rural,Age Not Stated,2,2,0,0,0,0,1,1,0,0,0,0,0,0,0,1,1,0,0,0,0,0,0,0,0,0,0
C5120ST,27,502,District-Washim,Urban,Total,82,49,33,11,6,5,12,8,4,10,3,7,25,17,8,12,7,5,1,1,0,10,6,4,1,1,0
C5120ST,27,502,District-Washim,Urban,0-4,3,2,1,0,0,0,0,0,0,0,0,0,0,0,0,2,1,1,0,0,0,1,1,0,0,0,0
C5120ST,27,502,District-Washim,Urban,5-9,4,0,4,2,0,2,1,0,1,0,0,0,1,0,1,0,0,0,0,0,0,0,0,0,0,0,0
C5120ST,27,502,District-Washim,Urban,10-19,22,12,10,2,1,1,1,1,0,6,2,4,4,1,3,3,3,0,0,0,0,5,3,2,1,1,0
C5120ST,27,502,District-Washim,Urban,20-29,10,6,4,2,2,0,0,0,0,1,0,1,3,3,0,3,1,2,0,0,0,1,0,1,0,0,0
C5120ST,27,502,District-Washim,Urban,30-39,16,11,5,1,0,1,4,3,1,2,1,1,7,6,1,1,0,1,0,0,0,1,1,0,0,0,0
C5120ST,27,502,District-Washim,Urban,40-49,11,9,2,0,0,0,2,2,0,0,0,0,6,4,2,1,1,0,1,1,0,1,1,0,0,0,0
C5120ST,27,502,District-Washim,Urban,50-59,5,4,1,2,2,0,1,1,0,0,0,0,2,1,1,0,0,0,0,0,0,0,0,0,0,0,0
C5120ST,27,502,District-Washim,Urban,60-69,8,5,3,2,1,1,2,1,1,0,0,0,2,2,0,2,1,1,0,0,0,0,0,0,0,0,0
C5120ST,27,502,District-Washim,Urban,70-79,2,0,2,0,0,0,1,0,1,0,0,0,0,0,0,0,0,0,0,0,0,1,0,1,0,0,0
C5120ST,27,502,District-Washim,Urban,80-89,0,0,0,0,0,0,0,0,0,0,0,0,0,0,0,0,0,0,0,0,0,0,0,0,0,0,0
C5120ST,27,502,District-Washim,Urban,90+,0,0,0,0,0,0,0,0,0,0,0,0,0,0,0,0,0,0,0,0,0,0,0,0,0,0,0
C5120ST,27,502,District-Washim,Urban,Age Not Stated,1,0,1,0,0,0,0,0,0,1,0,1,0,0,0,0,0,0,0,0,0,0,0,0,0,0,0
C5120ST,27,503,District-Amravati,Total,Total,8286,4688,3598,2433,1279,1154,1222,695,527,357,204,153,1862,1178,684,395,218,177,200,113,87,1223,692,531,594,309,285
C5120ST,27,503,District-Amravati,Total,0-4,424,242,182,124,69,55,52,34,18,8,4,4,55,26,29,14,9,5,1,0,1,148,88,60,22,12,10
C5120ST,27,503,District-Amravati,Total,5-9,711,391,320,218,104,114,91,57,34,53,31,22,98,63,35,49,28,21,4,3,1,124,64,60,74,41,33
C5120ST,27,503,District-Amravati,Total,10-19,1946,1057,889,643,348,295,314,158,156,104,53,51,314,189,125,158,79,79,30,14,16,252,141,111,131,75,56
C5120ST,27,503,District-Amravati,Total,20-29,1208,708,500,306,172,134,148,93,55,54,33,21,366,226,140,65,37,28,42,27,15,160,86,74,67,34,33
C5120ST,27,503,District-Amravati,Total,30-39,1040,635,405,231,133,98,141,90,51,53,34,19,286,193,93,46,28,18,46,30,16,170,96,74,67,31,36
C5120ST,27,503,District-Amravati,Total,40-49,794,495,299,198,111,87,103,61,42,32,20,12,220,161,59,32,20,12,40,21,19,127,78,49,42,23,19
C5120ST,27,503,District-Amravati,Total,50-59,623,386,237,161,89,72,96,60,36,34,19,15,166,122,44,15,9,6,21,11,10,97,58,39,33,18,15
C5120ST,27,503,District-Amravati,Total,60-69,780,388,392,251,112,139,147,71,76,12,8,4,205,116,89,11,5,6,11,5,6,84,42,42,59,29,30
C5120ST,27,503,District-Amravati,Total,70-79,532,263,269,217,98,119,95,50,45,5,2,3,114,59,55,3,2,1,5,2,3,33,25,8,60,25,35
C5120ST,27,503,District-Amravati,Total,80-89,139,76,63,53,26,27,25,16,9,1,0,1,24,15,9,1,0,1,0,0,0,5,2,3,30,17,13
C5120ST,27,503,District-Amravati,Total,90+,34,17,17,14,8,6,6,3,3,0,0,0,7,4,3,0,0,0,0,0,0,1,0,1,6,2,4
C5120ST,27,503,District-Amravati,Total,Age Not Stated,55,30,25,17,9,8,4,2,2,1,0,1,7,4,3,1,1,0,0,0,0,22,12,10,3,2,1
C5120ST,27,503,District-Amravati,Rural,Total,7448,4213,3235,2152,1129,1023,1148,652,496,311,175,136,1672,1062,610,355,193,162,178,103,75,1090,618,472,542,281,261
C5120ST,27,503,District-Amravati,Rural,0-4,391,227,164,111,62,49,51,33,18,7,3,4,50,25,25,13,9,4,1,0,1,138,84,54,20,11,9
C5120ST,27,503,District-Amravati,Rural,5-9,648,357,291,192,92,100,86,54,32,49,29,20,93,59,34,43,25,18,3,2,1,117,60,57,65,36,29
C5120ST,27,503,District-Amravati,Rural,10-19,1772,951,821,565,297,268,298,150,148,98,49,49,290,174,116,143,70,73,27,13,14,231,131,100,120,67,53
C5120ST,27,503,District-Amravati,Rural,20-29,1069,636,433,261,153,108,136,86,50,47,28,19,332,205,127,56,32,24,40,27,13,137,74,63,60,31,29
C5120ST,27,503,District-Amravati,Rural,30-39,923,563,360,204,118,86,129,84,45,41,26,15,254,171,83,43,25,18,40,26,14,149,85,64,63,28,35
C5120ST,27,503,District-Amravati,Rural,40-49,698,437,261,178,101,77,98,58,40,23,15,8,191,140,51,29,18,11,33,19,14,107,65,42,39,21,18
C5120ST,27,503,District-Amravati,Rural,50-59,551,344,207,143,79,64,88,53,35,28,16,12,148,110,38,15,9,6,19,9,10,81,50,31,29,18,11
C5120ST,27,503,District-Amravati,Rural,60-69,711,353,358,230,104,126,142,69,73,11,7,4,178,102,76,9,3,6,10,5,5,74,35,39,57,28,29
C5120ST,27,503,District-Amravati,Rural,70-79,480,234,246,193,84,109,88,45,43,5,2,3,103,55,48,2,1,1,5,2,3,30,22,8,54,23,31
C5120ST,27,503,District-Amravati,Rural,80-89,123,68,55,45,23,22,23,15,8,1,0,1,21,14,7,1,0,1,0,0,0,4,1,3,28,15,13
C5120ST,27,503,District-Amravati,Rural,90+,31,15,16,13,7,6,5,3,2,0,0,0,6,3,3,0,0,0,0,0,0,1,0,1,6,2,4
C5120ST,27,503,District-Amravati,Rural,Age Not Stated,51,28,23,17,9,8,4,2,2,1,0,1,6,4,2,1,1,0,0,0,0,21,11,10,1,1,0
C5120ST,27,503,District-Amravati,Urban,Total,838,475,363,281,150,131,74,43,31,46,29,17,190,116,74,40,25,15,22,10,12,133,74,59,52,28,24
C5120ST,27,503,District-Amravati,Urban,0-4,33,15,18,13,7,6,1,1,0,1,1,0,5,1,4,1,0,1,0,0,0,10,4,6,2,1,1
C5120ST,27,503,District-Amravati,Urban,5-9,63,34,29,26,12,14,5,3,2,4,2,2,5,4,1,6,3,3,1,1,0,7,4,3,9,5,4
C5120ST,27,503,District-Amravati,Urban,10-19,174,106,68,78,51,27,16,8,8,6,4,2,24,15,9,15,9,6,3,1,2,21,10,11,11,8,3
C5120ST,27,503,District-Amravati,Urban,20-29,139,72,67,45,19,26,12,7,5,7,5,2,34,21,13,9,5,4,2,0,2,23,12,11,7,3,4
C5120ST,27,503,District-Amravati,Urban,30-39,117,72,45,27,15,12,12,6,6,12,8,4,32,22,10,3,3,0,6,4,2,21,11,10,4,3,1
C5120ST,27,503,District-Amravati,Urban,40-49,96,58,38,20,10,10,5,3,2,9,5,4,29,21,8,3,2,1,7,2,5,20,13,7,3,2,1
C5120ST,27,503,District-Amravati,Urban,50-59,72,42,30,18,10,8,8,7,1,6,3,3,18,12,6,0,0,0,2,2,0,16,8,8,4,0,4
C5120ST,27,503,District-Amravati,Urban,60-69,69,35,34,21,8,13,5,2,3,1,1,0,27,14,13,2,2,0,1,0,1,10,7,3,2,1,1
C5120ST,27,503,District-Amravati,Urban,70-79,52,29,23,24,14,10,7,5,2,0,0,0,11,4,7,1,1,0,0,0,0,3,3,0,6,2,4
C5120ST,27,503,District-Amravati,Urban,80-89,16,8,8,8,3,5,2,1,1,0,0,0,3,1,2,0,0,0,0,0,0,1,1,0,2,2,0
C5120ST,27,503,District-Amravati,Urban,90+,3,2,1,1,1,0,1,0,1,0,0,0,1,1,0,0,0,0,0,0,0,0,0,0,0,0,0
C5120ST,27,503,District-Amravati,Urban,Age Not Stated,4,2,2,0,0,0,0,0,0,0,0,0,1,0,1,0,0,0,0,0,0,1,1,0,2,1,1
C5120ST,27,504,District-Wardha,Total,Total,3201,1818,1383,823,410,413,459,232,227,140,81,59,881,594,287,182,93,89,117,59,58,299,178,121,300,171,129
C5120ST,27,504,District-Wardha,Total,0-4,81,55,26,18,12,6,10,5,5,2,2,0,19,15,4,4,2,2,0,0,0,15,10,5,13,9,4
C5120ST,27,504,District-Wardha,Total,5-9,154,90,64,29,18,11,18,8,10,18,8,10,30,23,7,20,8,12,2,1,1,14,7,7,23,17,6
C5120ST,27,504,District-Wardha,Total,10-19,417,236,181,76,38,38,66,33,33,42,26,16,83,49,34,57,36,21,7,4,3,49,30,19,37,20,17
C5120ST,27,504,District-Wardha,Total,20-29,437,255,182,87,54,33,49,22,27,20,14,6,135,94,41,37,14,23,22,8,14,59,36,23,28,13,15
C5120ST,27,504,District-Wardha,Total,30-39,392,238,154,58,33,25,49,28,21,15,8,7,145,93,52,29,17,12,27,18,9,48,30,18,21,11,10
C5120ST,27,504,District-Wardha,Total,40-49,368,236,132,68,38,30,39,23,16,18,13,5,131,98,33,16,7,9,23,12,11,45,27,18,28,18,10
C5120ST,27,504,District-Wardha,Total,50-59,348,199,149,87,44,43,54,23,31,12,6,6,128,92,36,11,6,5,18,9,9,20,10,10,18,9,9
C5120ST,27,504,District-Wardha,Total,60-69,474,238,236,172,70,102,77,40,37,10,2,8,113,70,43,4,1,3,15,6,9,27,16,11,56,33,23
C5120ST,27,504,District-Wardha,Total,70-79,390,199,191,170,76,94,69,35,34,3,2,1,75,48,27,4,2,2,3,1,2,15,6,9,51,29,22
C5120ST,27,504,District-Wardha,Total,80-89,114,61,53,50,24,26,24,13,11,0,0,0,14,9,5,0,0,0,0,0,0,5,5,0,21,10,11
C5120ST,27,504,District-Wardha,Total,90+,21,9,12,7,2,5,4,2,2,0,0,0,6,3,3,0,0,0,0,0,0,0,0,0,4,2,2
C5120ST,27,504,District-Wardha,Total,Age Not Stated,5,2,3,1,1,0,0,0,0,0,0,0,2,0,2,0,0,0,0,0,0,2,1,1,0,0,0
C5120ST,27,504,District-Wardha,Rural,Total,2753,1566,1187,724,365,359,406,201,205,114,68,46,748,504,244,131,68,63,102,51,51,258,156,102,270,153,117
C5120ST,27,504,District-Wardha,Rural,0-4,70,46,24,17,11,6,8,3,5,1,1,0,17,13,4,2,1,1,0,0,0,15,10,5,10,7,3
C5120ST,27,504,District-Wardha,Rural,5-9,126,77,49,25,16,9,18,8,10,12,5,7,22,18,4,12,6,6,2,1,1,14,7,7,21,16,5
C5120ST,27,504,District-Wardha,Rural,10-19,349,202,147,68,37,31,59,29,30,33,23,10,71,42,29,39,25,14,5,2,3,44,27,17,30,17,13
C5120ST,27,504,District-Wardha,Rural,20-29,367,219,148,74,49,25,44,19,25,14,10,4,110,80,30,28,10,18,21,7,14,50,31,19,26,13,13
C5120ST,27,504,District-Wardha,Rural,30-39,323,204,119,48,28,20,36,23,13,13,7,6,122,80,42,24,14,10,20,15,5,40,27,13,20,10,10
C5120ST,27,504,District-Wardha,Rural,40-49,313,195,118,59,32,27,34,18,16,17,12,5,108,78,30,13,6,7,22,11,11,34,21,13,26,17,9
C5120ST,27,504,District-Wardha,Rural,50-59,300,166,134,73,36,37,48,18,30,11,6,5,113,80,33,8,4,4,16,8,8,17,8,9,14,6,8
C5120ST,27,504,District-Wardha,Rural,60-69,426,216,210,157,68,89,69,37,32,10,2,8,97,58,39,2,1,1,14,6,8,25,15,10,52,29,23
C5120ST,27,504,District-Wardha,Rural,70-79,354,175,179,149,63,86,66,32,34,3,2,1,70,44,26,3,1,2,2,1,1,13,5,8,48,27,21
C5120ST,27,504,District-Wardha,Rural,80-89,104,55,49,46,22,24,22,12,10,0,0,0,12,8,4,0,0,0,0,0,0,4,4,0,20,9,11
C5120ST,27,504,District-Wardha,Rural,90+,17,9,8,7,2,5,2,2,0,0,0,0,5,3,2,0,0,0,0,0,0,0,0,0,3,2,1
C5120ST,27,504,District-Wardha,Rural,Age Not Stated,4,2,2,1,1,0,0,0,0,0,0,0,1,0,1,0,0,0,0,0,0,2,1,1,0,0,0
C5120ST,27,504,District-Wardha,Urban,Total,448,252,196,99,45,54,53,31,22,26,13,13,133,90,43,51,25,26,15,8,7,41,22,19,30,18,12
C5120ST,27,504,District-Wardha,Urban,0-4,11,9,2,1,1,0,2,2,0,1,1,0,2,2,0,2,1,1,0,0,0,0,0,0,3,2,1
C5120ST,27,504,District-Wardha,Urban,5-9,28,13,15,4,2,2,0,0,0,6,3,3,8,5,3,8,2,6,0,0,0,0,0,0,2,1,1
C5120ST,27,504,District-Wardha,Urban,10-19,68,34,34,8,1,7,7,4,3,9,3,6,12,7,5,18,11,7,2,2,0,5,3,2,7,3,4
C5120ST,27,504,District-Wardha,Urban,20-29,70,36,34,13,5,8,5,3,2,6,4,2,25,14,11,9,4,5,1,1,0,9,5,4,2,0,2
C5120ST,27,504,District-Wardha,Urban,30-39,69,34,35,10,5,5,13,5,8,2,1,1,23,13,10,5,3,2,7,3,4,8,3,5,1,1,0
C5120ST,27,504,District-Wardha,Urban,40-49,55,41,14,9,6,3,5,5,0,1,1,0,23,20,3,3,1,2,1,1,0,11,6,5,2,1,1
C5120ST,27,504,District-Wardha,Urban,50-59,48,33,15,14,8,6,6,5,1,1,0,1,15,12,3,3,2,1,2,1,1,3,2,1,4,3,1
C5120ST,27,504,District-Wardha,Urban,60-69,48,22,26,15,2,13,8,3,5,0,0,0,16,12,4,2,0,2,1,0,1,2,1,1,4,4,0
C5120ST,27,504,District-Wardha,Urban,70-79,36,24,12,21,13,8,3,3,0,0,0,0,5,4,1,1,1,0,1,0,1,2,1,1,3,2,1
C5120ST,27,504,District-Wardha,Urban,80-89,10,6,4,4,2,2,2,1,1,0,0,0,2,1,1,0,0,0,0,0,0,1,1,0,1,1,0
C5120ST,27,504,District-Wardha,Urban,90+,4,0,4,0,0,0,2,0,2,0,0,0,1,0,1,0,0,0,0,0,0,0,0,0,1,0,1
C5120ST,27,504,District-Wardha,Urban,Age Not Stated,1,0,1,0,0,0,0,0,0,0,0,0,1,0,1,0,0,0,0,0,0,0,0,0,0,0,0
C5120ST,27,505,District-Nagpur,Total,Total,9735,5401,4334,2055,1075,980,1500,819,681,1348,716,632,1733,1122,611,564,312,252,244,127,117,1756,951,805,535,279,256
C5120ST,27,505,District-Nagpur,Total,0-4,378,203,175,83,37,46,76,42,34,15,5,10,37,26,11,13,8,5,4,2,2,136,74,62,14,9,5
C5120ST,27,505,District-Nagpur,Total,5-9,559,276,283,114,63,51,72,34,38,92,47,45,54,31,23,56,24,32,7,3,4,119,50,69,45,24,21
C5120ST,27,505,District-Nagpur,Total,10-19,1557,835,722,279,156,123,209,108,101,235,108,127,197,114,83,212,128,84,17,8,9,291,162,129,117,51,66
C5120ST,27,505,District-Nagpur,Total,20-29,1547,870,677,281,167,114,223,104,119,236,125,111,272,183,89,120,62,58,37,19,18,300,161,139,78,49,29
C5120ST,27,505,District-Nagpur,Total,30-39,1473,856,617,248,135,113,220,138,82,238,132,106,309,193,116,65,40,25,50,33,17,293,157,136,50,28,22
C5120ST,27,505,District-Nagpur,Total,40-49,1289,811,478,243,151,92,217,147,70,207,121,86,233,173,60,56,29,27,50,22,28,241,146,95,42,22,20
C5120ST,27,505,District-Nagpur,Total,50-59,981,590,391,214,124,90,130,73,57,153,81,72,222,161,61,28,13,15,36,21,15,163,97,66,35,20,15
C5120ST,27,505,District-Nagpur,Total,60-69,964,509,455,276,117,159,146,81,65,107,63,44,223,136,87,10,7,3,24,16,8,128,59,69,50,30,20
C5120ST,27,505,District-Nagpur,Total,70-79,679,319,360,223,83,140,149,66,83,40,24,16,134,80,54,3,1,2,15,3,12,55,28,27,60,34,26
C5120ST,27,505,District-Nagpur,Total,80-89,208,92,116,64,31,33,41,17,24,12,5,7,39,19,20,1,0,1,2,0,2,18,10,8,31,10,21
C5120ST,27,505,District-Nagpur,Total,90+,65,23,42,16,7,9,16,8,8,6,2,4,9,3,6,0,0,0,2,0,2,4,1,3,12,2,10
C5120ST,27,505,District-Nagpur,Total,Age Not Stated,35,17,18,14,4,10,1,1,0,7,3,4,4,3,1,0,0,0,0,0,0,8,6,2,1,0,1
C5120ST,27,505,District-Nagpur,Rural,Total,4309,2372,1937,793,386,407,588,317,271,620,336,284,915,600,315,223,115,108,122,58,64,777,417,360,271,143,128
C5120ST,27,505,District-Nagpur,Rural,0-4,158,79,79,21,7,14,22,12,10,8,3,5,19,12,7,3,2,1,2,0,2,77,39,38,6,4,2
C5120ST,27,505,District-Nagpur,Rural,5-9,264,132,132,46,26,20,22,11,11,49,28,21,26,14,12,32,11,21,3,2,1,68,31,37,18,9,9
C5120ST,27,505,District-Nagpur,Rural,10-19,687,386,301,83,54,29,94,47,47,118,56,62,100,69,31,97,59,38,8,2,6,138,76,62,49,23,26
C5120ST,27,505,District-Nagpur,Rural,20-29,647,368,279,86,48,38,74,38,36,110,59,51,146,106,40,44,19,25,19,9,10,127,65,62,41,24,17
C5120ST,27,505,District-Nagpur,Rural,30-39,582,356,226,67,37,30,70,46,24,105,64,41,150,100,50,16,10,6,25,16,9,123,67,56,26,16,10
C5120ST,27,505,District-Nagpur,Rural,40-49,497,315,182,81,55,26,70,44,26,83,47,36,115,84,31,18,9,9,21,9,12,87,55,32,22,12,10
C5120ST,27,505,District-Nagpur,Rural,50-59,410,227,183,67,33,34,51,25,26,63,30,33,116,78,38,9,3,6,18,10,8,70,40,30,16,8,8
C5120ST,27,505,District-Nagpur,Rural,60-69,517,259,258,143,51,92,81,45,36,60,35,25,132,79,53,3,1,2,17,10,7,48,20,28,33,18,15
C5120ST,27,505,District-Nagpur,Rural,70-79,392,181,211,149,53,96,79,36,43,17,11,6,79,45,34,1,1,0,7,0,7,24,15,9,36,20,16
C5120ST,27,505,District-Nagpur,Rural,80-89,111,52,59,41,19,22,18,9,9,2,1,1,24,12,12,0,0,0,1,0,1,8,4,4,17,7,10
C5120ST,27,505,District-Nagpur,Rural,90+,33,10,23,7,2,5,7,4,3,3,1,2,6,0,6,0,0,0,1,0,1,2,1,1,7,2,5
C5120ST,27,505,District-Nagpur,Rural,Age Not Stated,11,7,4,2,1,1,0,0,0,2,1,1,2,1,1,0,0,0,0,0,0,5,4,1,0,0,0
C5120ST,27,505,District-Nagpur,Urban,Total,5426,3029,2397,1262,689,573,912,502,410,728,380,348,818,522,296,341,197,144,122,69,53,979,534,445,264,136,128
C5120ST,27,505,District-Nagpur,Urban,0-4,220,124,96,62,30,32,54,30,24,7,2,5,18,14,4,10,6,4,2,2,0,59,35,24,8,5,3
C5120ST,27,505,District-Nagpur,Urban,5-9,295,144,151,68,37,31,50,23,27,43,19,24,28,17,11,24,13,11,4,1,3,51,19,32,27,15,12
C5120ST,27,505,District-Nagpur,Urban,10-19,870,449,421,196,102,94,115,61,54,117,52,65,97,45,52,115,69,46,9,6,3,153,86,67,68,28,40
C5120ST,27,505,District-Nagpur,Urban,20-29,900,502,398,195,119,76,149,66,83,126,66,60,126,77,49,76,43,33,18,10,8,173,96,77,37,25,12
C5120ST,27,505,District-Nagpur,Urban,30-39,891,500,391,181,98,83,150,92,58,133,68,65,159,93,66,49,30,19,25,17,8,170,90,80,24,12,12
C5120ST,27,505,District-Nagpur,Urban,40-49,792,496,296,162,96,66,147,103,44,124,74,50,118,89,29,38,20,18,29,13,16,154,91,63,20,10,10
C5120ST,27,505,District-Nagpur,Urban,50-59,571,363,208,147,91,56,79,48,31,90,51,39,106,83,23,19,10,9,18,11,7,93,57,36,19,12,7
C5120ST,27,505,District-Nagpur,Urban,60-69,447,250,197,133,66,67,65,36,29,47,28,19,91,57,34,7,6,1,7,6,1,80,39,41,17,12,5
C5120ST,27,505,District-Nagpur,Urban,70-79,287,138,149,74,30,44,70,30,40,23,13,10,55,35,20,2,0,2,8,3,5,31,13,18,24,14,10
C5120ST,27,505,District-Nagpur,Urban,80-89,97,40,57,23,12,11,23,8,15,10,4,6,15,7,8,1,0,1,1,0,1,10,6,4,14,3,11
C5120ST,27,505,District-Nagpur,Urban,90+,32,13,19,9,5,4,9,4,5,3,1,2,3,3,0,0,0,0,1,0,1,2,0,2,5,0,5
C5120ST,27,505,District-Nagpur,Urban,Age Not Stated,24,10,14,12,3,9,1,1,0,5,2,3,2,2,0,0,0,0,0,0,0,3,2,1,1,0,1
C5120ST,27,506,District-Bhandara,Total,Total,2946,1575,1371,751,364,387,483,276,207,411,226,185,415,264,151,144,64,80,53,25,28,555,285,270,134,71,63
C5120ST,27,506,District-Bhandara,Total,0-4,117,55,62,38,18,20,20,10,10,4,3,1,9,5,4,2,1,1,1,0,1,37,15,22,6,3,3
C5120ST,27,506,District-Bhandara,Total,5-9,198,102,96,47,23,24,28,11,17,24,11,13,14,8,6,18,12,6,2,2,0,49,26,23,16,9,7
C5120ST,27,506,District-Bhandara,Total,10-19,465,239,226,119,55,64,77,43,34,63,39,24,43,25,18,45,19,26,5,2,3,98,48,50,15,8,7
C5120ST,27,506,District-Bhandara,Total,20-29,492,286,206,108,57,51,75,48,27,81,45,36,71,46,25,34,20,14,10,4,6,92,53,39,21,13,8
C5120ST,27,506,District-Bhandara,Total,30-39,428,233,195,96,52,44,67,39,28,78,40,38,59,42,17,16,5,11,18,9,9,79,39,40,15,7,8
C5120ST,27,506,District-Bhandara,Total,40-49,368,208,160,94,51,43,49,33,16,55,34,21,57,36,21,14,4,10,4,3,1,81,41,40,14,6,8
C5120ST,27,506,District-Bhandara,Total,50-59,331,190,141,67,37,30,74,47,27,55,26,29,55,38,17,6,0,6,6,3,3,51,29,22,17,10,7
C5120ST,27,506,District-Bhandara,Total,60-69,301,142,159,89,30,59,48,24,24,34,17,17,59,38,21,5,1,4,4,1,3,43,21,22,19,10,9
C5120ST,27,506,District-Bhandara,Total,70-79,176,86,90,63,26,37,35,15,20,12,7,5,41,22,19,1,1,0,2,1,1,15,10,5,7,4,3
C5120ST,27,506,District-Bhandara,Total,80-89,42,20,22,21,10,11,6,3,3,2,2,0,5,3,2,2,1,1,1,0,1,1,0,1,4,1,3
C5120ST,27,506,District-Bhandara,Total,90+,10,5,5,4,2,2,3,2,1,1,1,0,0,0,0,1,0,1,0,0,0,1,0,1,0,0,0
C5120ST,27,506,District-Bhandara,Total,Age Not Stated,18,9,9,5,3,2,1,1,0,2,1,1,2,1,1,0,0,0,0,0,0,8,3,5,0,0,0
C5120ST,27,506,District-Bhandara,Rural,Total,2667,1415,1252,722,348,374,443,255,188,360,194,166,358,224,134,130,57,73,49,24,25,491,252,239,114,61,53
C5120ST,27,506,District-Bhandara,Rural,0-4,110,52,58,37,18,19,20,10,10,4,3,1,8,4,4,2,1,1,1,0,1,34,13,21,4,3,1
C5120ST,27,506,District-Bhandara,Rural,5-9,176,90,86,46,22,24,27,11,16,21,10,11,10,6,4,17,11,6,1,1,0,41,23,18,13,6,7
C5120ST,27,506,District-Bhandara,Rural,10-19,423,217,206,113,51,62,70,40,30,57,36,21,34,20,14,38,16,22,5,2,3,93,46,47,13,6,7
C5120ST,27,506,District-Bhandara,Rural,20-29,433,246,187,102,51,51,69,44,25,70,37,33,57,37,20,31,17,14,10,4,6,78,46,32,16,10,6
C5120ST,27,506,District-Bhandara,Rural,30-39,372,208,164,94,52,42,57,35,22,67,35,32,48,34,14,14,5,9,16,9,7,64,31,33,12,7,5
C5120ST,27,506,District-Bhandara,Rural,40-49,342,195,147,90,51,39,46,32,14,47,28,19,53,34,19,14,4,10,4,3,1,75,37,38,13,6,7
C5120ST,27,506,District-Bhandara,Rural,50-59,301,170,131,67,37,30,66,40,26,49,22,27,49,33,16,5,0,5,5,3,2,45,26,19,15,9,6
C5120ST,27,506,District-Bhandara,Rural,60-69,275,124,151,84,28,56,46,24,22,28,12,16,53,32,21,5,1,4,4,1,3,38,17,21,17,9,8
C5120ST,27,506,District-Bhandara,Rural,70-79,169,81,88,59,23,36,34,14,20,12,7,5,40,21,19,1,1,0,2,1,1,14,10,4,7,4,3
C5120ST,27,506,District-Bhandara,Rural,80-89,40,19,21,21,10,11,5,3,2,2,2,0,4,2,2,2,1,1,1,0,1,1,0,1,4,1,3
C5120ST,27,506,District-Bhandara,Rural,90+,9,5,4,4,2,2,3,2,1,1,1,0,0,0,0,1,0,1,0,0,0,0,0,0,0,0,0
C5120ST,27,506,District-Bhandara,Rural,Age Not Stated,17,8,9,5,3,2,0,0,0,2,1,1,2,1,1,0,0,0,0,0,0,8,3,5,0,0,0
C5120ST,27,506,District-Bhandara,Urban,Total,279,160,119,29,16,13,40,21,19,51,32,19,57,40,17,14,7,7,4,1,3,64,33,31,20,10,10
C5120ST,27,506,District-Bhandara,Urban,0-4,7,3,4,1,0,1,0,0,0,0,0,0,1,1,0,0,0,0,0,0,0,3,2,1,2,0,2
C5120ST,27,506,District-Bhandara,Urban,5-9,22,12,10,1,1,0,1,0,1,3,1,2,4,2,2,1,1,0,1,1,0,8,3,5,3,3,0
C5120ST,27,506,District-Bhandara,Urban,10-19,42,22,20,6,4,2,7,3,4,6,3,3,9,5,4,7,3,4,0,0,0,5,2,3,2,2,0
C5120ST,27,506,District-Bhandara,Urban,20-29,59,40,19,6,6,0,6,4,2,11,8,3,14,9,5,3,3,0,0,0,0,14,7,7,5,3,2
C5120ST,27,506,District-Bhandara,Urban,30-39,56,25,31,2,0,2,10,4,6,11,5,6,11,8,3,2,0,2,2,0,2,15,8,7,3,0,3
C5120ST,27,506,District-Bhandara,Urban,40-49,26,13,13,4,0,4,3,1,2,8,6,2,4,2,2,0,0,0,0,0,0,6,4,2,1,0,1
C5120ST,27,506,District-Bhandara,Urban,50-59,30,20,10,0,0,0,8,7,1,6,4,2,6,5,1,1,0,1,1,0,1,6,3,3,2,1,1
C5120ST,27,506,District-Bhandara,Urban,60-69,26,18,8,5,2,3,2,0,2,6,5,1,6,6,0,0,0,0,0,0,0,5,4,1,2,1,1
C5120ST,27,506,District-Bhandara,Urban,70-79,7,5,2,4,3,1,1,1,0,0,0,0,1,1,0,0,0,0,0,0,0,1,0,1,0,0,0
C5120ST,27,506,District-Bhandara,Urban,80-89,2,1,1,0,0,0,1,0,1,0,0,0,1,1,0,0,0,0,0,0,0,0,0,0,0,0,0
C5120ST,27,506,District-Bhandara,Urban,90+,1,0,1,0,0,0,0,0,0,0,0,0,0,0,0,0,0,0,0,0,0,1,0,1,0,0,0
C5120ST,27,506,District-Bhandara,Urban,Age Not Stated,1,1,0,0,0,0,1,1,0,0,0,0,0,0,0,0,0,0,0,0,0,0,0,0,0,0,0
C5120ST,27,507,District-Gondiya,Total,Total,4015,2227,1788,602,298,304,653,357,296,431,249,182,1006,642,364,252,127,125,99,48,51,706,353,353,266,153,113
C5120ST,27,507,District-Gondiya,Total,0-4,152,86,66,21,9,12,28,18,10,5,4,1,25,14,11,7,5,2,0,0,0,52,27,25,14,9,5
C5120ST,27,507,District-Gondiya,Total,5-9,295,167,128,46,31,15,41,24,17,28,16,12,48,34,14,29,14,15,3,1,2,66,28,38,34,19,15
C5120ST,27,507,District-Gondiya,Total,10-19,803,428,375,116,66,50,117,61,56,81,42,39,154,86,68,103,56,47,10,6,4,159,74,85,63,37,26
C5120ST,27,507,District-Gondiya,Total,20-29,588,324,264,57,27,30,88,43,45,72,42,30,162,99,63,48,26,22,12,6,6,110,55,55,39,26,13
C5120ST,27,507,District-Gondiya,Total,30-39,538,306,232,57,26,31,75,43,32,82,52,30,159,107,52,31,10,21,22,8,14,88,47,41,24,13,11
C5120ST,27,507,District-Gondiya,Total,40-49,506,312,194,67,38,29,67,43,24,67,41,26,144,100,44,22,11,11,27,15,12,83,45,38,29,19,10
C5120ST,27,507,District-Gondiya,Total,50-59,417,257,160,67,38,29,73,52,21,47,23,24,130,92,38,4,3,1,17,7,10,65,35,30,14,7,7
C5120ST,27,507,District-Gondiya,Total,60-69,388,205,183,84,33,51,88,41,47,31,19,12,109,68,41,5,1,4,6,4,2,43,27,16,22,12,10
C5120ST,27,507,District-Gondiya,Total,70-79,231,99,132,64,21,43,53,24,29,14,7,7,52,30,22,2,1,1,1,0,1,28,9,19,17,7,10
C5120ST,27,507,District-Gondiya,Total,80-89,62,28,34,17,8,9,15,5,10,1,1,0,17,8,9,1,0,1,0,0,0,5,3,2,6,3,3
C5120ST,27,507,District-Gondiya,Total,90+,25,9,16,6,1,5,8,3,5,3,2,1,3,1,2,0,0,0,0,0,0,2,1,1,3,1,2
C5120ST,27,507,District-Gondiya,Total,Age Not Stated,10,6,4,0,0,0,0,0,0,0,0,0,3,3,0,0,0,0,1,1,0,5,2,3,1,0,1
C5120ST,27,507,District-Gondiya,Rural,Total,3780,2092,1688,581,289,292,628,343,285,386,226,160,933,590,343,237,120,117,92,42,50,678,340,338,245,142,103
C5120ST,27,507,District-Gondiya,Rural,0-4,150,84,66,21,9,12,28,18,10,5,4,1,24,13,11,7,5,2,0,0,0,51,26,25,14,9,5
C5120ST,27,507,District-Gondiya,Rural,5-9,277,158,119,43,29,14,39,23,16,26,15,11,43,31,12,28,13,15,3,1,2,63,28,35,32,18,14
C5120ST,27,507,District-Gondiya,Rural,10-19,737,393,344,109,64,45,112,58,54,69,37,32,132,73,59,97,53,44,9,5,4,152,71,81,57,32,25
C5120ST,27,507,District-Gondiya,Rural,20-29,555,306,249,56,26,30,80,39,41,68,39,29,154,96,58,43,23,20,11,5,6,105,52,53,38,26,12
C5120ST,27,507,District-Gondiya,Rural,30-39,502,284,218,56,26,30,72,41,31,67,44,23,149,98,51,30,10,20,21,7,14,85,46,39,22,12,10
C5120ST,27,507,District-Gondiya,Rural,40-49,478,294,184,63,36,27,67,43,24,60,36,24,135,93,42,21,11,10,25,13,12,81,45,36,26,17,9
C5120ST,27,507,District-Gondiya,Rural,50-59,394,241,153,66,37,29,70,50,20,44,23,21,120,82,38,4,3,1,15,6,9,63,34,29,12,6,6
C5120ST,27,507,District-Gondiya,Rural,60-69,372,197,175,83,33,50,87,41,46,30,19,11,105,64,41,4,1,3,6,4,2,38,23,15,19,12,7
C5120ST,27,507,District-Gondiya,Rural,70-79,221,94,127,62,21,41,51,22,29,13,6,7,49,29,20,2,1,1,1,0,1,28,9,19,15,6,9
C5120ST,27,507,District-Gondiya,Rural,80-89,59,26,33,16,7,9,14,5,9,1,1,0,16,7,9,1,0,1,0,0,0,5,3,2,6,3,3
C5120ST,27,507,District-Gondiya,Rural,90+,25,9,16,6,1,5,8,3,5,3,2,1,3,1,2,0,0,0,0,0,0,2,1,1,3,1,2
C5120ST,27,507,District-Gondiya,Rural,Age Not Stated,10,6,4,0,0,0,0,0,0,0,0,0,3,3,0,0,0,0,1,1,0,5,2,3,1,0,1
C5120ST,27,507,District-Gondiya,Urban,Total,235,135,100,21,9,12,25,14,11,45,23,22,73,52,21,15,7,8,7,6,1,28,13,15,21,11,10
C5120ST,27,507,District-Gondiya,Urban,0-4,2,2,0,0,0,0,0,0,0,0,0,0,1,1,0,0,0,0,0,0,0,1,1,0,0,0,0
C5120ST,27,507,District-Gondiya,Urban,5-9,18,9,9,3,2,1,2,1,1,2,1,1,5,3,2,1,1,0,0,0,0,3,0,3,2,1,1
C5120ST,27,507,District-Gondiya,Urban,10-19,66,35,31,7,2,5,5,3,2,12,5,7,22,13,9,6,3,3,1,1,0,7,3,4,6,5,1
C5120ST,27,507,District-Gondiya,Urban,20-29,33,18,15,1,1,0,8,4,4,4,3,1,8,3,5,5,3,2,1,1,0,5,3,2,1,0,1
C5120ST,27,507,District-Gondiya,Urban,30-39,36,22,14,1,0,1,3,2,1,15,8,7,10,9,1,1,0,1,1,1,0,3,1,2,2,1,1
C5120ST,27,507,District-Gondiya,Urban,40-49,28,18,10,4,2,2,0,0,0,7,5,2,9,7,2,1,0,1,2,2,0,2,0,2,3,2,1
C5120ST,27,507,District-Gondiya,Urban,50-59,23,16,7,1,1,0,3,2,1,3,0,3,10,10,0,0,0,0,2,1,1,2,1,1,2,1,1
C5120ST,27,507,District-Gondiya,Urban,60-69,16,8,8,1,0,1,1,0,1,1,0,1,4,4,0,1,0,1,0,0,0,5,4,1,3,0,3
C5120ST,27,507,District-Gondiya,Urban,70-79,10,5,5,2,0,2,2,2,0,1,1,0,3,1,2,0,0,0,0,0,0,0,0,0,2,1,1
C5120ST,27,507,District-Gondiya,Urban,80-89,3,2,1,1,1,0,1,0,1,0,0,0,1,1,0,0,0,0,0,0,0,0,0,0,0,0,0
C5120ST,27,507,District-Gondiya,Urban,90+,0,0,0,0,0,0,0,0,0,0,0,0,0,0,0,0,0,0,0,0,0,0,0,0,0,0,0
C5120ST,27,507,District-Gondiya,Urban,Age Not Stated,0,0,0,0,0,0,0,0,0,0,0,0,0,0,0,0,0,0,0,0,0,0,0,0,0,0,0
C5120ST,27,508,District-Gadchiroli,Total,Total,8300,4545,3755,1660,860,800,1456,825,631,438,226,212,1827,1142,685,410,195,215,219,116,103,1539,757,782,751,424,327
C5120ST,27,508,District-Gadchiroli,Total,0-4,342,169,173,57,30,27,47,22,25,8,5,3,54,33,21,8,2,6,1,1,0,148,66,82,19,10,9
C5120ST,27,508,District-Gadchiroli,Total,5-9,598,334,264,90,50,40,96,51,45,44,18,26,82,52,30,44,24,20,9,8,1,156,87,69,77,44,33
C5120ST,27,508,District-Gadchiroli,Total,10-19,1708,923,785,288,168,120,355,209,146,113,61,52,249,148,101,174,80,94,16,6,10,323,154,169,190,97,93
C5120ST,27,508,District-Gadchiroli,Total,20-29,1238,708,530,158,86,72,166,98,68,94,55,39,313,193,120,84,41,43,47,30,17,246,116,130,130,89,41
C5120ST,27,508,District-Gadchiroli,Total,30-39,974,564,410,155,95,60,169,98,71,51,23,28,257,166,91,41,22,19,50,19,31,186,99,87,65,42,23
C5120ST,27,508,District-Gadchiroli,Total,40-49,1035,596,439,197,114,83,183,113,70,59,29,30,279,181,98,31,13,18,51,27,24,167,80,87,68,39,29
C5120ST,27,508,District-Gadchiroli,Total,50-59,865,502,363,211,110,101,159,92,67,31,18,13,243,167,76,12,7,5,25,10,15,129,65,64,55,33,22
C5120ST,27,508,District-Gadchiroli,Total,60-69,803,398,405,256,100,156,146,76,70,22,9,13,208,129,79,5,1,4,6,4,2,100,48,52,60,31,29
C5120ST,27,508,District-Gadchiroli,Total,70-79,484,228,256,167,73,94,86,39,47,7,3,4,106,56,50,7,2,5,8,7,1,49,24,25,54,24,30
C5120ST,27,508,District-Gadchiroli,Total,80-89,133,64,69,53,21,32,25,12,13,2,2,0,19,10,9,3,2,1,4,3,1,11,5,6,16,9,7
C5120ST,27,508,District-Gadchiroli,Total,90+,53,29,24,18,10,8,9,7,2,2,2,0,10,4,6,0,0,0,2,1,1,0,0,0,12,5,7
C5120ST,27,508,District-Gadchiroli,Total,Age Not Stated,67,30,37,10,3,7,15,8,7,5,1,4,7,3,4,1,1,0,0,0,0,24,13,11,5,1,4
C5120ST,27,508,District-Gadchiroli,Rural,Total,8038,4397,3641,1637,846,791,1424,808,616,411,219,192,1740,1085,655,393,187,206,216,114,102,1498,736,762,719,402,317
C5120ST,27,508,District-Gadchiroli,Rural,0-4,336,166,170,57,30,27,46,21,25,8,5,3,54,33,21,7,2,5,1,1,0,145,65,80,18,9,9
C5120ST,27,508,District-Gadchiroli,Rural,5-9,588,328,260,90,50,40,94,50,44,42,18,24,81,51,30,42,22,20,9,8,1,155,86,69,75,43,32
C5120ST,27,508,District-Gadchiroli,Rural,10-19,1645,888,757,280,165,115,348,205,143,102,57,45,239,140,99,164,76,88,16,6,10,313,146,167,183,93,90
C5120ST,27,508,District-Gadchiroli,Rural,20-29,1184,681,503,153,84,69,161,95,66,89,55,34,294,183,111,82,40,42,46,29,17,236,111,125,123,84,39
C5120ST,27,508,District-Gadchiroli,Rural,30-39,932,541,391,154,94,60,159,92,67,50,22,28,236,152,84,40,22,18,49,19,30,182,99,83,62,41,21
C5120ST,27,508,District-Gadchiroli,Rural,40-49,1002,579,423,194,111,83,181,113,68,54,28,26,266,174,92,31,13,18,51,27,24,160,76,84,65,37,28
C5120ST,27,508,District-Gadchiroli,Rural,50-59,841,484,357,209,109,100,158,91,67,30,17,13,232,159,73,11,6,5,24,9,15,125,63,62,52,30,22
C5120ST,27,508,District-Gadchiroli,Rural,60-69,786,387,399,254,98,156,144,75,69,20,9,11,201,123,78,5,1,4,6,4,2,98,48,50,58,29,29
C5120ST,27,508,District-Gadchiroli,Rural,70-79,475,221,254,166,72,94,86,39,47,7,3,4,101,53,48,7,2,5,8,7,1,49,24,25,51,21,30
C5120ST,27,508,District-Gadchiroli,Rural,80-89,130,63,67,52,20,32,23,12,11,2,2,0,19,10,9,3,2,1,4,3,1,11,5,6,16,9,7
C5120ST,27,508,District-Gadchiroli,Rural,90+,52,29,23,18,10,8,9,7,2,2,2,0,10,4,6,0,0,0,2,1,1,0,0,0,11,5,6
C5120ST,27,508,District-Gadchiroli,Rural,Age Not Stated,67,30,37,10,3,7,15,8,7,5,1,4,7,3,4,1,1,0,0,0,0,24,13,11,5,1,4
C5120ST,27,508,District-Gadchiroli,Urban,Total,262,148,114,23,14,9,32,17,15,27,7,20,87,57,30,17,8,9,3,2,1,41,21,20,32,22,10
C5120ST,27,508,District-Gadchiroli,Urban,0-4,6,3,3,0,0,0,1,1,0,0,0,0,0,0,0,1,0,1,0,0,0,3,1,2,1,1,0
C5120ST,27,508,District-Gadchiroli,Urban,5-9,10,6,4,0,0,0,2,1,1,2,0,2,1,1,0,2,2,0,0,0,0,1,1,0,2,1,1
C5120ST,27,508,District-Gadchiroli,Urban,10-19,63,35,28,8,3,5,7,4,3,11,4,7,10,8,2,10,4,6,0,0,0,10,8,2,7,4,3
C5120ST,27,508,District-Gadchiroli,Urban,20-29,54,27,27,5,2,3,5,3,2,5,0,5,19,10,9,2,1,1,1,1,0,10,5,5,7,5,2
C5120ST,27,508,District-Gadchiroli,Urban,30-39,42,23,19,1,1,0,10,6,4,1,1,0,21,14,7,1,0,1,1,0,1,4,0,4,3,1,2
C5120ST,27,508,District-Gadchiroli,Urban,40-49,33,17,16,3,3,0,2,0,2,5,1,4,13,7,6,0,0,0,0,0,0,7,4,3,3,2,1
C5120ST,27,508,District-Gadchiroli,Urban,50-59,24,18,6,2,1,1,1,1,0,1,1,0,11,8,3,1,1,0,1,1,0,4,2,2,3,3,0
C5120ST,27,508,District-Gadchiroli,Urban,60-69,17,11,6,2,2,0,2,1,1,2,0,2,7,6,1,0,0,0,0,0,0,2,0,2,2,2,0
C5120ST,27,508,District-Gadchiroli,Urban,70-79,9,7,2,1,1,0,0,0,0,0,0,0,5,3,2,0,0,0,0,0,0,0,0,0,3,3,0
C5120ST,27,508,District-Gadchiroli,Urban,80-89,3,1,2,1,1,0,2,0,2,0,0,0,0,0,0,0,0,0,0,0,0,0,0,0,0,0,0
C5120ST,27,508,District-Gadchiroli,Urban,90+,1,0,1,0,0,0,0,0,0,0,0,0,0,0,0,0,0,0,0,0,0,0,0,0,1,0,1
C5120ST,27,508,District-Gadchiroli,Urban,Age Not Stated,0,0,0,0,0,0,0,0,0,0,0,0,0,0,0,0,0,0,0,0,0,0,0,0,0,0,0
C5120ST,27,509,District-Chandrapur,Total,Total,13431,7279,6152,4040,2116,1924,2514,1335,1179,1101,576,525,2212,1390,822,549,287,262,296,157,139,2048,1051,997,671,367,304
C5120ST,27,509,District-Chandrapur,Total,0-4,673,346,327,229,114,115,140,79,61,15,8,7,45,22,23,29,15,14,7,4,3,183,88,95,25,16,9
C5120ST,27,509,District-Chandrapur,Total,5-9,917,484,433,287,165,122,183,92,91,89,46,43,86,45,41,53,27,26,5,2,3,157,76,81,57,31,26
C5120ST,27,509,District-Chandrapur,Total,10-19,2323,1192,1131,734,365,369,455,222,233,195,91,104,224,147,77,191,93,98,25,18,7,369,182,187,130,74,56
C5120ST,27,509,District-Chandrapur,Total,20-29,2065,1124,941,552,307,245,373,192,181,211,107,104,359,220,139,106,48,58,54,26,28,312,173,139,98,51,47
C5120ST,27,509,District-Chandrapur,Total,30-39,1866,1113,753,506,303,203,321,186,135,193,108,85,353,236,117,75,44,31,71,39,32,288,158,130,59,39,20
C5120ST,27,509,District-Chandrapur,Total,40-49,1763,1034,729,472,273,199,350,206,144,181,102,79,322,216,106,53,35,18,58,29,29,279,145,134,48,28,20
C5120ST,27,509,District-Chandrapur,Total,50-59,1220,738,482,329,184,145,215,133,82,98,57,41,274,178,96,15,10,5,39,25,14,197,117,80,53,34,19
C5120ST,27,509,District-Chandrapur,Total,60-69,1395,682,713,491,219,272,241,124,117,64,28,36,320,193,127,16,9,7,21,6,15,167,70,97,75,33,42
C5120ST,27,509,District-Chandrapur,Total,70-79,844,394,450,310,131,179,172,73,99,38,22,16,173,105,68,5,4,1,12,5,7,61,24,37,73,30,43
C5120ST,27,509,District-Chandrapur,Total,80-89,231,106,125,87,35,52,43,18,25,3,0,3,42,23,19,2,0,2,2,2,0,15,7,8,37,21,16
C5120ST,27,509,District-Chandrapur,Total,90+,53,22,31,19,8,11,9,4,5,3,1,2,9,2,7,0,0,0,0,0,0,2,1,1,11,6,5
C5120ST,27,509,District-Chandrapur,Total,Age Not Stated,81,44,37,24,12,12,12,6,6,11,6,5,5,3,2,4,2,2,2,1,1,18,10,8,5,4,1
C5120ST,27,509,District-Chandrapur,Rural,Total,11181,6029,5152,3504,1829,1675,2037,1069,968,815,429,386,1872,1173,699,436,228,208,255,133,122,1689,864,825,573,304,269
C5120ST,27,509,District-Chandrapur,Rural,0-4,570,287,283,203,100,103,112,60,52,8,4,4,43,22,21,19,9,10,7,4,3,155,74,81,23,14,9
C5120ST,27,509,District-Chandrapur,Rural,5-9,771,407,364,257,147,110,142,72,70,72,37,35,72,39,33,41,20,21,4,2,2,133,63,70,50,27,23
C5120ST,27,509,District-Chandrapur,Rural,10-19,1948,998,950,646,325,321,359,170,189,148,70,78,185,120,65,158,78,80,22,15,7,316,156,160,114,64,50
C5120ST,27,509,District-Chandrapur,Rural,20-29,1663,915,748,456,256,200,294,151,143,152,77,75,298,186,112,83,39,44,46,22,24,249,139,110,85,45,40
C5120ST,27,509,District-Chandrapur,Rural,30-39,1490,894,596,418,251,167,250,150,100,138,79,59,286,190,96,60,33,27,63,35,28,226,125,101,49,31,18
C5120ST,27,509,District-Chandrapur,Rural,40-49,1439,834,605,409,234,175,280,159,121,135,78,57,267,176,91,43,30,13,51,26,25,218,112,106,36,19,17
C5120ST,27,509,District-Chandrapur,Rural,50-59,1033,612,421,292,161,131,180,111,69,71,39,32,241,157,84,11,7,4,30,17,13,166,94,72,42,26,16
C5120ST,27,509,District-Chandrapur,Rural,60-69,1210,593,617,424,189,235,218,112,106,49,22,27,282,167,115,15,9,6,19,4,15,136,62,74,67,28,39
C5120ST,27,509,District-Chandrapur,Rural,70-79,751,344,407,284,117,167,149,61,88,29,17,12,150,92,58,4,3,1,10,5,5,59,23,36,66,26,40
C5120ST,27,509,District-Chandrapur,Rural,80-89,199,91,108,79,32,47,35,15,20,2,0,2,34,19,15,2,0,2,2,2,0,14,6,8,31,17,14
C5120ST,27,509,District-Chandrapur,Rural,90+,46,20,26,17,8,9,8,3,5,3,1,2,9,2,7,0,0,0,0,0,0,2,1,1,7,5,2
C5120ST,27,509,District-Chandrapur,Rural,Age Not Stated,61,34,27,19,9,10,10,5,5,8,5,3,5,3,2,0,0,0,1,1,0,15,9,6,3,2,1
C5120ST,27,509,District-Chandrapur,Urban,Total,2250,1250,1000,536,287,249,477,266,211,286,147,139,340,217,123,113,59,54,41,24,17,359,187,172,98,63,35
C5120ST,27,509,District-Chandrapur,Urban,0-4,103,59,44,26,14,12,28,19,9,7,4,3,2,0,2,10,6,4,0,0,0,28,14,14,2,2,0
C5120ST,27,509,District-Chandrapur,Urban,5-9,146,77,69,30,18,12,41,20,21,17,9,8,14,6,8,12,7,5,1,0,1,24,13,11,7,4,3
C5120ST,27,509,District-Chandrapur,Urban,10-19,375,194,181,88,40,48,96,52,44,47,21,26,39,27,12,33,15,18,3,3,0,53,26,27,16,10,6
C5120ST,27,509,District-Chandrapur,Urban,20-29,402,209,193,96,51,45,79,41,38,59,30,29,61,34,27,23,9,14,8,4,4,63,34,29,13,6,7
C5120ST,27,509,District-Chandrapur,Urban,30-39,376,219,157,88,52,36,71,36,35,55,29,26,67,46,21,15,11,4,8,4,4,62,33,29,10,8,2
C5120ST,27,509,District-Chandrapur,Urban,40-49,324,200,124,63,39,24,70,47,23,46,24,22,55,40,15,10,5,5,7,3,4,61,33,28,12,9,3
C5120ST,27,509,District-Chandrapur,Urban,50-59,187,126,61,37,23,14,35,22,13,27,18,9,33,21,12,4,3,1,9,8,1,31,23,8,11,8,3
C5120ST,27,509,District-Chandrapur,Urban,60-69,185,89,96,67,30,37,23,12,11,15,6,9,38,26,12,1,0,1,2,2,0,31,8,23,8,5,3
C5120ST,27,509,District-Chandrapur,Urban,70-79,93,50,43,26,14,12,23,12,11,9,5,4,23,13,10,1,1,0,2,0,2,2,1,1,7,4,3
C5120ST,27,509,District-Chandrapur,Urban,80-89,32,15,17,8,3,5,8,3,5,1,0,1,8,4,4,0,0,0,0,0,0,1,1,0,6,4,2
C5120ST,27,509,District-Chandrapur,Urban,90+,7,2,5,2,0,2,1,1,0,0,0,0,0,0,0,0,0,0,0,0,0,0,0,0,4,1,3
C5120ST,27,509,District-Chandrapur,Urban,Age Not Stated,20,10,10,5,3,2,2,1,1,3,1,2,0,0,0,4,2,2,1,0,1,3,1,2,2,2,0
C5120ST,27,510,District-Yavatmal,Total,Total,11393,6341,5052,2265,1207,1058,1428,792,636,868,484,384,2970,1860,1110,543,270,273,362,187,175,2155,1087,1068,802,454,348
C5120ST,27,510,District-Yavatmal,Total,0-4,470,236,234,77,34,43,57,27,30,12,8,4,91,48,43,24,9,15,2,1,1,166,79,87,41,30,11
C5120ST,27,510,District-Yavatmal,Total,5-9,875,490,385,147,91,56,82,44,38,93,50,43,142,85,57,78,47,31,10,5,5,240,124,116,83,44,39
C5120ST,27,510,District-Yavatmal,Total,10-19,2277,1267,1010,362,202,160,265,147,118,199,116,83,465,286,179,210,108,102,33,17,16,553,281,272,190,110,80
C5120ST,27,510,District-Yavatmal,Total,20-29,1617,922,695,201,129,72,177,106,71,158,82,76,499,310,189,99,42,57,71,32,39,293,156,137,119,65,54
C5120ST,27,510,District-Yavatmal,Total,30-39,1348,816,532,191,117,74,142,92,50,130,80,50,441,296,145,47,21,26,89,47,42,242,123,119,66,40,26
C5120ST,27,510,District-Yavatmal,Total,40-49,1223,761,462,197,129,68,145,87,58,100,55,45,365,256,109,43,21,22,83,53,30,221,111,110,69,49,20
C5120ST,27,510,District-Yavatmal,Total,50-59,945,545,400,198,98,100,109,65,44,73,35,38,307,212,95,22,11,11,36,18,18,160,79,81,40,27,13
C5120ST,27,510,District-Yavatmal,Total,60-69,1335,675,660,401,193,208,211,93,118,59,35,24,408,236,172,13,6,7,28,10,18,158,77,81,57,25,32
C5120ST,27,510,District-Yavatmal,Total,70-79,915,444,471,337,147,190,166,92,74,26,11,15,197,106,91,5,4,1,8,3,5,82,38,44,94,43,51
C5120ST,27,510,District-Yavatmal,Total,80-89,269,129,140,117,49,68,51,28,23,11,9,2,39,20,19,0,0,0,2,1,1,18,8,10,31,14,17
C5120ST,27,510,District-Yavatmal,Total,90+,70,31,39,28,12,16,12,6,6,1,1,0,10,3,7,0,0,0,0,0,0,7,2,5,12,7,5
C5120ST,27,510,District-Yavatmal,Total,Age Not Stated,49,25,24,9,6,3,11,5,6,6,2,4,6,2,4,2,1,1,0,0,0,15,9,6,0,0,0
C5120ST,27,510,District-Yavatmal,Rural,Total,10624,5890,4734,2132,1124,1008,1331,741,590,800,442,358,2753,1729,1024,494,247,247,336,173,163,2034,1014,1020,744,420,324
C5120ST,27,510,District-Yavatmal,Rural,0-4,438,217,221,75,32,43,53,23,30,11,8,3,85,45,40,20,6,14,2,1,1,155,75,80,37,27,10
C5120ST,27,510,District-Yavatmal,Rural,5-9,831,469,362,141,89,52,75,39,36,88,48,40,133,80,53,74,47,27,7,4,3,236,121,115,77,41,36
C5120ST,27,510,District-Yavatmal,Rural,10-19,2139,1187,952,339,189,150,246,136,110,190,109,81,439,271,168,190,97,93,32,17,15,532,267,265,171,101,70
C5120ST,27,510,District-Yavatmal,Rural,20-29,1474,848,626,183,116,67,161,102,59,144,74,70,449,285,164,91,39,52,67,31,36,269,141,128,110,60,50
C5120ST,27,510,District-Yavatmal,Rural,30-39,1240,746,494,178,111,67,128,85,43,120,74,46,407,271,136,43,20,23,83,43,40,220,107,113,61,35,26
C5120ST,27,510,District-Yavatmal,Rural,40-49,1123,691,432,172,108,64,135,81,54,88,46,42,340,238,102,41,20,21,77,50,27,206,102,104,64,46,18
C5120ST,27,510,District-Yavatmal,Rural,50-59,869,496,373,185,92,93,101,60,41,68,33,35,278,190,88,17,8,9,32,15,17,149,72,77,39,26,13
C5120ST,27,510,District-Yavatmal,Rural,60-69,1266,639,627,384,180,204,205,92,113,50,30,20,387,227,160,13,6,7,26,8,18,146,72,74,55,24,31
C5120ST,27,510,District-Yavatmal,Rural,70-79,877,423,454,330,146,184,157,85,72,24,9,15,183,98,85,3,3,0,8,3,5,81,38,43,91,41,50
C5120ST,27,510,District-Yavatmal,Rural,80-89,257,121,136,112,44,68,48,27,21,11,9,2,37,19,18,0,0,0,2,1,1,18,8,10,29,13,16
C5120ST,27,510,District-Yavatmal,Rural,90+,66,30,36,26,12,14,12,6,6,1,1,0,10,3,7,0,0,0,0,0,0,7,2,5,10,6,4
C5120ST,27,510,District-Yavatmal,Rural,Age Not Stated,44,23,21,7,5,2,10,5,5,5,1,4,5,2,3,2,1,1,0,0,0,15,9,6,0,0,0
C5120ST,27,510,District-Yavatmal,Urban,Total,769,451,318,133,83,50,97,51,46,68,42,26,217,131,86,49,23,26,26,14,12,121,73,48,58,34,24
C5120ST,27,510,District-Yavatmal,Urban,0-4,32,19,13,2,2,0,4,4,0,1,0,1,6,3,3,4,3,1,0,0,0,11,4,7,4,3,1
C5120ST,27,510,District-Yavatmal,Urban,5-9,44,21,23,6,2,4,7,5,2,5,2,3,9,5,4,4,0,4,3,1,2,4,3,1,6,3,3
C5120ST,27,510,District-Yavatmal,Urban,10-19,138,80,58,23,13,10,19,11,8,9,7,2,26,15,11,20,11,9,1,0,1,21,14,7,19,9,10
C5120ST,27,510,District-Yavatmal,Urban,20-29,143,74,69,18,13,5,16,4,12,14,8,6,50,25,25,8,3,5,4,1,3,24,15,9,9,5,4
C5120ST,27,510,District-Yavatmal,Urban,30-39,108,70,38,13,6,7,14,7,7,10,6,4,34,25,9,4,1,3,6,4,2,22,16,6,5,5,0
C5120ST,27,510,District-Yavatmal,Urban,40-49,100,70,30,25,21,4,10,6,4,12,9,3,25,18,7,2,1,1,6,3,3,15,9,6,5,3,2
C5120ST,27,510,District-Yavatmal,Urban,50-59,76,49,27,13,6,7,8,5,3,5,2,3,29,22,7,5,3,2,4,3,1,11,7,4,1,1,0
C5120ST,27,510,District-Yavatmal,Urban,60-69,69,36,33,17,13,4,6,1,5,9,5,4,21,9,12,0,0,0,2,2,0,12,5,7,2,1,1
C5120ST,27,510,District-Yavatmal,Urban,70-79,38,21,17,7,1,6,9,7,2,2,2,0,14,8,6,2,1,1,0,0,0,1,0,1,3,2,1
C5120ST,27,510,District-Yavatmal,Urban,80-89,12,8,4,5,5,0,3,1,2,0,0,0,2,1,1,0,0,0,0,0,0,0,0,0,2,1,1
C5120ST,27,510,District-Yavatmal,Urban,90+,4,1,3,2,0,2,0,0,0,0,0,0,0,0,0,0,0,0,0,0,0,0,0,0,2,1,1
C5120ST,27,510,District-Yavatmal,Urban,Age Not Stated,5,2,3,2,1,1,1,0,1,1,1,0,1,0,1,0,0,0,0,0,0,0,0,0,0,0,0
C5120ST,27,511,District-Nanded,Total,Total,6469,3683,2786,1305,682,623,1104,634,470,764,414,350,1394,897,497,304,160,144,93,51,42,1100,606,494,405,239,166
C5120ST,27,511,District-Nanded,Total,0-4,329,171,158,66,34,32,59,33,26,10,6,4,45,24,21,12,8,4,0,0,0,115,59,56,22,7,15
C5120ST,27,511,District-Nanded,Total,5-9,590,324,266,130,67,63,79,41,38,86,47,39,92,49,43,41,19,22,3,2,1,102,64,38,57,35,22
C5120ST,27,511,District-Nanded,Total,10-19,1385,772,613,268,155,113,219,125,94,154,81,73,235,128,107,124,63,61,11,4,7,252,141,111,122,75,47
C5120ST,27,511,District-Nanded,Total,20-29,995,579,416,157,86,71,155,91,64,137,71,66,238,165,73,57,28,29,18,11,7,174,92,82,59,35,24
C5120ST,27,511,District-Nanded,Total,30-39,910,563,347,151,98,53,162,98,64,142,76,66,227,157,70,31,21,10,21,13,8,149,84,65,27,16,11
C5120ST,27,511,District-Nanded,Total,40-49,717,443,274,122,71,51,131,79,52,104,58,46,175,120,55,16,12,4,19,8,11,124,76,48,26,19,7
C5120ST,27,511,District-Nanded,Total,50-59,486,296,190,94,46,48,90,58,32,58,38,20,127,93,34,11,4,7,7,5,2,81,40,41,18,12,6
C5120ST,27,511,District-Nanded,Total,60-69,531,265,266,160,69,91,100,52,48,42,22,20,134,80,54,6,3,3,9,5,4,52,22,30,28,12,16
C5120ST,27,511,District-Nanded,Total,70-79,338,182,156,104,37,67,67,34,33,18,10,8,82,58,24,5,2,3,3,2,1,33,19,14,26,20,6
C5120ST,27,511,District-Nanded,Total,80-89,130,62,68,41,14,27,29,16,13,5,2,3,27,18,9,1,0,1,1,0,1,11,5,6,15,7,8
C5120ST,27,511,District-Nanded,Total,90+,47,19,28,12,5,7,11,6,5,6,2,4,9,3,6,0,0,0,1,1,0,4,1,3,4,1,3
C5120ST,27,511,District-Nanded,Total,Age Not Stated,11,7,4,0,0,0,2,1,1,2,1,1,3,2,1,0,0,0,0,0,0,3,3,0,1,0,1
C5120ST,27,511,District-Nanded,Rural,Total,5451,3094,2357,1147,594,553,935,535,400,601,328,273,1157,741,416,259,136,123,81,43,38,920,511,409,351,206,145
C5120ST,27,511,District-Nanded,Rural,0-4,279,147,132,58,29,29,48,26,22,9,6,3,39,22,17,11,8,3,0,0,0,94,49,45,20,7,13
C5120ST,27,511,District-Nanded,Rural,5-9,505,273,232,115,59,56,67,36,31,69,37,32,76,39,37,37,17,20,3,2,1,88,53,35,50,30,20
C5120ST,27,511,District-Nanded,Rural,10-19,1158,634,524,234,137,97,182,99,83,123,65,58,187,99,88,103,49,54,11,4,7,215,119,96,103,62,41
C5120ST,27,511,District-Nanded,Rural,20-29,811,471,340,130,67,63,132,79,53,103,52,51,196,137,59,47,25,22,17,10,7,140,75,65,46,26,20
C5120ST,27,511,District-Nanded,Rural,30-39,750,473,277,127,83,44,136,83,53,108,61,47,188,130,58,28,20,8,17,10,7,122,70,52,24,16,8
C5120ST,27,511,District-Nanded,Rural,40-49,612,375,237,110,63,47,113,68,45,82,47,35,143,95,48,15,11,4,16,7,9,108,66,42,25,18,7
C5120ST,27,511,District-Nanded,Rural,50-59,400,251,149,79,41,38,73,47,26,43,29,14,109,82,27,9,4,5,6,4,2,65,33,32,16,11,5
C5120ST,27,511,District-Nanded,Rural,60-69,477,233,244,150,63,87,92,47,45,37,19,18,116,67,49,4,1,3,8,4,4,45,21,24,25,11,14
C5120ST,27,511,District-Nanded,Rural,70-79,292,158,134,97,36,61,55,30,25,15,8,7,70,49,21,4,1,3,2,1,1,26,16,10,23,17,6
C5120ST,27,511,District-Nanded,Rural,80-89,116,58,58,38,13,25,25,14,11,5,2,3,23,17,6,1,0,1,0,0,0,10,5,5,14,7,7
C5120ST,27,511,District-Nanded,Rural,90+,40,14,26,9,3,6,10,5,5,5,1,4,7,2,5,0,0,0,1,1,0,4,1,3,4,1,3
C5120ST,27,511,District-Nanded,Rural,Age Not Stated,11,7,4,0,0,0,2,1,1,2,1,1,3,2,1,0,0,0,0,0,0,3,3,0,1,0,1
C5120ST,27,511,District-Nanded,Urban,Total,1018,589,429,158,88,70,169,99,70,163,86,77,237,156,81,45,24,21,12,8,4,180,95,85,54,33,21
C5120ST,27,511,District-Nanded,Urban,0-4,50,24,26,8,5,3,11,7,4,1,0,1,6,2,4,1,0,1,0,0,0,21,10,11,2,0,2
C5120ST,27,511,District-Nanded,Urban,5-9,85,51,34,15,8,7,12,5,7,17,10,7,16,10,6,4,2,2,0,0,0,14,11,3,7,5,2
C5120ST,27,511,District-Nanded,Urban,10-19,227,138,89,34,18,16,37,26,11,31,16,15,48,29,19,21,14,7,0,0,0,37,22,15,19,13,6
C5120ST,27,511,District-Nanded,Urban,20-29,184,108,76,27,19,8,23,12,11,34,19,15,42,28,14,10,3,7,1,1,0,34,17,17,13,9,4
C5120ST,27,511,District-Nanded,Urban,30-39,160,90,70,24,15,9,26,15,11,34,15,19,39,27,12,3,1,2,4,3,1,27,14,13,3,0,3
C5120ST,27,511,District-Nanded,Urban,40-49,105,68,37,12,8,4,18,11,7,22,11,11,32,25,7,1,1,0,3,1,2,16,10,6,1,1,0
C5120ST,27,511,District-Nanded,Urban,50-59,86,45,41,15,5,10,17,11,6,15,9,6,18,11,7,2,0,2,1,1,0,16,7,9,2,1,1
C5120ST,27,511,District-Nanded,Urban,60-69,54,32,22,10,6,4,8,5,3,5,3,2,18,13,5,2,2,0,1,1,0,7,1,6,3,1,2
C5120ST,27,511,District-Nanded,Urban,70-79,46,24,22,7,1,6,12,4,8,3,2,1,12,9,3,1,1,0,1,1,0,7,3,4,3,3,0
C5120ST,27,511,District-Nanded,Urban,80-89,14,4,10,3,1,2,4,2,2,0,0,0,4,1,3,0,0,0,1,0,1,1,0,1,1,0,1
C5120ST,27,511,District-Nanded,Urban,90+,7,5,2,3,2,1,1,1,0,1,1,0,2,1,1,0,0,0,0,0,0,0,0,0,0,0,0
C5120ST,27,511,District-Nanded,Urban,Age Not Stated,0,0,0,0,0,0,0,0,0,0,0,0,0,0,0,0,0,0,0,0,0,0,0,0,0,0,0
C5120ST,27,512,District-Hingoli,Total,Total,2348,1367,981,510,265,245,249,134,115,193,120,73,702,464,238,144,76,68,43,24,19,327,184,143,180,100,80
C5120ST,27,512,District-Hingoli,Total,0-4,114,59,55,19,10,9,13,6,7,1,1,0,34,20,14,5,4,1,1,0,1,29,13,16,12,5,7
C5120ST,27,512,District-Hingoli,Total,5-9,255,157,98,48,24,24,20,10,10,36,24,12,58,39,19,25,17,8,0,0,0,43,26,17,25,17,8
C5120ST,27,512,District-Hingoli,Total,10-19,515,304,211,104,55,49,53,35,18,45,27,18,125,81,44,64,34,30,5,3,2,65,37,28,54,32,22
C5120ST,27,512,District-Hingoli,Total,20-29,333,208,125,57,39,18,26,15,11,26,18,8,123,85,38,22,9,13,11,6,5,51,29,22,17,7,10
C5120ST,27,512,District-Hingoli,Total,30-39,264,154,110,33,21,12,30,16,14,36,19,17,89,60,29,13,3,10,14,7,7,38,23,15,11,5,6
C5120ST,27,512,District-Hingoli,Total,40-49,199,126,73,36,20,16,19,10,9,16,10,6,76,56,20,9,6,3,4,4,0,27,16,11,12,4,8
C5120ST,27,512,District-Hingoli,Total,50-59,162,111,51,44,26,18,16,9,7,9,7,2,58,45,13,2,0,2,3,2,1,22,16,6,8,6,2
C5120ST,27,512,District-Hingoli,Total,60-69,228,115,113,68,28,40,28,15,13,15,9,6,68,43,25,2,1,1,2,1,1,31,12,19,14,6,8
C5120ST,27,512,District-Hingoli,Total,70-79,178,87,91,70,29,41,34,17,17,5,2,3,44,19,25,1,1,0,1,0,1,11,10,1,12,9,3
C5120ST,27,512,District-Hingoli,Total,80-89,74,32,42,22,8,14,8,0,8,2,2,0,20,12,8,1,1,0,2,1,1,8,1,7,11,7,4
C5120ST,27,512,District-Hingoli,Total,90+,25,14,11,9,5,4,2,1,1,1,1,0,7,4,3,0,0,0,0,0,0,2,1,1,4,2,2
C5120ST,27,512,District-Hingoli,Total,Age Not Stated,1,0,1,0,0,0,0,0,0,1,0,1,0,0,0,0,0,0,0,0,0,0,0,0,0,0,0
C5120ST,27,512,District-Hingoli,Rural,Total,2215,1282,933,496,256,240,235,127,108,174,110,64,653,433,220,135,69,66,41,24,17,310,171,139,171,92,79
C5120ST,27,512,District-Hingoli,Rural,0-4,111,57,54,19,10,9,13,6,7,1,1,0,33,20,13,5,4,1,1,0,1,27,11,16,12,5,7
C5120ST,27,512,District-Hingoli,Rural,5-9,241,151,90,47,24,23,19,10,9,32,23,9,57,39,18,24,16,8,0,0,0,39,24,15,23,15,8
C5120ST,27,512,District-Hingoli,Rural,10-19,478,276,202,99,52,47,49,32,17,41,24,17,118,77,41,57,28,29,5,3,2,60,33,27,49,27,22
C5120ST,27,512,District-Hingoli,Rural,20-29,317,199,118,56,38,18,24,15,9,24,17,7,115,79,36,22,9,13,11,6,5,49,28,21,16,7,9
C5120ST,27,512,District-Hingoli,Rural,30-39,244,141,103,31,19,12,30,16,14,29,15,14,81,54,27,12,3,9,13,7,6,37,22,15,11,5,6
C5120ST,27,512,District-Hingoli,Rural,40-49,184,114,70,36,20,16,17,9,8,15,9,6,66,48,18,9,6,3,4,4,0,25,14,11,12,4,8
C5120ST,27,512,District-Hingoli,Rural,50-59,154,105,49,43,26,17,14,8,6,9,7,2,55,42,13,2,0,2,3,2,1,21,15,6,7,5,2
C5120ST,27,512,District-Hingoli,Rural,60-69,216,109,107,66,27,39,26,14,12,14,9,5,61,39,22,2,1,1,2,1,1,31,12,19,14,6,8
C5120ST,27,512,District-Hingoli,Rural,70-79,171,84,87,68,27,41,33,16,17,5,2,3,40,19,21,1,1,0,1,0,1,11,10,1,12,9,3
C5120ST,27,512,District-Hingoli,Rural,80-89,73,32,41,22,8,14,8,0,8,2,2,0,20,12,8,1,1,0,1,1,0,8,1,7,11,7,4
C5120ST,27,512,District-Hingoli,Rural,90+,25,14,11,9,5,4,2,1,1,1,1,0,7,4,3,0,0,0,0,0,0,2,1,1,4,2,2
C5120ST,27,512,District-Hingoli,Rural,Age Not Stated,1,0,1,0,0,0,0,0,0,1,0,1,0,0,0,0,0,0,0,0,0,0,0,0,0,0,0
C5120ST,27,512,District-Hingoli,Urban,Total,133,85,48,14,9,5,14,7,7,19,10,9,49,31,18,9,7,2,2,0,2,17,13,4,9,8,1
C5120ST,27,512,District-Hingoli,Urban,0-4,3,2,1,0,0,0,0,0,0,0,0,0,1,0,1,0,0,0,0,0,0,2,2,0,0,0,0
C5120ST,27,512,District-Hingoli,Urban,5-9,14,6,8,1,0,1,1,0,1,4,1,3,1,0,1,1,1,0,0,0,0,4,2,2,2,2,0
C5120ST,27,512,District-Hingoli,Urban,10-19,37,28,9,5,3,2,4,3,1,4,3,1,7,4,3,7,6,1,0,0,0,5,4,1,5,5,0
C5120ST,27,512,District-Hingoli,Urban,20-29,16,9,7,1,1,0,2,0,2,2,1,1,8,6,2,0,0,0,0,0,0,2,1,1,1,0,1
C5120ST,27,512,District-Hingoli,Urban,30-39,20,13,7,2,2,0,0,0,0,7,4,3,8,6,2,1,0,1,1,0,1,1,1,0,0,0,0
C5120ST,27,512,District-Hingoli,Urban,40-49,15,12,3,0,0,0,2,1,1,1,1,0,10,8,2,0,0,0,0,0,0,2,2,0,0,0,0
C5120ST,27,512,District-Hingoli,Urban,50-59,8,6,2,1,0,1,2,1,1,0,0,0,3,3,0,0,0,0,0,0,0,1,1,0,1,1,0
C5120ST,27,512,District-Hingoli,Urban,60-69,12,6,6,2,1,1,2,1,1,1,0,1,7,4,3,0,0,0,0,0,0,0,0,0,0,0,0
C5120ST,27,512,District-Hingoli,Urban,70-79,7,3,4,2,2,0,1,1,0,0,0,0,4,0,4,0,0,0,0,0,0,0,0,0,0,0,0
C5120ST,27,512,District-Hingoli,Urban,80-89,1,0,1,0,0,0,0,0,0,0,0,0,0,0,0,0,0,0,1,0,1,0,0,0,0,0,0
C5120ST,27,512,District-Hingoli,Urban,90+,0,0,0,0,0,0,0,0,0,0,0,0,0,0,0,0,0,0,0,0,0,0,0,0,0,0,0
C5120ST,27,512,District-Hingoli,Urban,Age Not Stated,0,0,0,0,0,0,0,0,0,0,0,0,0,0,0,0,0,0,0,0,0,0,0,0,0,0,0
C5120ST,27,513,District-Parbhani,Total,Total,1531,871,660,375,193,182,252,144,108,174,98,76,285,188,97,74,40,34,22,13,9,271,147,124,78,48,30
C5120ST,27,513,District-Parbhani,Total,0-4,95,58,37,23,13,10,17,9,8,1,1,0,8,4,4,5,2,3,0,0,0,34,24,10,7,5,2
C5120ST,27,513,District-Parbhani,Total,5-9,149,70,79,41,15,26,24,12,12,17,8,9,21,12,9,12,5,7,1,1,0,19,6,13,14,11,3
C5120ST,27,513,District-Parbhani,Total,10-19,323,180,143,72,44,28,58,31,27,33,16,17,35,26,9,30,17,13,6,3,3,70,35,35,19,8,11
C5120ST,27,513,District-Parbhani,Total,20-29,216,122,94,52,24,28,32,18,14,22,12,10,52,31,21,12,10,2,1,0,1,34,21,13,11,6,5
C5120ST,27,513,District-Parbhani,Total,30-39,200,122,78,51,29,22,25,17,8,29,16,13,46,31,15,4,0,4,3,3,0,32,19,13,10,7,3
C5120ST,27,513,District-Parbhani,Total,40-49,182,109,73,41,23,18,30,19,11,26,18,8,42,25,17,3,2,1,2,0,2,32,17,15,6,5,1
C5120ST,27,513,District-Parbhani,Total,50-59,93,61,32,18,9,9,18,11,7,16,12,4,20,17,3,4,3,1,4,4,0,13,5,8,0,0,0
C5120ST,27,513,District-Parbhani,Total,60-69,154,86,68,43,21,22,26,13,13,17,11,6,35,25,10,3,0,3,4,2,2,22,11,11,4,3,1
C5120ST,27,513,District-Parbhani,Total,70-79,65,36,29,22,9,13,9,7,2,8,3,5,13,9,4,1,1,0,1,0,1,8,5,3,3,2,1
C5120ST,27,513,District-Parbhani,Total,80-89,27,13,14,6,5,1,7,2,5,0,0,0,7,4,3,0,0,0,0,0,0,5,2,3,2,0,2
C5120ST,27,513,District-Parbhani,Total,90+,16,9,7,5,1,4,4,3,1,0,0,0,5,4,1,0,0,0,0,0,0,0,0,0,2,1,1
C5120ST,27,513,District-Parbhani,Total,Age Not Stated,11,5,6,1,0,1,2,2,0,5,1,4,1,0,1,0,0,0,0,0,0,2,2,0,0,0,0
C5120ST,27,513,District-Parbhani,Rural,Total,1202,689,513,293,156,137,201,113,88,133,76,57,218,144,74,57,31,26,15,9,6,215,116,99,70,44,26
C5120ST,27,513,District-Parbhani,Rural,0-4,80,51,29,20,11,9,13,7,6,1,1,0,5,3,2,4,2,2,0,0,0,30,22,8,7,5,2
C5120ST,27,513,District-Parbhani,Rural,5-9,119,57,62,29,11,18,18,7,11,12,6,6,20,12,8,11,5,6,1,1,0,16,4,12,12,11,1
C5120ST,27,513,District-Parbhani,Rural,10-19,260,144,116,64,43,21,46,23,23,24,12,12,26,18,8,22,12,10,3,1,2,59,29,30,16,6,10
C5120ST,27,513,District-Parbhani,Rural,20-29,160,89,71,34,15,19,25,14,11,12,5,7,41,24,17,8,7,1,1,0,1,29,19,10,10,5,5
C5120ST,27,513,District-Parbhani,Rural,30-39,156,97,59,38,21,17,22,16,6,24,14,10,32,21,11,2,0,2,2,2,0,27,16,11,9,7,2
C5120ST,27,513,District-Parbhani,Rural,40-49,135,82,53,30,15,15,24,15,9,20,14,6,28,18,10,2,1,1,2,0,2,23,14,9,6,5,1
C5120ST,27,513,District-Parbhani,Rural,50-59,72,45,27,14,7,7,14,8,6,13,9,4,16,13,3,4,3,1,3,3,0,8,2,6,0,0,0
C5120ST,27,513,District-Parbhani,Rural,60-69,126,74,52,37,21,16,22,12,10,16,11,5,27,20,7,3,0,3,2,2,0,16,6,10,3,2,1
C5120ST,27,513,District-Parbhani,Rural,70-79,51,28,23,16,7,9,8,6,2,6,3,3,11,7,4,1,1,0,1,0,1,5,2,3,3,2,1
C5120ST,27,513,District-Parbhani,Rural,80-89,19,10,9,5,4,1,5,1,4,0,0,0,6,4,2,0,0,0,0,0,0,1,1,0,2,0,2
C5120ST,27,513,District-Parbhani,Rural,90+,14,8,6,5,1,4,2,2,0,0,0,0,5,4,1,0,0,0,0,0,0,0,0,0,2,1,1
C5120ST,27,513,District-Parbhani,Rural,Age Not Stated,10,4,6,1,0,1,2,2,0,5,1,4,1,0,1,0,0,0,0,0,0,1,1,0,0,0,0
C5120ST,27,513,District-Parbhani,Urban,Total,329,182,147,82,37,45,51,31,20,41,22,19,67,44,23,17,9,8,7,4,3,56,31,25,8,4,4
C5120ST,27,513,District-Parbhani,Urban,0-4,15,7,8,3,2,1,4,2,2,0,0,0,3,1,2,1,0,1,0,0,0,4,2,2,0,0,0
C5120ST,27,513,District-Parbhani,Urban,5-9,30,13,17,12,4,8,6,5,1,5,2,3,1,0,1,1,0,1,0,0,0,3,2,1,2,0,2
C5120ST,27,513,District-Parbhani,Urban,10-19,63,36,27,8,1,7,12,8,4,9,4,5,9,8,1,8,5,3,3,2,1,11,6,5,3,2,1
C5120ST,27,513,District-Parbhani,Urban,20-29,56,33,23,18,9,9,7,4,3,10,7,3,11,7,4,4,3,1,0,0,0,5,2,3,1,1,0
C5120ST,27,513,District-Parbhani,Urban,30-39,44,25,19,13,8,5,3,1,2,5,2,3,14,10,4,2,0,2,1,1,0,5,3,2,1,0,1
C5120ST,27,513,District-Parbhani,Urban,40-49,47,27,20,11,8,3,6,4,2,6,4,2,14,7,7,1,1,0,0,0,0,9,3,6,0,0,0
C5120ST,27,513,District-Parbhani,Urban,50-59,21,16,5,4,2,2,4,3,1,3,3,0,4,4,0,0,0,0,1,1,0,5,3,2,0,0,0
C5120ST,27,513,District-Parbhani,Urban,60-69,28,12,16,6,0,6,4,1,3,1,0,1,8,5,3,0,0,0,2,0,2,6,5,1,1,1,0
C5120ST,27,513,District-Parbhani,Urban,70-79,14,8,6,6,2,4,1,1,0,2,0,2,2,2,0,0,0,0,0,0,0,3,3,0,0,0,0
C5120ST,27,513,District-Parbhani,Urban,80-89,8,3,5,1,1,0,2,1,1,0,0,0,1,0,1,0,0,0,0,0,0,4,1,3,0,0,0
C5120ST,27,513,District-Parbhani,Urban,90+,2,1,1,0,0,0,2,1,1,0,0,0,0,0,0,0,0,0,0,0,0,0,0,0,0,0,0
C5120ST,27,513,District-Parbhani,Urban,Age Not Stated,1,1,0,0,0,0,0,0,0,0,0,0,0,0,0,0,0,0,0,0,0,1,1,0,0,0,0
C5120ST,27,514,District-Jalna,Total,Total,1213,715,498,207,111,96,133,89,44,226,121,105,256,170,86,40,25,15,25,16,9,254,141,113,72,42,30
C5120ST,27,514,District-Jalna,Total,0-4,74,38,36,8,4,4,6,5,1,4,2,2,10,5,5,3,3,0,0,0,0,38,18,20,5,1,4
C5120ST,27,514,District-Jalna,Total,5-9,83,41,42,13,5,8,12,7,5,20,7,13,11,3,8,8,5,3,1,1,0,12,9,3,6,4,2
C5120ST,27,514,District-Jalna,Total,10-19,218,133,85,33,22,11,28,18,10,49,24,25,32,24,8,11,5,6,6,4,2,42,24,18,17,12,5
C5120ST,27,514,District-Jalna,Total,20-29,182,108,74,26,19,7,10,7,3,42,20,22,36,22,14,7,5,2,1,0,1,50,28,22,10,7,3
C5120ST,27,514,District-Jalna,Total,30-39,172,111,61,25,15,10,12,11,1,38,22,16,46,34,12,2,2,0,6,3,3,35,19,16,8,5,3
C5120ST,27,514,District-Jalna,Total,40-49,138,86,52,26,14,12,16,9,7,29,18,11,33,25,8,3,2,1,5,5,0,22,12,10,4,1,3
C5120ST,27,514,District-Jalna,Total,50-59,108,61,47,25,11,14,11,7,4,22,15,7,23,17,6,3,2,1,3,2,1,19,7,12,2,0,2
C5120ST,27,514,District-Jalna,Total,60-69,122,72,50,26,11,15,18,12,6,10,6,4,32,19,13,2,1,1,1,1,0,25,15,10,8,7,1
C5120ST,27,514,District-Jalna,Total,70-79,74,40,34,17,7,10,15,8,7,7,4,3,22,16,6,1,0,1,1,0,1,6,5,1,5,0,5
C5120ST,27,514,District-Jalna,Total,80-89,24,12,12,6,2,4,3,3,0,3,2,1,8,3,5,0,0,0,1,0,1,0,0,0,3,2,1
C5120ST,27,514,District-Jalna,Total,90+,11,7,4,1,0,1,1,1,0,2,1,1,3,2,1,0,0,0,0,0,0,1,1,0,3,2,1
C5120ST,27,514,District-Jalna,Total,Age Not Stated,7,6,1,1,1,0,1,1,0,0,0,0,0,0,0,0,0,0,0,0,0,4,3,1,1,1,0
C5120ST,27,514,District-Jalna,Rural,Total,1038,601,437,170,86,84,111,69,42,188,99,89,237,158,79,34,19,15,21,12,9,216,121,95,61,37,24
C5120ST,27,514,District-Jalna,Rural,0-4,66,33,33,6,3,3,6,5,1,3,1,2,10,5,5,2,2,0,0,0,0,34,16,18,5,1,4
C5120ST,27,514,District-Jalna,Rural,5-9,74,35,39,12,5,7,10,5,5,17,6,11,11,3,8,7,4,3,0,0,0,12,9,3,5,3,2
C5120ST,27,514,District-Jalna,Rural,10-19,179,108,71,26,18,8,24,14,10,37,15,22,29,23,6,11,5,6,5,3,2,35,21,14,12,9,3
C5120ST,27,514,District-Jalna,Rural,20-29,150,87,63,18,12,6,5,3,2,35,17,18,35,22,13,6,4,2,1,0,1,41,22,19,9,7,2
C5120ST,27,514,District-Jalna,Rural,30-39,135,90,45,16,10,6,9,8,1,28,18,10,42,31,11,1,1,0,6,3,3,25,14,11,8,5,3
C5120ST,27,514,District-Jalna,Rural,40-49,117,69,48,22,10,12,12,6,6,24,14,10,30,23,7,2,1,1,5,5,0,20,10,10,2,0,2
C5120ST,27,514,District-Jalna,Rural,50-59,93,52,41,23,10,13,9,5,4,22,15,7,19,14,5,2,1,1,1,0,1,16,7,9,1,0,1
C5120ST,27,514,District-Jalna,Rural,60-69,112,66,46,23,9,14,18,12,6,10,6,4,28,16,12,2,1,1,1,1,0,23,14,9,7,7,0
C5120ST,27,514,District-Jalna,Rural,70-79,71,37,34,16,6,10,13,6,7,7,4,3,22,16,6,1,0,1,1,0,1,6,5,1,5,0,5
C5120ST,27,514,District-Jalna,Rural,80-89,24,12,12,6,2,4,3,3,0,3,2,1,8,3,5,0,0,0,1,0,1,0,0,0,3,2,1
C5120ST,27,514,District-Jalna,Rural,90+,11,7,4,1,0,1,1,1,0,2,1,1,3,2,1,0,0,0,0,0,0,1,1,0,3,2,1
C5120ST,27,514,District-Jalna,Rural,Age Not Stated,6,5,1,1,1,0,1,1,0,0,0,0,0,0,0,0,0,0,0,0,0,3,2,1,1,1,0
C5120ST,27,514,District-Jalna,Urban,Total,175,114,61,37,25,12,22,20,2,38,22,16,19,12,7,6,6,0,4,4,0,38,20,18,11,5,6
C5120ST,27,514,District-Jalna,Urban,0-4,8,5,3,2,1,1,0,0,0,1,1,0,0,0,0,1,1,0,0,0,0,4,2,2,0,0,0
C5120ST,27,514,District-Jalna,Urban,5-9,9,6,3,1,0,1,2,2,0,3,1,2,0,0,0,1,1,0,1,1,0,0,0,0,1,1,0
C5120ST,27,514,District-Jalna,Urban,10-19,39,25,14,7,4,3,4,4,0,12,9,3,3,1,2,0,0,0,1,1,0,7,3,4,5,3,2
C5120ST,27,514,District-Jalna,Urban,20-29,32,21,11,8,7,1,5,4,1,7,3,4,1,0,1,1,1,0,0,0,0,9,6,3,1,0,1
C5120ST,27,514,District-Jalna,Urban,30-39,37,21,16,9,5,4,3,3,0,10,4,6,4,3,1,1,1,0,0,0,0,10,5,5,0,0,0
C5120ST,27,514,District-Jalna,Urban,40-49,21,17,4,4,4,0,4,3,1,5,4,1,3,2,1,1,1,0,0,0,0,2,2,0,2,1,1
C5120ST,27,514,District-Jalna,Urban,50-59,15,9,6,2,1,1,2,2,0,0,0,0,4,3,1,1,1,0,2,2,0,3,0,3,1,0,1
C5120ST,27,514,District-Jalna,Urban,60-69,10,6,4,3,2,1,0,0,0,0,0,0,4,3,1,0,0,0,0,0,0,2,1,1,1,0,1
C5120ST,27,514,District-Jalna,Urban,70-79,3,3,0,1,1,0,2,2,0,0,0,0,0,0,0,0,0,0,0,0,0,0,0,0,0,0,0
C5120ST,27,514,District-Jalna,Urban,80-89,0,0,0,0,0,0,0,0,0,0,0,0,0,0,0,0,0,0,0,0,0,0,0,0,0,0,0
C5120ST,27,514,District-Jalna,Urban,90+,0,0,0,0,0,0,0,0,0,0,0,0,0,0,0,0,0,0,0,0,0,0,0,0,0,0,0
C5120ST,27,514,District-Jalna,Urban,Age Not Stated,1,1,0,0,0,0,0,0,0,0,0,0,0,0,0,0,0,0,0,0,0,1,1,0,0,0,0
C5120ST,27,515,District-Aurangabad,Total,Total,3772,2106,1666,1339,709,630,479,275,204,225,128,97,740,467,273,166,74,92,54,32,22,546,300,246,223,121,102
C5120ST,27,515,District-Aurangabad,Total,0-4,292,151,141,141,66,75,33,21,12,3,1,2,26,16,10,11,5,6,0,0,0,68,39,29,10,3,7
C5120ST,27,515,District-Aurangabad,Total,5-9,408,218,190,145,77,68,54,31,23,38,19,19,47,28,19,25,11,14,3,2,1,62,34,28,34,16,18
C5120ST,27,515,District-Aurangabad,Total,10-19,750,433,317,286,165,121,95,53,42,52,35,17,127,77,50,51,30,21,5,1,4,84,42,42,50,30,20
C5120ST,27,515,District-Aurangabad,Total,20-29,592,328,264,194,97,97,68,42,26,37,17,20,140,90,50,33,11,22,6,3,3,83,50,33,31,18,13
C5120ST,27,515,District-Aurangabad,Total,30-39,484,285,199,161,90,71,57,38,19,32,18,14,107,70,37,21,6,15,12,10,2,81,43,38,13,10,3
C5120ST,27,515,District-Aurangabad,Total,40-49,375,226,149,116,64,52,44,23,21,20,13,7,90,68,22,12,5,7,9,6,3,68,38,30,16,9,7
C5120ST,27,515,District-Aurangabad,Total,50-59,265,165,100,84,50,34,36,20,16,13,8,5,66,49,17,7,4,3,4,3,1,39,21,18,16,10,6
C5120ST,27,515,District-Aurangabad,Total,60-69,278,131,147,90,39,51,42,21,21,17,11,6,69,30,39,5,2,3,7,3,4,30,16,14,18,9,9
C5120ST,27,515,District-Aurangabad,Total,70-79,201,100,101,78,35,43,34,17,17,8,5,3,50,28,22,1,0,1,4,2,2,10,4,6,16,9,7
C5120ST,27,515,District-Aurangabad,Total,80-89,64,25,39,19,5,14,10,5,5,3,0,3,13,8,5,0,0,0,4,2,2,4,1,3,11,4,7
C5120ST,27,515,District-Aurangabad,Total,90+,23,10,13,8,4,4,4,2,2,0,0,0,2,1,1,0,0,0,0,0,0,2,0,2,7,3,4
C5120ST,27,515,District-Aurangabad,Total,Age Not Stated,40,34,6,17,17,0,2,2,0,2,1,1,3,2,1,0,0,0,0,0,0,15,12,3,1,0,1
C5120ST,27,515,District-Aurangabad,Rural,Total,2980,1657,1323,1019,537,482,352,199,153,184,103,81,634,394,240,132,61,71,50,28,22,417,229,188,192,106,86
C5120ST,27,515,District-Aurangabad,Rural,0-4,224,119,105,104,50,54,22,14,8,3,1,2,21,14,7,8,4,4,0,0,0,58,34,24,8,2,6
C5120ST,27,515,District-Aurangabad,Rural,5-9,319,174,145,115,65,50,36,16,20,28,14,14,41,26,15,20,9,11,3,2,1,49,29,20,27,13,14
C5120ST,27,515,District-Aurangabad,Rural,10-19,581,332,249,209,118,91,64,37,27,44,29,15,112,63,49,44,27,17,4,0,4,62,31,31,42,27,15
C5120ST,27,515,District-Aurangabad,Rural,20-29,457,251,206,144,68,76,42,28,14,29,13,16,121,77,44,24,10,14,5,2,3,61,35,26,31,18,13
C5120ST,27,515,District-Aurangabad,Rural,30-39,352,209,143,106,59,47,44,29,15,24,13,11,82,53,29,15,4,11,12,10,2,60,33,27,9,8,1
C5120ST,27,515,District-Aurangabad,Rural,40-49,288,172,116,84,47,37,32,16,16,17,11,6,74,56,18,9,2,7,8,5,3,50,27,23,14,8,6
C5120ST,27,515,District-Aurangabad,Rural,50-59,214,131,83,65,38,27,28,16,12,12,8,4,56,41,15,6,3,3,4,3,1,29,14,15,14,8,6
C5120ST,27,515,District-Aurangabad,Rural,60-69,241,116,125,78,36,42,37,18,19,15,9,6,64,28,36,5,2,3,6,2,4,21,12,9,15,9,6
C5120ST,27,515,District-Aurangabad,Rural,70-79,186,91,95,74,33,41,31,16,15,7,4,3,48,27,21,1,0,1,4,2,2,7,2,5,14,7,7
C5120ST,27,515,District-Aurangabad,Rural,80-89,58,21,37,17,4,13,10,5,5,3,0,3,10,6,4,0,0,0,4,2,2,4,1,3,10,3,7
C5120ST,27,515,District-Aurangabad,Rural,90+,22,9,13,7,3,4,4,2,2,0,0,0,2,1,1,0,0,0,0,0,0,2,0,2,7,3,4
C5120ST,27,515,District-Aurangabad,Rural,Age Not Stated,38,32,6,16,16,0,2,2,0,2,1,1,3,2,1,0,0,0,0,0,0,14,11,3,1,0,1
C5120ST,27,515,District-Aurangabad,Urban,Total,792,449,343,320,172,148,127,76,51,41,25,16,106,73,33,34,13,21,4,4,0,129,71,58,31,15,16
C5120ST,27,515,District-Aurangabad,Urban,0-4,68,32,36,37,16,21,11,7,4,0,0,0,5,2,3,3,1,2,0,0,0,10,5,5,2,1,1
C5120ST,27,515,District-Aurangabad,Urban,5-9,89,44,45,30,12,18,18,15,3,10,5,5,6,2,4,5,2,3,0,0,0,13,5,8,7,3,4
C5120ST,27,515,District-Aurangabad,Urban,10-19,169,101,68,77,47,30,31,16,15,8,6,2,15,14,1,7,3,4,1,1,0,22,11,11,8,3,5
C5120ST,27,515,District-Aurangabad,Urban,20-29,135,77,58,50,29,21,26,14,12,8,4,4,19,13,6,9,1,8,1,1,0,22,15,7,0,0,0
C5120ST,27,515,District-Aurangabad,Urban,30-39,132,76,56,55,31,24,13,9,4,8,5,3,25,17,8,6,2,4,0,0,0,21,10,11,4,2,2
C5120ST,27,515,District-Aurangabad,Urban,40-49,87,54,33,32,17,15,12,7,5,3,2,1,16,12,4,3,3,0,1,1,0,18,11,7,2,1,1
C5120ST,27,515,District-Aurangabad,Urban,50-59,51,34,17,19,12,7,8,4,4,1,0,1,10,8,2,1,1,0,0,0,0,10,7,3,2,2,0
C5120ST,27,515,District-Aurangabad,Urban,60-69,37,15,22,12,3,9,5,3,2,2,2,0,5,2,3,0,0,0,1,1,0,9,4,5,3,0,3
C5120ST,27,515,District-Aurangabad,Urban,70-79,15,9,6,4,2,2,3,1,2,1,1,0,2,1,1,0,0,0,0,0,0,3,2,1,2,2,0
C5120ST,27,515,District-Aurangabad,Urban,80-89,6,4,2,2,1,1,0,0,0,0,0,0,3,2,1,0,0,0,0,0,0,0,0,0,1,1,0
C5120ST,27,515,District-Aurangabad,Urban,90+,1,1,0,1,1,0,0,0,0,0,0,0,0,0,0,0,0,0,0,0,0,0,0,0,0,0,0
C5120ST,27,515,District-Aurangabad,Urban,Age Not Stated,2,2,0,1,1,0,0,0,0,0,0,0,0,0,0,0,0,0,0,0,0,1,1,0,0,0,0
C5120ST,27,516,District-Nashik,Total,Total,27099,15189,11910,5599,2934,2665,5242,2907,2335,1632,936,696,6095,3852,2243,1340,719,621,460,252,208,5181,2696,2485,1550,893,657
C5120ST,27,516,District-Nashik,Total,0-4,1629,898,731,398,218,180,284,146,138,25,14,11,209,117,92,83,48,35,2,2,0,549,293,256,79,60,19
C5120ST,27,516,District-Nashik,Total,5-9,2446,1353,1093,519,256,263,426,248,178,183,110,73,308,193,115,205,106,99,14,10,4,625,326,299,166,104,62
C5120ST,27,516,District-Nashik,Total,10-19,5926,3301,2625,1103,602,501,1102,635,467,382,227,155,867,484,383,522,298,224,46,26,20,1494,795,699,410,234,176
C5120ST,27,516,District-Nashik,Total,20-29,4361,2497,1864,759,401,358,734,403,331,300,167,133,1257,803,454,242,122,120,83,54,29,771,413,358,215,134,81
C5120ST,27,516,District-Nashik,Total,30-39,3423,2021,1402,605,346,259,614,371,243,256,152,104,990,648,342,120,62,58,115,62,53,564,279,285,159,101,58
C5120ST,27,516,District-Nashik,Total,40-49,2663,1580,1083,512,293,219,510,298,212,194,106,88,744,511,233,80,41,39,99,49,50,421,216,205,103,66,37
C5120ST,27,516,District-Nashik,Total,50-59,2210,1308,902,497,272,225,453,257,196,150,85,65,640,448,192,41,23,18,52,23,29,302,158,144,75,42,33
C5120ST,27,516,District-Nashik,Total,60-69,2373,1235,1138,637,289,348,555,269,286,81,43,38,644,408,236,29,13,16,33,15,18,263,128,135,131,70,61
C5120ST,27,516,District-Nashik,Total,70-79,1456,699,757,414,179,235,402,190,212,28,16,12,324,191,133,11,3,8,11,8,3,118,50,68,148,62,86
C5120ST,27,516,District-Nashik,Total,80-89,368,161,207,99,47,52,97,51,46,14,5,9,81,34,47,3,0,3,2,2,0,25,9,16,47,13,34
C5120ST,27,516,District-Nashik,Total,90+,102,57,45,28,16,12,27,15,12,5,3,2,17,8,9,0,0,0,0,0,0,13,11,2,12,4,8
C5120ST,27,516,District-Nashik,Total,Age Not Stated,142,79,63,28,15,13,38,24,14,14,8,6,14,7,7,4,3,1,3,1,2,36,18,18,5,3,2
C5120ST,27,516,District-Nashik,Rural,Total,24199,13457,10742,5207,2717,2490,4713,2559,2154,1335,762,573,5365,3393,1972,1206,638,568,415,218,197,4566,2370,2196,1392,800,592
C5120ST,27,516,District-Nashik,Rural,0-4,1510,831,679,384,210,174,267,136,131,22,11,11,191,105,86,72,40,32,1,1,0,502,274,228,71,54,17
C5120ST,27,516,District-Nashik,Rural,5-9,2234,1227,1007,494,238,256,399,232,167,157,97,60,272,172,100,189,96,93,11,7,4,560,289,271,152,96,56
C5120ST,27,516,District-Nashik,Rural,10-19,5255,2889,2366,1021,552,469,946,523,423,311,182,129,749,416,333,467,267,200,42,23,19,1366,725,641,353,201,152
C5120ST,27,516,District-Nashik,Rural,20-29,3753,2126,1627,684,366,318,600,309,291,234,125,109,1107,703,404,214,105,109,75,48,27,649,352,297,190,118,72
C5120ST,27,516,District-Nashik,Rural,30-39,2988,1768,1220,558,317,241,563,339,224,206,124,82,866,575,291,106,53,53,104,53,51,444,216,228,141,91,50
C5120ST,27,516,District-Nashik,Rural,40-49,2330,1377,953,459,261,198,463,270,193,155,87,68,634,442,192,74,35,39,91,44,47,359,179,180,95,59,36
C5120ST,27,516,District-Nashik,Rural,50-59,1992,1162,830,462,254,208,425,240,185,126,68,58,565,388,177,39,23,16,45,19,26,264,134,130,66,36,30
C5120ST,27,516,District-Nashik,Rural,60-69,2204,1149,1055,599,272,327,520,251,269,73,40,33,588,374,214,29,13,16,31,13,18,243,118,125,121,68,53
C5120ST,27,516,District-Nashik,Rural,70-79,1368,651,717,400,171,229,379,176,203,25,15,10,293,175,118,9,3,6,10,7,3,110,46,64,142,58,84
C5120ST,27,516,District-Nashik,Rural,80-89,333,148,185,92,46,46,89,46,43,8,3,5,72,30,42,3,0,3,2,2,0,22,9,13,45,12,33
C5120ST,27,516,District-Nashik,Rural,90+,92,51,41,26,15,11,24,13,11,5,3,2,14,6,8,0,0,0,0,0,0,12,10,2,11,4,7
C5120ST,27,516,District-Nashik,Rural,Age Not Stated,140,78,62,28,15,13,38,24,14,13,7,6,14,7,7,4,3,1,3,1,2,35,18,17,5,3,2
C5120ST,27,516,District-Nashik,Urban,Total,2900,1732,1168,392,217,175,529,348,181,297,174,123,730,459,271,134,81,53,45,34,11,615,326,289,158,93,65
C5120ST,27,516,District-Nashik,Urban,0-4,119,67,52,14,8,6,17,10,7,3,3,0,18,12,6,11,8,3,1,1,0,47,19,28,8,6,2
C5120ST,27,516,District-Nashik,Urban,5-9,212,126,86,25,18,7,27,16,11,26,13,13,36,21,15,16,10,6,3,3,0,65,37,28,14,8,6
C5120ST,27,516,District-Nashik,Urban,10-19,671,412,259,82,50,32,156,112,44,71,45,26,118,68,50,55,31,24,4,3,1,128,70,58,57,33,24
C5120ST,27,516,District-Nashik,Urban,20-29,608,371,237,75,35,40,134,94,40,66,42,24,150,100,50,28,17,11,8,6,2,122,61,61,25,16,9
C5120ST,27,516,District-Nashik,Urban,30-39,435,253,182,47,29,18,51,32,19,50,28,22,124,73,51,14,9,5,11,9,2,120,63,57,18,10,8
C5120ST,27,516,District-Nashik,Urban,40-49,333,203,130,53,32,21,47,28,19,39,19,20,110,69,41,6,6,0,8,5,3,62,37,25,8,7,1
C5120ST,27,516,District-Nashik,Urban,50-59,218,146,72,35,18,17,28,17,11,24,17,7,75,60,15,2,0,2,7,4,3,38,24,14,9,6,3
C5120ST,27,516,District-Nashik,Urban,60-69,169,86,83,38,17,21,35,18,17,8,3,5,56,34,22,0,0,0,2,2,0,20,10,10,10,2,8
C5120ST,27,516,District-Nashik,Urban,70-79,88,48,40,14,8,6,23,14,9,3,1,2,31,16,15,2,0,2,1,1,0,8,4,4,6,4,2
C5120ST,27,516,District-Nashik,Urban,80-89,35,13,22,7,1,6,8,5,3,6,2,4,9,4,5,0,0,0,0,0,0,3,0,3,2,1,1
C5120ST,27,516,District-Nashik,Urban,90+,10,6,4,2,1,1,3,2,1,0,0,0,3,2,1,0,0,0,0,0,0,1,1,0,1,0,1
C5120ST,27,516,District-Nashik,Urban,Age Not Stated,2,1,1,0,0,0,0,0,0,1,1,0,0,0,0,0,0,0,0,0,0,1,0,1,0,0,0
C5120ST,27,517,District-Thane,Total,Total,26309,14263,12046,4478,2331,2147,5407,2811,2596,2378,1273,1105,4899,2992,1907,1296,697,599,498,277,221,5395,2844,2551,1958,1038,920
C5120ST,27,517,District-Thane,Total,0-4,1683,873,810,302,151,151,354,167,187,39,24,15,175,96,79,63,32,31,6,3,3,627,337,290,117,63,54
C5120ST,27,517,District-Thane,Total,5-9,2620,1447,1173,453,252,201,576,312,264,239,128,111,264,157,107,195,106,89,18,10,8,637,346,291,238,136,102
C5120ST,27,517,District-Thane,Total,10-19,5070,2713,2357,812,427,385,977,533,444,489,252,237,693,397,296,463,249,214,47,31,16,1099,562,537,490,262,228
C5120ST,27,517,District-Thane,Total,20-29,4445,2475,1970,619,347,272,758,427,331,490,260,230,941,569,372,268,133,135,109,66,43,956,509,447,304,164,140
C5120ST,27,517,District-Thane,Total,30-39,3582,2029,1553,518,291,227,681,384,297,420,213,207,758,481,277,139,84,55,128,72,56,723,392,331,215,112,103
C5120ST,27,517,District-Thane,Total,40-49,3002,1759,1243,495,276,219,625,345,280,340,203,137,615,410,205,88,52,36,97,60,37,562,299,263,180,114,66
C5120ST,27,517,District-Thane,Total,50-59,2254,1281,973,431,223,208,492,255,237,184,103,81,571,400,171,42,21,21,51,20,31,375,202,173,108,57,51
C5120ST,27,517,District-Thane,Total,60-69,2090,1012,1078,474,212,262,523,222,301,105,61,44,550,315,235,22,12,10,32,12,20,239,117,122,145,61,84
C5120ST,27,517,District-Thane,Total,70-79,1058,461,597,263,103,160,287,115,172,43,19,24,257,137,120,3,0,3,6,2,4,94,39,55,105,46,59
C5120ST,27,517,District-Thane,Total,80-89,259,98,161,60,27,33,77,30,47,14,3,11,45,16,29,1,0,1,1,0,1,25,8,17,36,14,22
C5120ST,27,517,District-Thane,Total,90+,102,39,63,20,5,15,19,5,14,6,2,4,17,6,11,1,1,0,2,1,1,21,11,10,16,8,8
C5120ST,27,517,District-Thane,Total,Age Not Stated,144,76,68,31,17,14,38,16,22,9,5,4,13,8,5,11,7,4,1,0,1,37,22,15,4,1,3
C5120ST,27,517,District-Thane,Rural,Total,19571,10582,8989,3473,1797,1676,4190,2147,2043,1179,622,557,4125,2521,1604,1044,554,490,423,244,179,3776,1984,1792,1361,713,648
C5120ST,27,517,District-Thane,Rural,0-4,1260,647,613,227,111,116,266,120,146,20,10,10,157,88,69,55,27,28,6,3,3,448,242,206,81,46,35
C5120ST,27,517,District-Thane,Rural,5-9,2080,1173,907,372,217,155,453,250,203,152,89,63,236,137,99,166,91,75,14,8,6,513,280,233,174,101,73
C5120ST,27,517,District-Thane,Rural,10-19,3836,2069,1767,641,342,299,747,407,340,271,139,132,583,332,251,381,202,179,38,27,11,830,437,393,345,183,162
C5120ST,27,517,District-Thane,Rural,20-29,3081,1711,1370,421,231,190,549,305,244,244,123,121,783,477,306,213,104,109,88,57,31,601,315,286,182,99,83
C5120ST,27,517,District-Thane,Rural,30-39,2436,1404,1032,383,215,168,469,264,205,192,95,97,620,398,222,98,60,38,112,64,48,437,238,199,125,70,55
C5120ST,27,517,District-Thane,Rural,40-49,2081,1211,870,347,194,153,451,254,197,141,82,59,503,333,170,71,40,31,84,54,30,383,190,193,101,64,37
C5120ST,27,517,District-Thane,Rural,50-59,1730,977,753,335,172,163,406,201,205,79,48,31,485,342,143,35,18,17,44,16,28,259,138,121,87,42,45
C5120ST,27,517,District-Thane,Rural,60-69,1763,835,928,410,178,232,477,202,275,49,24,25,477,272,205,17,9,8,28,12,16,180,89,91,125,49,76
C5120ST,27,517,District-Thane,Rural,70-79,911,391,520,239,92,147,256,102,154,20,8,12,221,117,104,2,0,2,5,2,3,74,29,45,94,41,53
C5120ST,27,517,District-Thane,Rural,80-89,226,88,138,60,27,33,71,28,43,8,3,5,37,12,25,1,0,1,1,0,1,15,5,10,33,13,20
C5120ST,27,517,District-Thane,Rural,90+,76,28,48,19,5,14,17,4,13,3,1,2,11,5,6,1,1,0,2,1,1,12,7,5,11,4,7
C5120ST,27,517,District-Thane,Rural,Age Not Stated,91,48,43,19,13,6,28,10,18,0,0,0,12,8,4,4,2,2,1,0,1,24,14,10,3,1,2
C5120ST,27,517,District-Thane,Urban,Total,6738,3681,3057,1005,534,471,1217,664,553,1199,651,548,774,471,303,252,143,109,75,33,42,1619,860,759,597,325,272
C5120ST,27,517,District-Thane,Urban,0-4,423,226,197,75,40,35,88,47,41,19,14,5,18,8,10,8,5,3,0,0,0,179,95,84,36,17,19
C5120ST,27,517,District-Thane,Urban,5-9,540,274,266,81,35,46,123,62,61,87,39,48,28,20,8,29,15,14,4,2,2,124,66,58,64,35,29
C5120ST,27,517,District-Thane,Urban,10-19,1234,644,590,171,85,86,230,126,104,218,113,105,110,65,45,82,47,35,9,4,5,269,125,144,145,79,66
C5120ST,27,517,District-Thane,Urban,20-29,1364,764,600,198,116,82,209,122,87,246,137,109,158,92,66,55,29,26,21,9,12,355,194,161,122,65,57
C5120ST,27,517,District-Thane,Urban,30-39,1146,625,521,135,76,59,212,120,92,228,118,110,138,83,55,41,24,17,16,8,8,286,154,132,90,42,48
C5120ST,27,517,District-Thane,Urban,40-49,921,548,373,148,82,66,174,91,83,199,121,78,112,77,35,17,12,5,13,6,7,179,109,70,79,50,29
C5120ST,27,517,District-Thane,Urban,50-59,524,304,220,96,51,45,86,54,32,105,55,50,86,58,28,7,3,4,7,4,3,116,64,52,21,15,6
C5120ST,27,517,District-Thane,Urban,60-69,327,177,150,64,34,30,46,20,26,56,37,19,73,43,30,5,3,2,4,0,4,59,28,31,20,12,8
C5120ST,27,517,District-Thane,Urban,70-79,147,70,77,24,11,13,31,13,18,23,11,12,36,20,16,1,0,1,1,0,1,20,10,10,11,5,6
C5120ST,27,517,District-Thane,Urban,80-89,33,10,23,0,0,0,6,2,4,6,0,6,8,4,4,0,0,0,0,0,0,10,3,7,3,1,2
C5120ST,27,517,District-Thane,Urban,90+,26,11,15,1,0,1,2,1,1,3,1,2,6,1,5,0,0,0,0,0,0,9,4,5,5,4,1
C5120ST,27,517,District-Thane,Urban,Age Not Stated,53,28,25,12,4,8,10,6,4,9,5,4,1,0,1,7,5,2,0,0,0,13,8,5,1,0,1
C5120ST,27,518,District-Mumbai Suburban,Total,Total,3030,1709,1321,806,453,353,653,357,296,336,174,162,350,225,125,130,73,57,41,18,23,624,356,268,90,53,37
C5120ST,27,518,District-Mumbai Suburban,Total,0-4,164,92,72,59,32,27,38,18,20,4,1,3,3,1,2,7,5,2,0,0,0,50,33,17,3,2,1
C5120ST,27,518,District-Mumbai Suburban,Total,5-9,211,114,97,58,30,28,47,25,22,32,17,15,12,8,4,16,10,6,0,0,0,39,20,19,7,4,3
C5120ST,27,518,District-Mumbai Suburban,Total,10-19,502,265,237,129,68,61,120,59,61,45,20,25,47,30,17,31,14,17,3,0,3,110,63,47,17,11,6
C5120ST,27,518,District-Mumbai Suburban,Total,20-29,603,333,270,164,96,68,133,71,62,76,38,38,54,33,21,31,14,17,12,8,4,121,68,53,12,5,7
C5120ST,27,518,District-Mumbai Suburban,Total,30-39,516,310,206,134,72,62,102,66,36,58,36,22,67,46,21,23,13,10,10,5,5,103,60,43,19,12,7
C5120ST,27,518,District-Mumbai Suburban,Total,40-49,422,252,170,102,69,33,79,40,39,55,27,28,56,36,20,12,8,4,6,2,4,102,63,39,10,7,3
C5120ST,27,518,District-Mumbai Suburban,Total,50-59,279,173,106,69,42,27,62,38,24,36,24,12,41,28,13,5,4,1,7,2,5,52,30,22,7,5,2
C5120ST,27,518,District-Mumbai Suburban,Total,60-69,196,103,93,58,31,27,44,23,21,16,6,10,37,24,13,2,2,0,1,0,1,31,13,18,7,4,3
C5120ST,27,518,District-Mumbai Suburban,Total,70-79,80,40,40,18,7,11,21,13,8,7,4,3,18,11,7,0,0,0,2,1,1,8,2,6,6,2,4
C5120ST,27,518,District-Mumbai Suburban,Total,80-89,19,11,8,4,2,2,4,2,2,0,0,0,9,5,4,1,1,0,0,0,0,0,0,0,1,1,0
C5120ST,27,518,District-Mumbai Suburban,Total,90+,10,5,5,2,1,1,1,1,0,1,0,1,1,0,1,0,0,0,0,0,0,4,3,1,1,0,1
C5120ST,27,518,District-Mumbai Suburban,Total,Age Not Stated,28,11,17,9,3,6,2,1,1,6,1,5,5,3,2,2,2,0,0,0,0,4,1,3,0,0,0
C5120ST,27,518,District-Mumbai Suburban,Rural,Total,0,0,0,0,0,0,0,0,0,0,0,0,0,0,0,0,0,0,0,0,0,0,0,0,0,0,0
C5120ST,27,518,District-Mumbai Suburban,Rural,0-4,0,0,0,0,0,0,0,0,0,0,0,0,0,0,0,0,0,0,0,0,0,0,0,0,0,0,0
C5120ST,27,518,District-Mumbai Suburban,Rural,5-9,0,0,0,0,0,0,0,0,0,0,0,0,0,0,0,0,0,0,0,0,0,0,0,0,0,0,0
C5120ST,27,518,District-Mumbai Suburban,Rural,10-19,0,0,0,0,0,0,0,0,0,0,0,0,0,0,0,0,0,0,0,0,0,0,0,0,0,0,0
C5120ST,27,518,District-Mumbai Suburban,Rural,20-29,0,0,0,0,0,0,0,0,0,0,0,0,0,0,0,0,0,0,0,0,0,0,0,0,0,0,0
C5120ST,27,518,District-Mumbai Suburban,Rural,30-39,0,0,0,0,0,0,0,0,0,0,0,0,0,0,0,0,0,0,0,0,0,0,0,0,0,0,0
C5120ST,27,518,District-Mumbai Suburban,Rural,40-49,0,0,0,0,0,0,0,0,0,0,0,0,0,0,0,0,0,0,0,0,0,0,0,0,0,0,0
C5120ST,27,518,District-Mumbai Suburban,Rural,50-59,0,0,0,0,0,0,0,0,0,0,0,0,0,0,0,0,0,0,0,0,0,0,0,0,0,0,0
C5120ST,27,518,District-Mumbai Suburban,Rural,60-69,0,0,0,0,0,0,0,0,0,0,0,0,0,0,0,0,0,0,0,0,0,0,0,0,0,0,0
C5120ST,27,518,District-Mumbai Suburban,Rural,70-79,0,0,0,0,0,0,0,0,0,0,0,0,0,0,0,0,0,0,0,0,0,0,0,0,0,0,0
C5120ST,27,518,District-Mumbai Suburban,Rural,80-89,0,0,0,0,0,0,0,0,0,0,0,0,0,0,0,0,0,0,0,0,0,0,0,0,0,0,0
C5120ST,27,518,District-Mumbai Suburban,Rural,90+,0,0,0,0,0,0,0,0,0,0,0,0,0,0,0,0,0,0,0,0,0,0,0,0,0,0,0
C5120ST,27,518,District-Mumbai Suburban,Rural,Age Not Stated,0,0,0,0,0,0,0,0,0,0,0,0,0,0,0,0,0,0,0,0,0,0,0,0,0,0,0
C5120ST,27,518,District-Mumbai Suburban,Urban,Total,3030,1709,1321,806,453,353,653,357,296,336,174,162,350,225,125,130,73,57,41,18,23,624,356,268,90,53,37
C5120ST,27,518,District-Mumbai Suburban,Urban,0-4,164,92,72,59,32,27,38,18,20,4,1,3,3,1,2,7,5,2,0,0,0,50,33,17,3,2,1
C5120ST,27,518,District-Mumbai Suburban,Urban,5-9,211,114,97,58,30,28,47,25,22,32,17,15,12,8,4,16,10,6,0,0,0,39,20,19,7,4,3
C5120ST,27,518,District-Mumbai Suburban,Urban,10-19,502,265,237,129,68,61,120,59,61,45,20,25,47,30,17,31,14,17,3,0,3,110,63,47,17,11,6
C5120ST,27,518,District-Mumbai Suburban,Urban,20-29,603,333,270,164,96,68,133,71,62,76,38,38,54,33,21,31,14,17,12,8,4,121,68,53,12,5,7
C5120ST,27,518,District-Mumbai Suburban,Urban,30-39,516,310,206,134,72,62,102,66,36,58,36,22,67,46,21,23,13,10,10,5,5,103,60,43,19,12,7
C5120ST,27,518,District-Mumbai Suburban,Urban,40-49,422,252,170,102,69,33,79,40,39,55,27,28,56,36,20,12,8,4,6,2,4,102,63,39,10,7,3
C5120ST,27,518,District-Mumbai Suburban,Urban,50-59,279,173,106,69,42,27,62,38,24,36,24,12,41,28,13,5,4,1,7,2,5,52,30,22,7,5,2
C5120ST,27,518,District-Mumbai Suburban,Urban,60-69,196,103,93,58,31,27,44,23,21,16,6,10,37,24,13,2,2,0,1,0,1,31,13,18,7,4,3
C5120ST,27,518,District-Mumbai Suburban,Urban,70-79,80,40,40,18,7,11,21,13,8,7,4,3,18,11,7,0,0,0,2,1,1,8,2,6,6,2,4
C5120ST,27,518,District-Mumbai Suburban,Urban,80-89,19,11,8,4,2,2,4,2,2,0,0,0,9,5,4,1,1,0,0,0,0,0,0,0,1,1,0
C5120ST,27,518,District-Mumbai Suburban,Urban,90+,10,5,5,2,1,1,1,1,0,1,0,1,1,0,1,0,0,0,0,0,0,4,3,1,1,0,1
C5120ST,27,518,District-Mumbai Suburban,Urban,Age Not Stated,28,11,17,9,3,6,2,1,1,6,1,5,5,3,2,2,2,0,0,0,0,4,1,3,0,0,0
C5120ST,27,519,District-Mumbai,Total,Total,885,523,362,183,100,83,256,163,93,107,61,46,107,62,45,42,21,21,10,7,3,154,92,62,26,17,9
C5120ST,27,519,District-Mumbai,Total,0-4,45,24,21,11,6,5,14,9,5,1,0,1,2,1,1,2,1,1,0,0,0,12,6,6,3,1,2
C5120ST,27,519,District-Mumbai,Total,5-9,46,25,21,9,7,2,14,6,8,6,5,1,2,0,2,2,1,1,0,0,0,10,4,6,3,2,1
C5120ST,27,519,District-Mumbai,Total,10-19,119,78,41,32,18,14,27,21,6,12,7,5,11,7,4,11,5,6,0,0,0,23,17,6,3,3,0
C5120ST,27,519,District-Mumbai,Total,20-29,182,108,74,30,13,17,53,34,19,29,19,10,16,10,6,11,6,5,3,2,1,32,18,14,8,6,2
C5120ST,27,519,District-Mumbai,Total,30-39,153,95,58,41,26,15,40,29,11,16,5,11,15,12,3,8,4,4,2,2,0,26,15,11,5,2,3
C5120ST,27,519,District-Mumbai,Total,40-49,117,68,49,23,13,10,44,26,18,13,5,8,17,12,5,5,3,2,1,1,0,14,8,6,0,0,0
C5120ST,27,519,District-Mumbai,Total,50-59,92,55,37,19,10,9,24,14,10,13,10,3,18,12,6,2,1,1,1,1,0,13,6,7,2,1,1
C5120ST,27,519,District-Mumbai,Total,60-69,66,34,32,10,3,7,18,14,4,7,2,5,14,4,10,1,0,1,2,1,1,13,9,4,1,1,0
C5120ST,27,519,District-Mumbai,Total,70-79,32,18,14,2,0,2,13,6,7,3,3,0,8,4,4,0,0,0,1,0,1,4,4,0,1,1,0
C5120ST,27,519,District-Mumbai,Total,80-89,17,10,7,2,2,0,5,2,3,4,3,1,2,0,2,0,0,0,0,0,0,4,3,1,0,0,0
C5120ST,27,519,District-Mumbai,Total,90+,5,1,4,2,1,1,1,0,1,0,0,0,2,0,2,0,0,0,0,0,0,0,0,0,0,0,0
C5120ST,27,519,District-Mumbai,Total,Age Not Stated,11,7,4,2,1,1,3,2,1,3,2,1,0,0,0,0,0,0,0,0,0,3,2,1,0,0,0
C5120ST,27,519,District-Mumbai,Rural,Total,0,0,0,0,0,0,0,0,0,0,0,0,0,0,0,0,0,0,0,0,0,0,0,0,0,0,0
C5120ST,27,519,District-Mumbai,Rural,0-4,0,0,0,0,0,0,0,0,0,0,0,0,0,0,0,0,0,0,0,0,0,0,0,0,0,0,0
C5120ST,27,519,District-Mumbai,Rural,5-9,0,0,0,0,0,0,0,0,0,0,0,0,0,0,0,0,0,0,0,0,0,0,0,0,0,0,0
C5120ST,27,519,District-Mumbai,Rural,10-19,0,0,0,0,0,0,0,0,0,0,0,0,0,0,0,0,0,0,0,0,0,0,0,0,0,0,0
C5120ST,27,519,District-Mumbai,Rural,20-29,0,0,0,0,0,0,0,0,0,0,0,0,0,0,0,0,0,0,0,0,0,0,0,0,0,0,0
C5120ST,27,519,District-Mumbai,Rural,30-39,0,0,0,0,0,0,0,0,0,0,0,0,0,0,0,0,0,0,0,0,0,0,0,0,0,0,0
C5120ST,27,519,District-Mumbai,Rural,40-49,0,0,0,0,0,0,0,0,0,0,0,0,0,0,0,0,0,0,0,0,0,0,0,0,0,0,0
C5120ST,27,519,District-Mumbai,Rural,50-59,0,0,0,0,0,0,0,0,0,0,0,0,0,0,0,0,0,0,0,0,0,0,0,0,0,0,0
C5120ST,27,519,District-Mumbai,Rural,60-69,0,0,0,0,0,0,0,0,0,0,0,0,0,0,0,0,0,0,0,0,0,0,0,0,0,0,0
C5120ST,27,519,District-Mumbai,Rural,70-79,0,0,0,0,0,0,0,0,0,0,0,0,0,0,0,0,0,0,0,0,0,0,0,0,0,0,0
C5120ST,27,519,District-Mumbai,Rural,80-89,0,0,0,0,0,0,0,0,0,0,0,0,0,0,0,0,0,0,0,0,0,0,0,0,0,0,0
C5120ST,27,519,District-Mumbai,Rural,90+,0,0,0,0,0,0,0,0,0,0,0,0,0,0,0,0,0,0,0,0,0,0,0,0,0,0,0
C5120ST,27,519,District-Mumbai,Rural,Age Not Stated,0,0,0,0,0,0,0,0,0,0,0,0,0,0,0,0,0,0,0,0,0,0,0,0,0,0,0
C5120ST,27,519,District-Mumbai,Urban,Total,885,523,362,183,100,83,256,163,93,107,61,46,107,62,45,42,21,21,10,7,3,154,92,62,26,17,9
C5120ST,27,519,District-Mumbai,Urban,0-4,45,24,21,11,6,5,14,9,5,1,0,1,2,1,1,2,1,1,0,0,0,12,6,6,3,1,2
C5120ST,27,519,District-Mumbai,Urban,5-9,46,25,21,9,7,2,14,6,8,6,5,1,2,0,2,2,1,1,0,0,0,10,4,6,3,2,1
C5120ST,27,519,District-Mumbai,Urban,10-19,119,78,41,32,18,14,27,21,6,12,7,5,11,7,4,11,5,6,0,0,0,23,17,6,3,3,0
C5120ST,27,519,District-Mumbai,Urban,20-29,182,108,74,30,13,17,53,34,19,29,19,10,16,10,6,11,6,5,3,2,1,32,18,14,8,6,2
C5120ST,27,519,District-Mumbai,Urban,30-39,153,95,58,41,26,15,40,29,11,16,5,11,15,12,3,8,4,4,2,2,0,26,15,11,5,2,3
C5120ST,27,519,District-Mumbai,Urban,40-49,117,68,49,23,13,10,44,26,18,13,5,8,17,12,5,5,3,2,1,1,0,14,8,6,0,0,0
C5120ST,27,519,District-Mumbai,Urban,50-59,92,55,37,19,10,9,24,14,10,13,10,3,18,12,6,2,1,1,1,1,0,13,6,7,2,1,1
C5120ST,27,519,District-Mumbai,Urban,60-69,66,34,32,10,3,7,18,14,4,7,2,5,14,4,10,1,0,1,2,1,1,13,9,4,1,1,0
C5120ST,27,519,District-Mumbai,Urban,70-79,32,18,14,2,0,2,13,6,7,3,3,0,8,4,4,0,0,0,1,0,1,4,4,0,1,1,0
C5120ST,27,519,District-Mumbai,Urban,80-89,17,10,7,2,2,0,5,2,3,4,3,1,2,0,2,0,0,0,0,0,0,4,3,1,0,0,0
C5120ST,27,519,District-Mumbai,Urban,90+,5,1,4,2,1,1,1,0,1,0,0,0,2,0,2,0,0,0,0,0,0,0,0,0,0,0,0
C5120ST,27,519,District-Mumbai,Urban,Age Not Stated,11,7,4,2,1,1,3,2,1,3,2,1,0,0,0,0,0,0,0,0,0,3,2,1,0,0,0
C5120ST,27,520,District-Raigarh,Total,Total,5693,3199,2494,1096,593,503,1165,630,535,513,294,219,1154,727,427,286,167,119,96,48,48,1064,577,487,319,163,156
C5120ST,27,520,District-Raigarh,Total,0-4,309,169,140,57,34,23,79,41,38,8,4,4,28,19,9,7,5,2,2,1,1,103,55,48,25,10,15
C5120ST,27,520,District-Raigarh,Total,5-9,540,304,236,102,63,39,123,60,63,53,30,23,71,43,28,30,21,9,1,1,0,115,62,53,45,24,21
C5120ST,27,520,District-Raigarh,Total,10-19,1042,600,442,161,85,76,212,129,83,104,61,43,144,89,55,121,81,40,14,9,5,206,106,100,80,40,40
C5120ST,27,520,District-Raigarh,Total,20-29,946,533,413,123,61,62,171,96,75,109,59,50,227,140,87,57,27,30,15,7,8,201,115,86,43,28,15
C5120ST,27,520,District-Raigarh,Total,30-39,753,442,311,118,78,40,136,74,62,82,48,34,201,130,71,31,13,18,24,11,13,131,71,60,30,17,13
C5120ST,27,520,District-Raigarh,Total,40-49,600,341,259,115,67,48,111,62,49,55,34,21,145,87,58,17,9,8,19,9,10,118,62,56,20,11,9
C5120ST,27,520,District-Raigarh,Total,50-59,582,333,249,119,64,55,121,54,67,53,32,21,155,109,46,10,5,5,13,6,7,94,55,39,17,8,9
C5120ST,27,520,District-Raigarh,Total,60-69,497,260,237,155,68,87,117,59,58,33,17,16,103,63,40,6,4,2,5,4,1,54,32,22,24,13,11
C5120ST,27,520,District-Raigarh,Total,70-79,272,147,125,100,53,47,69,42,27,5,2,3,56,36,20,4,1,3,1,0,1,19,8,11,18,5,13
C5120ST,27,520,District-Raigarh,Total,80-89,90,40,50,30,13,17,18,10,8,4,2,2,17,7,10,0,0,0,1,0,1,10,4,6,10,4,6
C5120ST,27,520,District-Raigarh,Total,90+,24,11,13,6,2,4,2,1,1,2,1,1,4,3,1,3,1,2,0,0,0,3,2,1,4,1,3
C5120ST,27,520,District-Raigarh,Total,Age Not Stated,38,19,19,10,5,5,6,2,4,5,4,1,3,1,2,0,0,0,1,0,1,10,5,5,3,2,1
C5120ST,27,520,District-Raigarh,Rural,Total,5004,2803,2201,1010,545,465,1054,569,485,430,249,181,1035,650,385,232,134,98,90,45,45,867,461,406,286,150,136
C5120ST,27,520,District-Raigarh,Rural,0-4,265,143,122,53,31,22,70,37,33,7,4,3,24,17,7,4,3,1,1,1,0,84,41,43,22,9,13
C5120ST,27,520,District-Raigarh,Rural,5-9,479,279,200,92,60,32,112,55,57,48,27,21,66,40,26,25,18,7,1,1,0,95,54,41,40,24,16
C5120ST,27,520,District-Raigarh,Rural,10-19,888,511,377,138,69,69,181,113,68,89,52,37,129,81,48,98,65,33,13,8,5,171,86,85,69,37,32
C5120ST,27,520,District-Raigarh,Rural,20-29,807,459,348,104,52,52,153,86,67,88,49,39,205,128,77,45,22,23,15,7,8,161,93,68,36,22,14
C5120ST,27,520,District-Raigarh,Rural,30-39,657,384,273,109,71,38,119,65,54,64,40,24,179,111,68,27,11,16,20,9,11,110,60,50,29,17,12
C5120ST,27,520,District-Raigarh,Rural,40-49,517,293,224,107,64,43,99,54,45,43,26,17,130,77,53,12,5,7,19,9,10,88,48,40,19,10,9
C5120ST,27,520,District-Raigarh,Rural,50-59,530,295,235,118,63,55,114,49,65,46,28,18,137,97,40,8,4,4,13,6,7,77,40,37,17,8,9
C5120ST,27,520,District-Raigarh,Rural,60-69,461,234,227,148,63,85,113,57,56,30,15,15,93,57,36,6,4,2,5,4,1,45,23,22,21,11,10
C5120ST,27,520,District-Raigarh,Rural,70-79,259,141,118,99,53,46,68,41,27,5,2,3,51,33,18,4,1,3,1,0,1,14,6,8,17,5,12
C5120ST,27,520,District-Raigarh,Rural,80-89,83,37,46,27,13,14,17,9,8,4,2,2,15,6,9,0,0,0,1,0,1,9,3,6,10,4,6
C5120ST,27,520,District-Raigarh,Rural,90+,22,10,12,6,2,4,2,1,1,2,1,1,3,2,1,3,1,2,0,0,0,3,2,1,3,1,2
C5120ST,27,520,District-Raigarh,Rural,Age Not Stated,36,17,19,9,4,5,6,2,4,4,3,1,3,1,2,0,0,0,1,0,1,10,5,5,3,2,1
C5120ST,27,520,District-Raigarh,Urban,Total,689,396,293,86,48,38,111,61,50,83,45,38,119,77,42,54,33,21,6,3,3,197,116,81,33,13,20
C5120ST,27,520,District-Raigarh,Urban,0-4,44,26,18,4,3,1,9,4,5,1,0,1,4,2,2,3,2,1,1,0,1,19,14,5,3,1,2
C5120ST,27,520,District-Raigarh,Urban,5-9,61,25,36,10,3,7,11,5,6,5,3,2,5,3,2,5,3,2,0,0,0,20,8,12,5,0,5
C5120ST,27,520,District-Raigarh,Urban,10-19,154,89,65,23,16,7,31,16,15,15,9,6,15,8,7,23,16,7,1,1,0,35,20,15,11,3,8
C5120ST,27,520,District-Raigarh,Urban,20-29,139,74,65,19,9,10,18,10,8,21,10,11,22,12,10,12,5,7,0,0,0,40,22,18,7,6,1
C5120ST,27,520,District-Raigarh,Urban,30-39,96,58,38,9,7,2,17,9,8,18,8,10,22,19,3,4,2,2,4,2,2,21,11,10,1,0,1
C5120ST,27,520,District-Raigarh,Urban,40-49,83,48,35,8,3,5,12,8,4,12,8,4,15,10,5,5,4,1,0,0,0,30,14,16,1,1,0
C5120ST,27,520,District-Raigarh,Urban,50-59,52,38,14,1,1,0,7,5,2,7,4,3,18,12,6,2,1,1,0,0,0,17,15,2,0,0,0
C5120ST,27,520,District-Raigarh,Urban,60-69,36,26,10,7,5,2,4,2,2,3,2,1,10,6,4,0,0,0,0,0,0,9,9,0,3,2,1
C5120ST,27,520,District-Raigarh,Urban,70-79,13,6,7,1,0,1,1,1,0,0,0,0,5,3,2,0,0,0,0,0,0,5,2,3,1,0,1
C5120ST,27,520,District-Raigarh,Urban,80-89,7,3,4,3,0,3,1,1,0,0,0,0,2,1,1,0,0,0,0,0,0,1,1,0,0,0,0
C5120ST,27,520,District-Raigarh,Urban,90+,2,1,1,0,0,0,0,0,0,0,0,0,1,1,0,0,0,0,0,0,0,0,0,0,1,0,1
C5120ST,27,520,District-Raigarh,Urban,Age Not Stated,2,2,0,1,1,0,0,0,0,1,1,0,0,0,0,0,0,0,0,0,0,0,0,0,0,0,0
C5120ST,27,521,District-Pune,Total,Total,7240,4123,3117,1213,663,550,1241,679,562,950,537,413,1619,1054,565,367,211,156,124,68,56,1371,701,670,355,210,145
C5120ST,27,521,District-Pune,Total,0-4,384,190,194,50,24,26,75,34,41,18,7,11,46,25,21,17,11,6,1,0,1,155,76,79,22,13,9
C5120ST,27,521,District-Pune,Total,5-9,545,306,239,94,53,41,87,46,41,72,39,33,74,41,33,42,25,17,4,3,1,126,68,58,46,31,15
C5120ST,27,521,District-Pune,Total,10-19,1354,739,615,191,101,90,240,132,108,191,103,88,219,132,87,103,53,50,20,11,9,303,156,147,87,51,36
C5120ST,27,521,District-Pune,Total,20-29,1266,724,542,208,119,89,168,94,74,208,110,98,283,190,93,83,52,31,14,5,9,240,124,116,62,30,32
C5120ST,27,521,District-Pune,Total,30-39,1122,673,449,164,97,67,180,101,79,200,126,74,256,175,81,54,32,22,24,14,10,204,101,103,40,27,13
C5120ST,27,521,District-Pune,Total,40-49,831,492,339,127,68,59,159,84,75,122,75,47,206,138,68,32,17,15,20,12,8,134,81,53,31,17,14
C5120ST,27,521,District-Pune,Total,50-59,660,392,268,116,68,48,121,74,47,77,42,35,190,128,62,22,14,8,24,12,12,88,43,45,22,11,11
C5120ST,27,521,District-Pune,Total,60-69,544,313,231,131,72,59,82,42,40,36,23,13,194,127,67,7,5,2,11,6,5,71,28,43,12,10,2
C5120ST,27,521,District-Pune,Total,70-79,353,208,145,88,47,41,90,51,39,12,5,7,110,75,35,4,1,3,5,5,0,28,14,14,16,10,6
C5120ST,27,521,District-Pune,Total,80-89,104,50,54,27,10,17,25,13,12,2,1,1,32,19,13,0,0,0,1,0,1,9,2,7,8,5,3
C5120ST,27,521,District-Pune,Total,90+,38,16,22,12,3,9,8,4,4,2,2,0,8,3,5,0,0,0,0,0,0,1,0,1,7,4,3
C5120ST,27,521,District-Pune,Total,Age Not Stated,39,20,19,5,1,4,6,4,2,10,4,6,1,1,0,3,1,2,0,0,0,12,8,4,2,1,1
C5120ST,27,521,District-Pune,Rural,Total,5076,2881,2195,890,486,404,844,464,380,541,302,239,1332,855,477,282,160,122,98,53,45,826,406,420,263,155,108
C5120ST,27,521,District-Pune,Rural,0-4,260,127,133,25,12,13,45,22,23,12,5,7,42,23,19,13,8,5,1,0,1,104,48,56,18,9,9
C5120ST,27,521,District-Pune,Rural,5-9,404,225,179,71,40,31,58,31,27,48,25,23,62,35,27,33,21,12,3,2,1,97,50,47,32,21,11
C5120ST,27,521,District-Pune,Rural,10-19,903,498,405,131,71,60,171,98,73,122,65,57,181,105,76,79,40,39,15,9,6,139,71,68,65,39,26
C5120ST,27,521,District-Pune,Rural,20-29,827,482,345,141,78,63,100,61,39,112,64,48,223,153,70,61,38,23,9,4,5,141,66,75,40,18,22
C5120ST,27,521,District-Pune,Rural,30-39,729,438,291,109,66,43,98,53,45,100,61,39,200,134,66,46,26,20,18,10,8,127,67,60,31,21,10
C5120ST,27,521,District-Pune,Rural,40-49,562,326,236,98,51,47,103,52,51,66,37,29,166,110,56,22,11,11,19,11,8,71,44,27,17,10,7
C5120ST,27,521,District-Pune,Rural,50-59,498,282,216,91,52,39,94,54,40,41,21,20,160,103,57,17,11,6,19,8,11,58,24,34,18,9,9
C5120ST,27,521,District-Pune,Rural,60-69,437,255,182,105,60,45,62,31,31,26,17,9,163,105,58,5,4,1,10,6,4,54,22,32,12,10,2
C5120ST,27,521,District-Pune,Rural,70-79,313,180,133,80,43,37,81,44,37,11,5,6,99,66,33,4,1,3,3,3,0,20,9,11,15,9,6
C5120ST,27,521,District-Pune,Rural,80-89,88,44,44,25,10,15,20,12,8,1,0,1,27,17,10,0,0,0,1,0,1,8,1,7,6,4,2
C5120ST,27,521,District-Pune,Rural,90+,36,15,21,12,3,9,8,4,4,1,1,0,8,3,5,0,0,0,0,0,0,0,0,0,7,4,3
C5120ST,27,521,District-Pune,Rural,Age Not Stated,19,9,10,2,0,2,4,2,2,1,1,0,1,1,0,2,0,2,0,0,0,7,4,3,2,1,1
C5120ST,27,521,District-Pune,Urban,Total,2164,1242,922,323,177,146,397,215,182,409,235,174,287,199,88,85,51,34,26,15,11,545,295,250,92,55,37
C5120ST,27,521,District-Pune,Urban,0-4,124,63,61,25,12,13,30,12,18,6,2,4,4,2,2,4,3,1,0,0,0,51,28,23,4,4,0
C5120ST,27,521,District-Pune,Urban,5-9,141,81,60,23,13,10,29,15,14,24,14,10,12,6,6,9,4,5,1,1,0,29,18,11,14,10,4
C5120ST,27,521,District-Pune,Urban,10-19,451,241,210,60,30,30,69,34,35,69,38,31,38,27,11,24,13,11,5,2,3,164,85,79,22,12,10
C5120ST,27,521,District-Pune,Urban,20-29,439,242,197,67,41,26,68,33,35,96,46,50,60,37,23,22,14,8,5,1,4,99,58,41,22,12,10
C5120ST,27,521,District-Pune,Urban,30-39,393,235,158,55,31,24,82,48,34,100,65,35,56,41,15,8,6,2,6,4,2,77,34,43,9,6,3
C5120ST,27,521,District-Pune,Urban,40-49,269,166,103,29,17,12,56,32,24,56,38,18,40,28,12,10,6,4,1,1,0,63,37,26,14,7,7
C5120ST,27,521,District-Pune,Urban,50-59,162,110,52,25,16,9,27,20,7,36,21,15,30,25,5,5,3,2,5,4,1,30,19,11,4,2,2
C5120ST,27,521,District-Pune,Urban,60-69,107,58,49,26,12,14,20,11,9,10,6,4,31,22,9,2,1,1,1,0,1,17,6,11,0,0,0
C5120ST,27,521,District-Pune,Urban,70-79,40,28,12,8,4,4,9,7,2,1,0,1,11,9,2,0,0,0,2,2,0,8,5,3,1,1,0
C5120ST,27,521,District-Pune,Urban,80-89,16,6,10,2,0,2,5,1,4,1,1,0,5,2,3,0,0,0,0,0,0,1,1,0,2,1,1
C5120ST,27,521,District-Pune,Urban,90+,2,1,1,0,0,0,0,0,0,1,1,0,0,0,0,0,0,0,0,0,0,1,0,1,0,0,0
C5120ST,27,521,District-Pune,Urban,Age Not Stated,20,11,9,3,1,2,2,2,0,9,3,6,0,0,0,1,1,0,0,0,0,5,4,1,0,0,0
C5120ST,27,522,District-Ahmadnagar,Total,Total,8452,4693,3759,1553,826,727,1334,731,603,982,489,493,1878,1169,709,432,243,189,208,100,108,1432,777,655,633,358,275
C5120ST,27,522,District-Ahmadnagar,Total,0-4,510,279,231,100,49,51,71,36,35,22,7,15,63,45,18,16,7,9,5,3,2,203,114,89,30,18,12
C5120ST,27,522,District-Ahmadnagar,Total,5-9,774,411,363,126,59,67,114,58,56,102,43,59,107,57,50,76,48,28,8,6,2,165,92,73,76,48,28
C5120ST,27,522,District-Ahmadnagar,Total,10-19,1595,901,694,299,181,118,243,141,102,205,101,104,251,150,101,159,90,69,26,10,16,252,142,110,160,86,74
C5120ST,27,522,District-Ahmadnagar,Total,20-29,1247,713,534,184,103,81,172,89,83,173,93,80,302,198,104,71,43,28,32,17,15,241,124,117,72,46,26
C5120ST,27,522,District-Ahmadnagar,Total,30-39,1069,633,436,165,96,69,149,87,62,159,74,85,282,195,87,52,30,22,42,23,19,162,88,74,58,40,18
C5120ST,27,522,District-Ahmadnagar,Total,40-49,917,531,386,154,97,57,117,73,44,118,65,53,254,159,95,32,11,21,52,23,29,141,79,62,49,24,25
C5120ST,27,522,District-Ahmadnagar,Total,50-59,717,416,301,130,64,66,127,78,49,84,48,36,188,116,72,13,8,5,20,9,11,120,67,53,35,26,9
C5120ST,27,522,District-Ahmadnagar,Total,60-69,788,399,389,179,81,98,142,75,67,69,36,33,242,143,99,6,2,4,15,6,9,79,34,45,56,22,34
C5120ST,27,522,District-Ahmadnagar,Total,70-79,575,279,296,148,63,85,145,65,80,34,13,21,137,82,55,3,2,1,7,3,4,38,18,20,63,33,30
C5120ST,27,522,District-Ahmadnagar,Total,80-89,175,86,89,55,29,26,41,22,19,5,3,2,35,15,20,1,0,1,1,0,1,10,6,4,27,11,16
C5120ST,27,522,District-Ahmadnagar,Total,90+,44,21,23,11,4,7,8,3,5,4,4,0,11,6,5,0,0,0,0,0,0,5,1,4,5,3,2
C5120ST,27,522,District-Ahmadnagar,Total,Age Not Stated,41,24,17,2,0,2,5,4,1,7,2,5,6,3,3,3,2,1,0,0,0,16,12,4,2,1,1
C5120ST,27,522,District-Ahmadnagar,Rural,Total,7970,4412,3558,1469,777,692,1255,691,564,935,467,468,1760,1089,671,408,230,178,202,97,105,1348,730,618,593,331,262
C5120ST,27,522,District-Ahmadnagar,Rural,0-4,486,266,220,96,45,51,69,35,34,22,7,15,63,45,18,15,6,9,5,3,2,187,107,80,29,18,11
C5120ST,27,522,District-Ahmadnagar,Rural,5-9,713,379,334,118,54,64,96,50,46,98,43,55,101,55,46,72,45,27,8,6,2,156,87,69,64,39,25
C5120ST,27,522,District-Ahmadnagar,Rural,10-19,1487,835,652,282,170,112,227,131,96,194,97,97,234,135,99,148,85,63,26,10,16,230,130,100,146,77,69
C5120ST,27,522,District-Ahmadnagar,Rural,20-29,1177,666,511,175,96,79,161,82,79,163,87,76,287,188,99,68,41,27,30,17,13,224,111,113,69,44,25
C5120ST,27,522,District-Ahmadnagar,Rural,30-39,1000,592,408,152,91,61,136,82,54,152,69,83,260,179,81,49,28,21,42,23,19,156,83,73,53,37,16
C5120ST,27,522,District-Ahmadnagar,Rural,40-49,866,497,369,143,89,54,113,69,44,114,63,51,238,146,92,30,11,19,50,22,28,133,76,57,45,21,24
C5120ST,27,522,District-Ahmadnagar,Rural,50-59,675,393,282,120,58,62,121,76,45,79,45,34,174,109,65,13,8,5,18,7,11,116,65,51,34,25,9
C5120ST,27,522,District-Ahmadnagar,Rural,60-69,764,387,377,176,81,95,139,73,66,67,36,31,227,133,94,6,2,4,15,6,9,78,34,44,56,22,34
C5120ST,27,522,District-Ahmadnagar,Rural,70-79,552,270,282,141,60,81,139,64,75,32,12,20,130,78,52,3,2,1,7,3,4,37,18,19,63,33,30
C5120ST,27,522,District-Ahmadnagar,Rural,80-89,172,85,87,55,29,26,41,22,19,5,3,2,32,14,18,1,0,1,1,0,1,10,6,4,27,11,16
C5120ST,27,522,District-Ahmadnagar,Rural,90+,39,19,20,9,4,5,8,3,5,3,3,0,9,5,4,0,0,0,0,0,0,5,1,4,5,3,2
C5120ST,27,522,District-Ahmadnagar,Rural,Age Not Stated,39,23,16,2,0,2,5,4,1,6,2,4,5,2,3,3,2,1,0,0,0,16,12,4,2,1,1
C5120ST,27,522,District-Ahmadnagar,Urban,Total,482,281,201,84,49,35,79,40,39,47,22,25,118,80,38,24,13,11,6,3,3,84,47,37,40,27,13
C5120ST,27,522,District-Ahmadnagar,Urban,0-4,24,13,11,4,4,0,2,1,1,0,0,0,0,0,0,1,1,0,0,0,0,16,7,9,1,0,1
C5120ST,27,522,District-Ahmadnagar,Urban,5-9,61,32,29,8,5,3,18,8,10,4,0,4,6,2,4,4,3,1,0,0,0,9,5,4,12,9,3
C5120ST,27,522,District-Ahmadnagar,Urban,10-19,108,66,42,17,11,6,16,10,6,11,4,7,17,15,2,11,5,6,0,0,0,22,12,10,14,9,5
C5120ST,27,522,District-Ahmadnagar,Urban,20-29,70,47,23,9,7,2,11,7,4,10,6,4,15,10,5,3,2,1,2,0,2,17,13,4,3,2,1
C5120ST,27,522,District-Ahmadnagar,Urban,30-39,69,41,28,13,5,8,13,5,8,7,5,2,22,16,6,3,2,1,0,0,0,6,5,1,5,3,2
C5120ST,27,522,District-Ahmadnagar,Urban,40-49,51,34,17,11,8,3,4,4,0,4,2,2,16,13,3,2,0,2,2,1,1,8,3,5,4,3,1
C5120ST,27,522,District-Ahmadnagar,Urban,50-59,42,23,19,10,6,4,6,2,4,5,3,2,14,7,7,0,0,0,2,2,0,4,2,2,1,1,0
C5120ST,27,522,District-Ahmadnagar,Urban,60-69,24,12,12,3,0,3,3,2,1,2,0,2,15,10,5,0,0,0,0,0,0,1,0,1,0,0,0
C5120ST,27,522,District-Ahmadnagar,Urban,70-79,23,9,14,7,3,4,6,1,5,2,1,1,7,4,3,0,0,0,0,0,0,1,0,1,0,0,0
C5120ST,27,522,District-Ahmadnagar,Urban,80-89,3,1,2,0,0,0,0,0,0,0,0,0,3,1,2,0,0,0,0,0,0,0,0,0,0,0,0
C5120ST,27,522,District-Ahmadnagar,Urban,90+,5,2,3,2,0,2,0,0,0,1,1,0,2,1,1,0,0,0,0,0,0,0,0,0,0,0,0
C5120ST,27,522,District-Ahmadnagar,Urban,Age Not Stated,2,1,1,0,0,0,0,0,0,1,0,1,1,1,0,0,0,0,0,0,0,0,0,0,0,0,0
C5120ST,27,523,District-Bid,Total,Total,770,454,316,152,84,68,93,57,36,57,32,25,237,152,85,71,40,31,12,6,6,94,50,44,54,33,21
C5120ST,27,523,District-Bid,Total,0-4,44,27,17,8,5,3,5,1,4,3,3,0,11,8,3,5,4,1,0,0,0,11,5,6,1,1,0
C5120ST,27,523,District-Bid,Total,5-9,93,54,39,13,8,5,11,6,5,11,5,6,13,8,5,21,12,9,1,0,1,10,4,6,13,11,2
C5120ST,27,523,District-Bid,Total,10-19,155,88,67,31,16,15,13,7,6,13,5,8,37,24,13,24,12,12,2,1,1,16,13,3,19,10,9
C5120ST,27,523,District-Bid,Total,20-29,120,79,41,20,12,8,10,7,3,11,9,2,39,25,14,11,8,3,1,1,0,22,12,10,6,5,1
C5120ST,27,523,District-Bid,Total,30-39,84,52,32,12,7,5,12,7,5,4,4,0,34,23,11,6,3,3,2,2,0,11,5,6,3,1,2
C5120ST,27,523,District-Bid,Total,40-49,78,47,31,15,9,6,12,9,3,7,2,5,33,22,11,1,0,1,2,1,1,5,2,3,3,2,1
C5120ST,27,523,District-Bid,Total,50-59,59,33,26,9,6,3,5,3,2,4,2,2,25,17,8,3,1,2,2,0,2,8,3,5,3,1,2
C5120ST,27,523,District-Bid,Total,60-69,59,36,23,15,7,8,8,7,1,1,1,0,27,16,11,0,0,0,2,1,1,5,3,2,1,1,0
C5120ST,27,523,District-Bid,Total,70-79,44,24,20,17,8,9,7,5,2,1,0,1,12,7,5,0,0,0,0,0,0,5,3,2,2,1,1
C5120ST,27,523,District-Bid,Total,80-89,27,10,17,9,4,5,8,4,4,1,1,0,5,1,4,0,0,0,0,0,0,1,0,1,3,0,3
C5120ST,27,523,District-Bid,Total,90+,7,4,3,3,2,1,2,1,1,1,0,1,1,1,0,0,0,0,0,0,0,0,0,0,0,0,0
C5120ST,27,523,District-Bid,Total,Age Not Stated,0,0,0,0,0,0,0,0,0,0,0,0,0,0,0,0,0,0,0,0,0,0,0,0,0,0,0
C5120ST,27,523,District-Bid,Rural,Total,629,366,263,127,68,59,79,47,32,45,25,20,188,119,69,62,35,27,10,6,4,71,37,34,47,29,18
C5120ST,27,523,District-Bid,Rural,0-4,40,25,15,8,5,3,5,1,4,3,3,0,10,7,3,5,4,1,0,0,0,8,4,4,1,1,0
C5120ST,27,523,District-Bid,Rural,5-9,77,40,37,11,6,5,9,5,4,8,2,6,9,4,5,20,11,9,0,0,0,9,3,6,11,9,2
C5120ST,27,523,District-Bid,Rural,10-19,119,68,51,28,14,14,10,5,5,9,4,5,28,18,10,19,9,10,1,1,0,8,7,1,16,10,6
C5120ST,27,523,District-Bid,Rural,20-29,99,65,34,17,9,8,7,4,3,9,7,2,32,21,11,9,8,1,1,1,0,19,11,8,5,4,1
C5120ST,27,523,District-Bid,Rural,30-39,62,38,24,7,3,4,9,5,4,3,3,0,25,18,7,5,2,3,2,2,0,8,4,4,3,1,2
C5120ST,27,523,District-Bid,Rural,40-49,61,35,26,10,6,4,11,8,3,5,2,3,25,15,10,1,0,1,2,1,1,5,2,3,2,1,1
C5120ST,27,523,District-Bid,Rural,50-59,47,26,21,8,5,3,3,2,1,4,2,2,18,13,5,3,1,2,2,0,2,6,2,4,3,1,2
C5120ST,27,523,District-Bid,Rural,60-69,52,33,19,13,7,6,8,7,1,1,1,0,23,14,9,0,0,0,2,1,1,4,2,2,1,1,0
C5120ST,27,523,District-Bid,Rural,70-79,40,22,18,14,7,7,7,5,2,1,0,1,12,7,5,0,0,0,0,0,0,4,2,2,2,1,1
C5120ST,27,523,District-Bid,Rural,80-89,25,10,15,8,4,4,8,4,4,1,1,0,5,1,4,0,0,0,0,0,0,0,0,0,3,0,3
C5120ST,27,523,District-Bid,Rural,90+,7,4,3,3,2,1,2,1,1,1,0,1,1,1,0,0,0,0,0,0,0,0,0,0,0,0,0
C5120ST,27,523,District-Bid,Rural,Age Not Stated,0,0,0,0,0,0,0,0,0,0,0,0,0,0,0,0,0,0,0,0,0,0,0,0,0,0,0
C5120ST,27,523,District-Bid,Urban,Total,141,88,53,25,16,9,14,10,4,12,7,5,49,33,16,9,5,4,2,0,2,23,13,10,7,4,3
C5120ST,27,523,District-Bid,Urban,0-4,4,2,2,0,0,0,0,0,0,0,0,0,1,1,0,0,0,0,0,0,0,3,1,2,0,0,0
C5120ST,27,523,District-Bid,Urban,5-9,16,14,2,2,2,0,2,1,1,3,3,0,4,4,0,1,1,0,1,0,1,1,1,0,2,2,0
C5120ST,27,523,District-Bid,Urban,10-19,36,20,16,3,2,1,3,2,1,4,1,3,9,6,3,5,3,2,1,0,1,8,6,2,3,0,3
C5120ST,27,523,District-Bid,Urban,20-29,21,14,7,3,3,0,3,3,0,2,2,0,7,4,3,2,0,2,0,0,0,3,1,2,1,1,0
C5120ST,27,523,District-Bid,Urban,30-39,22,14,8,5,4,1,3,2,1,1,1,0,9,5,4,1,1,0,0,0,0,3,1,2,0,0,0
C5120ST,27,523,District-Bid,Urban,40-49,17,12,5,5,3,2,1,1,0,2,0,2,8,7,1,0,0,0,0,0,0,0,0,0,1,1,0
C5120ST,27,523,District-Bid,Urban,50-59,12,7,5,1,1,0,2,1,1,0,0,0,7,4,3,0,0,0,0,0,0,2,1,1,0,0,0
C5120ST,27,523,District-Bid,Urban,60-69,7,3,4,2,0,2,0,0,0,0,0,0,4,2,2,0,0,0,0,0,0,1,1,0,0,0,0
C5120ST,27,523,District-Bid,Urban,70-79,4,2,2,3,1,2,0,0,0,0,0,0,0,0,0,0,0,0,0,0,0,1,1,0,0,0,0
C5120ST,27,523,District-Bid,Urban,80-89,2,0,2,1,0,1,0,0,0,0,0,0,0,0,0,0,0,0,0,0,0,1,0,1,0,0,0
C5120ST,27,523,District-Bid,Urban,90+,0,0,0,0,0,0,0,0,0,0,0,0,0,0,0,0,0,0,0,0,0,0,0,0,0,0,0
C5120ST,27,523,District-Bid,Urban,Age Not Stated,0,0,0,0,0,0,0,0,0,0,0,0,0,0,0,0,0,0,0,0,0,0,0,0,0,0,0
C5120ST,27,524,District-Latur,Total,Total,1952,1135,817,260,134,126,215,132,83,493,270,223,377,260,117,89,48,41,24,10,14,378,205,173,116,76,40
C5120ST,27,524,District-Latur,Total,0-4,129,58,71,15,6,9,16,8,8,16,9,7,10,5,5,3,0,3,2,2,0,65,28,37,2,0,2
C5120ST,27,524,District-Latur,Total,5-9,156,82,74,21,8,13,12,7,5,42,25,17,23,14,9,8,4,4,0,0,0,35,16,19,15,8,7
C5120ST,27,524,District-Latur,Total,10-19,393,227,166,55,32,23,43,29,14,105,53,52,53,33,20,35,18,17,0,0,0,71,41,30,31,21,10
C5120ST,27,524,District-Latur,Total,20-29,341,208,133,30,14,16,26,16,10,93,53,40,86,62,24,19,10,9,4,2,2,61,35,26,22,16,6
C5120ST,27,524,District-Latur,Total,30-39,267,155,112,26,19,7,29,17,12,89,43,46,48,36,12,11,7,4,9,3,6,43,20,23,12,10,2
C5120ST,27,524,District-Latur,Total,40-49,203,136,67,22,14,8,26,17,9,62,42,20,36,28,8,8,4,4,2,1,1,40,27,13,7,3,4
C5120ST,27,524,District-Latur,Total,50-59,117,76,41,20,10,10,17,10,7,23,14,9,30,22,8,4,4,0,3,1,2,17,13,4,3,2,1
C5120ST,27,524,District-Latur,Total,60-69,179,96,83,29,12,17,24,13,11,32,14,18,56,35,21,0,0,0,2,0,2,28,17,11,8,5,3
C5120ST,27,524,District-Latur,Total,70-79,101,65,36,22,12,10,12,8,4,20,11,9,23,19,4,1,1,0,1,1,0,13,6,7,9,7,2
C5120ST,27,524,District-Latur,Total,80-89,43,18,25,14,3,11,6,4,2,8,3,5,7,4,3,0,0,0,0,0,0,3,1,2,5,3,2
C5120ST,27,524,District-Latur,Total,90+,11,7,4,2,1,1,2,2,0,1,1,0,2,1,1,0,0,0,0,0,0,2,1,1,2,1,1
C5120ST,27,524,District-Latur,Total,Age Not Stated,12,7,5,4,3,1,2,1,1,2,2,0,3,1,2,0,0,0,1,0,1,0,0,0,0,0,0
C5120ST,27,524,District-Latur,Rural,Total,1632,949,683,228,114,114,186,113,73,395,215,180,327,229,98,74,40,34,24,10,14,300,160,140,98,68,30
C5120ST,27,524,District-Latur,Rural,0-4,102,44,58,15,6,9,14,6,8,11,7,4,9,4,5,2,0,2,2,2,0,47,19,28,2,0,2
C5120ST,27,524,District-Latur,Rural,5-9,114,57,57,17,5,12,8,5,3,28,16,12,15,9,6,7,4,3,0,0,0,26,10,16,13,8,5
C5120ST,27,524,District-Latur,Rural,10-19,313,181,132,46,25,21,36,24,12,75,37,38,46,31,15,32,16,16,0,0,0,54,30,24,24,18,6
C5120ST,27,524,District-Latur,Rural,20-29,290,182,108,27,14,13,26,16,10,78,44,34,78,58,20,14,7,7,4,2,2,47,29,18,16,12,4
C5120ST,27,524,District-Latur,Rural,30-39,223,124,99,23,17,6,23,11,12,70,31,39,41,30,11,11,7,4,9,3,6,34,15,19,12,10,2
C5120ST,27,524,District-Latur,Rural,40-49,174,122,52,19,12,7,22,16,6,54,39,15,31,24,7,6,4,2,2,1,1,34,23,11,6,3,3
C5120ST,27,524,District-Latur,Rural,50-59,100,62,38,18,8,10,14,8,6,21,13,8,26,19,7,1,1,0,3,1,2,14,10,4,3,2,1
C5120ST,27,524,District-Latur,Rural,60-69,161,87,74,26,11,15,21,12,9,30,13,17,48,30,18,0,0,0,2,0,2,26,16,10,8,5,3
C5120ST,27,524,District-Latur,Rural,70-79,90,58,32,18,9,9,12,8,4,17,9,8,21,18,3,1,1,0,1,1,0,13,6,7,7,6,1
C5120ST,27,524,District-Latur,Rural,80-89,42,18,24,13,3,10,6,4,2,8,3,5,7,4,3,0,0,0,0,0,0,3,1,2,5,3,2
C5120ST,27,524,District-Latur,Rural,90+,11,7,4,2,1,1,2,2,0,1,1,0,2,1,1,0,0,0,0,0,0,2,1,1,2,1,1
C5120ST,27,524,District-Latur,Rural,Age Not Stated,12,7,5,4,3,1,2,1,1,2,2,0,3,1,2,0,0,0,1,0,1,0,0,0,0,0,0
C5120ST,27,524,District-Latur,Urban,Total,320,186,134,32,20,12,29,19,10,98,55,43,50,31,19,15,8,7,0,0,0,78,45,33,18,8,10
C5120ST,27,524,District-Latur,Urban,0-4,27,14,13,0,0,0,2,2,0,5,2,3,1,1,0,1,0,1,0,0,0,18,9,9,0,0,0
C5120ST,27,524,District-Latur,Urban,5-9,42,25,17,4,3,1,4,2,2,14,9,5,8,5,3,1,0,1,0,0,0,9,6,3,2,0,2
C5120ST,27,524,District-Latur,Urban,10-19,80,46,34,9,7,2,7,5,2,30,16,14,7,2,5,3,2,1,0,0,0,17,11,6,7,3,4
C5120ST,27,524,District-Latur,Urban,20-29,51,26,25,3,0,3,0,0,0,15,9,6,8,4,4,5,3,2,0,0,0,14,6,8,6,4,2
C5120ST,27,524,District-Latur,Urban,30-39,44,31,13,3,2,1,6,6,0,19,12,7,7,6,1,0,0,0,0,0,0,9,5,4,0,0,0
C5120ST,27,524,District-Latur,Urban,40-49,29,14,15,3,2,1,4,1,3,8,3,5,5,4,1,2,0,2,0,0,0,6,4,2,1,0,1
C5120ST,27,524,District-Latur,Urban,50-59,17,14,3,2,2,0,3,2,1,2,1,1,4,3,1,3,3,0,0,0,0,3,3,0,0,0,0
C5120ST,27,524,District-Latur,Urban,60-69,18,9,9,3,1,2,3,1,2,2,1,1,8,5,3,0,0,0,0,0,0,2,1,1,0,0,0
C5120ST,27,524,District-Latur,Urban,70-79,11,7,4,4,3,1,0,0,0,3,2,1,2,1,1,0,0,0,0,0,0,0,0,0,2,1,1
C5120ST,27,524,District-Latur,Urban,80-89,1,0,1,1,0,1,0,0,0,0,0,0,0,0,0,0,0,0,0,0,0,0,0,0,0,0,0
C5120ST,27,524,District-Latur,Urban,90+,0,0,0,0,0,0,0,0,0,0,0,0,0,0,0,0,0,0,0,0,0,0,0,0,0,0,0
C5120ST,27,524,District-Latur,Urban,Age Not Stated,0,0,0,0,0,0,0,0,0,0,0,0,0,0,0,0,0,0,0,0,0,0,0,0,0,0,0
C5120ST,27,525,District-Osmanabad,Total,Total,1026,595,431,173,97,76,131,73,58,86,44,42,343,219,124,66,42,24,8,3,5,149,70,79,70,47,23
C5120ST,27,525,District-Osmanabad,Total,0-4,57,23,34,8,5,3,12,4,8,1,1,0,9,4,5,1,0,1,0,0,0,24,8,16,2,1,1
C5120ST,27,525,District-Osmanabad,Total,5-9,102,53,49,16,7,9,13,5,8,7,1,6,27,19,8,11,8,3,1,0,1,19,8,11,8,5,3
C5120ST,27,525,District-Osmanabad,Total,10-19,202,129,73,24,16,8,22,13,9,19,10,9,56,38,18,26,16,10,3,1,2,34,21,13,18,14,4
C5120ST,27,525,District-Osmanabad,Total,20-29,150,93,57,29,17,12,17,12,5,22,13,9,52,31,21,12,9,3,1,1,0,10,5,5,7,5,2
C5120ST,27,525,District-Osmanabad,Total,30-39,120,68,52,15,8,7,7,4,3,9,5,4,56,37,19,9,5,4,2,1,1,15,5,10,7,3,4
C5120ST,27,525,District-Osmanabad,Total,40-49,112,71,41,20,13,7,17,10,7,9,5,4,47,34,13,6,3,3,0,0,0,10,3,7,3,3,0
C5120ST,27,525,District-Osmanabad,Total,50-59,81,50,31,14,8,6,12,8,4,12,7,5,27,17,10,1,1,0,1,0,1,13,8,5,1,1,0
C5120ST,27,525,District-Osmanabad,Total,60-69,96,43,53,22,8,14,16,7,9,6,2,4,38,20,18,0,0,0,0,0,0,9,3,6,5,3,2
C5120ST,27,525,District-Osmanabad,Total,70-79,72,48,24,22,14,8,10,5,5,0,0,0,20,14,6,0,0,0,0,0,0,12,8,4,8,7,1
C5120ST,27,525,District-Osmanabad,Total,80-89,22,12,10,1,0,1,5,5,0,1,0,1,7,3,4,0,0,0,0,0,0,3,1,2,5,3,2
C5120ST,27,525,District-Osmanabad,Total,90+,11,4,7,2,1,1,0,0,0,0,0,0,3,1,2,0,0,0,0,0,0,0,0,0,6,2,4
C5120ST,27,525,District-Osmanabad,Total,Age Not Stated,1,1,0,0,0,0,0,0,0,0,0,0,1,1,0,0,0,0,0,0,0,0,0,0,0,0,0
C5120ST,27,525,District-Osmanabad,Rural,Total,871,503,368,148,83,65,118,64,54,67,33,34,294,186,108,57,35,22,7,3,4,119,56,63,61,43,18
C5120ST,27,525,District-Osmanabad,Rural,0-4,41,18,23,4,3,1,12,4,8,1,1,0,7,4,3,1,0,1,0,0,0,14,5,9,2,1,1
C5120ST,27,525,District-Osmanabad,Rural,5-9,90,48,42,12,7,5,13,5,8,7,1,6,23,15,8,10,7,3,0,0,0,19,8,11,6,5,1
C5120ST,27,525,District-Osmanabad,Rural,10-19,169,105,64,21,14,7,19,10,9,18,10,8,47,31,16,20,11,9,3,1,2,28,18,10,13,10,3
C5120ST,27,525,District-Osmanabad,Rural,20-29,125,76,49,25,15,10,17,12,5,14,8,6,43,24,19,10,8,2,1,1,0,8,3,5,7,5,2
C5120ST,27,525,District-Osmanabad,Rural,30-39,95,53,42,13,6,7,5,3,2,6,3,3,44,29,15,9,5,4,2,1,1,11,3,8,5,3,2
C5120ST,27,525,District-Osmanabad,Rural,40-49,100,62,38,18,12,6,16,9,7,7,3,4,41,29,12,6,3,3,0,0,0,9,3,6,3,3,0
C5120ST,27,525,District-Osmanabad,Rural,50-59,67,42,25,11,5,6,9,6,3,8,5,3,25,17,8,1,1,0,1,0,1,11,7,4,1,1,0
C5120ST,27,525,District-Osmanabad,Rural,60-69,86,38,48,20,7,13,14,6,8,5,2,3,36,19,17,0,0,0,0,0,0,6,1,5,5,3,2
C5120ST,27,525,District-Osmanabad,Rural,70-79,66,45,21,21,13,8,9,5,4,0,0,0,18,13,5,0,0,0,0,0,0,10,7,3,8,7,1
C5120ST,27,525,District-Osmanabad,Rural,80-89,20,11,9,1,0,1,4,4,0,1,0,1,6,3,3,0,0,0,0,0,0,3,1,2,5,3,2
C5120ST,27,525,District-Osmanabad,Rural,90+,11,4,7,2,1,1,0,0,0,0,0,0,3,1,2,0,0,0,0,0,0,0,0,0,6,2,4
C5120ST,27,525,District-Osmanabad,Rural,Age Not Stated,1,1,0,0,0,0,0,0,0,0,0,0,1,1,0,0,0,0,0,0,0,0,0,0,0,0,0
C5120ST,27,525,District-Osmanabad,Urban,Total,155,92,63,25,14,11,13,9,4,19,11,8,49,33,16,9,7,2,1,0,1,30,14,16,9,4,5
C5120ST,27,525,District-Osmanabad,Urban,0-4,16,5,11,4,2,2,0,0,0,0,0,0,2,0,2,0,0,0,0,0,0,10,3,7,0,0,0
C5120ST,27,525,District-Osmanabad,Urban,5-9,12,5,7,4,0,4,0,0,0,0,0,0,4,4,0,1,1,0,1,0,1,0,0,0,2,0,2
C5120ST,27,525,District-Osmanabad,Urban,10-19,33,24,9,3,2,1,3,3,0,1,0,1,9,7,2,6,5,1,0,0,0,6,3,3,5,4,1
C5120ST,27,525,District-Osmanabad,Urban,20-29,25,17,8,4,2,2,0,0,0,8,5,3,9,7,2,2,1,1,0,0,0,2,2,0,0,0,0
C5120ST,27,525,District-Osmanabad,Urban,30-39,25,15,10,2,2,0,2,1,1,3,2,1,12,8,4,0,0,0,0,0,0,4,2,2,2,0,2
C5120ST,27,525,District-Osmanabad,Urban,40-49,12,9,3,2,1,1,1,1,0,2,2,0,6,5,1,0,0,0,0,0,0,1,0,1,0,0,0
C5120ST,27,525,District-Osmanabad,Urban,50-59,14,8,6,3,3,0,3,2,1,4,2,2,2,0,2,0,0,0,0,0,0,2,1,1,0,0,0
C5120ST,27,525,District-Osmanabad,Urban,60-69,10,5,5,2,1,1,2,1,1,1,0,1,2,1,1,0,0,0,0,0,0,3,2,1,0,0,0
C5120ST,27,525,District-Osmanabad,Urban,70-79,6,3,3,1,1,0,1,0,1,0,0,0,2,1,1,0,0,0,0,0,0,2,1,1,0,0,0
C5120ST,27,525,District-Osmanabad,Urban,80-89,2,1,1,0,0,0,1,1,0,0,0,0,1,0,1,0,0,0,0,0,0,0,0,0,0,0,0
C5120ST,27,525,District-Osmanabad,Urban,90+,0,0,0,0,0,0,0,0,0,0,0,0,0,0,0,0,0,0,0,0,0,0,0,0,0,0,0
C5120ST,27,525,District-Osmanabad,Urban,Age Not Stated,0,0,0,0,0,0,0,0,0,0,0,0,0,0,0,0,0,0,0,0,0,0,0,0,0,0,0
C5120ST,27,526,District-Solapur,Total,Total,2165,1268,897,628,346,282,293,170,123,127,64,63,440,290,150,160,96,64,28,17,11,347,205,142,142,80,62
C5120ST,27,526,District-Solapur,Total,0-4,152,88,64,73,43,30,18,8,10,1,1,0,12,7,5,9,8,1,1,1,0,32,18,14,6,2,4
C5120ST,27,526,District-Solapur,Total,5-9,182,103,79,63,36,27,32,19,13,8,4,4,18,13,5,14,7,7,0,0,0,31,15,16,16,9,7
C5120ST,27,526,District-Solapur,Total,10-19,406,235,171,123,65,58,49,25,24,29,14,15,70,46,24,40,24,16,4,4,0,47,28,19,44,29,15
C5120ST,27,526,District-Solapur,Total,20-29,389,230,159,96,58,38,41,27,14,33,17,16,88,55,33,38,21,17,4,1,3,63,36,27,26,15,11
C5120ST,27,526,District-Solapur,Total,30-39,306,183,123,73,45,28,45,24,21,16,7,9,72,46,26,23,14,9,4,2,2,57,36,21,16,9,7
C5120ST,27,526,District-Solapur,Total,40-49,245,144,101,62,31,31,29,23,6,18,11,7,57,43,14,22,9,13,7,5,2,39,18,21,11,4,7
C5120ST,27,526,District-Solapur,Total,50-59,166,102,64,40,19,21,24,12,12,11,5,6,42,30,12,9,8,1,5,2,3,29,20,9,6,6,0
C5120ST,27,526,District-Solapur,Total,60-69,171,100,71,50,26,24,28,15,13,9,5,4,45,30,15,3,3,0,2,1,1,26,17,9,8,3,5
C5120ST,27,526,District-Solapur,Total,70-79,86,54,32,25,14,11,20,13,7,1,0,1,25,14,11,1,1,0,1,1,0,10,9,1,3,2,1
C5120ST,27,526,District-Solapur,Total,80-89,24,11,13,7,3,4,3,2,1,1,0,1,8,5,3,0,0,0,0,0,0,3,1,2,2,0,2
C5120ST,27,526,District-Solapur,Total,90+,19,6,13,9,2,7,1,0,1,0,0,0,2,1,1,1,1,0,0,0,0,3,2,1,3,0,3
C5120ST,27,526,District-Solapur,Total,Age Not Stated,19,12,7,7,4,3,3,2,1,0,0,0,1,0,1,0,0,0,0,0,0,7,5,2,1,1,0
C5120ST,27,526,District-Solapur,Rural,Total,1413,847,566,394,212,182,189,116,73,85,44,41,309,217,92,101,64,37,14,9,5,226,132,94,95,53,42
C5120ST,27,526,District-Solapur,Rural,0-4,107,62,45,47,29,18,12,5,7,1,1,0,9,6,3,7,6,1,0,0,0,26,13,13,5,2,3
C5120ST,27,526,District-Solapur,Rural,5-9,115,66,49,41,22,19,18,11,7,4,2,2,12,10,2,9,5,4,0,0,0,22,11,11,9,5,4
C5120ST,27,526,District-Solapur,Rural,10-19,267,161,106,74,38,36,33,18,15,25,13,12,46,33,13,28,19,9,3,3,0,33,21,12,25,16,9
C5120ST,27,526,District-Solapur,Rural,20-29,257,162,95,51,30,21,28,22,6,21,12,9,69,48,21,26,14,12,0,0,0,39,22,17,23,14,9
C5120ST,27,526,District-Solapur,Rural,30-39,193,121,72,51,32,19,29,16,13,9,4,5,48,32,16,9,6,3,2,1,1,33,24,9,12,6,6
C5120ST,27,526,District-Solapur,Rural,40-49,152,85,67,37,16,21,19,13,6,10,6,4,39,30,9,15,7,8,4,3,1,22,8,14,6,2,4
C5120ST,27,526,District-Solapur,Rural,50-59,111,71,40,28,15,13,15,9,6,9,3,6,30,23,7,5,5,0,3,1,2,19,13,6,2,2,0
C5120ST,27,526,District-Solapur,Rural,60-69,114,69,45,32,17,15,19,11,8,4,3,1,32,23,9,1,1,0,1,0,1,18,11,7,7,3,4
C5120ST,27,526,District-Solapur,Rural,70-79,51,30,21,16,8,8,12,8,4,1,0,1,16,9,7,0,0,0,1,1,0,3,2,1,2,2,0
C5120ST,27,526,District-Solapur,Rural,80-89,16,7,9,5,2,3,2,2,0,1,0,1,5,2,3,0,0,0,0,0,0,2,1,1,1,0,1
C5120ST,27,526,District-Solapur,Rural,90+,16,4,12,8,1,7,1,0,1,0,0,0,2,1,1,1,1,0,0,0,0,2,1,1,2,0,2
C5120ST,27,526,District-Solapur,Rural,Age Not Stated,14,9,5,4,2,2,1,1,0,0,0,0,1,0,1,0,0,0,0,0,0,7,5,2,1,1,0
C5120ST,27,526,District-Solapur,Urban,Total,752,421,331,234,134,100,104,54,50,42,20,22,131,73,58,59,32,27,14,8,6,121,73,48,47,27,20
C5120ST,27,526,District-Solapur,Urban,0-4,45,26,19,26,14,12,6,3,3,0,0,0,3,1,2,2,2,0,1,1,0,6,5,1,1,0,1
C5120ST,27,526,District-Solapur,Urban,5-9,67,37,30,22,14,8,14,8,6,4,2,2,6,3,3,5,2,3,0,0,0,9,4,5,7,4,3
C5120ST,27,526,District-Solapur,Urban,10-19,139,74,65,49,27,22,16,7,9,4,1,3,24,13,11,12,5,7,1,1,0,14,7,7,19,13,6
C5120ST,27,526,District-Solapur,Urban,20-29,132,68,64,45,28,17,13,5,8,12,5,7,19,7,12,12,7,5,4,1,3,24,14,10,3,1,2
C5120ST,27,526,District-Solapur,Urban,30-39,113,62,51,22,13,9,16,8,8,7,3,4,24,14,10,14,8,6,2,1,1,24,12,12,4,3,1
C5120ST,27,526,District-Solapur,Urban,40-49,93,59,34,25,15,10,10,10,0,8,5,3,18,13,5,7,2,5,3,2,1,17,10,7,5,2,3
C5120ST,27,526,District-Solapur,Urban,50-59,55,31,24,12,4,8,9,3,6,2,2,0,12,7,5,4,3,1,2,1,1,10,7,3,4,4,0
C5120ST,27,526,District-Solapur,Urban,60-69,57,31,26,18,9,9,9,4,5,5,2,3,13,7,6,2,2,0,1,1,0,8,6,2,1,0,1
C5120ST,27,526,District-Solapur,Urban,70-79,35,24,11,9,6,3,8,5,3,0,0,0,9,5,4,1,1,0,0,0,0,7,7,0,1,0,1
C5120ST,27,526,District-Solapur,Urban,80-89,8,4,4,2,1,1,1,0,1,0,0,0,3,3,0,0,0,0,0,0,0,1,0,1,1,0,1
C5120ST,27,526,District-Solapur,Urban,90+,3,2,1,1,1,0,0,0,0,0,0,0,0,0,0,0,0,0,0,0,0,1,1,0,1,0,1
C5120ST,27,526,District-Solapur,Urban,Age Not Stated,5,3,2,3,2,1,2,1,1,0,0,0,0,0,0,0,0,0,0,0,0,0,0,0,0,0,0
C5120ST,27,527,District-Satara,Total,Total,894,524,370,200,124,76,120,63,57,206,112,94,124,88,36,44,28,16,10,3,7,149,81,68,41,25,16
C5120ST,27,527,District-Satara,Total,0-4,46,20,26,15,5,10,7,3,4,3,2,1,2,1,1,1,1,0,1,1,0,16,6,10,1,1,0
C5120ST,27,527,District-Satara,Total,5-9,100,61,39,29,21,8,10,6,4,15,8,7,7,6,1,10,6,4,1,0,1,25,12,13,3,2,1
C5120ST,27,527,District-Satara,Total,10-19,177,101,76,48,33,15,20,9,11,37,17,20,15,10,5,22,15,7,2,1,1,21,9,12,12,7,5
C5120ST,27,527,District-Satara,Total,20-29,144,75,69,24,10,14,21,8,13,40,20,20,23,15,8,6,3,3,0,0,0,27,17,10,3,2,1
C5120ST,27,527,District-Satara,Total,30-39,140,83,57,26,16,10,19,9,10,41,25,16,24,15,9,3,2,1,1,0,1,24,15,9,2,1,1
C5120ST,27,527,District-Satara,Total,40-49,95,61,34,14,8,6,13,11,2,30,16,14,18,14,4,0,0,0,1,0,1,13,8,5,6,4,2
C5120ST,27,527,District-Satara,Total,50-59,67,36,31,11,7,4,9,4,5,18,10,8,11,7,4,0,0,0,2,0,2,12,7,5,4,1,3
C5120ST,27,527,District-Satara,Total,60-69,68,48,20,16,13,3,11,6,5,16,10,6,14,11,3,1,1,0,1,0,1,4,4,0,5,3,2
C5120ST,27,527,District-Satara,Total,70-79,33,24,9,9,6,3,4,3,1,4,3,1,7,7,0,0,0,0,1,1,0,4,1,3,4,3,1
C5120ST,27,527,District-Satara,Total,80-89,11,6,5,4,2,2,3,2,1,2,1,1,1,0,1,0,0,0,0,0,0,1,1,0,0,0,0
C5120ST,27,527,District-Satara,Total,90+,8,5,3,2,1,1,1,1,0,0,0,0,1,1,0,1,0,1,0,0,0,2,1,1,1,1,0
C5120ST,27,527,District-Satara,Total,Age Not Stated,5,4,1,2,2,0,2,1,1,0,0,0,1,1,0,0,0,0,0,0,0,0,0,0,0,0,0
C5120ST,27,527,District-Satara,Rural,Total,651,377,274,104,63,41,82,42,40,159,87,72,107,74,33,31,19,12,8,3,5,124,68,56,36,21,15
C5120ST,27,527,District-Satara,Rural,0-4,32,13,19,8,2,6,6,3,3,3,2,1,1,0,1,1,1,0,1,1,0,11,3,8,1,1,0
C5120ST,27,527,District-Satara,Rural,5-9,59,37,22,12,8,4,6,4,2,9,6,3,5,4,1,4,3,1,0,0,0,20,10,10,3,2,1
C5120ST,27,527,District-Satara,Rural,10-19,119,65,54,21,13,8,12,5,7,24,10,14,13,10,3,18,11,7,1,1,0,18,8,10,12,7,5
C5120ST,27,527,District-Satara,Rural,20-29,112,59,53,13,7,6,12,4,8,36,17,19,20,12,8,3,1,2,0,0,0,26,16,10,2,2,0
C5120ST,27,527,District-Satara,Rural,30-39,99,61,38,12,8,4,12,6,6,29,20,9,18,10,8,3,2,1,1,0,1,22,14,8,2,1,1
C5120ST,27,527,District-Satara,Rural,40-49,71,45,26,9,6,3,9,8,1,22,11,11,16,12,4,0,0,0,1,0,1,10,6,4,4,2,2
C5120ST,27,527,District-Satara,Rural,50-59,53,25,28,5,3,2,8,3,5,15,7,8,11,7,4,0,0,0,2,0,2,9,5,4,3,0,3
C5120ST,27,527,District-Satara,Rural,60-69,57,38,19,11,8,3,9,4,5,15,10,5,13,10,3,1,1,0,1,0,1,3,3,0,4,2,2
C5120ST,27,527,District-Satara,Rural,70-79,31,23,8,8,5,3,4,3,1,4,3,1,7,7,0,0,0,0,1,1,0,3,1,2,4,3,1
C5120ST,27,527,District-Satara,Rural,80-89,9,5,4,3,2,1,2,1,1,2,1,1,1,0,1,0,0,0,0,0,0,1,1,0,0,0,0
C5120ST,27,527,District-Satara,Rural,90+,6,4,2,1,0,1,1,1,0,0,0,0,1,1,0,1,0,1,0,0,0,1,1,0,1,1,0
C5120ST,27,527,District-Satara,Rural,Age Not Stated,3,2,1,1,1,0,1,0,1,0,0,0,1,1,0,0,0,0,0,0,0,0,0,0,0,0,0
C5120ST,27,527,District-Satara,Urban,Total,243,147,96,96,61,35,38,21,17,47,25,22,17,14,3,13,9,4,2,0,2,25,13,12,5,4,1
C5120ST,27,527,District-Satara,Urban,0-4,14,7,7,7,3,4,1,0,1,0,0,0,1,1,0,0,0,0,0,0,0,5,3,2,0,0,0
C5120ST,27,527,District-Satara,Urban,5-9,41,24,17,17,13,4,4,2,2,6,2,4,2,2,0,6,3,3,1,0,1,5,2,3,0,0,0
C5120ST,27,527,District-Satara,Urban,10-19,58,36,22,27,20,7,8,4,4,13,7,6,2,0,2,4,4,0,1,0,1,3,1,2,0,0,0
C5120ST,27,527,District-Satara,Urban,20-29,32,16,16,11,3,8,9,4,5,4,3,1,3,3,0,3,2,1,0,0,0,1,1,0,1,0,1
C5120ST,27,527,District-Satara,Urban,30-39,41,22,19,14,8,6,7,3,4,12,5,7,6,5,1,0,0,0,0,0,0,2,1,1,0,0,0
C5120ST,27,527,District-Satara,Urban,40-49,24,16,8,5,2,3,4,3,1,8,5,3,2,2,0,0,0,0,0,0,0,3,2,1,2,2,0
C5120ST,27,527,District-Satara,Urban,50-59,14,11,3,6,4,2,1,1,0,3,3,0,0,0,0,0,0,0,0,0,0,3,2,1,1,1,0
C5120ST,27,527,District-Satara,Urban,60-69,11,10,1,5,5,0,2,2,0,1,0,1,1,1,0,0,0,0,0,0,0,1,1,0,1,1,0
C5120ST,27,527,District-Satara,Urban,70-79,2,1,1,1,1,0,0,0,0,0,0,0,0,0,0,0,0,0,0,0,0,1,0,1,0,0,0
C5120ST,27,527,District-Satara,Urban,80-89,2,1,1,1,0,1,1,1,0,0,0,0,0,0,0,0,0,0,0,0,0,0,0,0,0,0,0
C5120ST,27,527,District-Satara,Urban,90+,2,1,1,1,1,0,0,0,0,0,0,0,0,0,0,0,0,0,0,0,0,1,0,1,0,0,0
C5120ST,27,527,District-Satara,Urban,Age Not Stated,2,2,0,1,1,0,1,1,0,0,0,0,0,0,0,0,0,0,0,0,0,0,0,0,0,0,0
C5120ST,27,528,District-Ratnagiri,Total,Total,350,205,145,41,28,13,72,40,32,18,8,10,139,92,47,18,8,10,11,6,5,37,16,21,14,7,7
C5120ST,27,528,District-Ratnagiri,Total,0-4,16,11,5,3,3,0,4,3,1,0,0,0,6,3,3,1,1,0,0,0,0,1,0,1,1,1,0
C5120ST,27,528,District-Ratnagiri,Total,5-9,20,8,12,4,3,1,6,3,3,1,0,1,4,1,3,1,0,1,0,0,0,2,1,1,2,0,2
C5120ST,27,528,District-Ratnagiri,Total,10-19,57,34,23,6,5,1,12,6,6,2,2,0,19,11,8,7,3,4,0,0,0,9,6,3,2,1,1
C5120ST,27,528,District-Ratnagiri,Total,20-29,80,44,36,5,4,1,13,5,8,5,3,2,40,26,14,5,1,4,2,1,1,7,3,4,3,1,2
C5120ST,27,528,District-Ratnagiri,Total,30-39,70,40,30,1,1,0,12,6,6,5,1,4,37,25,12,3,3,0,2,1,1,8,2,6,2,1,1
C5120ST,27,528,District-Ratnagiri,Total,40-49,46,30,16,7,4,3,14,11,3,3,0,3,15,12,3,1,0,1,3,1,2,3,2,1,0,0,0
C5120ST,27,528,District-Ratnagiri,Total,50-59,25,16,9,0,0,0,7,3,4,2,2,0,10,8,2,0,0,0,2,2,0,3,0,3,1,1,0
C5120ST,27,528,District-Ratnagiri,Total,60-69,21,14,7,7,3,4,3,2,1,0,0,0,6,5,1,0,0,0,1,1,0,3,2,1,1,1,0
C5120ST,27,528,District-Ratnagiri,Total,70-79,9,5,4,6,3,3,0,0,0,0,0,0,1,1,0,0,0,0,1,0,1,0,0,0,1,1,0
C5120ST,27,528,District-Ratnagiri,Total,80-89,4,3,1,2,2,0,1,1,0,0,0,0,1,0,1,0,0,0,0,0,0,0,0,0,0,0,0
C5120ST,27,528,District-Ratnagiri,Total,90+,2,0,2,0,0,0,0,0,0,0,0,0,0,0,0,0,0,0,0,0,0,1,0,1,1,0,1
C5120ST,27,528,District-Ratnagiri,Total,Age Not Stated,0,0,0,0,0,0,0,0,0,0,0,0,0,0,0,0,0,0,0,0,0,0,0,0,0,0,0
C5120ST,27,528,District-Ratnagiri,Rural,Total,323,192,131,41,28,13,67,38,29,16,7,9,131,87,44,18,8,10,11,6,5,28,12,16,11,6,5
C5120ST,27,528,District-Ratnagiri,Rural,0-4,15,11,4,3,3,0,4,3,1,0,0,0,6,3,3,1,1,0,0,0,0,0,0,0,1,1,0
C5120ST,27,528,District-Ratnagiri,Rural,5-9,15,7,8,4,3,1,5,3,2,0,0,0,3,0,3,1,0,1,0,0,0,2,1,1,0,0,0
C5120ST,27,528,District-Ratnagiri,Rural,10-19,54,33,21,6,5,1,11,6,5,2,2,0,18,10,8,7,3,4,0,0,0,8,6,2,2,1,1
C5120ST,27,528,District-Ratnagiri,Rural,20-29,72,39,33,5,4,1,13,5,8,5,3,2,36,24,12,5,1,4,2,1,1,4,1,3,2,0,2
C5120ST,27,528,District-Ratnagiri,Rural,30-39,65,38,27,1,1,0,10,5,5,5,1,4,35,24,11,3,3,0,2,1,1,7,2,5,2,1,1
C5120ST,27,528,District-Ratnagiri,Rural,40-49,44,28,16,7,4,3,13,10,3,3,0,3,15,12,3,1,0,1,3,1,2,2,1,1,0,0,0
C5120ST,27,528,District-Ratnagiri,Rural,50-59,23,15,8,0,0,0,7,3,4,1,1,0,10,8,2,0,0,0,2,2,0,2,0,2,1,1,0
C5120ST,27,528,District-Ratnagiri,Rural,60-69,20,13,7,7,3,4,3,2,1,0,0,0,6,5,1,0,0,0,1,1,0,2,1,1,1,1,0
C5120ST,27,528,District-Ratnagiri,Rural,70-79,9,5,4,6,3,3,0,0,0,0,0,0,1,1,0,0,0,0,1,0,1,0,0,0,1,1,0
C5120ST,27,528,District-Ratnagiri,Rural,80-89,4,3,1,2,2,0,1,1,0,0,0,0,1,0,1,0,0,0,0,0,0,0,0,0,0,0,0
C5120ST,27,528,District-Ratnagiri,Rural,90+,2,0,2,0,0,0,0,0,0,0,0,0,0,0,0,0,0,0,0,0,0,1,0,1,1,0,1
C5120ST,27,528,District-Ratnagiri,Rural,Age Not Stated,0,0,0,0,0,0,0,0,0,0,0,0,0,0,0,0,0,0,0,0,0,0,0,0,0,0,0
C5120ST,27,528,District-Ratnagiri,Urban,Total,27,13,14,0,0,0,5,2,3,2,1,1,8,5,3,0,0,0,0,0,0,9,4,5,3,1,2
C5120ST,27,528,District-Ratnagiri,Urban,0-4,1,0,1,0,0,0,0,0,0,0,0,0,0,0,0,0,0,0,0,0,0,1,0,1,0,0,0
C5120ST,27,528,District-Ratnagiri,Urban,5-9,5,1,4,0,0,0,1,0,1,1,0,1,1,1,0,0,0,0,0,0,0,0,0,0,2,0,2
C5120ST,27,528,District-Ratnagiri,Urban,10-19,3,1,2,0,0,0,1,0,1,0,0,0,1,1,0,0,0,0,0,0,0,1,0,1,0,0,0
C5120ST,27,528,District-Ratnagiri,Urban,20-29,8,5,3,0,0,0,0,0,0,0,0,0,4,2,2,0,0,0,0,0,0,3,2,1,1,1,0
C5120ST,27,528,District-Ratnagiri,Urban,30-39,5,2,3,0,0,0,2,1,1,0,0,0,2,1,1,0,0,0,0,0,0,1,0,1,0,0,0
C5120ST,27,528,District-Ratnagiri,Urban,40-49,2,2,0,0,0,0,1,1,0,0,0,0,0,0,0,0,0,0,0,0,0,1,1,0,0,0,0
C5120ST,27,528,District-Ratnagiri,Urban,50-59,2,1,1,0,0,0,0,0,0,1,1,0,0,0,0,0,0,0,0,0,0,1,0,1,0,0,0
C5120ST,27,528,District-Ratnagiri,Urban,60-69,1,1,0,0,0,0,0,0,0,0,0,0,0,0,0,0,0,0,0,0,0,1,1,0,0,0,0
C5120ST,27,528,District-Ratnagiri,Urban,70-79,0,0,0,0,0,0,0,0,0,0,0,0,0,0,0,0,0,0,0,0,0,0,0,0,0,0,0
C5120ST,27,528,District-Ratnagiri,Urban,80-89,0,0,0,0,0,0,0,0,0,0,0,0,0,0,0,0,0,0,0,0,0,0,0,0,0,0,0
C5120ST,27,528,District-Ratnagiri,Urban,90+,0,0,0,0,0,0,0,0,0,0,0,0,0,0,0,0,0,0,0,0,0,0,0,0,0,0,0
C5120ST,27,528,District-Ratnagiri,Urban,Age Not Stated,0,0,0,0,0,0,0,0,0,0,0,0,0,0,0,0,0,0,0,0,0,0,0,0,0,0,0
C5120ST,27,529,District-Sindhudurg,Total,Total,188,114,74,25,18,7,21,12,9,38,22,16,39,30,9,14,10,4,5,2,3,30,12,18,16,8,8
C5120ST,27,529,District-Sindhudurg,Total,0-4,6,2,4,1,1,0,0,0,0,1,0,1,0,0,0,0,0,0,0,0,0,3,0,3,1,1,0
C5120ST,27,529,District-Sindhudurg,Total,5-9,18,9,9,1,0,1,2,1,1,4,2,2,3,1,2,1,0,1,0,0,0,4,2,2,3,3,0
C5120ST,27,529,District-Sindhudurg,Total,10-19,19,15,4,2,1,1,0,0,0,6,4,2,3,3,0,4,4,0,0,0,0,2,1,1,2,2,0
C5120ST,27,529,District-Sindhudurg,Total,20-29,24,14,10,2,2,0,2,1,1,7,5,2,5,4,1,0,0,0,1,0,1,2,0,2,5,2,3
C5120ST,27,529,District-Sindhudurg,Total,30-39,36,25,11,5,5,0,2,1,1,9,5,4,5,4,1,6,4,2,1,0,1,7,6,1,1,0,1
C5120ST,27,529,District-Sindhudurg,Total,40-49,28,15,13,3,2,1,6,4,2,4,1,3,7,5,2,2,1,1,1,1,0,4,1,3,1,0,1
C5120ST,27,529,District-Sindhudurg,Total,50-59,20,14,6,4,4,0,2,1,1,3,2,1,4,4,0,1,1,0,0,0,0,5,2,3,1,0,1
C5120ST,27,529,District-Sindhudurg,Total,60-69,17,8,9,3,0,3,5,3,2,3,2,1,4,3,1,0,0,0,0,0,0,1,0,1,1,0,1
C5120ST,27,529,District-Sindhudurg,Total,70-79,10,4,6,1,0,1,1,1,0,1,1,0,4,2,2,0,0,0,0,0,0,2,0,2,1,0,1
C5120ST,27,529,District-Sindhudurg,Total,80-89,7,5,2,1,1,0,1,0,1,0,0,0,3,3,0,0,0,0,2,1,1,0,0,0,0,0,0
C5120ST,27,529,District-Sindhudurg,Total,90+,1,1,0,0,0,0,0,0,0,0,0,0,1,1,0,0,0,0,0,0,0,0,0,0,0,0,0
C5120ST,27,529,District-Sindhudurg,Total,Age Not Stated,2,2,0,2,2,0,0,0,0,0,0,0,0,0,0,0,0,0,0,0,0,0,0,0,0,0,0
C5120ST,27,529,District-Sindhudurg,Rural,Total,170,105,65,23,17,6,17,10,7,36,21,15,36,28,8,12,9,3,5,2,3,27,11,16,14,7,7
C5120ST,27,529,District-Sindhudurg,Rural,0-4,6,2,4,1,1,0,0,0,0,1,0,1,0,0,0,0,0,0,0,0,0,3,0,3,1,1,0
C5120ST,27,529,District-Sindhudurg,Rural,5-9,16,9,7,1,0,1,2,1,1,4,2,2,2,1,1,1,0,1,0,0,0,3,2,1,3,3,0
C5120ST,27,529,District-Sindhudurg,Rural,10-19,15,12,3,2,1,1,0,0,0,4,3,1,3,3,0,3,3,0,0,0,0,2,1,1,1,1,0
C5120ST,27,529,District-Sindhudurg,Rural,20-29,24,14,10,2,2,0,2,1,1,7,5,2,5,4,1,0,0,0,1,0,1,2,0,2,5,2,3
C5120ST,27,529,District-Sindhudurg,Rural,30-39,33,25,8,5,5,0,1,1,0,9,5,4,5,4,1,5,4,1,1,0,1,7,6,1,0,0,0
C5120ST,27,529,District-Sindhudurg,Rural,40-49,23,12,11,3,2,1,4,3,1,4,1,3,6,4,2,2,1,1,1,1,0,2,0,2,1,0,1
C5120ST,27,529,District-Sindhudurg,Rural,50-59,19,13,6,3,3,0,2,1,1,3,2,1,4,4,0,1,1,0,0,0,0,5,2,3,1,0,1
C5120ST,27,529,District-Sindhudurg,Rural,60-69,15,7,8,2,0,2,4,2,2,3,2,1,4,3,1,0,0,0,0,0,0,1,0,1,1,0,1
C5120ST,27,529,District-Sindhudurg,Rural,70-79,10,4,6,1,0,1,1,1,0,1,1,0,4,2,2,0,0,0,0,0,0,2,0,2,1,0,1
C5120ST,27,529,District-Sindhudurg,Rural,80-89,7,5,2,1,1,0,1,0,1,0,0,0,3,3,0,0,0,0,2,1,1,0,0,0,0,0,0
C5120ST,27,529,District-Sindhudurg,Rural,90+,0,0,0,0,0,0,0,0,0,0,0,0,0,0,0,0,0,0,0,0,0,0,0,0,0,0,0
C5120ST,27,529,District-Sindhudurg,Rural,Age Not Stated,2,2,0,2,2,0,0,0,0,0,0,0,0,0,0,0,0,0,0,0,0,0,0,0,0,0,0
C5120ST,27,529,District-Sindhudurg,Urban,Total,18,9,9,2,1,1,4,2,2,2,1,1,3,2,1,2,1,1,0,0,0,3,1,2,2,1,1
C5120ST,27,529,District-Sindhudurg,Urban,0-4,0,0,0,0,0,0,0,0,0,0,0,0,0,0,0,0,0,0,0,0,0,0,0,0,0,0,0
C5120ST,27,529,District-Sindhudurg,Urban,5-9,2,0,2,0,0,0,0,0,0,0,0,0,1,0,1,0,0,0,0,0,0,1,0,1,0,0,0
C5120ST,27,529,District-Sindhudurg,Urban,10-19,4,3,1,0,0,0,0,0,0,2,1,1,0,0,0,1,1,0,0,0,0,0,0,0,1,1,0
C5120ST,27,529,District-Sindhudurg,Urban,20-29,0,0,0,0,0,0,0,0,0,0,0,0,0,0,0,0,0,0,0,0,0,0,0,0,0,0,0
C5120ST,27,529,District-Sindhudurg,Urban,30-39,3,0,3,0,0,0,1,0,1,0,0,0,0,0,0,1,0,1,0,0,0,0,0,0,1,0,1
C5120ST,27,529,District-Sindhudurg,Urban,40-49,5,3,2,0,0,0,2,1,1,0,0,0,1,1,0,0,0,0,0,0,0,2,1,1,0,0,0
C5120ST,27,529,District-Sindhudurg,Urban,50-59,1,1,0,1,1,0,0,0,0,0,0,0,0,0,0,0,0,0,0,0,0,0,0,0,0,0,0
C5120ST,27,529,District-Sindhudurg,Urban,60-69,2,1,1,1,0,1,1,1,0,0,0,0,0,0,0,0,0,0,0,0,0,0,0,0,0,0,0
C5120ST,27,529,District-Sindhudurg,Urban,70-79,0,0,0,0,0,0,0,0,0,0,0,0,0,0,0,0,0,0,0,0,0,0,0,0,0,0,0
C5120ST,27,529,District-Sindhudurg,Urban,80-89,0,0,0,0,0,0,0,0,0,0,0,0,0,0,0,0,0,0,0,0,0,0,0,0,0,0,0
C5120ST,27,529,District-Sindhudurg,Urban,90+,1,1,0,0,0,0,0,0,0,0,0,0,1,1,0,0,0,0,0,0,0,0,0,0,0,0,0
C5120ST,27,529,District-Sindhudurg,Urban,Age Not Stated,0,0,0,0,0,0,0,0,0,0,0,0,0,0,0,0,0,0,0,0,0,0,0,0,0,0,0
C5120ST,27,530,District-Kolhapur,Total,Total,819,450,369,134,68,66,127,71,56,163,86,77,122,80,42,44,24,20,13,8,5,165,86,79,51,27,24
C5120ST,27,530,District-Kolhapur,Total,0-4,37,22,15,8,6,2,5,3,2,1,0,1,3,3,0,1,1,0,0,0,0,17,8,9,2,1,1
C5120ST,27,530,District-Kolhapur,Total,5-9,53,27,26,12,6,6,13,7,6,10,6,4,2,1,1,2,1,1,0,0,0,6,2,4,8,4,4
C5120ST,27,530,District-Kolhapur,Total,10-19,140,75,65,22,7,15,23,16,7,23,12,11,14,9,5,13,8,5,0,0,0,31,14,17,14,9,5
C5120ST,27,530,District-Kolhapur,Total,20-29,124,59,65,25,12,13,14,7,7,25,7,18,24,13,11,6,2,4,3,2,1,19,12,7,8,4,4
C5120ST,27,530,District-Kolhapur,Total,30-39,140,77,63,20,10,10,20,8,12,34,18,16,16,14,2,13,7,6,4,2,2,28,14,14,5,4,1
C5120ST,27,530,District-Kolhapur,Total,40-49,128,78,50,18,13,5,20,12,8,31,20,11,20,11,9,3,2,1,4,3,1,27,16,11,5,1,4
C5120ST,27,530,District-Kolhapur,Total,50-59,76,44,32,9,4,5,9,6,3,19,10,9,16,13,3,6,3,3,1,1,0,15,6,9,1,1,0
C5120ST,27,530,District-Kolhapur,Total,60-69,66,39,27,11,4,7,14,10,4,13,9,4,15,9,6,0,0,0,1,0,1,8,5,3,4,2,2
C5120ST,27,530,District-Kolhapur,Total,70-79,34,20,14,9,6,3,5,1,4,4,2,2,10,6,4,0,0,0,0,0,0,5,5,0,1,0,1
C5120ST,27,530,District-Kolhapur,Total,80-89,13,5,8,0,0,0,2,0,2,2,2,0,2,1,1,0,0,0,0,0,0,6,1,5,1,1,0
C5120ST,27,530,District-Kolhapur,Total,90+,6,3,3,0,0,0,1,1,0,1,0,1,0,0,0,0,0,0,0,0,0,2,2,0,2,0,2
C5120ST,27,530,District-Kolhapur,Total,Age Not Stated,2,1,1,0,0,0,1,0,1,0,0,0,0,0,0,0,0,0,0,0,0,1,1,0,0,0,0
C5120ST,27,530,District-Kolhapur,Rural,Total,594,333,261,87,44,43,92,49,43,115,64,51,105,73,32,27,16,11,11,7,4,120,60,60,37,20,17
C5120ST,27,530,District-Kolhapur,Rural,0-4,21,12,9,5,4,1,1,0,1,0,0,0,3,3,0,0,0,0,0,0,0,10,4,6,2,1,1
C5120ST,27,530,District-Kolhapur,Rural,5-9,42,21,21,9,4,5,11,6,5,7,4,3,2,1,1,1,1,0,0,0,0,6,2,4,6,3,3
C5120ST,27,530,District-Kolhapur,Rural,10-19,106,59,47,13,5,8,16,10,6,17,10,7,14,9,5,9,6,3,0,0,0,27,12,15,10,7,3
C5120ST,27,530,District-Kolhapur,Rural,20-29,91,45,46,18,8,10,12,7,5,16,6,10,22,12,10,4,1,3,3,2,1,10,6,4,6,3,3
C5120ST,27,530,District-Kolhapur,Rural,30-39,98,59,39,14,6,8,15,7,8,21,13,8,14,12,2,9,5,4,3,2,1,18,11,7,4,3,1
C5120ST,27,530,District-Kolhapur,Rural,40-49,88,51,37,10,7,3,13,6,7,21,13,8,15,10,5,1,1,0,3,2,1,21,11,10,4,1,3
C5120ST,27,530,District-Kolhapur,Rural,50-59,54,29,25,3,0,3,6,3,3,15,7,8,13,11,2,3,2,1,1,1,0,13,5,8,0,0,0
C5120ST,27,530,District-Kolhapur,Rural,60-69,53,34,19,7,4,3,12,8,4,11,7,4,12,9,3,0,0,0,1,0,1,7,5,2,3,1,2
C5120ST,27,530,District-Kolhapur,Rural,70-79,26,16,10,8,6,2,4,1,3,4,2,2,8,5,3,0,0,0,0,0,0,2,2,0,0,0,0
C5120ST,27,530,District-Kolhapur,Rural,80-89,11,5,6,0,0,0,1,0,1,2,2,0,2,1,1,0,0,0,0,0,0,5,1,4,1,1,0
C5120ST,27,530,District-Kolhapur,Rural,90+,4,2,2,0,0,0,1,1,0,1,0,1,0,0,0,0,0,0,0,0,0,1,1,0,1,0,1
C5120ST,27,530,District-Kolhapur,Rural,Age Not Stated,0,0,0,0,0,0,0,0,0,0,0,0,0,0,0,0,0,0,0,0,0,0,0,0,0,0,0
C5120ST,27,530,District-Kolhapur,Urban,Total,225,117,108,47,24,23,35,22,13,48,22,26,17,7,10,17,8,9,2,1,1,45,26,19,14,7,7
C5120ST,27,530,District-Kolhapur,Urban,0-4,16,10,6,3,2,1,4,3,1,1,0,1,0,0,0,1,1,0,0,0,0,7,4,3,0,0,0
C5120ST,27,530,District-Kolhapur,Urban,5-9,11,6,5,3,2,1,2,1,1,3,2,1,0,0,0,1,0,1,0,0,0,0,0,0,2,1,1
C5120ST,27,530,District-Kolhapur,Urban,10-19,34,16,18,9,2,7,7,6,1,6,2,4,0,0,0,4,2,2,0,0,0,4,2,2,4,2,2
C5120ST,27,530,District-Kolhapur,Urban,20-29,33,14,19,7,4,3,2,0,2,9,1,8,2,1,1,2,1,1,0,0,0,9,6,3,2,1,1
C5120ST,27,530,District-Kolhapur,Urban,30-39,42,18,24,6,4,2,5,1,4,13,5,8,2,2,0,4,2,2,1,0,1,10,3,7,1,1,0
C5120ST,27,530,District-Kolhapur,Urban,40-49,40,27,13,8,6,2,7,6,1,10,7,3,5,1,4,2,1,1,1,1,0,6,5,1,1,0,1
C5120ST,27,530,District-Kolhapur,Urban,50-59,22,15,7,6,4,2,3,3,0,4,3,1,3,2,1,3,1,2,0,0,0,2,1,1,1,1,0
C5120ST,27,530,District-Kolhapur,Urban,60-69,13,5,8,4,0,4,2,2,0,2,2,0,3,0,3,0,0,0,0,0,0,1,0,1,1,1,0
C5120ST,27,530,District-Kolhapur,Urban,70-79,8,4,4,1,0,1,1,0,1,0,0,0,2,1,1,0,0,0,0,0,0,3,3,0,1,0,1
C5120ST,27,530,District-Kolhapur,Urban,80-89,2,0,2,0,0,0,1,0,1,0,0,0,0,0,0,0,0,0,0,0,0,1,0,1,0,0,0
C5120ST,27,530,District-Kolhapur,Urban,90+,2,1,1,0,0,0,0,0,0,0,0,0,0,0,0,0,0,0,0,0,0,1,1,0,1,0,1
C5120ST,27,530,District-Kolhapur,Urban,Age Not Stated,2,1,1,0,0,0,1,0,1,0,0,0,0,0,0,0,0,0,0,0,0,1,1,0,0,0,0
C5120ST,27,531,District-Sangli,Total,Total,637,365,272,115,69,46,112,64,48,117,56,61,83,60,23,33,19,14,7,6,1,138,72,66,32,19,13
C5120ST,27,531,District-Sangli,Total,0-4,50,28,22,9,7,2,7,1,6,3,1,2,2,1,1,2,1,1,0,0,0,24,16,8,3,1,2
C5120ST,27,531,District-Sangli,Total,5-9,55,36,19,11,7,4,7,5,2,7,1,6,1,1,0,4,4,0,2,2,0,17,11,6,6,5,1
C5120ST,27,531,District-Sangli,Total,10-19,105,59,46,16,10,6,32,20,12,13,7,6,8,6,2,7,4,3,0,0,0,22,9,13,7,3,4
C5120ST,27,531,District-Sangli,Total,20-29,134,67,67,27,12,15,20,12,8,33,19,14,22,12,10,8,2,6,0,0,0,20,7,13,4,3,1
C5120ST,27,531,District-Sangli,Total,30-39,108,63,45,16,10,6,18,11,7,17,7,10,25,17,8,5,3,2,2,1,1,20,10,10,5,4,1
C5120ST,27,531,District-Sangli,Total,40-49,55,32,23,7,5,2,9,4,5,13,5,8,6,6,0,3,2,1,1,1,0,15,9,6,1,0,1
C5120ST,27,531,District-Sangli,Total,50-59,47,25,22,8,5,3,7,4,3,15,5,10,5,4,1,2,2,0,1,1,0,8,4,4,1,0,1
C5120ST,27,531,District-Sangli,Total,60-69,40,28,12,11,7,4,6,3,3,11,9,2,4,4,0,1,1,0,0,0,0,6,3,3,1,1,0
C5120ST,27,531,District-Sangli,Total,70-79,18,14,4,6,3,3,2,2,0,1,1,0,4,4,0,0,0,0,0,0,0,3,2,1,2,2,0
C5120ST,27,531,District-Sangli,Total,80-89,9,4,5,2,1,1,3,1,2,1,0,1,1,1,0,0,0,0,1,1,0,0,0,0,1,0,1
C5120ST,27,531,District-Sangli,Total,90+,4,2,2,1,1,0,1,1,0,1,0,1,1,0,1,0,0,0,0,0,0,0,0,0,0,0,0
C5120ST,27,531,District-Sangli,Total,Age Not Stated,12,7,5,1,1,0,0,0,0,2,1,1,4,4,0,1,0,1,0,0,0,3,1,2,1,0,1
C5120ST,27,531,District-Sangli,Rural,Total,435,247,188,76,48,28,77,42,35,85,38,47,62,43,19,23,12,11,4,4,0,85,46,39,23,14,9
C5120ST,27,531,District-Sangli,Rural,0-4,36,20,16,8,6,2,6,1,5,2,0,2,1,0,1,1,1,0,0,0,0,15,11,4,3,1,2
C5120ST,27,531,District-Sangli,Rural,5-9,40,25,15,8,5,3,5,3,2,6,1,5,0,0,0,3,3,0,2,2,0,13,8,5,3,3,0
C5120ST,27,531,District-Sangli,Rural,10-19,67,38,29,8,6,2,21,13,8,7,2,5,8,6,2,6,3,3,0,0,0,10,5,5,7,3,4
C5120ST,27,531,District-Sangli,Rural,20-29,98,47,51,19,7,12,14,8,6,26,16,10,17,9,8,7,2,5,0,0,0,12,3,9,3,2,1
C5120ST,27,531,District-Sangli,Rural,30-39,62,39,23,8,7,1,10,7,3,7,2,5,17,11,6,1,0,1,1,1,0,15,8,7,3,3,0
C5120ST,27,531,District-Sangli,Rural,40-49,38,21,17,3,3,0,7,2,5,12,4,8,5,5,0,3,2,1,0,0,0,7,5,2,1,0,1
C5120ST,27,531,District-Sangli,Rural,50-59,37,17,20,8,5,3,5,2,3,13,4,9,4,3,1,1,1,0,0,0,0,5,2,3,1,0,1
C5120ST,27,531,District-Sangli,Rural,60-69,31,21,10,9,5,4,4,2,2,8,7,1,4,4,0,0,0,0,0,0,0,5,2,3,1,1,0
C5120ST,27,531,District-Sangli,Rural,70-79,11,10,1,2,2,0,2,2,0,1,1,0,3,3,0,0,0,0,0,0,0,2,1,1,1,1,0
C5120ST,27,531,District-Sangli,Rural,80-89,6,3,3,1,0,1,2,1,1,1,0,1,1,1,0,0,0,0,1,1,0,0,0,0,0,0,0
C5120ST,27,531,District-Sangli,Rural,90+,3,2,1,1,1,0,1,1,0,0,0,0,1,0,1,0,0,0,0,0,0,0,0,0,0,0,0
C5120ST,27,531,District-Sangli,Rural,Age Not Stated,6,4,2,1,1,0,0,0,0,2,1,1,1,1,0,1,0,1,0,0,0,1,1,0,0,0,0
C5120ST,27,531,District-Sangli,Urban,Total,202,118,84,39,21,18,35,22,13,32,18,14,21,17,4,10,7,3,3,2,1,53,26,27,9,5,4
C5120ST,27,531,District-Sangli,Urban,0-4,14,8,6,1,1,0,1,0,1,1,1,0,1,1,0,1,0,1,0,0,0,9,5,4,0,0,0
C5120ST,27,531,District-Sangli,Urban,5-9,15,11,4,3,2,1,2,2,0,1,0,1,1,1,0,1,1,0,0,0,0,4,3,1,3,2,1
C5120ST,27,531,District-Sangli,Urban,10-19,38,21,17,8,4,4,11,7,4,6,5,1,0,0,0,1,1,0,0,0,0,12,4,8,0,0,0
C5120ST,27,531,District-Sangli,Urban,20-29,36,20,16,8,5,3,6,4,2,7,3,4,5,3,2,1,0,1,0,0,0,8,4,4,1,1,0
C5120ST,27,531,District-Sangli,Urban,30-39,46,24,22,8,3,5,8,4,4,10,5,5,8,6,2,4,3,1,1,0,1,5,2,3,2,1,1
C5120ST,27,531,District-Sangli,Urban,40-49,17,11,6,4,2,2,2,2,0,1,1,0,1,1,0,0,0,0,1,1,0,8,4,4,0,0,0
C5120ST,27,531,District-Sangli,Urban,50-59,10,8,2,0,0,0,2,2,0,2,1,1,1,1,0,1,1,0,1,1,0,3,2,1,0,0,0
C5120ST,27,531,District-Sangli,Urban,60-69,9,7,2,2,2,0,2,1,1,3,2,1,0,0,0,1,1,0,0,0,0,1,1,0,0,0,0
C5120ST,27,531,District-Sangli,Urban,70-79,7,4,3,4,1,3,0,0,0,0,0,0,1,1,0,0,0,0,0,0,0,1,1,0,1,1,0
C5120ST,27,531,District-Sangli,Urban,80-89,3,1,2,1,1,0,1,0,1,0,0,0,0,0,0,0,0,0,0,0,0,0,0,0,1,0,1
C5120ST,27,531,District-Sangli,Urban,90+,1,0,1,0,0,0,0,0,0,1,0,1,0,0,0,0,0,0,0,0,0,0,0,0,0,0,0
C5120ST,27,531,District-Sangli,Urban,Age Not Stated,6,3,3,0,0,0,0,0,0,0,0,0,3,3,0,0,0,0,0,0,0,2,0,2,1,0,1
C5120ST,28,0,State-ANDHRA PRADESH,Total,Total,148193,78920,69273,26742,13418,13324,25082,12559,12523,9462,5254,4208,36962,22158,14804,7548,3943,3605,2706,1357,1349,27727,13857,13870,11964,6374,5590
C5120ST,28,0,State-ANDHRA PRADESH,Total,0-4,6223,3356,2867,865,445,420,1282,646,636,190,114,76,911,554,357,268,148,120,56,32,24,2123,1116,1007,528,301,227
C5120ST,28,0,State-ANDHRA PRADESH,Total,5-9,11476,6298,5178,1446,797,649,2117,1075,1042,1458,867,591,1628,951,677,937,515,422,181,100,81,2393,1240,1153,1316,753,563
C5120ST,28,0,State-ANDHRA PRADESH,Total,10-19,26915,14300,12615,3228,1781,1447,4998,2581,2417,2553,1365,1188,5268,3047,2221,2255,1161,1094,527,266,261,5410,2617,2793,2676,1482,1194
C5120ST,28,0,State-ANDHRA PRADESH,Total,20-29,24197,13159,11038,2658,1449,1209,3757,1823,1934,1898,1016,882,7351,4509,2842,1557,813,744,521,243,278,4775,2381,2394,1680,925,755
C5120ST,28,0,State-ANDHRA PRADESH,Total,30-39,18823,10424,8399,2510,1386,1124,3409,1670,1739,1286,710,576,5266,3381,1885,1025,518,507,488,252,236,3804,1933,1871,1035,574,461
C5120ST,28,0,State-ANDHRA PRADESH,Total,40-49,15965,8998,6967,2811,1498,1313,2882,1531,1351,842,502,340,4464,2863,1601,718,383,335,399,195,204,3050,1571,1479,799,455,344
C5120ST,28,0,State-ANDHRA PRADESH,Total,50-59,13433,7094,6339,3211,1553,1658,2158,1092,1066,531,286,245,4007,2375,1632,355,186,169,228,110,118,2164,1086,1078,779,406,373
C5120ST,28,0,State-ANDHRA PRADESH,Total,60-69,17484,8529,8955,5586,2462,3124,2605,1216,1389,432,235,197,4843,2744,2099,267,137,130,191,91,100,2104,971,1133,1456,673,783
C5120ST,28,0,State-ANDHRA PRADESH,Total,70-79,8656,4413,4243,3050,1452,1598,1169,573,596,142,82,60,2193,1234,959,91,45,46,73,45,28,889,444,445,1049,538,511
C5120ST,28,0,State-ANDHRA PRADESH,Total,80-89,2640,1140,1500,918,388,530,341,147,194,38,22,16,671,312,359,19,7,12,13,5,8,224,91,133,416,168,248
C5120ST,28,0,State-ANDHRA PRADESH,Total,90+,743,298,445,206,78,128,99,41,58,11,10,1,151,61,90,8,3,5,4,2,2,95,33,62,169,70,99
C5120ST,28,0,State-ANDHRA PRADESH,Total,Age Not Stated,1638,911,727,253,129,124,265,164,101,81,45,36,209,127,82,48,27,21,25,16,9,696,374,322,61,29,32
C5120ST,28,0,State-ANDHRA PRADESH,Rural,Total,130917,69437,61480,24006,11977,12029,21429,10569,10860,7811,4360,3451,33764,20206,13558,6751,3493,3258,2470,1240,1230,23708,11761,11947,10978,5831,5147
C5120ST,28,0,State-ANDHRA PRADESH,Rural,0-4,5245,2844,2401,671,344,327,1045,530,515,166,103,63,842,517,325,235,127,108,50,29,21,1769,927,842,467,267,200
C5120ST,28,0,State-ANDHRA PRADESH,Rural,5-9,10059,5526,4533,1204,661,543,1811,916,895,1263,757,506,1490,876,614,865,471,394,164,93,71,2057,1066,991,1205,686,519
C5120ST,28,0,State-ANDHRA PRADESH,Rural,10-19,23177,12170,11007,2656,1462,1194,4072,1972,2100,2142,1158,984,4797,2779,2018,2000,1020,980,475,237,238,4624,2210,2414,2411,1332,1079
C5120ST,28,0,State-ANDHRA PRADESH,Rural,20-29,20730,11416,9314,2218,1245,973,3096,1530,1566,1554,840,714,6556,4024,2532,1373,723,650,476,227,249,3960,1998,1962,1497,829,668
C5120ST,28,0,State-ANDHRA PRADESH,Rural,30-39,16144,8883,7261,2149,1168,981,2882,1389,1493,993,561,432,4725,3029,1696,898,441,457,432,221,211,3140,1554,1586,925,520,405
C5120ST,28,0,State-ANDHRA PRADESH,Rural,40-49,14174,7926,6248,2542,1354,1188,2532,1332,1200,665,381,284,4055,2581,1474,656,345,311,369,178,191,2621,1339,1282,734,416,318
C5120ST,28,0,State-ANDHRA PRADESH,Rural,50-59,12203,6405,5798,2994,1448,1546,1914,968,946,422,222,200,3702,2185,1517,333,174,159,210,102,108,1905,930,975,723,376,347
C5120ST,28,0,State-ANDHRA PRADESH,Rural,60-69,16487,8019,8468,5353,2354,2999,2446,1140,1306,374,202,172,4559,2580,1979,243,121,122,188,90,98,1929,894,1035,1395,638,757
C5120ST,28,0,State-ANDHRA PRADESH,Rural,70-79,8194,4162,4032,2924,1386,1538,1078,528,550,129,72,57,2088,1174,914,81,37,44,68,43,25,823,410,413,1003,512,491
C5120ST,28,0,State-ANDHRA PRADESH,Rural,80-89,2483,1080,1403,887,376,511,300,136,164,29,20,9,631,294,337,16,5,11,13,5,8,206,83,123,401,161,240
C5120ST,28,0,State-ANDHRA PRADESH,Rural,90+,669,265,404,193,74,119,88,34,54,6,5,1,134,56,78,7,3,4,4,2,2,74,25,49,163,66,97
C5120ST,28,0,State-ANDHRA PRADESH,Rural,Age Not Stated,1352,741,611,215,105,110,165,94,71,68,39,29,185,111,74,44,26,18,21,13,8,600,325,275,54,28,26
C5120ST,28,0,State-ANDHRA PRADESH,Urban,Total,17276,9483,7793,2736,1441,1295,3653,1990,1663,1651,894,757,3198,1952,1246,797,450,347,236,117,119,4019,2096,1923,986,543,443
C5120ST,28,0,State-ANDHRA PRADESH,Urban,0-4,978,512,466,194,101,93,237,116,121,24,11,13,69,37,32,33,21,12,6,3,3,354,189,165,61,34,27
C5120ST,28,0,State-ANDHRA PRADESH,Urban,5-9,1417,772,645,242,136,106,306,159,147,195,110,85,138,75,63,72,44,28,17,7,10,336,174,162,111,67,44
C5120ST,28,0,State-ANDHRA PRADESH,Urban,10-19,3738,2130,1608,572,319,253,926,609,317,411,207,204,471,268,203,255,141,114,52,29,23,786,407,379,265,150,115
C5120ST,28,0,State-ANDHRA PRADESH,Urban,20-29,3467,1743,1724,440,204,236,661,293,368,344,176,168,795,485,310,184,90,94,45,16,29,815,383,432,183,96,87
C5120ST,28,0,State-ANDHRA PRADESH,Urban,30-39,2679,1541,1138,361,218,143,527,281,246,293,149,144,541,352,189,127,77,50,56,31,25,664,379,285,110,54,56
C5120ST,28,0,State-ANDHRA PRADESH,Urban,40-49,1791,1072,719,269,144,125,350,199,151,177,121,56,409,282,127,62,38,24,30,17,13,429,232,197,65,39,26
C5120ST,28,0,State-ANDHRA PRADESH,Urban,50-59,1230,689,541,217,105,112,244,124,120,109,64,45,305,190,115,22,12,10,18,8,10,259,156,103,56,30,26
C5120ST,28,0,State-ANDHRA PRADESH,Urban,60-69,997,510,487,233,108,125,159,76,83,58,33,25,284,164,120,24,16,8,3,1,2,175,77,98,61,35,26
C5120ST,28,0,State-ANDHRA PRADESH,Urban,70-79,462,251,211,126,66,60,91,45,46,13,10,3,105,60,45,10,8,2,5,2,3,66,34,32,46,26,20
C5120ST,28,0,State-ANDHRA PRADESH,Urban,80-89,157,60,97,31,12,19,41,11,30,9,2,7,40,18,22,3,2,1,0,0,0,18,8,10,15,7,8
C5120ST,28,0,State-ANDHRA PRADESH,Urban,90+,74,33,41,13,4,9,11,7,4,5,5,0,17,5,12,1,0,1,0,0,0,21,8,13,6,4,2
C5120ST,28,0,State-ANDHRA PRADESH,Urban,Age Not Stated,286,170,116,38,24,14,100,70,30,13,6,7,24,16,8,4,1,3,4,3,1,96,49,47,7,1,6
C5120ST,28,532,District-Adilabad,Total,Total,12534,6742,5792,2421,1182,1239,2284,1211,1073,617,368,249,2728,1672,1056,550,295,255,277,139,138,2856,1442,1414,801,433,368
C5120ST,28,532,District-Adilabad,Total,0-4,574,314,260,82,40,42,144,79,65,16,13,3,79,51,28,16,8,8,1,0,1,204,104,100,32,19,13
C5120ST,28,532,District-Adilabad,Total,5-9,953,537,416,119,66,53,241,136,105,77,51,26,118,75,43,57,34,23,12,6,6,256,126,130,73,43,30
C5120ST,28,532,District-Adilabad,Total,10-19,2309,1208,1101,318,165,153,467,233,234,178,96,82,445,250,195,155,73,82,62,31,31,511,263,248,173,97,76
C5120ST,28,532,District-Adilabad,Total,20-29,1798,1028,770,199,109,90,331,165,166,126,71,55,470,303,167,100,54,46,60,32,28,407,222,185,105,72,33
C5120ST,28,532,District-Adilabad,Total,30-39,1519,881,638,197,113,84,295,168,127,72,46,26,410,277,133,83,50,33,49,23,26,349,164,185,64,40,24
C5120ST,28,532,District-Adilabad,Total,40-49,1398,768,630,248,118,130,279,140,139,45,33,12,349,233,116,64,34,30,47,22,25,302,154,148,64,34,30
C5120ST,28,532,District-Adilabad,Total,50-59,1093,605,488,264,131,133,174,99,75,41,23,18,298,187,111,27,16,11,19,9,10,213,108,105,57,32,25
C5120ST,28,532,District-Adilabad,Total,60-69,1361,645,716,513,226,287,178,86,92,31,18,13,327,177,150,27,14,13,15,8,7,180,79,101,90,37,53
C5120ST,28,532,District-Adilabad,Total,70-79,676,301,375,287,128,159,74,39,35,7,2,5,137,64,73,5,2,3,2,1,1,87,31,56,77,34,43
C5120ST,28,532,District-Adilabad,Total,80-89,229,105,124,87,39,48,32,18,14,3,3,0,38,19,19,1,0,1,2,1,1,29,12,17,37,13,24
C5120ST,28,532,District-Adilabad,Total,90+,64,22,42,17,5,12,7,5,2,1,1,0,7,1,6,1,0,1,1,0,1,12,3,9,18,7,11
C5120ST,28,532,District-Adilabad,Total,Age Not Stated,560,328,232,90,42,48,62,43,19,20,11,9,50,35,15,14,10,4,7,6,1,306,176,130,11,5,6
C5120ST,28,532,District-Adilabad,Rural,Total,11832,6357,5475,2304,1122,1182,2174,1155,1019,551,329,222,2543,1552,991,511,273,238,265,132,133,2715,1377,1338,769,417,352
C5120ST,28,532,District-Adilabad,Rural,0-4,545,303,242,79,39,40,135,76,59,16,13,3,76,50,26,16,8,8,1,0,1,192,100,92,30,17,13
C5120ST,28,532,District-Adilabad,Rural,5-9,903,506,397,110,60,50,229,130,99,70,47,23,112,71,41,54,32,22,11,5,6,248,120,128,69,41,28
C5120ST,28,532,District-Adilabad,Rural,10-19,2144,1126,1018,288,150,138,442,222,220,163,87,76,414,235,179,144,65,79,60,29,31,468,245,223,165,93,72
C5120ST,28,532,District-Adilabad,Rural,20-29,1671,953,718,187,104,83,310,151,159,113,64,49,431,276,155,90,49,41,54,29,25,386,210,176,100,70,30
C5120ST,28,532,District-Adilabad,Rural,30-39,1425,826,599,185,104,81,283,162,121,58,40,18,384,258,126,75,46,29,46,22,24,334,156,178,60,38,22
C5120ST,28,532,District-Adilabad,Rural,40-49,1323,721,602,243,117,126,271,136,135,41,29,12,318,210,108,61,33,28,47,22,25,281,141,140,61,33,28
C5120ST,28,532,District-Adilabad,Rural,50-59,1039,575,464,252,126,126,164,93,71,34,18,16,282,175,107,26,16,10,19,9,10,206,106,100,56,32,24
C5120ST,28,532,District-Adilabad,Rural,60-69,1307,617,690,495,218,277,173,83,90,30,17,13,305,165,140,25,12,13,15,8,7,176,79,97,88,35,53
C5120ST,28,532,District-Adilabad,Rural,70-79,654,286,368,277,121,156,69,37,32,7,2,5,132,59,73,5,2,3,2,1,1,86,31,55,76,33,43
C5120ST,28,532,District-Adilabad,Rural,80-89,220,102,118,84,38,46,30,17,13,2,2,0,37,19,18,1,0,1,2,1,1,28,12,16,36,13,23
C5120ST,28,532,District-Adilabad,Rural,90+,60,22,38,16,5,11,7,5,2,1,1,0,5,1,4,0,0,0,1,0,1,12,3,9,18,7,11
C5120ST,28,532,District-Adilabad,Rural,Age Not Stated,541,320,221,88,40,48,61,43,18,16,9,7,47,33,14,14,10,4,7,6,1,298,174,124,10,5,5
C5120ST,28,532,District-Adilabad,Urban,Total,702,385,317,117,60,57,110,56,54,66,39,27,185,120,65,39,22,17,12,7,5,141,65,76,32,16,16
C5120ST,28,532,District-Adilabad,Urban,0-4,29,11,18,3,1,2,9,3,6,0,0,0,3,1,2,0,0,0,0,0,0,12,4,8,2,2,0
C5120ST,28,532,District-Adilabad,Urban,5-9,50,31,19,9,6,3,12,6,6,7,4,3,6,4,2,3,2,1,1,1,0,8,6,2,4,2,2
C5120ST,28,532,District-Adilabad,Urban,10-19,165,82,83,30,15,15,25,11,14,15,9,6,31,15,16,11,8,3,2,2,0,43,18,25,8,4,4
C5120ST,28,532,District-Adilabad,Urban,20-29,127,75,52,12,5,7,21,14,7,13,7,6,39,27,12,10,5,5,6,3,3,21,12,9,5,2,3
C5120ST,28,532,District-Adilabad,Urban,30-39,94,55,39,12,9,3,12,6,6,14,6,8,26,19,7,8,4,4,3,1,2,15,8,7,4,2,2
C5120ST,28,532,District-Adilabad,Urban,40-49,75,47,28,5,1,4,8,4,4,4,4,0,31,23,8,3,1,2,0,0,0,21,13,8,3,1,2
C5120ST,28,532,District-Adilabad,Urban,50-59,54,30,24,12,5,7,10,6,4,7,5,2,16,12,4,1,0,1,0,0,0,7,2,5,1,0,1
C5120ST,28,532,District-Adilabad,Urban,60-69,54,28,26,18,8,10,5,3,2,1,1,0,22,12,10,2,2,0,0,0,0,4,0,4,2,2,0
C5120ST,28,532,District-Adilabad,Urban,70-79,22,15,7,10,7,3,5,2,3,0,0,0,5,5,0,0,0,0,0,0,0,1,0,1,1,1,0
C5120ST,28,532,District-Adilabad,Urban,80-89,9,3,6,3,1,2,2,1,1,1,1,0,1,0,1,0,0,0,0,0,0,1,0,1,1,0,1
C5120ST,28,532,District-Adilabad,Urban,90+,4,0,4,1,0,1,0,0,0,0,0,0,2,0,2,1,0,1,0,0,0,0,0,0,0,0,0
C5120ST,28,532,District-Adilabad,Urban,Age Not Stated,19,8,11,2,2,0,1,0,1,4,2,2,3,2,1,0,0,0,0,0,0,8,2,6,1,0,1
C5120ST,28,533,District-Nizamabad,Total,Total,4946,2629,2317,669,317,352,713,422,291,293,172,121,1226,717,509,234,125,109,78,40,38,1360,629,731,373,207,166
C5120ST,28,533,District-Nizamabad,Total,0-4,275,155,120,29,21,8,38,24,14,6,5,1,28,17,11,10,6,4,3,2,1,137,69,68,24,11,13
C5120ST,28,533,District-Nizamabad,Total,5-9,453,246,207,56,29,27,74,43,31,42,24,18,64,33,31,31,21,10,4,3,1,132,65,67,50,28,22
C5120ST,28,533,District-Nizamabad,Total,10-19,985,548,437,85,45,40,160,123,37,77,53,24,188,102,86,71,35,36,21,10,11,304,136,168,79,44,35
C5120ST,28,533,District-Nizamabad,Total,20-29,697,369,328,67,32,35,87,41,46,57,27,30,215,138,77,43,21,22,14,6,8,180,77,103,34,27,7
C5120ST,28,533,District-Nizamabad,Total,30-39,600,342,258,67,37,30,88,49,39,34,20,14,176,115,61,29,12,17,11,7,4,170,87,83,25,15,10
C5120ST,28,533,District-Nizamabad,Total,40-49,529,295,234,58,27,31,82,55,27,27,15,12,147,97,50,26,15,11,13,5,8,160,71,89,16,10,6
C5120ST,28,533,District-Nizamabad,Total,50-59,401,205,196,55,20,35,52,28,24,17,9,8,126,72,54,12,7,5,6,4,2,104,53,51,29,12,17
C5120ST,28,533,District-Nizamabad,Total,60-69,481,238,243,121,56,65,55,27,28,15,10,5,161,82,79,7,4,3,2,1,1,72,32,40,48,26,22
C5120ST,28,533,District-Nizamabad,Total,70-79,299,141,158,76,31,45,44,20,24,5,2,3,84,43,41,1,0,1,2,0,2,50,22,28,37,23,14
C5120ST,28,533,District-Nizamabad,Total,80-89,108,43,65,35,12,23,17,7,10,3,3,0,20,9,11,1,1,0,1,1,0,17,6,11,14,4,10
C5120ST,28,533,District-Nizamabad,Total,90+,35,12,23,13,4,9,3,1,2,0,0,0,5,2,3,0,0,0,0,0,0,1,0,1,13,5,8
C5120ST,28,533,District-Nizamabad,Total,Age Not Stated,83,35,48,7,3,4,13,4,9,10,4,6,12,7,5,3,3,0,1,1,0,33,11,22,4,2,2
C5120ST,28,533,District-Nizamabad,Rural,Total,4784,2532,2252,637,304,333,671,389,282,269,156,113,1198,703,495,226,122,104,74,36,38,1339,617,722,370,205,165
C5120ST,28,533,District-Nizamabad,Rural,0-4,267,151,116,28,20,8,37,24,13,6,5,1,27,17,10,10,6,4,3,2,1,133,67,66,23,10,13
C5120ST,28,533,District-Nizamabad,Rural,5-9,438,239,199,54,29,25,70,41,29,39,23,16,61,31,30,31,21,10,4,3,1,129,63,66,50,28,22
C5120ST,28,533,District-Nizamabad,Rural,10-19,940,513,427,81,44,37,137,100,37,72,50,22,184,100,84,69,34,35,21,10,11,298,132,166,78,43,35
C5120ST,28,533,District-Nizamabad,Rural,20-29,672,353,319,61,29,32,83,38,45,52,23,29,210,134,76,41,21,20,13,5,8,178,76,102,34,27,7
C5120ST,28,533,District-Nizamabad,Rural,30-39,581,332,249,64,35,29,86,48,38,30,17,13,169,111,58,28,12,16,11,7,4,168,87,81,25,15,10
C5120ST,28,533,District-Nizamabad,Rural,40-49,509,281,228,54,25,29,79,53,26,23,12,11,146,96,50,23,13,10,11,3,8,157,69,88,16,10,6
C5120ST,28,533,District-Nizamabad,Rural,50-59,391,203,188,51,20,31,49,26,23,16,9,7,125,72,53,12,7,5,6,4,2,104,53,51,28,12,16
C5120ST,28,533,District-Nizamabad,Rural,60-69,471,234,237,117,54,63,54,27,27,13,8,5,158,82,76,7,4,3,2,1,1,72,32,40,48,26,22
C5120ST,28,533,District-Nizamabad,Rural,70-79,293,138,155,73,29,44,44,20,24,5,2,3,82,43,39,1,0,1,2,0,2,49,21,28,37,23,14
C5120ST,28,533,District-Nizamabad,Rural,80-89,108,43,65,35,12,23,17,7,10,3,3,0,20,9,11,1,1,0,1,1,0,17,6,11,14,4,10
C5120ST,28,533,District-Nizamabad,Rural,90+,35,12,23,13,4,9,3,1,2,0,0,0,5,2,3,0,0,0,0,0,0,1,0,1,13,5,8
C5120ST,28,533,District-Nizamabad,Rural,Age Not Stated,79,33,46,6,3,3,12,4,8,10,4,6,11,6,5,3,3,0,0,0,0,33,11,22,4,2,2
C5120ST,28,533,District-Nizamabad,Urban,Total,162,97,65,32,13,19,42,33,9,24,16,8,28,14,14,8,3,5,4,4,0,21,12,9,3,2,1
C5120ST,28,533,District-Nizamabad,Urban,0-4,8,4,4,1,1,0,1,0,1,0,0,0,1,0,1,0,0,0,0,0,0,4,2,2,1,1,0
C5120ST,28,533,District-Nizamabad,Urban,5-9,15,7,8,2,0,2,4,2,2,3,1,2,3,2,1,0,0,0,0,0,0,3,2,1,0,0,0
C5120ST,28,533,District-Nizamabad,Urban,10-19,45,35,10,4,1,3,23,23,0,5,3,2,4,2,2,2,1,1,0,0,0,6,4,2,1,1,0
C5120ST,28,533,District-Nizamabad,Urban,20-29,25,16,9,6,3,3,4,3,1,5,4,1,5,4,1,2,0,2,1,1,0,2,1,1,0,0,0
C5120ST,28,533,District-Nizamabad,Urban,30-39,19,10,9,3,2,1,2,1,1,4,3,1,7,4,3,1,0,1,0,0,0,2,0,2,0,0,0
C5120ST,28,533,District-Nizamabad,Urban,40-49,20,14,6,4,2,2,3,2,1,4,3,1,1,1,0,3,2,1,2,2,0,3,2,1,0,0,0
C5120ST,28,533,District-Nizamabad,Urban,50-59,10,2,8,4,0,4,3,2,1,1,0,1,1,0,1,0,0,0,0,0,0,0,0,0,1,0,1
C5120ST,28,533,District-Nizamabad,Urban,60-69,10,4,6,4,2,2,1,0,1,2,2,0,3,0,3,0,0,0,0,0,0,0,0,0,0,0,0
C5120ST,28,533,District-Nizamabad,Urban,70-79,6,3,3,3,2,1,0,0,0,0,0,0,2,0,2,0,0,0,0,0,0,1,1,0,0,0,0
C5120ST,28,533,District-Nizamabad,Urban,80-89,0,0,0,0,0,0,0,0,0,0,0,0,0,0,0,0,0,0,0,0,0,0,0,0,0,0,0
C5120ST,28,533,District-Nizamabad,Urban,90+,0,0,0,0,0,0,0,0,0,0,0,0,0,0,0,0,0,0,0,0,0,0,0,0,0,0,0
C5120ST,28,533,District-Nizamabad,Urban,Age Not Stated,4,2,2,1,0,1,1,0,1,0,0,0,1,1,0,0,0,0,1,1,0,0,0,0,0,0,0
C5120ST,28,534,District-Karimnagar,Total,Total,2958,1568,1390,645,377,268,399,185,214,229,123,106,746,420,326,172,85,87,39,24,15,509,245,264,219,109,110
C5120ST,28,534,District-Karimnagar,Total,0-4,110,68,42,23,13,10,16,9,7,4,2,2,17,10,7,5,2,3,0,0,0,39,26,13,6,6,0
C5120ST,28,534,District-Karimnagar,Total,5-9,190,96,94,43,29,14,21,9,12,23,14,9,24,9,15,11,5,6,3,1,2,36,16,20,29,13,16
C5120ST,28,534,District-Karimnagar,Total,10-19,554,303,251,91,67,24,61,26,35,68,34,34,116,63,53,55,27,28,5,1,4,104,57,47,54,28,26
C5120ST,28,534,District-Karimnagar,Total,20-29,455,249,206,76,45,31,50,21,29,53,28,25,122,78,44,38,21,17,4,2,2,77,37,40,35,17,18
C5120ST,28,534,District-Karimnagar,Total,30-39,426,228,198,81,50,31,60,32,28,32,16,16,107,59,48,23,10,13,11,8,3,92,39,53,20,14,6
C5120ST,28,534,District-Karimnagar,Total,40-49,305,171,134,74,46,28,37,19,18,22,13,9,85,48,37,21,12,9,8,6,2,43,21,22,15,6,9
C5120ST,28,534,District-Karimnagar,Total,50-59,229,112,117,53,28,25,39,15,24,11,5,6,72,43,29,4,1,3,6,5,1,39,12,27,5,3,2
C5120ST,28,534,District-Karimnagar,Total,60-69,338,156,182,99,47,52,64,27,37,10,5,5,100,50,50,9,5,4,2,1,1,31,14,17,23,7,16
C5120ST,28,534,District-Karimnagar,Total,70-79,210,108,102,72,34,38,39,21,18,3,3,0,56,31,25,4,1,3,0,0,0,15,7,8,21,11,10
C5120ST,28,534,District-Karimnagar,Total,80-89,70,35,35,21,9,12,8,4,4,0,0,0,30,19,11,1,1,0,0,0,0,4,2,2,6,0,6
C5120ST,28,534,District-Karimnagar,Total,90+,15,8,7,4,3,1,2,1,1,0,0,0,7,3,4,0,0,0,0,0,0,1,0,1,1,1,0
C5120ST,28,534,District-Karimnagar,Total,Age Not Stated,56,34,22,8,6,2,2,1,1,3,3,0,10,7,3,1,0,1,0,0,0,28,14,14,4,3,1
C5120ST,28,534,District-Karimnagar,Rural,Total,2636,1392,1244,586,345,241,356,162,194,176,91,85,685,388,297,153,76,77,36,22,14,436,206,230,208,102,106
C5120ST,28,534,District-Karimnagar,Rural,0-4,92,56,36,18,12,6,14,8,6,3,1,2,16,9,7,4,1,3,0,0,0,32,20,12,5,5,0
C5120ST,28,534,District-Karimnagar,Rural,5-9,171,87,84,40,27,13,18,8,10,20,11,9,19,8,11,11,5,6,3,1,2,33,15,18,27,12,15
C5120ST,28,534,District-Karimnagar,Rural,10-19,470,261,209,81,61,20,49,20,29,52,26,26,103,57,46,48,25,23,4,1,3,83,45,38,50,26,24
C5120ST,28,534,District-Karimnagar,Rural,20-29,397,213,184,65,37,28,42,18,24,41,22,19,110,68,42,33,18,15,4,2,2,67,31,36,35,17,18
C5120ST,28,534,District-Karimnagar,Rural,30-39,370,197,173,75,47,28,52,26,26,24,10,14,95,54,41,20,8,12,10,7,3,76,32,44,18,13,5
C5120ST,28,534,District-Karimnagar,Rural,40-49,259,146,113,63,41,22,34,17,17,14,8,6,76,43,33,19,12,7,8,6,2,32,15,17,13,4,9
C5120ST,28,534,District-Karimnagar,Rural,50-59,213,104,109,50,27,23,36,12,24,10,4,6,68,41,27,4,1,3,5,4,1,35,12,23,5,3,2
C5120ST,28,534,District-Karimnagar,Rural,60-69,323,149,174,93,42,51,61,27,34,7,4,3,98,50,48,8,4,4,2,1,1,31,14,17,23,7,16
C5120ST,28,534,District-Karimnagar,Rural,70-79,202,103,99,69,33,36,38,20,18,2,2,0,53,29,24,4,1,3,0,0,0,15,7,8,21,11,10
C5120ST,28,534,District-Karimnagar,Rural,80-89,70,35,35,21,9,12,8,4,4,0,0,0,30,19,11,1,1,0,0,0,0,4,2,2,6,0,6
C5120ST,28,534,District-Karimnagar,Rural,90+,15,8,7,4,3,1,2,1,1,0,0,0,7,3,4,0,0,0,0,0,0,1,0,1,1,1,0
C5120ST,28,534,District-Karimnagar,Rural,Age Not Stated,54,33,21,7,6,1,2,1,1,3,3,0,10,7,3,1,0,1,0,0,0,27,13,14,4,3,1
C5120ST,28,534,District-Karimnagar,Urban,Total,322,176,146,59,32,27,43,23,20,53,32,21,61,32,29,19,9,10,3,2,1,73,39,34,11,7,4
C5120ST,28,534,District-Karimnagar,Urban,0-4,18,12,6,5,1,4,2,1,1,1,1,0,1,1,0,1,1,0,0,0,0,7,6,1,1,1,0
C5120ST,28,534,District-Karimnagar,Urban,5-9,19,9,10,3,2,1,3,1,2,3,3,0,5,1,4,0,0,0,0,0,0,3,1,2,2,1,1
C5120ST,28,534,District-Karimnagar,Urban,10-19,84,42,42,10,6,4,12,6,6,16,8,8,13,6,7,7,2,5,1,0,1,21,12,9,4,2,2
C5120ST,28,534,District-Karimnagar,Urban,20-29,58,36,22,11,8,3,8,3,5,12,6,6,12,10,2,5,3,2,0,0,0,10,6,4,0,0,0
C5120ST,28,534,District-Karimnagar,Urban,30-39,56,31,25,6,3,3,8,6,2,8,6,2,12,5,7,3,2,1,1,1,0,16,7,9,2,1,1
C5120ST,28,534,District-Karimnagar,Urban,40-49,46,25,21,11,5,6,3,2,1,8,5,3,9,5,4,2,0,2,0,0,0,11,6,5,2,2,0
C5120ST,28,534,District-Karimnagar,Urban,50-59,16,8,8,3,1,2,3,3,0,1,1,0,4,2,2,0,0,0,1,1,0,4,0,4,0,0,0
C5120ST,28,534,District-Karimnagar,Urban,60-69,15,7,8,6,5,1,3,0,3,3,1,2,2,0,2,1,1,0,0,0,0,0,0,0,0,0,0
C5120ST,28,534,District-Karimnagar,Urban,70-79,8,5,3,3,1,2,1,1,0,1,1,0,3,2,1,0,0,0,0,0,0,0,0,0,0,0,0
C5120ST,28,534,District-Karimnagar,Urban,80-89,0,0,0,0,0,0,0,0,0,0,0,0,0,0,0,0,0,0,0,0,0,0,0,0,0,0,0
C5120ST,28,534,District-Karimnagar,Urban,90+,0,0,0,0,0,0,0,0,0,0,0,0,0,0,0,0,0,0,0,0,0,0,0,0,0,0,0
C5120ST,28,534,District-Karimnagar,Urban,Age Not Stated,2,1,1,1,0,1,0,0,0,0,0,0,0,0,0,0,0,0,0,0,0,1,1,0,0,0,0
C5120ST,28,535,District-Medak,Total,Total,3571,1997,1574,751,383,368,394,214,180,231,125,106,1178,724,454,181,98,83,64,24,40,485,268,217,287,161,126
C5120ST,28,535,District-Medak,Total,0-4,164,96,68,38,16,22,13,8,5,1,1,0,42,27,15,2,1,1,1,0,1,45,30,15,22,13,9
C5120ST,28,535,District-Medak,Total,5-9,332,199,133,49,34,15,51,32,19,43,27,16,63,40,23,30,13,17,6,3,3,49,26,23,41,24,17
C5120ST,28,535,District-Medak,Total,10-19,710,376,334,93,47,46,82,42,40,81,39,42,222,124,98,66,38,28,11,3,8,93,47,46,62,36,26
C5120ST,28,535,District-Medak,Total,20-29,563,312,251,90,51,39,59,32,27,38,20,18,219,129,90,32,19,13,10,1,9,73,37,36,42,23,19
C5120ST,28,535,District-Medak,Total,30-39,438,275,163,76,43,33,43,30,13,24,13,11,176,118,58,19,12,7,14,4,10,59,38,21,27,17,10
C5120ST,28,535,District-Medak,Total,40-49,276,155,121,50,24,26,26,13,13,15,12,3,106,67,39,8,3,5,4,3,1,48,25,23,19,8,11
C5120ST,28,535,District-Medak,Total,50-59,283,165,118,69,38,31,26,17,9,13,5,8,106,68,38,11,5,6,7,3,4,38,22,16,13,7,6
C5120ST,28,535,District-Medak,Total,60-69,419,227,192,136,62,74,46,23,23,11,5,6,154,95,59,6,5,1,7,4,3,38,19,19,21,14,7
C5120ST,28,535,District-Medak,Total,70-79,262,137,125,108,50,58,24,10,14,5,3,2,65,43,22,7,2,5,2,2,0,29,17,12,22,10,12
C5120ST,28,535,District-Medak,Total,80-89,84,35,49,36,15,21,17,5,12,0,0,0,16,6,10,0,0,0,1,0,1,4,3,1,10,6,4
C5120ST,28,535,District-Medak,Total,90+,27,12,15,6,3,3,6,2,4,0,0,0,4,3,1,0,0,0,1,1,0,2,0,2,8,3,5
C5120ST,28,535,District-Medak,Total,Age Not Stated,13,8,5,0,0,0,1,0,1,0,0,0,5,4,1,0,0,0,0,0,0,7,4,3,0,0,0
C5120ST,28,535,District-Medak,Rural,Total,3349,1878,1471,722,365,357,367,199,168,211,118,93,1123,692,431,169,91,78,58,21,37,434,240,194,265,152,113
C5120ST,28,535,District-Medak,Rural,0-4,152,90,62,36,14,22,10,7,3,1,1,0,40,27,13,2,1,1,1,0,1,42,28,14,20,12,8
C5120ST,28,535,District-Medak,Rural,5-9,318,189,129,47,32,15,47,28,19,43,27,16,62,40,22,29,13,16,6,3,3,45,23,22,39,23,16
C5120ST,28,535,District-Medak,Rural,10-19,648,349,299,89,46,43,79,41,38,73,37,36,210,120,90,57,32,25,6,1,5,80,39,41,54,33,21
C5120ST,28,535,District-Medak,Rural,20-29,521,287,234,87,48,39,53,29,24,32,17,15,207,120,87,30,18,12,10,1,9,64,33,31,38,21,17
C5120ST,28,535,District-Medak,Rural,30-39,397,248,149,69,39,30,36,26,10,23,13,10,160,107,53,19,12,7,14,4,10,50,31,19,26,16,10
C5120ST,28,535,District-Medak,Rural,40-49,257,148,109,48,24,24,25,13,12,14,12,2,100,63,37,8,3,5,3,2,1,40,23,17,19,8,11
C5120ST,28,535,District-Medak,Rural,50-59,272,157,115,65,34,31,25,16,9,13,5,8,105,67,38,11,5,6,7,3,4,36,21,15,10,6,4
C5120ST,28,535,District-Medak,Rural,60-69,411,223,188,135,61,74,46,23,23,9,5,4,151,92,59,6,5,1,7,4,3,36,19,17,21,14,7
C5120ST,28,535,District-Medak,Rural,70-79,252,133,119,105,50,55,23,9,14,3,1,2,64,43,21,7,2,5,2,2,0,28,16,12,20,10,10
C5120ST,28,535,District-Medak,Rural,80-89,81,34,47,35,14,21,16,5,11,0,0,0,15,6,9,0,0,0,1,0,1,4,3,1,10,6,4
C5120ST,28,535,District-Medak,Rural,90+,27,12,15,6,3,3,6,2,4,0,0,0,4,3,1,0,0,0,1,1,0,2,0,2,8,3,5
C5120ST,28,535,District-Medak,Rural,Age Not Stated,13,8,5,0,0,0,1,0,1,0,0,0,5,4,1,0,0,0,0,0,0,7,4,3,0,0,0
C5120ST,28,535,District-Medak,Urban,Total,222,119,103,29,18,11,27,15,12,20,7,13,55,32,23,12,7,5,6,3,3,51,28,23,22,9,13
C5120ST,28,535,District-Medak,Urban,0-4,12,6,6,2,2,0,3,1,2,0,0,0,2,0,2,0,0,0,0,0,0,3,2,1,2,1,1
C5120ST,28,535,District-Medak,Urban,5-9,14,10,4,2,2,0,4,4,0,0,0,0,1,0,1,1,0,1,0,0,0,4,3,1,2,1,1
C5120ST,28,535,District-Medak,Urban,10-19,62,27,35,4,1,3,3,1,2,8,2,6,12,4,8,9,6,3,5,2,3,13,8,5,8,3,5
C5120ST,28,535,District-Medak,Urban,20-29,42,25,17,3,3,0,6,3,3,6,3,3,12,9,3,2,1,1,0,0,0,9,4,5,4,2,2
C5120ST,28,535,District-Medak,Urban,30-39,41,27,14,7,4,3,7,4,3,1,0,1,16,11,5,0,0,0,0,0,0,9,7,2,1,1,0
C5120ST,28,535,District-Medak,Urban,40-49,19,7,12,2,0,2,1,0,1,1,0,1,6,4,2,0,0,0,1,1,0,8,2,6,0,0,0
C5120ST,28,535,District-Medak,Urban,50-59,11,8,3,4,4,0,1,1,0,0,0,0,1,1,0,0,0,0,0,0,0,2,1,1,3,1,2
C5120ST,28,535,District-Medak,Urban,60-69,8,4,4,1,1,0,0,0,0,2,0,2,3,3,0,0,0,0,0,0,0,2,0,2,0,0,0
C5120ST,28,535,District-Medak,Urban,70-79,10,4,6,3,0,3,1,1,0,2,2,0,1,0,1,0,0,0,0,0,0,1,1,0,2,0,2
C5120ST,28,535,District-Medak,Urban,80-89,3,1,2,1,1,0,1,0,1,0,0,0,1,0,1,0,0,0,0,0,0,0,0,0,0,0,0
C5120ST,28,535,District-Medak,Urban,90+,0,0,0,0,0,0,0,0,0,0,0,0,0,0,0,0,0,0,0,0,0,0,0,0,0,0,0
C5120ST,28,535,District-Medak,Urban,Age Not Stated,0,0,0,0,0,0,0,0,0,0,0,0,0,0,0,0,0,0,0,0,0,0,0,0,0,0,0
C5120ST,28,536,District-Hyderabad,Total,Total,2391,1248,1143,648,356,292,663,325,338,137,74,63,113,69,44,69,41,28,10,5,5,687,348,339,64,30,34
C5120ST,28,536,District-Hyderabad,Total,0-4,218,115,103,82,40,42,61,38,23,2,1,1,6,1,5,4,3,1,1,1,0,58,30,28,4,1,3
C5120ST,28,536,District-Hyderabad,Total,5-9,234,117,117,77,40,37,59,27,32,18,10,8,5,4,1,8,7,1,1,1,0,60,24,36,6,4,2
C5120ST,28,536,District-Hyderabad,Total,10-19,410,218,192,117,68,49,109,54,55,29,13,16,14,9,5,17,10,7,2,1,1,109,60,49,13,3,10
C5120ST,28,536,District-Hyderabad,Total,20-29,499,232,267,134,66,68,139,55,84,29,18,11,23,17,6,15,7,8,4,1,3,139,61,78,16,7,9
C5120ST,28,536,District-Hyderabad,Total,30-39,384,216,168,89,51,38,107,59,48,20,8,12,22,14,8,11,7,4,2,1,1,127,74,53,6,2,4
C5120ST,28,536,District-Hyderabad,Total,40-49,266,150,116,67,45,22,73,39,34,20,12,8,13,8,5,7,3,4,0,0,0,78,38,40,8,5,3
C5120ST,28,536,District-Hyderabad,Total,50-59,153,78,75,32,19,13,48,21,27,9,4,5,9,5,4,2,0,2,0,0,0,50,27,23,3,2,1
C5120ST,28,536,District-Hyderabad,Total,60-69,94,47,47,22,9,13,23,11,12,5,4,1,9,3,6,2,2,0,0,0,0,29,16,13,4,2,2
C5120ST,28,536,District-Hyderabad,Total,70-79,46,24,22,9,5,4,13,6,7,2,2,0,5,3,2,0,0,0,0,0,0,15,6,9,2,2,0
C5120ST,28,536,District-Hyderabad,Total,80-89,11,6,5,0,0,0,6,2,4,0,0,0,2,2,0,1,1,0,0,0,0,2,1,1,0,0,0
C5120ST,28,536,District-Hyderabad,Total,90+,9,5,4,1,0,1,2,1,1,1,1,0,0,0,0,0,0,0,0,0,0,4,2,2,1,1,0
C5120ST,28,536,District-Hyderabad,Total,Age Not Stated,67,40,27,18,13,5,23,12,11,2,1,1,5,3,2,2,1,1,0,0,0,16,9,7,1,1,0
C5120ST,28,536,District-Hyderabad,Rural,Total,0,0,0,0,0,0,0,0,0,0,0,0,0,0,0,0,0,0,0,0,0,0,0,0,0,0,0
C5120ST,28,536,District-Hyderabad,Rural,0-4,0,0,0,0,0,0,0,0,0,0,0,0,0,0,0,0,0,0,0,0,0,0,0,0,0,0,0
C5120ST,28,536,District-Hyderabad,Rural,5-9,0,0,0,0,0,0,0,0,0,0,0,0,0,0,0,0,0,0,0,0,0,0,0,0,0,0,0
C5120ST,28,536,District-Hyderabad,Rural,10-19,0,0,0,0,0,0,0,0,0,0,0,0,0,0,0,0,0,0,0,0,0,0,0,0,0,0,0
C5120ST,28,536,District-Hyderabad,Rural,20-29,0,0,0,0,0,0,0,0,0,0,0,0,0,0,0,0,0,0,0,0,0,0,0,0,0,0,0
C5120ST,28,536,District-Hyderabad,Rural,30-39,0,0,0,0,0,0,0,0,0,0,0,0,0,0,0,0,0,0,0,0,0,0,0,0,0,0,0
C5120ST,28,536,District-Hyderabad,Rural,40-49,0,0,0,0,0,0,0,0,0,0,0,0,0,0,0,0,0,0,0,0,0,0,0,0,0,0,0
C5120ST,28,536,District-Hyderabad,Rural,50-59,0,0,0,0,0,0,0,0,0,0,0,0,0,0,0,0,0,0,0,0,0,0,0,0,0,0,0
C5120ST,28,536,District-Hyderabad,Rural,60-69,0,0,0,0,0,0,0,0,0,0,0,0,0,0,0,0,0,0,0,0,0,0,0,0,0,0,0
C5120ST,28,536,District-Hyderabad,Rural,70-79,0,0,0,0,0,0,0,0,0,0,0,0,0,0,0,0,0,0,0,0,0,0,0,0,0,0,0
C5120ST,28,536,District-Hyderabad,Rural,80-89,0,0,0,0,0,0,0,0,0,0,0,0,0,0,0,0,0,0,0,0,0,0,0,0,0,0,0
C5120ST,28,536,District-Hyderabad,Rural,90+,0,0,0,0,0,0,0,0,0,0,0,0,0,0,0,0,0,0,0,0,0,0,0,0,0,0,0
C5120ST,28,536,District-Hyderabad,Rural,Age Not Stated,0,0,0,0,0,0,0,0,0,0,0,0,0,0,0,0,0,0,0,0,0,0,0,0,0,0,0
C5120ST,28,536,District-Hyderabad,Urban,Total,2391,1248,1143,648,356,292,663,325,338,137,74,63,113,69,44,69,41,28,10,5,5,687,348,339,64,30,34
C5120ST,28,536,District-Hyderabad,Urban,0-4,218,115,103,82,40,42,61,38,23,2,1,1,6,1,5,4,3,1,1,1,0,58,30,28,4,1,3
C5120ST,28,536,District-Hyderabad,Urban,5-9,234,117,117,77,40,37,59,27,32,18,10,8,5,4,1,8,7,1,1,1,0,60,24,36,6,4,2
C5120ST,28,536,District-Hyderabad,Urban,10-19,410,218,192,117,68,49,109,54,55,29,13,16,14,9,5,17,10,7,2,1,1,109,60,49,13,3,10
C5120ST,28,536,District-Hyderabad,Urban,20-29,499,232,267,134,66,68,139,55,84,29,18,11,23,17,6,15,7,8,4,1,3,139,61,78,16,7,9
C5120ST,28,536,District-Hyderabad,Urban,30-39,384,216,168,89,51,38,107,59,48,20,8,12,22,14,8,11,7,4,2,1,1,127,74,53,6,2,4
C5120ST,28,536,District-Hyderabad,Urban,40-49,266,150,116,67,45,22,73,39,34,20,12,8,13,8,5,7,3,4,0,0,0,78,38,40,8,5,3
C5120ST,28,536,District-Hyderabad,Urban,50-59,153,78,75,32,19,13,48,21,27,9,4,5,9,5,4,2,0,2,0,0,0,50,27,23,3,2,1
C5120ST,28,536,District-Hyderabad,Urban,60-69,94,47,47,22,9,13,23,11,12,5,4,1,9,3,6,2,2,0,0,0,0,29,16,13,4,2,2
C5120ST,28,536,District-Hyderabad,Urban,70-79,46,24,22,9,5,4,13,6,7,2,2,0,5,3,2,0,0,0,0,0,0,15,6,9,2,2,0
C5120ST,28,536,District-Hyderabad,Urban,80-89,11,6,5,0,0,0,6,2,4,0,0,0,2,2,0,1,1,0,0,0,0,2,1,1,0,0,0
C5120ST,28,536,District-Hyderabad,Urban,90+,9,5,4,1,0,1,2,1,1,1,1,0,0,0,0,0,0,0,0,0,0,4,2,2,1,1,0
C5120ST,28,536,District-Hyderabad,Urban,Age Not Stated,67,40,27,18,13,5,23,12,11,2,1,1,5,3,2,2,1,1,0,0,0,16,9,7,1,1,0
C5120ST,28,537,District-Rangareddy,Total,Total,7360,4073,3287,1468,796,672,1384,703,681,449,270,179,1231,791,440,284,158,126,78,34,44,2143,1136,1007,323,185,138
C5120ST,28,537,District-Rangareddy,Total,0-4,510,264,246,107,57,50,107,43,64,9,6,3,40,26,14,14,10,4,1,0,1,212,108,104,20,14,6
C5120ST,28,537,District-Rangareddy,Total,5-9,656,359,297,133,77,56,122,61,61,72,47,25,53,28,25,34,20,14,6,3,3,197,92,105,39,31,8
C5120ST,28,537,District-Rangareddy,Total,10-19,1294,723,571,228,130,98,279,148,131,111,59,52,181,113,68,74,43,31,17,7,10,323,173,150,81,50,31
C5120ST,28,537,District-Rangareddy,Total,20-29,1430,756,674,229,119,110,255,123,132,98,60,38,239,156,83,73,37,36,18,7,11,476,233,243,42,21,21
C5120ST,28,537,District-Rangareddy,Total,30-39,1065,650,415,184,118,66,228,115,113,60,35,25,183,134,49,38,22,16,16,9,7,318,195,123,38,22,16
C5120ST,28,537,District-Rangareddy,Total,40-49,698,427,271,132,72,60,134,78,56,38,27,11,142,99,43,21,12,9,9,4,5,199,120,79,23,15,8
C5120ST,28,537,District-Rangareddy,Total,50-59,528,283,245,132,65,67,74,41,33,27,17,10,115,71,44,16,8,8,4,1,3,149,76,73,11,4,7
C5120ST,28,537,District-Rangareddy,Total,60-69,529,269,260,167,79,88,77,35,42,15,9,6,138,84,54,8,3,5,2,0,2,99,49,50,23,10,13
C5120ST,28,537,District-Rangareddy,Total,70-79,278,152,126,94,41,53,39,23,16,6,3,3,71,47,24,1,1,0,0,0,0,38,23,15,29,14,15
C5120ST,28,537,District-Rangareddy,Total,80-89,98,41,57,21,12,9,14,5,9,3,1,2,38,14,24,1,1,0,1,0,1,10,4,6,10,4,6
C5120ST,28,537,District-Rangareddy,Total,90+,44,23,21,7,4,3,8,5,3,2,2,0,6,5,1,0,0,0,0,0,0,16,7,9,5,0,5
C5120ST,28,537,District-Rangareddy,Total,Age Not Stated,230,126,104,34,22,12,47,26,21,8,4,4,25,14,11,4,1,3,4,3,1,106,56,50,2,0,2
C5120ST,28,537,District-Rangareddy,Rural,Total,4375,2419,1956,1007,540,467,712,367,345,191,129,62,945,604,341,191,106,85,46,19,27,1060,533,527,223,121,102
C5120ST,28,537,District-Rangareddy,Rural,0-4,257,141,116,65,35,30,44,21,23,5,5,0,29,19,10,11,8,3,0,0,0,97,49,48,6,4,2
C5120ST,28,537,District-Rangareddy,Rural,5-9,401,218,183,88,49,39,70,32,38,39,28,11,40,22,18,28,19,9,2,1,1,108,47,61,26,20,6
C5120ST,28,537,District-Rangareddy,Rural,10-19,784,448,336,139,81,58,155,88,67,50,31,19,141,89,52,54,29,25,14,5,9,172,91,81,59,34,25
C5120ST,28,537,District-Rangareddy,Rural,20-29,729,408,321,133,75,58,107,57,50,36,25,11,174,115,59,42,22,20,9,4,5,203,99,104,25,11,14
C5120ST,28,537,District-Rangareddy,Rural,30-39,565,347,218,115,71,44,104,48,56,21,13,8,139,102,37,26,16,10,8,5,3,129,77,52,23,15,8
C5120ST,28,537,District-Rangareddy,Rural,40-49,373,218,155,82,47,35,63,34,29,9,7,2,100,67,33,12,5,7,5,2,3,87,48,39,15,8,7
C5120ST,28,537,District-Rangareddy,Rural,50-59,337,169,168,106,51,55,44,22,22,8,6,2,82,50,32,11,5,6,3,1,2,77,31,46,6,3,3
C5120ST,28,537,District-Rangareddy,Rural,60-69,436,216,220,149,68,81,62,30,32,10,5,5,119,70,49,5,1,4,2,0,2,68,33,35,21,9,12
C5120ST,28,537,District-Rangareddy,Rural,70-79,237,127,110,83,34,49,26,16,10,5,3,2,65,43,22,0,0,0,0,0,0,31,18,13,27,13,14
C5120ST,28,537,District-Rangareddy,Rural,80-89,79,34,45,16,10,6,13,5,8,2,1,1,32,13,19,0,0,0,1,0,1,5,1,4,10,4,6
C5120ST,28,537,District-Rangareddy,Rural,90+,26,11,15,6,3,3,5,2,3,1,1,0,3,3,0,0,0,0,0,0,0,6,2,4,5,0,5
C5120ST,28,537,District-Rangareddy,Rural,Age Not Stated,151,82,69,25,16,9,19,12,7,5,4,1,21,11,10,2,1,1,2,1,1,77,37,40,0,0,0
C5120ST,28,537,District-Rangareddy,Urban,Total,2985,1654,1331,461,256,205,672,336,336,258,141,117,286,187,99,93,52,41,32,15,17,1083,603,480,100,64,36
C5120ST,28,537,District-Rangareddy,Urban,0-4,253,123,130,42,22,20,63,22,41,4,1,3,11,7,4,3,2,1,1,0,1,115,59,56,14,10,4
C5120ST,28,537,District-Rangareddy,Urban,5-9,255,141,114,45,28,17,52,29,23,33,19,14,13,6,7,6,1,5,4,2,2,89,45,44,13,11,2
C5120ST,28,537,District-Rangareddy,Urban,10-19,510,275,235,89,49,40,124,60,64,61,28,33,40,24,16,20,14,6,3,2,1,151,82,69,22,16,6
C5120ST,28,537,District-Rangareddy,Urban,20-29,701,348,353,96,44,52,148,66,82,62,35,27,65,41,24,31,15,16,9,3,6,273,134,139,17,10,7
C5120ST,28,537,District-Rangareddy,Urban,30-39,500,303,197,69,47,22,124,67,57,39,22,17,44,32,12,12,6,6,8,4,4,189,118,71,15,7,8
C5120ST,28,537,District-Rangareddy,Urban,40-49,325,209,116,50,25,25,71,44,27,29,20,9,42,32,10,9,7,2,4,2,2,112,72,40,8,7,1
C5120ST,28,537,District-Rangareddy,Urban,50-59,191,114,77,26,14,12,30,19,11,19,11,8,33,21,12,5,3,2,1,0,1,72,45,27,5,1,4
C5120ST,28,537,District-Rangareddy,Urban,60-69,93,53,40,18,11,7,15,5,10,5,4,1,19,14,5,3,2,1,0,0,0,31,16,15,2,1,1
C5120ST,28,537,District-Rangareddy,Urban,70-79,41,25,16,11,7,4,13,7,6,1,0,1,6,4,2,1,1,0,0,0,0,7,5,2,2,1,1
C5120ST,28,537,District-Rangareddy,Urban,80-89,19,7,12,5,2,3,1,0,1,1,0,1,6,1,5,1,1,0,0,0,0,5,3,2,0,0,0
C5120ST,28,537,District-Rangareddy,Urban,90+,18,12,6,1,1,0,3,3,0,1,1,0,3,2,1,0,0,0,0,0,0,10,5,5,0,0,0
C5120ST,28,537,District-Rangareddy,Urban,Age Not Stated,79,44,35,9,6,3,28,14,14,3,0,3,4,3,1,2,0,2,2,2,0,29,19,10,2,0,2
C5120ST,28,538,District-Mahbubnagar,Total,Total,8087,4385,3702,1215,606,609,1234,639,595,495,277,218,2401,1419,982,438,242,196,100,50,50,1620,837,783,584,315,269
C5120ST,28,538,District-Mahbubnagar,Total,0-4,367,201,166,42,23,19,84,49,35,13,5,8,58,32,26,19,11,8,3,1,2,119,60,59,29,20,9
C5120ST,28,538,District-Mahbubnagar,Total,5-9,731,395,336,55,28,27,126,72,54,94,48,46,130,74,56,61,36,25,8,3,5,183,96,87,74,38,36
C5120ST,28,538,District-Mahbubnagar,Total,10-19,1616,893,723,145,81,64,272,143,129,170,93,77,413,248,165,136,74,62,24,11,13,333,172,161,123,71,52
C5120ST,28,538,District-Mahbubnagar,Total,20-29,1243,727,516,97,57,40,158,81,77,80,47,33,456,301,155,91,44,47,17,8,9,277,153,124,67,36,31
C5120ST,28,538,District-Mahbubnagar,Total,30-39,1048,617,431,98,63,35,173,91,82,63,39,24,348,232,116,64,33,31,19,12,7,241,127,114,42,20,22
C5120ST,28,538,District-Mahbubnagar,Total,40-49,722,415,307,105,58,47,121,58,63,27,12,15,245,157,88,27,19,8,8,3,5,145,84,61,44,24,20
C5120ST,28,538,District-Mahbubnagar,Total,50-59,688,353,335,158,82,76,90,40,50,23,15,8,233,126,107,20,14,6,6,3,3,109,46,63,49,27,22
C5120ST,28,538,District-Mahbubnagar,Total,60-69,889,421,468,275,113,162,121,60,61,15,10,5,297,145,152,8,7,1,9,4,5,104,52,52,60,30,30
C5120ST,28,538,District-Mahbubnagar,Total,70-79,483,233,250,153,66,87,66,34,32,3,3,0,144,74,70,6,2,4,4,3,1,56,22,34,51,29,22
C5120ST,28,538,District-Mahbubnagar,Total,80-89,175,76,99,60,24,36,15,6,9,2,1,1,58,24,34,1,0,1,0,0,0,7,5,2,32,16,16
C5120ST,28,538,District-Mahbubnagar,Total,90+,48,15,33,12,4,8,2,2,0,0,0,0,11,3,8,2,0,2,1,1,0,9,2,7,11,3,8
C5120ST,28,538,District-Mahbubnagar,Total,Age Not Stated,77,39,38,15,7,8,6,3,3,5,4,1,8,3,5,3,2,1,1,1,0,37,18,19,2,1,1
C5120ST,28,538,District-Mahbubnagar,Rural,Total,7731,4183,3548,1170,581,589,1187,614,573,463,260,203,2295,1358,937,413,226,187,93,46,47,1544,793,751,566,305,261
C5120ST,28,538,District-Mahbubnagar,Rural,0-4,354,196,158,39,22,17,83,48,35,11,4,7,56,32,24,19,11,8,3,1,2,116,58,58,27,20,7
C5120ST,28,538,District-Mahbubnagar,Rural,5-9,698,376,322,49,24,25,123,71,52,88,45,43,129,73,56,56,33,23,7,3,4,175,90,85,71,37,34
C5120ST,28,538,District-Mahbubnagar,Rural,10-19,1521,840,681,133,72,61,249,130,119,162,90,72,395,241,154,128,69,59,22,10,12,313,160,153,119,68,51
C5120ST,28,538,District-Mahbubnagar,Rural,20-29,1179,693,486,94,56,38,156,80,76,73,44,29,429,285,144,86,41,45,16,7,9,263,147,116,62,33,29
C5120ST,28,538,District-Mahbubnagar,Rural,30-39,987,576,411,94,61,33,168,88,80,58,35,23,325,216,109,58,28,30,18,11,7,226,118,108,40,19,21
C5120ST,28,538,District-Mahbubnagar,Rural,40-49,696,398,298,104,58,46,115,55,60,25,11,14,232,147,85,27,19,8,6,2,4,143,82,61,44,24,20
C5120ST,28,538,District-Mahbubnagar,Rural,50-59,668,343,325,153,79,74,89,40,49,22,14,8,226,124,102,20,14,6,6,3,3,105,44,61,47,25,22
C5120ST,28,538,District-Mahbubnagar,Rural,60-69,863,408,455,265,109,156,118,59,59,15,10,5,288,139,149,8,7,1,9,4,5,100,50,50,60,30,30
C5120ST,28,538,District-Mahbubnagar,Rural,70-79,473,227,246,152,65,87,63,32,31,2,2,0,140,72,68,5,2,3,4,3,1,56,22,34,51,29,22
C5120ST,28,538,District-Mahbubnagar,Rural,80-89,173,75,98,60,24,36,15,6,9,2,1,1,56,23,33,1,0,1,0,0,0,7,5,2,32,16,16
C5120ST,28,538,District-Mahbubnagar,Rural,90+,47,15,32,12,4,8,2,2,0,0,0,0,11,3,8,2,0,2,1,1,0,8,2,6,11,3,8
C5120ST,28,538,District-Mahbubnagar,Rural,Age Not Stated,72,36,36,15,7,8,6,3,3,5,4,1,8,3,5,3,2,1,1,1,0,32,15,17,2,1,1
C5120ST,28,538,District-Mahbubnagar,Urban,Total,356,202,154,45,25,20,47,25,22,32,17,15,106,61,45,25,16,9,7,4,3,76,44,32,18,10,8
C5120ST,28,538,District-Mahbubnagar,Urban,0-4,13,5,8,3,1,2,1,1,0,2,1,1,2,0,2,0,0,0,0,0,0,3,2,1,2,0,2
C5120ST,28,538,District-Mahbubnagar,Urban,5-9,33,19,14,6,4,2,3,1,2,6,3,3,1,1,0,5,3,2,1,0,1,8,6,2,3,1,2
C5120ST,28,538,District-Mahbubnagar,Urban,10-19,95,53,42,12,9,3,23,13,10,8,3,5,18,7,11,8,5,3,2,1,1,20,12,8,4,3,1
C5120ST,28,538,District-Mahbubnagar,Urban,20-29,64,34,30,3,1,2,2,1,1,7,3,4,27,16,11,5,3,2,1,1,0,14,6,8,5,3,2
C5120ST,28,538,District-Mahbubnagar,Urban,30-39,61,41,20,4,2,2,5,3,2,5,4,1,23,16,7,6,5,1,1,1,0,15,9,6,2,1,1
C5120ST,28,538,District-Mahbubnagar,Urban,40-49,26,17,9,1,0,1,6,3,3,2,1,1,13,10,3,0,0,0,2,1,1,2,2,0,0,0,0
C5120ST,28,538,District-Mahbubnagar,Urban,50-59,20,10,10,5,3,2,1,0,1,1,1,0,7,2,5,0,0,0,0,0,0,4,2,2,2,2,0
C5120ST,28,538,District-Mahbubnagar,Urban,60-69,26,13,13,10,4,6,3,1,2,0,0,0,9,6,3,0,0,0,0,0,0,4,2,2,0,0,0
C5120ST,28,538,District-Mahbubnagar,Urban,70-79,10,6,4,1,1,0,3,2,1,1,1,0,4,2,2,1,0,1,0,0,0,0,0,0,0,0,0
C5120ST,28,538,District-Mahbubnagar,Urban,80-89,2,1,1,0,0,0,0,0,0,0,0,0,2,1,1,0,0,0,0,0,0,0,0,0,0,0,0
C5120ST,28,538,District-Mahbubnagar,Urban,90+,1,0,1,0,0,0,0,0,0,0,0,0,0,0,0,0,0,0,0,0,0,1,0,1,0,0,0
C5120ST,28,538,District-Mahbubnagar,Urban,Age Not Stated,5,3,2,0,0,0,0,0,0,0,0,0,0,0,0,0,0,0,0,0,0,5,3,2,0,0,0
C5120ST,28,539,District-Nalgonda,Total,Total,10094,5632,4462,1324,686,638,1138,610,528,603,369,234,3202,1958,1244,526,259,267,204,107,97,2214,1131,1083,883,512,371
C5120ST,28,539,District-Nalgonda,Total,0-4,454,261,193,41,21,20,64,35,29,12,5,7,71,51,20,14,9,5,11,7,4,195,103,92,46,30,16
C5120ST,28,539,District-Nalgonda,Total,5-9,819,486,333,73,42,31,93,55,38,108,72,36,137,79,58,58,32,26,21,14,7,215,121,94,114,71,43
C5120ST,28,539,District-Nalgonda,Total,10-19,1969,1136,833,164,94,70,193,111,82,187,110,77,519,310,209,172,79,93,41,22,19,473,269,204,220,141,79
C5120ST,28,539,District-Nalgonda,Total,20-29,1904,1086,818,132,84,48,193,115,78,111,73,38,728,457,271,136,64,72,42,23,19,428,197,231,134,73,61
C5120ST,28,539,District-Nalgonda,Total,30-39,1300,726,574,129,69,60,170,77,93,74,43,31,442,297,145,66,36,30,34,14,20,304,145,159,81,45,36
C5120ST,28,539,District-Nalgonda,Total,40-49,912,527,385,99,57,42,122,64,58,41,28,13,318,198,120,37,17,20,23,10,13,222,122,100,50,31,19
C5120ST,28,539,District-Nalgonda,Total,50-59,782,398,384,150,65,85,88,44,44,27,12,15,308,175,133,20,10,10,9,5,4,136,61,75,44,26,18
C5120ST,28,539,District-Nalgonda,Total,60-69,1061,534,527,267,115,152,118,59,59,28,16,12,391,225,166,17,9,8,15,6,9,146,66,80,79,38,41
C5120ST,28,539,District-Nalgonda,Total,70-79,635,352,283,187,94,93,72,40,32,10,7,3,205,123,82,4,2,2,7,5,2,76,39,37,74,42,32
C5120ST,28,539,District-Nalgonda,Total,80-89,190,92,98,63,37,26,16,8,8,3,1,2,63,30,33,1,1,0,1,1,0,15,5,10,28,9,19
C5120ST,28,539,District-Nalgonda,Total,90+,57,29,28,18,8,10,7,2,5,2,2,0,15,10,5,0,0,0,0,0,0,3,2,1,12,5,7
C5120ST,28,539,District-Nalgonda,Total,Age Not Stated,11,5,6,1,0,1,2,0,2,0,0,0,5,3,2,1,0,1,0,0,0,1,1,0,1,1,0
C5120ST,28,539,District-Nalgonda,Rural,Total,9584,5346,4238,1273,661,612,1073,570,503,550,336,214,3048,1866,1182,493,243,250,198,105,93,2108,1071,1037,841,494,347
C5120ST,28,539,District-Nalgonda,Rural,0-4,436,250,186,40,21,19,60,32,28,12,5,7,68,50,18,12,7,5,11,7,4,188,99,89,45,29,16
C5120ST,28,539,District-Nalgonda,Rural,5-9,777,459,318,69,38,31,83,46,37,103,70,33,127,74,53,57,32,25,20,14,6,207,116,91,111,69,42
C5120ST,28,539,District-Nalgonda,Rural,10-19,1844,1070,774,146,86,60,177,100,77,172,100,72,498,296,202,161,75,86,38,22,16,447,258,189,205,133,72
C5120ST,28,539,District-Nalgonda,Rural,20-29,1803,1027,776,130,84,46,180,106,74,102,68,34,689,430,259,123,59,64,42,23,19,410,187,223,127,70,57
C5120ST,28,539,District-Nalgonda,Rural,30-39,1219,676,543,123,65,58,164,74,90,61,36,25,415,278,137,63,33,30,33,13,20,284,132,152,76,45,31
C5120ST,28,539,District-Nalgonda,Rural,40-49,863,495,368,95,55,40,117,62,55,36,23,13,301,188,113,36,16,20,22,9,13,209,112,97,47,30,17
C5120ST,28,539,District-Nalgonda,Rural,50-59,758,390,368,147,64,83,85,43,42,26,12,14,297,170,127,19,9,10,9,5,4,133,61,72,42,26,16
C5120ST,28,539,District-Nalgonda,Rural,60-69,1026,517,509,261,111,150,116,58,58,25,14,11,376,217,159,16,9,7,15,6,9,140,64,76,77,38,39
C5120ST,28,539,District-Nalgonda,Rural,70-79,616,341,275,182,92,90,70,39,31,10,7,3,199,121,78,4,2,2,7,5,2,73,36,37,71,39,32
C5120ST,28,539,District-Nalgonda,Rural,80-89,183,91,92,62,37,25,14,8,6,3,1,2,61,30,31,1,1,0,1,1,0,14,4,10,27,9,18
C5120ST,28,539,District-Nalgonda,Rural,90+,52,27,25,18,8,10,6,2,4,0,0,0,13,10,3,0,0,0,0,0,0,3,2,1,12,5,7
C5120ST,28,539,District-Nalgonda,Rural,Age Not Stated,7,3,4,0,0,0,1,0,1,0,0,0,4,2,2,1,0,1,0,0,0,0,0,0,1,1,0
C5120ST,28,539,District-Nalgonda,Urban,Total,510,286,224,51,25,26,65,40,25,53,33,20,154,92,62,33,16,17,6,2,4,106,60,46,42,18,24
C5120ST,28,539,District-Nalgonda,Urban,0-4,18,11,7,1,0,1,4,3,1,0,0,0,3,1,2,2,2,0,0,0,0,7,4,3,1,1,0
C5120ST,28,539,District-Nalgonda,Urban,5-9,42,27,15,4,4,0,10,9,1,5,2,3,10,5,5,1,0,1,1,0,1,8,5,3,3,2,1
C5120ST,28,539,District-Nalgonda,Urban,10-19,125,66,59,18,8,10,16,11,5,15,10,5,21,14,7,11,4,7,3,0,3,26,11,15,15,8,7
C5120ST,28,539,District-Nalgonda,Urban,20-29,101,59,42,2,0,2,13,9,4,9,5,4,39,27,12,13,5,8,0,0,0,18,10,8,7,3,4
C5120ST,28,539,District-Nalgonda,Urban,30-39,81,50,31,6,4,2,6,3,3,13,7,6,27,19,8,3,3,0,1,1,0,20,13,7,5,0,5
C5120ST,28,539,District-Nalgonda,Urban,40-49,49,32,17,4,2,2,5,2,3,5,5,0,17,10,7,1,1,0,1,1,0,13,10,3,3,1,2
C5120ST,28,539,District-Nalgonda,Urban,50-59,24,8,16,3,1,2,3,1,2,1,0,1,11,5,6,1,1,0,0,0,0,3,0,3,2,0,2
C5120ST,28,539,District-Nalgonda,Urban,60-69,35,17,18,6,4,2,2,1,1,3,2,1,15,8,7,1,0,1,0,0,0,6,2,4,2,0,2
C5120ST,28,539,District-Nalgonda,Urban,70-79,19,11,8,5,2,3,2,1,1,0,0,0,6,2,4,0,0,0,0,0,0,3,3,0,3,3,0
C5120ST,28,539,District-Nalgonda,Urban,80-89,7,1,6,1,0,1,2,0,2,0,0,0,2,0,2,0,0,0,0,0,0,1,1,0,1,0,1
C5120ST,28,539,District-Nalgonda,Urban,90+,5,2,3,0,0,0,1,0,1,2,2,0,2,0,2,0,0,0,0,0,0,0,0,0,0,0,0
C5120ST,28,539,District-Nalgonda,Urban,Age Not Stated,4,2,2,1,0,1,1,0,1,0,0,0,1,1,0,0,0,0,0,0,0,1,1,0,0,0,0
C5120ST,28,540,District-Warangal,Total,Total,12559,6785,5774,2056,1053,1003,2259,1153,1106,836,462,374,3665,2246,1419,612,311,301,168,89,79,1843,905,938,1120,566,554
C5120ST,28,540,District-Warangal,Total,0-4,499,272,227,60,37,23,98,52,46,21,14,7,87,58,29,23,10,13,4,3,1,152,71,81,54,27,27
C5120ST,28,540,District-Warangal,Total,5-9,992,529,463,105,61,44,189,86,103,151,86,65,163,100,63,83,40,43,13,8,5,165,82,83,123,66,57
C5120ST,28,540,District-Warangal,Total,10-19,2285,1242,1043,258,152,106,449,227,222,229,117,112,518,302,216,194,100,94,34,18,16,318,164,154,285,162,123
C5120ST,28,540,District-Warangal,Total,20-29,2077,1172,905,179,96,83,327,171,156,168,87,81,761,483,278,113,69,44,34,16,18,332,163,169,163,87,76
C5120ST,28,540,District-Warangal,Total,30-39,1557,844,713,177,90,87,326,162,164,108,64,44,508,323,185,73,33,40,37,19,18,252,115,137,76,38,38
C5120ST,28,540,District-Warangal,Total,40-49,1289,742,547,230,118,112,281,161,120,68,44,24,379,258,121,56,27,29,15,11,4,194,89,105,66,34,32
C5120ST,28,540,District-Warangal,Total,50-59,1131,612,519,246,121,125,195,103,92,39,19,20,375,230,145,36,13,23,8,3,5,174,93,81,58,30,28
C5120ST,28,540,District-Warangal,Total,60-69,1505,751,754,406,187,219,237,120,117,35,18,17,508,289,219,24,13,11,15,6,9,143,69,74,137,49,88
C5120ST,28,540,District-Warangal,Total,70-79,816,456,360,262,148,114,99,48,51,14,10,4,244,142,102,6,5,1,7,4,3,83,48,35,101,51,50
C5120ST,28,540,District-Warangal,Total,80-89,288,110,178,107,33,74,34,11,23,1,1,0,90,41,49,3,1,2,0,0,0,17,7,10,36,16,20
C5120ST,28,540,District-Warangal,Total,90+,65,24,41,20,6,14,11,5,6,0,0,0,20,10,10,0,0,0,0,0,0,3,1,2,11,2,9
C5120ST,28,540,District-Warangal,Total,Age Not Stated,55,31,24,6,4,2,13,7,6,2,2,0,12,10,2,1,0,1,1,1,0,10,3,7,10,4,6
C5120ST,28,540,District-Warangal,Rural,Total,11789,6345,5444,1973,1012,961,2175,1106,1069,732,406,326,3438,2095,1343,577,292,285,156,82,74,1684,826,858,1054,526,528
C5120ST,28,540,District-Warangal,Rural,0-4,474,263,211,57,34,23,94,50,44,21,14,7,85,58,27,23,10,13,4,3,1,139,68,71,51,26,25
C5120ST,28,540,District-Warangal,Rural,5-9,929,496,433,98,56,42,185,85,100,136,79,57,153,94,59,82,39,43,10,8,2,148,73,75,117,62,55
C5120ST,28,540,District-Warangal,Rural,10-19,2106,1139,967,238,139,99,416,208,208,202,105,97,479,277,202,183,96,87,31,16,15,292,149,143,265,149,116
C5120ST,28,540,District-Warangal,Rural,20-29,1890,1068,822,165,93,72,314,165,149,148,79,69,687,434,253,104,64,40,30,13,17,294,141,153,148,79,69
C5120ST,28,540,District-Warangal,Rural,30-39,1441,774,667,161,80,81,311,153,158,90,56,34,475,299,176,68,30,38,36,18,18,230,104,126,70,34,36
C5120ST,28,540,District-Warangal,Rural,40-49,1214,697,517,222,116,106,274,157,117,53,31,22,351,238,113,55,26,29,14,10,4,183,87,96,62,32,30
C5120ST,28,540,District-Warangal,Rural,50-59,1071,573,498,242,120,122,190,99,91,34,15,19,353,216,137,33,12,21,8,3,5,158,82,76,53,26,27
C5120ST,28,540,District-Warangal,Rural,60-69,1459,728,731,398,185,213,236,119,117,34,17,17,492,279,213,21,11,10,15,6,9,131,65,66,132,46,86
C5120ST,28,540,District-Warangal,Rural,70-79,805,447,358,259,146,113,98,47,51,12,8,4,244,142,102,4,3,1,7,4,3,81,47,34,100,50,50
C5120ST,28,540,District-Warangal,Rural,80-89,284,108,176,107,33,74,33,11,22,1,1,0,89,40,49,3,1,2,0,0,0,16,6,10,35,16,19
C5120ST,28,540,District-Warangal,Rural,90+,64,23,41,20,6,14,11,5,6,0,0,0,19,9,10,0,0,0,0,0,0,3,1,2,11,2,9
C5120ST,28,540,District-Warangal,Rural,Age Not Stated,52,29,23,6,4,2,13,7,6,1,1,0,11,9,2,1,0,1,1,1,0,9,3,6,10,4,6
C5120ST,28,540,District-Warangal,Urban,Total,770,440,330,83,41,42,84,47,37,104,56,48,227,151,76,35,19,16,12,7,5,159,79,80,66,40,26
C5120ST,28,540,District-Warangal,Urban,0-4,25,9,16,3,3,0,4,2,2,0,0,0,2,0,2,0,0,0,0,0,0,13,3,10,3,1,2
C5120ST,28,540,District-Warangal,Urban,5-9,63,33,30,7,5,2,4,1,3,15,7,8,10,6,4,1,1,0,3,0,3,17,9,8,6,4,2
C5120ST,28,540,District-Warangal,Urban,10-19,179,103,76,20,13,7,33,19,14,27,12,15,39,25,14,11,4,7,3,2,1,26,15,11,20,13,7
C5120ST,28,540,District-Warangal,Urban,20-29,187,104,83,14,3,11,13,6,7,20,8,12,74,49,25,9,5,4,4,3,1,38,22,16,15,8,7
C5120ST,28,540,District-Warangal,Urban,30-39,116,70,46,16,10,6,15,9,6,18,8,10,33,24,9,5,3,2,1,1,0,22,11,11,6,4,2
C5120ST,28,540,District-Warangal,Urban,40-49,75,45,30,8,2,6,7,4,3,15,13,2,28,20,8,1,1,0,1,1,0,11,2,9,4,2,2
C5120ST,28,540,District-Warangal,Urban,50-59,60,39,21,4,1,3,5,4,1,5,4,1,22,14,8,3,1,2,0,0,0,16,11,5,5,4,1
C5120ST,28,540,District-Warangal,Urban,60-69,46,23,23,8,2,6,1,1,0,1,1,0,16,10,6,3,2,1,0,0,0,12,4,8,5,3,2
C5120ST,28,540,District-Warangal,Urban,70-79,11,9,2,3,2,1,1,1,0,2,2,0,0,0,0,2,2,0,0,0,0,2,1,1,1,1,0
C5120ST,28,540,District-Warangal,Urban,80-89,4,2,2,0,0,0,1,0,1,0,0,0,1,1,0,0,0,0,0,0,0,1,1,0,1,0,1
C5120ST,28,540,District-Warangal,Urban,90+,1,1,0,0,0,0,0,0,0,0,0,0,1,1,0,0,0,0,0,0,0,0,0,0,0,0,0
C5120ST,28,540,District-Warangal,Urban,Age Not Stated,3,2,1,0,0,0,0,0,0,1,1,0,1,1,0,0,0,0,0,0,0,1,0,1,0,0,0
C5120ST,28,541,District-Khammam,Total,Total,20519,10326,10193,4171,2010,2161,2988,1375,1613,1234,660,574,5118,2917,2201,1182,618,564,467,240,227,3532,1552,1980,1827,954,873
C5120ST,28,541,District-Khammam,Total,0-4,645,329,316,94,51,43,100,49,51,14,7,7,89,49,40,53,31,22,16,8,8,212,105,107,67,29,38
C5120ST,28,541,District-Khammam,Total,5-9,1392,753,639,196,100,96,183,98,85,215,113,102,179,114,65,147,82,65,32,15,17,259,119,140,181,112,69
C5120ST,28,541,District-Khammam,Total,10-19,3973,1812,2161,449,235,214,702,245,457,327,165,162,699,374,325,363,193,170,98,53,45,925,318,607,410,229,181
C5120ST,28,541,District-Khammam,Total,20-29,3367,1806,1561,358,203,155,440,220,220,222,120,102,1183,686,497,225,112,113,81,37,44,582,282,300,276,146,130
C5120ST,28,541,District-Khammam,Total,30-39,2485,1342,1143,363,190,173,373,185,188,184,104,80,730,455,275,173,87,86,64,39,25,455,205,250,143,77,66
C5120ST,28,541,District-Khammam,Total,40-49,2129,1170,959,433,214,219,318,183,135,119,60,59,572,349,223,111,62,49,81,41,40,361,187,174,134,74,60
C5120ST,28,541,District-Khammam,Total,50-59,1880,934,946,546,244,302,272,133,139,62,37,25,536,305,231,54,24,30,46,23,23,241,116,125,123,52,71
C5120ST,28,541,District-Khammam,Total,60-69,2595,1230,1365,943,416,527,356,157,199,52,30,22,661,363,298,34,17,17,36,14,22,289,128,161,224,105,119
C5120ST,28,541,District-Khammam,Total,70-79,1352,642,710,558,258,300,150,65,85,19,13,6,303,152,151,13,5,8,8,6,2,133,53,80,168,90,78
C5120ST,28,541,District-Khammam,Total,80-89,439,188,251,158,67,91,63,30,33,6,3,3,101,42,59,2,1,1,1,1,0,35,15,20,73,29,44
C5120ST,28,541,District-Khammam,Total,90+,143,53,90,42,17,25,19,4,15,2,2,0,37,12,25,2,2,0,0,0,0,15,6,9,26,10,16
C5120ST,28,541,District-Khammam,Total,Age Not Stated,119,67,52,31,15,16,12,6,6,12,6,6,28,16,12,5,2,3,4,3,1,25,18,7,2,1,1
C5120ST,28,541,District-Khammam,Rural,Total,19264,9710,9554,3991,1921,2070,2846,1307,1539,1128,610,518,4760,2722,2038,1107,583,524,441,227,214,3268,1444,1824,1723,896,827
C5120ST,28,541,District-Khammam,Rural,0-4,599,306,293,86,48,38,94,46,48,13,7,6,86,46,40,47,29,18,15,7,8,194,95,99,64,28,36
C5120ST,28,541,District-Khammam,Rural,5-9,1318,714,604,185,94,91,174,94,80,201,107,94,172,110,62,142,79,63,32,15,17,241,109,132,171,106,65
C5120ST,28,541,District-Khammam,Rural,10-19,3704,1686,2018,416,217,199,665,226,439,300,149,151,653,355,298,338,183,155,93,51,42,857,291,566,382,214,168
C5120ST,28,541,District-Khammam,Rural,20-29,3090,1678,1412,338,194,144,405,209,196,203,111,92,1075,630,445,211,107,104,77,35,42,528,260,268,253,132,121
C5120ST,28,541,District-Khammam,Rural,30-39,2263,1230,1033,325,166,159,357,179,178,156,93,63,665,419,246,158,78,80,58,37,21,412,188,224,132,70,62
C5120ST,28,541,District-Khammam,Rural,40-49,2008,1107,901,417,206,211,301,173,128,111,56,55,534,325,209,106,59,47,76,37,39,335,177,158,128,74,54
C5120ST,28,541,District-Khammam,Rural,50-59,1783,877,906,529,236,293,261,126,135,59,35,24,501,283,218,52,23,29,42,21,21,225,108,117,114,45,69
C5120ST,28,541,District-Khammam,Rural,60-69,2516,1188,1328,924,408,516,349,152,197,50,29,21,630,343,287,33,16,17,35,14,21,276,125,151,219,101,118
C5120ST,28,541,District-Khammam,Rural,70-79,1316,631,685,550,257,293,149,64,85,19,13,6,290,146,144,11,4,7,8,6,2,127,53,74,162,88,74
C5120ST,28,541,District-Khammam,Rural,80-89,416,179,237,151,64,87,61,29,32,3,3,0,93,39,54,2,1,1,1,1,0,34,15,19,71,27,44
C5120ST,28,541,District-Khammam,Rural,90+,135,50,85,39,16,23,19,4,15,1,1,0,35,12,23,2,2,0,0,0,0,14,5,9,25,10,15
C5120ST,28,541,District-Khammam,Rural,Age Not Stated,116,64,52,31,15,16,11,5,6,12,6,6,26,14,12,5,2,3,4,3,1,25,18,7,2,1,1
C5120ST,28,541,District-Khammam,Urban,Total,1255,616,639,180,89,91,142,68,74,106,50,56,358,195,163,75,35,40,26,13,13,264,108,156,104,58,46
C5120ST,28,541,District-Khammam,Urban,0-4,46,23,23,8,3,5,6,3,3,1,0,1,3,3,0,6,2,4,1,1,0,18,10,8,3,1,2
C5120ST,28,541,District-Khammam,Urban,5-9,74,39,35,11,6,5,9,4,5,14,6,8,7,4,3,5,3,2,0,0,0,18,10,8,10,6,4
C5120ST,28,541,District-Khammam,Urban,10-19,269,126,143,33,18,15,37,19,18,27,16,11,46,19,27,25,10,15,5,2,3,68,27,41,28,15,13
C5120ST,28,541,District-Khammam,Urban,20-29,277,128,149,20,9,11,35,11,24,19,9,10,108,56,52,14,5,9,4,2,2,54,22,32,23,14,9
C5120ST,28,541,District-Khammam,Urban,30-39,222,112,110,38,24,14,16,6,10,28,11,17,65,36,29,15,9,6,6,2,4,43,17,26,11,7,4
C5120ST,28,541,District-Khammam,Urban,40-49,121,63,58,16,8,8,17,10,7,8,4,4,38,24,14,5,3,2,5,4,1,26,10,16,6,0,6
C5120ST,28,541,District-Khammam,Urban,50-59,97,57,40,17,8,9,11,7,4,3,2,1,35,22,13,2,1,1,4,2,2,16,8,8,9,7,2
C5120ST,28,541,District-Khammam,Urban,60-69,79,42,37,19,8,11,7,5,2,2,1,1,31,20,11,1,1,0,1,0,1,13,3,10,5,4,1
C5120ST,28,541,District-Khammam,Urban,70-79,36,11,25,8,1,7,1,1,0,0,0,0,13,6,7,2,1,1,0,0,0,6,0,6,6,2,4
C5120ST,28,541,District-Khammam,Urban,80-89,23,9,14,7,3,4,2,1,1,3,0,3,8,3,5,0,0,0,0,0,0,1,0,1,2,2,0
C5120ST,28,541,District-Khammam,Urban,90+,8,3,5,3,1,2,0,0,0,1,1,0,2,0,2,0,0,0,0,0,0,1,1,0,1,0,1
C5120ST,28,541,District-Khammam,Urban,Age Not Stated,3,3,0,0,0,0,1,1,0,0,0,0,2,2,0,0,0,0,0,0,0,0,0,0,0,0,0
C5120ST,28,542,District-Srikakulam,Total,Total,3401,1790,1611,661,329,332,521,248,273,226,112,114,972,595,377,190,85,105,72,37,35,437,215,222,322,169,153
C5120ST,28,542,District-Srikakulam,Total,0-4,92,55,37,11,5,6,15,8,7,3,1,2,16,12,4,6,4,2,0,0,0,30,17,13,11,8,3
C5120ST,28,542,District-Srikakulam,Total,5-9,241,108,133,23,13,10,65,14,51,29,17,12,30,18,12,25,10,15,5,2,3,28,16,12,36,18,18
C5120ST,28,542,District-Srikakulam,Total,10-19,574,300,274,69,39,30,101,48,53,65,38,27,125,75,50,49,16,33,12,6,6,83,42,41,70,36,34
C5120ST,28,542,District-Srikakulam,Total,20-29,556,291,265,57,30,27,63,31,32,47,18,29,187,108,79,46,23,23,18,13,5,75,36,39,63,32,31
C5120ST,28,542,District-Srikakulam,Total,30-39,380,193,187,62,38,24,53,24,29,29,11,18,118,69,49,24,7,17,10,2,8,55,25,30,29,17,12
C5120ST,28,542,District-Srikakulam,Total,40-49,444,252,192,85,47,38,81,38,43,20,10,10,136,88,48,24,13,11,14,8,6,58,30,28,26,18,8
C5120ST,28,542,District-Srikakulam,Total,50-59,339,205,134,81,45,36,46,29,17,12,8,4,131,88,43,10,7,3,4,1,3,36,17,19,19,10,9
C5120ST,28,542,District-Srikakulam,Total,60-69,495,255,240,163,70,93,59,33,26,16,7,9,162,98,64,4,4,0,7,3,4,49,22,27,35,18,17
C5120ST,28,542,District-Srikakulam,Total,70-79,214,105,109,79,31,48,32,19,13,4,1,3,58,34,24,2,1,1,2,2,0,17,9,8,20,8,12
C5120ST,28,542,District-Srikakulam,Total,80-89,57,25,32,26,11,15,6,4,2,1,1,0,8,4,4,0,0,0,0,0,0,5,1,4,11,4,7
C5120ST,28,542,District-Srikakulam,Total,90+,8,1,7,4,0,4,0,0,0,0,0,0,1,1,0,0,0,0,0,0,0,1,0,1,2,0,2
C5120ST,28,542,District-Srikakulam,Total,Age Not Stated,1,0,1,1,0,1,0,0,0,0,0,0,0,0,0,0,0,0,0,0,0,0,0,0,0,0,0
C5120ST,28,542,District-Srikakulam,Rural,Total,3292,1724,1568,646,321,325,511,241,270,213,103,110,935,572,363,181,79,102,70,36,34,423,208,215,313,164,149
C5120ST,28,542,District-Srikakulam,Rural,0-4,88,52,36,10,5,5,14,7,7,3,1,2,16,12,4,4,2,2,0,0,0,30,17,13,11,8,3
C5120ST,28,542,District-Srikakulam,Rural,5-9,234,103,131,23,13,10,64,14,50,27,15,12,28,16,12,24,10,14,5,2,3,27,15,12,36,18,18
C5120ST,28,542,District-Srikakulam,Rural,10-19,556,290,266,68,38,30,100,48,52,62,36,26,121,73,48,47,15,32,11,5,6,80,40,40,67,35,32
C5120ST,28,542,District-Srikakulam,Rural,20-29,535,281,254,55,28,27,60,29,31,46,18,28,179,105,74,44,22,22,18,13,5,73,36,37,60,30,30
C5120ST,28,542,District-Srikakulam,Rural,30-39,367,186,181,57,35,22,52,23,29,29,11,18,115,67,48,23,6,17,9,2,7,54,25,29,28,17,11
C5120ST,28,542,District-Srikakulam,Rural,40-49,430,244,186,83,47,36,80,37,43,18,9,9,130,84,46,24,13,11,14,8,6,55,28,27,26,18,8
C5120ST,28,542,District-Srikakulam,Rural,50-59,325,194,131,81,45,36,45,28,17,8,5,3,124,82,42,10,7,3,4,1,3,34,16,18,19,10,9
C5120ST,28,542,District-Srikakulam,Rural,60-69,481,245,236,161,69,92,59,33,26,15,6,9,156,94,62,3,3,0,7,3,4,47,21,26,33,16,17
C5120ST,28,542,District-Srikakulam,Rural,70-79,210,103,107,77,30,47,31,18,13,4,1,3,57,34,23,2,1,1,2,2,0,17,9,8,20,8,12
C5120ST,28,542,District-Srikakulam,Rural,80-89,57,25,32,26,11,15,6,4,2,1,1,0,8,4,4,0,0,0,0,0,0,5,1,4,11,4,7
C5120ST,28,542,District-Srikakulam,Rural,90+,8,1,7,4,0,4,0,0,0,0,0,0,1,1,0,0,0,0,0,0,0,1,0,1,2,0,2
C5120ST,28,542,District-Srikakulam,Rural,Age Not Stated,1,0,1,1,0,1,0,0,0,0,0,0,0,0,0,0,0,0,0,0,0,0,0,0,0,0,0
C5120ST,28,542,District-Srikakulam,Urban,Total,109,66,43,15,8,7,10,7,3,13,9,4,37,23,14,9,6,3,2,1,1,14,7,7,9,5,4
C5120ST,28,542,District-Srikakulam,Urban,0-4,4,3,1,1,0,1,1,1,0,0,0,0,0,0,0,2,2,0,0,0,0,0,0,0,0,0,0
C5120ST,28,542,District-Srikakulam,Urban,5-9,7,5,2,0,0,0,1,0,1,2,2,0,2,2,0,1,0,1,0,0,0,1,1,0,0,0,0
C5120ST,28,542,District-Srikakulam,Urban,10-19,18,10,8,1,1,0,1,0,1,3,2,1,4,2,2,2,1,1,1,1,0,3,2,1,3,1,2
C5120ST,28,542,District-Srikakulam,Urban,20-29,21,10,11,2,2,0,3,2,1,1,0,1,8,3,5,2,1,1,0,0,0,2,0,2,3,2,1
C5120ST,28,542,District-Srikakulam,Urban,30-39,13,7,6,5,3,2,1,1,0,0,0,0,3,2,1,1,1,0,1,0,1,1,0,1,1,0,1
C5120ST,28,542,District-Srikakulam,Urban,40-49,14,8,6,2,0,2,1,1,0,2,1,1,6,4,2,0,0,0,0,0,0,3,2,1,0,0,0
C5120ST,28,542,District-Srikakulam,Urban,50-59,14,11,3,0,0,0,1,1,0,4,3,1,7,6,1,0,0,0,0,0,0,2,1,1,0,0,0
C5120ST,28,542,District-Srikakulam,Urban,60-69,14,10,4,2,1,1,0,0,0,1,1,0,6,4,2,1,1,0,0,0,0,2,1,1,2,2,0
C5120ST,28,542,District-Srikakulam,Urban,70-79,4,2,2,2,1,1,1,1,0,0,0,0,1,0,1,0,0,0,0,0,0,0,0,0,0,0,0
C5120ST,28,542,District-Srikakulam,Urban,80-89,0,0,0,0,0,0,0,0,0,0,0,0,0,0,0,0,0,0,0,0,0,0,0,0,0,0,0
C5120ST,28,542,District-Srikakulam,Urban,90+,0,0,0,0,0,0,0,0,0,0,0,0,0,0,0,0,0,0,0,0,0,0,0,0,0,0,0
C5120ST,28,542,District-Srikakulam,Urban,Age Not Stated,0,0,0,0,0,0,0,0,0,0,0,0,0,0,0,0,0,0,0,0,0,0,0,0,0,0,0
C5120ST,28,543,District-Vizianagaram,Total,Total,5569,2780,2789,914,451,463,1144,454,690,296,165,131,1329,790,539,214,107,107,69,32,37,1243,597,646,360,184,176
C5120ST,28,543,District-Vizianagaram,Total,0-4,197,93,104,9,3,6,48,17,31,4,2,2,44,23,21,7,3,4,1,0,1,72,38,34,12,7,5
C5120ST,28,543,District-Vizianagaram,Total,5-9,399,217,182,31,18,13,95,36,59,41,25,16,57,30,27,22,16,6,3,2,1,109,68,41,41,22,19
C5120ST,28,543,District-Vizianagaram,Total,10-19,1056,520,536,95,69,26,225,83,142,86,47,39,220,127,93,72,39,33,16,9,7,255,107,148,87,39,48
C5120ST,28,543,District-Vizianagaram,Total,20-29,827,423,404,79,39,40,133,48,85,69,38,31,229,132,97,40,19,21,9,5,4,209,109,100,59,33,26
C5120ST,28,543,District-Vizianagaram,Total,30-39,682,340,342,79,43,36,148,44,104,37,22,15,177,108,69,30,16,14,16,8,8,164,80,84,31,19,12
C5120ST,28,543,District-Vizianagaram,Total,40-49,682,373,309,107,62,45,168,81,87,27,14,13,191,123,68,14,6,8,10,4,6,141,66,75,24,17,7
C5120ST,28,543,District-Vizianagaram,Total,50-59,610,327,283,135,62,73,122,60,62,16,7,9,177,110,67,12,3,9,6,2,4,118,66,52,24,17,7
C5120ST,28,543,District-Vizianagaram,Total,60-69,764,332,432,259,103,156,144,62,82,10,6,4,174,102,72,11,4,7,4,1,3,121,40,81,41,14,27
C5120ST,28,543,District-Vizianagaram,Total,70-79,240,104,136,87,34,53,41,17,24,2,1,1,48,28,20,3,1,2,3,1,2,30,12,18,26,10,16
C5120ST,28,543,District-Vizianagaram,Total,80-89,56,22,34,23,12,11,7,1,6,0,0,0,5,2,3,2,0,2,1,0,1,6,3,3,12,4,8
C5120ST,28,543,District-Vizianagaram,Total,90+,12,5,7,4,2,2,1,0,1,0,0,0,1,0,1,0,0,0,0,0,0,4,1,3,2,2,0
C5120ST,28,543,District-Vizianagaram,Total,Age Not Stated,44,24,20,6,4,2,12,5,7,4,3,1,6,5,1,1,0,1,0,0,0,14,7,7,1,0,1
C5120ST,28,543,District-Vizianagaram,Rural,Total,5387,2680,2707,892,441,451,1124,446,678,284,160,124,1270,752,518,197,94,103,64,30,34,1215,582,633,341,175,166
C5120ST,28,543,District-Vizianagaram,Rural,0-4,194,92,102,9,3,6,48,17,31,4,2,2,44,23,21,7,3,4,0,0,0,70,37,33,12,7,5
C5120ST,28,543,District-Vizianagaram,Rural,5-9,387,211,176,30,18,12,95,36,59,39,24,15,55,29,26,20,14,6,3,2,1,105,66,39,40,22,18
C5120ST,28,543,District-Vizianagaram,Rural,10-19,1012,495,517,90,66,24,218,80,138,82,45,37,213,123,90,67,34,33,15,9,6,251,104,147,76,34,42
C5120ST,28,543,District-Vizianagaram,Rural,20-29,802,411,391,76,38,38,130,48,82,65,37,28,223,128,95,37,17,20,8,4,4,208,108,100,55,31,24
C5120ST,28,543,District-Vizianagaram,Rural,30-39,656,325,331,77,41,36,146,44,102,35,21,14,168,102,66,27,14,13,14,7,7,158,77,81,31,19,12
C5120ST,28,543,District-Vizianagaram,Rural,40-49,664,360,304,105,60,45,165,78,87,27,14,13,181,117,64,14,6,8,10,4,6,138,64,74,24,17,7
C5120ST,28,543,District-Vizianagaram,Rural,50-59,592,317,275,132,62,70,121,60,61,16,7,9,167,103,64,12,3,9,6,2,4,115,64,51,23,16,7
C5120ST,28,543,District-Vizianagaram,Rural,60-69,739,319,420,256,103,153,143,61,82,10,6,4,161,93,68,8,2,6,4,1,3,116,39,77,41,14,27
C5120ST,28,543,District-Vizianagaram,Rural,70-79,237,102,135,86,33,53,40,16,24,2,1,1,47,28,19,3,1,2,3,1,2,30,12,18,26,10,16
C5120ST,28,543,District-Vizianagaram,Rural,80-89,48,19,29,21,11,10,5,1,4,0,0,0,4,1,3,1,0,1,1,0,1,6,3,3,10,3,7
C5120ST,28,543,District-Vizianagaram,Rural,90+,12,5,7,4,2,2,1,0,1,0,0,0,1,0,1,0,0,0,0,0,0,4,1,3,2,2,0
C5120ST,28,543,District-Vizianagaram,Rural,Age Not Stated,44,24,20,6,4,2,12,5,7,4,3,1,6,5,1,1,0,1,0,0,0,14,7,7,1,0,1
C5120ST,28,543,District-Vizianagaram,Urban,Total,182,100,82,22,10,12,20,8,12,12,5,7,59,38,21,17,13,4,5,2,3,28,15,13,19,9,10
C5120ST,28,543,District-Vizianagaram,Urban,0-4,3,1,2,0,0,0,0,0,0,0,0,0,0,0,0,0,0,0,1,0,1,2,1,1,0,0,0
C5120ST,28,543,District-Vizianagaram,Urban,5-9,12,6,6,1,0,1,0,0,0,2,1,1,2,1,1,2,2,0,0,0,0,4,2,2,1,0,1
C5120ST,28,543,District-Vizianagaram,Urban,10-19,44,25,19,5,3,2,7,3,4,4,2,2,7,4,3,5,5,0,1,0,1,4,3,1,11,5,6
C5120ST,28,543,District-Vizianagaram,Urban,20-29,25,12,13,3,1,2,3,0,3,4,1,3,6,4,2,3,2,1,1,1,0,1,1,0,4,2,2
C5120ST,28,543,District-Vizianagaram,Urban,30-39,26,15,11,2,2,0,2,0,2,2,1,1,9,6,3,3,2,1,2,1,1,6,3,3,0,0,0
C5120ST,28,543,District-Vizianagaram,Urban,40-49,18,13,5,2,2,0,3,3,0,0,0,0,10,6,4,0,0,0,0,0,0,3,2,1,0,0,0
C5120ST,28,543,District-Vizianagaram,Urban,50-59,18,10,8,3,0,3,1,0,1,0,0,0,10,7,3,0,0,0,0,0,0,3,2,1,1,1,0
C5120ST,28,543,District-Vizianagaram,Urban,60-69,25,13,12,3,0,3,1,1,0,0,0,0,13,9,4,3,2,1,0,0,0,5,1,4,0,0,0
C5120ST,28,543,District-Vizianagaram,Urban,70-79,3,2,1,1,1,0,1,1,0,0,0,0,1,0,1,0,0,0,0,0,0,0,0,0,0,0,0
C5120ST,28,543,District-Vizianagaram,Urban,80-89,8,3,5,2,1,1,2,0,2,0,0,0,1,1,0,1,0,1,0,0,0,0,0,0,2,1,1
C5120ST,28,543,District-Vizianagaram,Urban,90+,0,0,0,0,0,0,0,0,0,0,0,0,0,0,0,0,0,0,0,0,0,0,0,0,0,0,0
C5120ST,28,543,District-Vizianagaram,Urban,Age Not Stated,0,0,0,0,0,0,0,0,0,0,0,0,0,0,0,0,0,0,0,0,0,0,0,0,0,0,0
C5120ST,28,544,District-Visakhapatnam,Total,Total,16723,8905,7818,3210,1577,1633,4273,2330,1943,793,440,353,3123,1837,1286,668,340,328,316,150,166,3084,1575,1509,1256,656,600
C5120ST,28,544,District-Visakhapatnam,Total,0-4,757,395,362,109,56,53,243,124,119,15,13,2,94,50,44,32,14,18,4,4,0,213,107,106,47,27,20
C5120ST,28,544,District-Visakhapatnam,Total,5-9,1267,653,614,186,97,89,359,180,179,97,56,41,159,89,70,71,32,39,15,7,8,257,131,126,123,61,62
C5120ST,28,544,District-Visakhapatnam,Total,10-19,2976,1652,1324,437,211,226,960,615,345,196,97,99,391,231,160,143,67,76,42,21,21,564,276,288,243,134,109
C5120ST,28,544,District-Visakhapatnam,Total,20-29,2526,1336,1190,357,191,166,630,301,329,166,92,74,495,286,209,127,78,49,44,14,30,530,279,251,177,95,82
C5120ST,28,544,District-Visakhapatnam,Total,30-39,2076,1113,963,317,163,154,511,245,266,123,72,51,429,264,165,86,42,44,54,22,32,427,231,196,129,74,55
C5120ST,28,544,District-Visakhapatnam,Total,40-49,2079,1201,878,347,193,154,518,295,223,79,50,29,478,314,164,95,46,49,62,34,28,408,219,189,92,50,42
C5120ST,28,544,District-Visakhapatnam,Total,50-59,1613,881,732,368,198,170,361,201,160,52,27,25,393,221,172,54,38,16,40,19,21,262,128,134,83,49,34
C5120ST,28,544,District-Visakhapatnam,Total,60-69,2291,1099,1192,714,292,422,442,223,219,47,23,24,500,281,219,42,15,27,42,25,17,291,141,150,213,99,114
C5120ST,28,544,District-Visakhapatnam,Total,70-79,792,406,386,285,146,139,155,75,80,13,7,6,143,81,62,13,6,7,10,4,6,66,39,27,107,48,59
C5120ST,28,544,District-Visakhapatnam,Total,80-89,179,76,103,63,21,42,28,16,12,4,2,2,27,15,12,1,0,1,0,0,0,26,8,18,30,14,16
C5120ST,28,544,District-Visakhapatnam,Total,90+,47,23,24,10,3,7,12,7,5,0,0,0,7,2,5,1,1,0,0,0,0,7,5,2,10,5,5
C5120ST,28,544,District-Visakhapatnam,Total,Age Not Stated,120,70,50,17,6,11,54,48,6,1,1,0,7,3,4,3,1,2,3,0,3,33,11,22,2,0,2
C5120ST,28,544,District-Visakhapatnam,Rural,Total,15399,8046,7353,2957,1438,1519,3745,1913,1832,689,377,312,3007,1772,1235,622,306,316,306,146,160,2864,1463,1401,1209,631,578
C5120ST,28,544,District-Visakhapatnam,Rural,0-4,710,365,345,87,41,46,234,119,115,14,12,2,91,48,43,31,14,17,3,3,0,205,103,102,45,25,20
C5120ST,28,544,District-Visakhapatnam,Rural,5-9,1185,612,573,161,83,78,338,172,166,91,53,38,155,87,68,65,26,39,15,7,8,247,128,119,113,56,57
C5120ST,28,544,District-Visakhapatnam,Rural,10-19,2466,1250,1216,363,169,194,659,334,325,173,84,89,371,220,151,124,56,68,40,20,20,504,237,267,232,130,102
C5120ST,28,544,District-Visakhapatnam,Rural,20-29,2318,1238,1080,314,172,142,572,273,299,145,80,65,467,272,195,122,73,49,44,14,30,487,263,224,167,91,76
C5120ST,28,544,District-Visakhapatnam,Rural,30-39,1913,1024,889,284,144,140,475,228,247,97,57,40,406,253,153,79,36,43,53,21,32,396,214,182,123,71,52
C5120ST,28,544,District-Visakhapatnam,Rural,40-49,1965,1126,839,326,180,146,485,274,211,70,43,27,461,300,161,90,43,47,59,33,26,384,205,179,90,48,42
C5120ST,28,544,District-Visakhapatnam,Rural,50-59,1540,837,703,356,192,164,344,190,154,40,19,21,382,215,167,51,35,16,37,19,18,248,119,129,82,48,34
C5120ST,28,544,District-Visakhapatnam,Rural,60-69,2260,1082,1178,703,286,417,437,220,217,43,21,22,497,279,218,42,15,27,42,25,17,285,138,147,211,98,113
C5120ST,28,544,District-Visakhapatnam,Rural,70-79,777,398,379,280,144,136,153,74,79,13,7,6,139,79,60,13,6,7,10,4,6,64,38,26,105,46,59
C5120ST,28,544,District-Visakhapatnam,Rural,80-89,170,71,99,61,20,41,25,16,9,3,1,2,26,14,12,1,0,1,0,0,0,25,7,18,29,13,16
C5120ST,28,544,District-Visakhapatnam,Rural,90+,43,21,22,10,3,7,9,5,4,0,0,0,7,2,5,1,1,0,0,0,0,6,5,1,10,5,5
C5120ST,28,544,District-Visakhapatnam,Rural,Age Not Stated,52,22,30,12,4,8,14,8,6,0,0,0,5,3,2,3,1,2,3,0,3,13,6,7,2,0,2
C5120ST,28,544,District-Visakhapatnam,Urban,Total,1324,859,465,253,139,114,528,417,111,104,63,41,116,65,51,46,34,12,10,4,6,220,112,108,47,25,22
C5120ST,28,544,District-Visakhapatnam,Urban,0-4,47,30,17,22,15,7,9,5,4,1,1,0,3,2,1,1,0,1,1,1,0,8,4,4,2,2,0
C5120ST,28,544,District-Visakhapatnam,Urban,5-9,82,41,41,25,14,11,21,8,13,6,3,3,4,2,2,6,6,0,0,0,0,10,3,7,10,5,5
C5120ST,28,544,District-Visakhapatnam,Urban,10-19,510,402,108,74,42,32,301,281,20,23,13,10,20,11,9,19,11,8,2,1,1,60,39,21,11,4,7
C5120ST,28,544,District-Visakhapatnam,Urban,20-29,208,98,110,43,19,24,58,28,30,21,12,9,28,14,14,5,5,0,0,0,0,43,16,27,10,4,6
C5120ST,28,544,District-Visakhapatnam,Urban,30-39,163,89,74,33,19,14,36,17,19,26,15,11,23,11,12,7,6,1,1,1,0,31,17,14,6,3,3
C5120ST,28,544,District-Visakhapatnam,Urban,40-49,114,75,39,21,13,8,33,21,12,9,7,2,17,14,3,5,3,2,3,1,2,24,14,10,2,2,0
C5120ST,28,544,District-Visakhapatnam,Urban,50-59,73,44,29,12,6,6,17,11,6,12,8,4,11,6,5,3,3,0,3,0,3,14,9,5,1,1,0
C5120ST,28,544,District-Visakhapatnam,Urban,60-69,31,17,14,11,6,5,5,3,2,4,2,2,3,2,1,0,0,0,0,0,0,6,3,3,2,1,1
C5120ST,28,544,District-Visakhapatnam,Urban,70-79,15,8,7,5,2,3,2,1,1,0,0,0,4,2,2,0,0,0,0,0,0,2,1,1,2,2,0
C5120ST,28,544,District-Visakhapatnam,Urban,80-89,9,5,4,2,1,1,3,0,3,1,1,0,1,1,0,0,0,0,0,0,0,1,1,0,1,1,0
C5120ST,28,544,District-Visakhapatnam,Urban,90+,4,2,2,0,0,0,3,2,1,0,0,0,0,0,0,0,0,0,0,0,0,1,0,1,0,0,0
C5120ST,28,544,District-Visakhapatnam,Urban,Age Not Stated,68,48,20,5,2,3,40,40,0,1,1,0,2,0,2,0,0,0,0,0,0,20,5,15,0,0,0
C5120ST,28,545,District-East Godavari,Total,Total,6353,3357,2996,1650,806,844,791,397,394,339,178,161,1717,995,722,276,144,132,130,62,68,727,382,345,723,393,330
C5120ST,28,545,District-East Godavari,Total,0-4,153,84,69,22,10,12,27,10,17,10,7,3,25,13,12,9,8,1,1,0,1,39,21,18,20,15,5
C5120ST,28,545,District-East Godavari,Total,5-9,334,196,138,43,31,12,49,27,22,43,27,16,65,35,30,31,17,14,9,6,3,49,26,23,45,27,18
C5120ST,28,545,District-East Godavari,Total,10-19,824,464,360,112,70,42,136,77,59,89,52,37,171,102,69,70,35,35,18,10,8,112,55,57,116,63,53
C5120ST,28,545,District-East Godavari,Total,20-29,861,475,386,117,60,57,116,68,48,68,32,36,283,170,113,58,36,22,23,8,15,117,57,60,79,44,35
C5120ST,28,545,District-East Godavari,Total,30-39,716,372,344,143,78,65,80,33,47,47,21,26,222,125,97,38,17,21,23,12,11,97,50,47,66,36,30
C5120ST,28,545,District-East Godavari,Total,40-49,872,496,376,243,130,113,107,56,51,37,17,20,277,168,109,41,21,20,19,9,10,98,63,35,50,32,18
C5120ST,28,545,District-East Godavari,Total,50-59,863,457,406,304,147,157,102,47,55,18,11,7,238,148,90,9,3,6,23,13,10,90,48,42,79,40,39
C5120ST,28,545,District-East Godavari,Total,60-69,1106,537,569,439,190,249,108,48,60,16,7,9,276,161,115,13,4,9,8,1,7,89,42,47,157,84,73
C5120ST,28,545,District-East Godavari,Total,70-79,493,227,266,186,75,111,55,28,27,9,3,6,132,64,68,5,3,2,5,2,3,28,17,11,73,35,38
C5120ST,28,545,District-East Godavari,Total,80-89,94,36,58,32,11,21,9,2,7,2,1,1,24,9,15,2,0,2,1,1,0,7,3,4,17,9,8
C5120ST,28,545,District-East Godavari,Total,90+,34,12,22,7,3,4,2,1,1,0,0,0,4,0,4,0,0,0,0,0,0,1,0,1,20,8,12
C5120ST,28,545,District-East Godavari,Total,Age Not Stated,3,1,2,2,1,1,0,0,0,0,0,0,0,0,0,0,0,0,0,0,0,0,0,0,1,0,1
C5120ST,28,545,District-East Godavari,Rural,Total,6153,3244,2909,1623,791,832,770,387,383,325,172,153,1655,956,699,258,134,124,123,57,66,699,369,330,700,378,322
C5120ST,28,545,District-East Godavari,Rural,0-4,147,83,64,21,10,11,26,10,16,10,7,3,25,13,12,8,7,1,1,0,1,38,21,17,18,15,3
C5120ST,28,545,District-East Godavari,Rural,5-9,325,193,132,42,30,12,49,27,22,41,27,14,62,34,28,30,17,13,8,5,3,48,26,22,45,27,18
C5120ST,28,545,District-East Godavari,Rural,10-19,777,434,343,106,65,41,132,75,57,82,48,34,155,91,64,66,33,33,17,9,8,108,54,54,111,59,52
C5120ST,28,545,District-East Godavari,Rural,20-29,814,450,364,112,58,54,111,67,44,67,32,35,267,159,108,51,31,20,22,8,14,109,55,54,75,40,35
C5120ST,28,545,District-East Godavari,Rural,30-39,685,355,330,140,76,64,74,29,45,45,20,25,216,122,94,37,17,20,22,11,11,89,45,44,62,35,27
C5120ST,28,545,District-East Godavari,Rural,40-49,850,481,369,242,129,113,105,55,50,36,17,19,267,161,106,39,20,19,18,8,10,97,62,35,46,29,17
C5120ST,28,545,District-East Godavari,Rural,50-59,844,445,399,297,144,153,100,45,55,17,10,7,233,146,87,9,3,6,22,12,10,88,46,42,78,39,39
C5120ST,28,545,District-East Godavari,Rural,60-69,1095,532,563,437,189,248,108,48,60,16,7,9,271,158,113,12,4,8,7,1,6,87,41,46,157,84,73
C5120ST,28,545,District-East Godavari,Rural,70-79,487,223,264,185,75,110,54,28,26,9,3,6,131,63,68,4,2,2,5,2,3,27,16,11,72,34,38
C5120ST,28,545,District-East Godavari,Rural,80-89,93,36,57,32,11,21,9,2,7,2,1,1,24,9,15,2,0,2,1,1,0,7,3,4,16,9,7
C5120ST,28,545,District-East Godavari,Rural,90+,33,11,22,7,3,4,2,1,1,0,0,0,4,0,4,0,0,0,0,0,0,1,0,1,19,7,12
C5120ST,28,545,District-East Godavari,Rural,Age Not Stated,3,1,2,2,1,1,0,0,0,0,0,0,0,0,0,0,0,0,0,0,0,0,0,0,1,0,1
C5120ST,28,545,District-East Godavari,Urban,Total,200,113,87,27,15,12,21,10,11,14,6,8,62,39,23,18,10,8,7,5,2,28,13,15,23,15,8
C5120ST,28,545,District-East Godavari,Urban,0-4,6,1,5,1,0,1,1,0,1,0,0,0,0,0,0,1,1,0,0,0,0,1,0,1,2,0,2
C5120ST,28,545,District-East Godavari,Urban,5-9,9,3,6,1,1,0,0,0,0,2,0,2,3,1,2,1,0,1,1,1,0,1,0,1,0,0,0
C5120ST,28,545,District-East Godavari,Urban,10-19,47,30,17,6,5,1,4,2,2,7,4,3,16,11,5,4,2,2,1,1,0,4,1,3,5,4,1
C5120ST,28,545,District-East Godavari,Urban,20-29,47,25,22,5,2,3,5,1,4,1,0,1,16,11,5,7,5,2,1,0,1,8,2,6,4,4,0
C5120ST,28,545,District-East Godavari,Urban,30-39,31,17,14,3,2,1,6,4,2,2,1,1,6,3,3,1,0,1,1,1,0,8,5,3,4,1,3
C5120ST,28,545,District-East Godavari,Urban,40-49,22,15,7,1,1,0,2,1,1,1,0,1,10,7,3,2,1,1,1,1,0,1,1,0,4,3,1
C5120ST,28,545,District-East Godavari,Urban,50-59,19,12,7,7,3,4,2,2,0,1,1,0,5,2,3,0,0,0,1,1,0,2,2,0,1,1,0
C5120ST,28,545,District-East Godavari,Urban,60-69,11,5,6,2,1,1,0,0,0,0,0,0,5,3,2,1,0,1,1,0,1,2,1,1,0,0,0
C5120ST,28,545,District-East Godavari,Urban,70-79,6,4,2,1,0,1,1,0,1,0,0,0,1,1,0,1,1,0,0,0,0,1,1,0,1,1,0
C5120ST,28,545,District-East Godavari,Urban,80-89,1,0,1,0,0,0,0,0,0,0,0,0,0,0,0,0,0,0,0,0,0,0,0,0,1,0,1
C5120ST,28,545,District-East Godavari,Urban,90+,1,1,0,0,0,0,0,0,0,0,0,0,0,0,0,0,0,0,0,0,0,0,0,0,1,1,0
C5120ST,28,545,District-East Godavari,Urban,Age Not Stated,0,0,0,0,0,0,0,0,0,0,0,0,0,0,0,0,0,0,0,0,0,0,0,0,0,0,0
C5120ST,28,546,District-West Godavari,Total,Total,2063,1086,977,339,169,170,244,110,134,124,58,66,677,396,281,152,73,79,56,31,25,279,144,135,192,105,87
C5120ST,28,546,District-West Godavari,Total,0-4,60,26,34,9,3,6,5,2,3,4,2,2,13,8,5,5,1,4,0,0,0,17,5,12,7,5,2
C5120ST,28,546,District-West Godavari,Total,5-9,140,82,58,16,11,5,13,5,8,21,13,8,34,24,10,16,8,8,1,1,0,16,10,6,23,10,13
C5120ST,28,546,District-West Godavari,Total,10-19,366,208,158,42,22,20,49,28,21,30,13,17,72,47,25,53,30,23,14,8,6,62,35,27,44,25,19
C5120ST,28,546,District-West Godavari,Total,20-29,371,194,177,33,14,19,36,19,17,28,8,20,138,84,54,38,15,23,12,9,3,54,30,24,32,15,17
C5120ST,28,546,District-West Godavari,Total,30-39,264,144,120,31,15,16,32,15,17,16,7,9,108,72,36,16,5,11,7,2,5,35,19,16,19,9,10
C5120ST,28,546,District-West Godavari,Total,40-49,225,118,107,32,19,13,22,10,12,13,7,6,80,45,35,11,6,5,14,6,8,37,17,20,16,8,8
C5120ST,28,546,District-West Godavari,Total,50-59,185,103,82,38,21,17,24,10,14,3,3,0,79,43,36,7,5,2,5,3,2,17,9,8,12,9,3
C5120ST,28,546,District-West Godavari,Total,60-69,271,118,153,79,33,46,41,12,29,7,4,3,88,41,47,4,2,2,2,1,1,33,16,17,17,9,8
C5120ST,28,546,District-West Godavari,Total,70-79,130,71,59,38,21,17,17,8,9,2,1,1,52,27,25,2,1,1,1,1,0,4,1,3,14,11,3
C5120ST,28,546,District-West Godavari,Total,80-89,38,14,24,16,6,10,3,1,2,0,0,0,11,4,7,0,0,0,0,0,0,1,0,1,7,3,4
C5120ST,28,546,District-West Godavari,Total,90+,10,6,4,5,4,1,1,0,1,0,0,0,2,1,1,0,0,0,0,0,0,1,0,1,1,1,0
C5120ST,28,546,District-West Godavari,Total,Age Not Stated,3,2,1,0,0,0,1,0,1,0,0,0,0,0,0,0,0,0,0,0,0,2,2,0,0,0,0
C5120ST,28,546,District-West Godavari,Rural,Total,1900,994,906,320,157,163,226,101,125,109,52,57,620,358,262,145,68,77,52,29,23,249,130,119,179,99,80
C5120ST,28,546,District-West Godavari,Rural,0-4,56,25,31,8,2,6,5,2,3,3,2,1,12,8,4,5,1,4,0,0,0,17,5,12,6,5,1
C5120ST,28,546,District-West Godavari,Rural,5-9,125,73,52,15,11,4,10,3,7,19,12,7,30,21,9,16,8,8,1,1,0,12,7,5,22,10,12
C5120ST,28,546,District-West Godavari,Rural,10-19,336,192,144,38,19,19,47,27,20,28,13,15,64,41,23,49,27,22,14,8,6,56,34,22,40,23,17
C5120ST,28,546,District-West Godavari,Rural,20-29,342,182,160,30,14,16,32,17,15,26,8,18,127,78,49,36,14,22,11,9,2,50,29,21,30,13,17
C5120ST,28,546,District-West Godavari,Rural,30-39,237,123,114,30,14,16,29,13,16,11,4,7,97,62,35,16,5,11,5,1,4,30,15,15,19,9,10
C5120ST,28,546,District-West Godavari,Rural,40-49,206,107,99,29,16,13,21,9,12,12,7,5,73,41,32,10,5,5,14,6,8,33,16,17,14,7,7
C5120ST,28,546,District-West Godavari,Rural,50-59,177,97,80,38,21,17,23,10,13,2,2,0,76,40,36,7,5,2,4,2,2,15,8,7,12,9,3
C5120ST,28,546,District-West Godavari,Rural,60-69,255,109,146,76,31,45,39,11,28,6,3,3,83,39,44,4,2,2,2,1,1,31,14,17,14,8,6
C5120ST,28,546,District-West Godavari,Rural,70-79,121,66,55,36,19,17,16,8,8,2,1,1,46,24,22,2,1,1,1,1,0,4,1,3,14,11,3
C5120ST,28,546,District-West Godavari,Rural,80-89,35,13,22,15,6,9,3,1,2,0,0,0,10,3,7,0,0,0,0,0,0,0,0,0,7,3,4
C5120ST,28,546,District-West Godavari,Rural,90+,8,6,2,5,4,1,0,0,0,0,0,0,2,1,1,0,0,0,0,0,0,0,0,0,1,1,0
C5120ST,28,546,District-West Godavari,Rural,Age Not Stated,2,1,1,0,0,0,1,0,1,0,0,0,0,0,0,0,0,0,0,0,0,1,1,0,0,0,0
C5120ST,28,546,District-West Godavari,Urban,Total,163,92,71,19,12,7,18,9,9,15,6,9,57,38,19,7,5,2,4,2,2,30,14,16,13,6,7
C5120ST,28,546,District-West Godavari,Urban,0-4,4,1,3,1,1,0,0,0,0,1,0,1,1,0,1,0,0,0,0,0,0,0,0,0,1,0,1
C5120ST,28,546,District-West Godavari,Urban,5-9,15,9,6,1,0,1,3,2,1,2,1,1,4,3,1,0,0,0,0,0,0,4,3,1,1,0,1
C5120ST,28,546,District-West Godavari,Urban,10-19,30,16,14,4,3,1,2,1,1,2,0,2,8,6,2,4,3,1,0,0,0,6,1,5,4,2,2
C5120ST,28,546,District-West Godavari,Urban,20-29,29,12,17,3,0,3,4,2,2,2,0,2,11,6,5,2,1,1,1,0,1,4,1,3,2,2,0
C5120ST,28,546,District-West Godavari,Urban,30-39,27,21,6,1,1,0,3,2,1,5,3,2,11,10,1,0,0,0,2,1,1,5,4,1,0,0,0
C5120ST,28,546,District-West Godavari,Urban,40-49,19,11,8,3,3,0,1,1,0,1,0,1,7,4,3,1,1,0,0,0,0,4,1,3,2,1,1
C5120ST,28,546,District-West Godavari,Urban,50-59,8,6,2,0,0,0,1,0,1,1,1,0,3,3,0,0,0,0,1,1,0,2,1,1,0,0,0
C5120ST,28,546,District-West Godavari,Urban,60-69,16,9,7,3,2,1,2,1,1,1,1,0,5,2,3,0,0,0,0,0,0,2,2,0,3,1,2
C5120ST,28,546,District-West Godavari,Urban,70-79,9,5,4,2,2,0,1,0,1,0,0,0,6,3,3,0,0,0,0,0,0,0,0,0,0,0,0
C5120ST,28,546,District-West Godavari,Urban,80-89,3,1,2,1,0,1,0,0,0,0,0,0,1,1,0,0,0,0,0,0,0,1,0,1,0,0,0
C5120ST,28,546,District-West Godavari,Urban,90+,2,0,2,0,0,0,1,0,1,0,0,0,0,0,0,0,0,0,0,0,0,1,0,1,0,0,0
C5120ST,28,546,District-West Godavari,Urban,Age Not Stated,1,1,0,0,0,0,0,0,0,0,0,0,0,0,0,0,0,0,0,0,0,1,1,0,0,0,0
C5120ST,28,547,District-Krishna,Total,Total,3795,1944,1851,446,219,227,598,208,390,403,217,186,868,526,342,232,116,116,86,48,38,883,459,424,279,151,128
C5120ST,28,547,District-Krishna,Total,0-4,178,99,79,15,5,10,29,11,18,3,2,1,28,19,9,11,6,5,1,1,0,80,49,31,11,6,5
C5120ST,28,547,District-Krishna,Total,5-9,315,161,154,26,9,17,50,19,31,50,32,18,44,21,23,27,14,13,6,4,2,79,42,37,33,20,13
C5120ST,28,547,District-Krishna,Total,10-19,721,395,326,62,33,29,107,45,62,93,53,40,107,66,41,79,38,41,26,13,13,177,104,73,70,43,27
C5120ST,28,547,District-Krishna,Total,20-29,724,336,388,49,28,21,109,28,81,89,41,48,187,97,90,49,23,26,17,8,9,167,85,82,57,26,31
C5120ST,28,547,District-Krishna,Total,30-39,516,262,254,50,23,27,92,34,58,66,36,30,113,81,32,28,12,16,18,11,7,123,53,70,26,12,14
C5120ST,28,547,District-Krishna,Total,40-49,420,237,183,53,30,23,65,26,39,45,28,17,119,80,39,22,12,10,12,6,6,83,41,42,21,14,7
C5120ST,28,547,District-Krishna,Total,50-59,313,153,160,56,28,28,54,16,38,23,12,11,102,60,42,5,2,3,1,1,0,59,28,31,13,6,7
C5120ST,28,547,District-Krishna,Total,60-69,316,142,174,63,24,39,53,14,39,20,8,12,88,50,38,7,6,1,2,2,0,60,28,32,23,10,13
C5120ST,28,547,District-Krishna,Total,70-79,178,99,79,49,25,24,22,6,16,8,3,5,53,38,15,3,2,1,2,2,0,32,19,13,9,4,5
C5120ST,28,547,District-Krishna,Total,80-89,60,35,25,16,11,5,7,5,2,3,1,2,20,11,9,0,0,0,0,0,0,6,3,3,8,4,4
C5120ST,28,547,District-Krishna,Total,90+,16,7,9,5,3,2,1,0,1,2,1,1,1,0,1,0,0,0,0,0,0,3,0,3,4,3,1
C5120ST,28,547,District-Krishna,Total,Age Not Stated,38,18,20,2,0,2,9,4,5,1,0,1,6,3,3,1,1,0,1,0,1,14,7,7,4,3,1
C5120ST,28,547,District-Krishna,Rural,Total,2734,1383,1351,336,167,169,423,132,291,275,149,126,660,395,265,181,92,89,62,36,26,589,308,281,208,104,104
C5120ST,28,547,District-Krishna,Rural,0-4,128,72,56,14,4,10,20,6,14,2,2,0,24,16,8,9,6,3,1,1,0,50,32,18,8,5,3
C5120ST,28,547,District-Krishna,Rural,5-9,235,121,114,20,6,14,36,11,25,41,29,12,35,18,17,23,12,11,3,3,0,50,27,23,27,15,12
C5120ST,28,547,District-Krishna,Rural,10-19,520,294,226,43,24,19,78,36,42,66,41,25,84,51,33,62,34,28,17,8,9,117,72,45,53,28,25
C5120ST,28,547,District-Krishna,Rural,20-29,524,239,285,37,24,13,80,18,62,61,24,37,139,71,68,41,20,21,15,8,7,111,57,54,40,17,23
C5120ST,28,547,District-Krishna,Rural,30-39,342,167,175,37,17,20,61,17,44,41,23,18,83,59,24,17,5,12,11,7,4,75,32,43,17,7,10
C5120ST,28,547,District-Krishna,Rural,40-49,298,155,143,42,25,17,48,14,34,25,13,12,86,55,31,17,8,9,12,6,6,55,25,30,13,9,4
C5120ST,28,547,District-Krishna,Rural,50-59,220,97,123,36,17,19,37,10,27,14,7,7,74,39,35,5,2,3,0,0,0,46,19,27,8,3,5
C5120ST,28,547,District-Krishna,Rural,60-69,238,111,127,47,18,29,37,9,28,14,6,8,70,44,26,5,4,1,1,1,0,45,21,24,19,8,11
C5120ST,28,547,District-Krishna,Rural,70-79,141,79,62,39,19,20,16,5,11,6,2,4,46,33,13,1,0,1,2,2,0,23,15,8,8,3,5
C5120ST,28,547,District-Krishna,Rural,80-89,49,31,18,16,11,5,4,4,0,2,1,1,15,8,7,0,0,0,0,0,0,4,3,1,8,4,4
C5120ST,28,547,District-Krishna,Rural,90+,12,5,7,3,2,1,1,0,1,2,1,1,1,0,1,0,0,0,0,0,0,2,0,2,3,2,1
C5120ST,28,547,District-Krishna,Rural,Age Not Stated,27,12,15,2,0,2,5,2,3,1,0,1,3,1,2,1,1,0,0,0,0,11,5,6,4,3,1
C5120ST,28,547,District-Krishna,Urban,Total,1061,561,500,110,52,58,175,76,99,128,68,60,208,131,77,51,24,27,24,12,12,294,151,143,71,47,24
C5120ST,28,547,District-Krishna,Urban,0-4,50,27,23,1,1,0,9,5,4,1,0,1,4,3,1,2,0,2,0,0,0,30,17,13,3,1,2
C5120ST,28,547,District-Krishna,Urban,5-9,80,40,40,6,3,3,14,8,6,9,3,6,9,3,6,4,2,2,3,1,2,29,15,14,6,5,1
C5120ST,28,547,District-Krishna,Urban,10-19,201,101,100,19,9,10,29,9,20,27,12,15,23,15,8,17,4,13,9,5,4,60,32,28,17,15,2
C5120ST,28,547,District-Krishna,Urban,20-29,200,97,103,12,4,8,29,10,19,28,17,11,48,26,22,8,3,5,2,0,2,56,28,28,17,9,8
C5120ST,28,547,District-Krishna,Urban,30-39,174,95,79,13,6,7,31,17,14,25,13,12,30,22,8,11,7,4,7,4,3,48,21,27,9,5,4
C5120ST,28,547,District-Krishna,Urban,40-49,122,82,40,11,5,6,17,12,5,20,15,5,33,25,8,5,4,1,0,0,0,28,16,12,8,5,3
C5120ST,28,547,District-Krishna,Urban,50-59,93,56,37,20,11,9,17,6,11,9,5,4,28,21,7,0,0,0,1,1,0,13,9,4,5,3,2
C5120ST,28,547,District-Krishna,Urban,60-69,78,31,47,16,6,10,16,5,11,6,2,4,18,6,12,2,2,0,1,1,0,15,7,8,4,2,2
C5120ST,28,547,District-Krishna,Urban,70-79,37,20,17,10,6,4,6,1,5,2,1,1,7,5,2,2,2,0,0,0,0,9,4,5,1,1,0
C5120ST,28,547,District-Krishna,Urban,80-89,11,4,7,0,0,0,3,1,2,1,0,1,5,3,2,0,0,0,0,0,0,2,0,2,0,0,0
C5120ST,28,547,District-Krishna,Urban,90+,4,2,2,2,1,1,0,0,0,0,0,0,0,0,0,0,0,0,0,0,0,1,0,1,1,1,0
C5120ST,28,547,District-Krishna,Urban,Age Not Stated,11,6,5,0,0,0,4,2,2,0,0,0,3,2,1,0,0,0,1,0,1,3,2,1,0,0,0
C5120ST,28,548,District-Guntur,Total,Total,4538,2372,2166,714,331,383,551,249,302,425,237,188,1311,749,562,301,158,143,94,46,48,569,299,270,573,303,270
C5120ST,28,548,District-Guntur,Total,0-4,179,101,78,22,12,10,25,11,14,13,9,4,39,22,17,7,6,1,0,0,0,46,28,18,27,13,14
C5120ST,28,548,District-Guntur,Total,5-9,397,218,179,45,24,21,51,25,26,72,42,30,54,31,23,43,25,18,5,0,5,62,36,26,65,35,30
C5120ST,28,548,District-Guntur,Total,10-19,838,415,423,82,40,42,100,45,55,125,61,64,196,102,94,92,47,45,15,6,9,109,57,52,119,57,62
C5120ST,28,548,District-Guntur,Total,20-29,891,499,392,91,47,44,78,42,36,95,56,39,350,208,142,72,34,38,17,8,9,108,52,56,80,52,28
C5120ST,28,548,District-Guntur,Total,30-39,572,311,261,67,36,31,86,46,40,49,29,20,182,103,79,41,19,22,24,14,10,75,37,38,48,27,21
C5120ST,28,548,District-Guntur,Total,40-49,432,235,197,73,32,41,54,18,36,28,16,12,133,85,48,23,17,6,17,9,8,68,39,29,36,19,17
C5120ST,28,548,District-Guntur,Total,50-59,414,197,217,88,26,62,48,19,29,26,13,13,129,74,55,9,4,5,8,5,3,42,22,20,64,34,30
C5120ST,28,548,District-Guntur,Total,60-69,426,203,223,107,48,59,63,23,40,10,8,2,129,68,61,10,6,4,2,2,0,38,17,21,67,31,36
C5120ST,28,548,District-Guntur,Total,70-79,276,144,132,97,50,47,33,16,17,6,3,3,70,40,30,3,0,3,5,2,3,15,8,7,47,25,22
C5120ST,28,548,District-Guntur,Total,80-89,90,39,51,32,13,19,12,4,8,1,0,1,22,12,10,1,0,1,1,0,1,5,3,2,16,7,9
C5120ST,28,548,District-Guntur,Total,90+,20,7,13,10,3,7,1,0,1,0,0,0,5,2,3,0,0,0,0,0,0,1,0,1,3,2,1
C5120ST,28,548,District-Guntur,Total,Age Not Stated,3,3,0,0,0,0,0,0,0,0,0,0,2,2,0,0,0,0,0,0,0,0,0,0,1,1,0
C5120ST,28,548,District-Guntur,Rural,Total,3516,1854,1662,598,281,317,369,179,190,332,188,144,1017,585,432,241,119,122,74,37,37,401,209,192,484,256,228
C5120ST,28,548,District-Guntur,Rural,0-4,137,78,59,16,9,7,14,7,7,13,9,4,31,17,14,5,4,1,0,0,0,37,21,16,21,11,10
C5120ST,28,548,District-Guntur,Rural,5-9,288,166,122,32,20,12,27,15,12,60,35,25,37,24,13,35,18,17,5,0,5,41,25,16,51,29,22
C5120ST,28,548,District-Guntur,Rural,10-19,620,310,310,65,36,29,54,25,29,93,45,48,157,82,75,68,34,34,10,2,8,73,40,33,100,46,54
C5120ST,28,548,District-Guntur,Rural,20-29,693,398,295,71,38,33,60,37,23,77,44,33,264,161,103,62,28,34,15,8,7,80,37,43,64,45,19
C5120ST,28,548,District-Guntur,Rural,30-39,423,223,200,55,29,26,61,32,29,35,22,13,134,74,60,32,13,19,19,11,8,50,21,29,37,21,16
C5120ST,28,548,District-Guntur,Rural,40-49,334,183,151,68,30,38,36,11,25,21,13,8,102,66,36,16,12,4,15,8,7,46,28,18,30,15,15
C5120ST,28,548,District-Guntur,Rural,50-59,344,168,176,82,25,57,36,17,19,20,11,9,101,58,43,9,4,5,6,5,1,29,15,14,61,33,28
C5120ST,28,548,District-Guntur,Rural,60-69,345,161,184,90,40,50,51,20,31,7,6,1,100,51,49,10,6,4,2,2,0,27,12,15,58,24,34
C5120ST,28,548,District-Guntur,Rural,70-79,236,123,113,81,40,41,23,12,11,6,3,3,66,38,28,3,0,3,1,1,0,13,7,6,43,22,21
C5120ST,28,548,District-Guntur,Rural,80-89,76,35,41,29,11,18,6,3,3,0,0,0,20,11,9,1,0,1,1,0,1,4,3,1,15,7,8
C5120ST,28,548,District-Guntur,Rural,90+,17,6,11,9,3,6,1,0,1,0,0,0,3,1,2,0,0,0,0,0,0,1,0,1,3,2,1
C5120ST,28,548,District-Guntur,Rural,Age Not Stated,3,3,0,0,0,0,0,0,0,0,0,0,2,2,0,0,0,0,0,0,0,0,0,0,1,1,0
C5120ST,28,548,District-Guntur,Urban,Total,1022,518,504,116,50,66,182,70,112,93,49,44,294,164,130,60,39,21,20,9,11,168,90,78,89,47,42
C5120ST,28,548,District-Guntur,Urban,0-4,42,23,19,6,3,3,11,4,7,0,0,0,8,5,3,2,2,0,0,0,0,9,7,2,6,2,4
C5120ST,28,548,District-Guntur,Urban,5-9,109,52,57,13,4,9,24,10,14,12,7,5,17,7,10,8,7,1,0,0,0,21,11,10,14,6,8
C5120ST,28,548,District-Guntur,Urban,10-19,218,105,113,17,4,13,46,20,26,32,16,16,39,20,19,24,13,11,5,4,1,36,17,19,19,11,8
C5120ST,28,548,District-Guntur,Urban,20-29,198,101,97,20,9,11,18,5,13,18,12,6,86,47,39,10,6,4,2,0,2,28,15,13,16,7,9
C5120ST,28,548,District-Guntur,Urban,30-39,149,88,61,12,7,5,25,14,11,14,7,7,48,29,19,9,6,3,5,3,2,25,16,9,11,6,5
C5120ST,28,548,District-Guntur,Urban,40-49,98,52,46,5,2,3,18,7,11,7,3,4,31,19,12,7,5,2,2,1,1,22,11,11,6,4,2
C5120ST,28,548,District-Guntur,Urban,50-59,70,29,41,6,1,5,12,2,10,6,2,4,28,16,12,0,0,0,2,0,2,13,7,6,3,1,2
C5120ST,28,548,District-Guntur,Urban,60-69,81,42,39,17,8,9,12,3,9,3,2,1,29,17,12,0,0,0,0,0,0,11,5,6,9,7,2
C5120ST,28,548,District-Guntur,Urban,70-79,40,21,19,16,10,6,10,4,6,0,0,0,4,2,2,0,0,0,4,1,3,2,1,1,4,3,1
C5120ST,28,548,District-Guntur,Urban,80-89,14,4,10,3,2,1,6,1,5,1,0,1,2,1,1,0,0,0,0,0,0,1,0,1,1,0,1
C5120ST,28,548,District-Guntur,Urban,90+,3,1,2,1,0,1,0,0,0,0,0,0,2,1,1,0,0,0,0,0,0,0,0,0,0,0,0
C5120ST,28,548,District-Guntur,Urban,Age Not Stated,0,0,0,0,0,0,0,0,0,0,0,0,0,0,0,0,0,0,0,0,0,0,0,0,0,0,0
C5120ST,28,549,District-Prakasam,Total,Total,2796,1531,1265,391,219,172,362,193,169,305,164,141,772,460,312,198,108,90,80,28,52,399,199,200,289,160,129
C5120ST,28,549,District-Prakasam,Total,0-4,123,67,56,5,2,3,16,8,8,6,3,3,33,17,16,4,1,3,2,2,0,45,26,19,12,8,4
C5120ST,28,549,District-Prakasam,Total,5-9,245,154,91,27,19,8,36,22,14,45,31,14,43,22,21,21,12,9,2,2,0,38,23,15,33,23,10
C5120ST,28,549,District-Prakasam,Total,10-19,496,273,223,48,25,23,45,26,19,68,33,35,122,80,42,51,29,22,10,2,8,84,37,47,68,41,27
C5120ST,28,549,District-Prakasam,Total,20-29,548,293,255,40,19,21,57,31,26,67,36,31,192,117,75,55,28,27,18,3,15,76,37,39,43,22,21
C5120ST,28,549,District-Prakasam,Total,30-39,369,206,163,40,25,15,57,31,26,47,20,27,108,66,42,27,14,13,16,9,7,43,24,19,31,17,14
C5120ST,28,549,District-Prakasam,Total,40-49,270,146,124,44,29,15,41,20,21,33,21,12,72,42,30,19,12,7,12,3,9,34,11,23,15,8,7
C5120ST,28,549,District-Prakasam,Total,50-59,245,129,116,43,25,18,40,16,24,22,13,9,67,37,30,11,6,5,14,4,10,29,18,11,19,10,9
C5120ST,28,549,District-Prakasam,Total,60-69,297,147,150,88,44,44,49,28,21,13,4,9,73,40,33,6,3,3,3,3,0,33,13,20,32,12,20
C5120ST,28,549,District-Prakasam,Total,70-79,144,87,57,40,24,16,19,10,9,4,3,1,44,31,13,0,0,0,2,0,2,12,6,6,23,13,10
C5120ST,28,549,District-Prakasam,Total,80-89,40,16,24,13,6,7,2,1,1,0,0,0,10,4,6,1,0,1,1,0,1,2,1,1,11,4,7
C5120ST,28,549,District-Prakasam,Total,90+,5,3,2,0,0,0,0,0,0,0,0,0,5,3,2,0,0,0,0,0,0,0,0,0,0,0,0
C5120ST,28,549,District-Prakasam,Total,Age Not Stated,14,10,4,3,1,2,0,0,0,0,0,0,3,1,2,3,3,0,0,0,0,3,3,0,2,2,0
C5120ST,28,549,District-Prakasam,Rural,Total,2326,1283,1043,332,193,139,303,159,144,247,131,116,638,385,253,171,94,77,75,28,47,310,156,154,250,137,113
C5120ST,28,549,District-Prakasam,Rural,0-4,99,48,51,5,2,3,15,7,8,6,3,3,28,12,16,2,0,2,2,2,0,32,17,15,9,5,4
C5120ST,28,549,District-Prakasam,Rural,5-9,213,137,76,23,16,7,33,20,13,38,25,13,36,21,15,17,10,7,2,2,0,34,22,12,30,21,9
C5120ST,28,549,District-Prakasam,Rural,10-19,403,224,179,38,23,15,35,19,16,54,26,28,105,70,35,43,22,21,9,2,7,62,28,34,57,34,23
C5120ST,28,549,District-Prakasam,Rural,20-29,460,244,216,32,15,17,46,24,22,54,29,25,159,96,63,49,26,23,17,3,14,63,31,32,40,20,20
C5120ST,28,549,District-Prakasam,Rural,30-39,282,162,120,33,22,11,49,28,21,33,14,19,76,46,30,22,13,9,15,9,6,30,16,14,24,14,10
C5120ST,28,549,District-Prakasam,Rural,40-49,235,128,107,36,25,11,35,16,19,30,19,11,65,38,27,18,11,7,10,3,7,27,9,18,14,7,7
C5120ST,28,549,District-Prakasam,Rural,50-59,201,110,91,35,22,13,29,13,16,15,8,7,58,34,24,10,6,4,14,4,10,24,14,10,16,9,7
C5120ST,28,549,District-Prakasam,Rural,60-69,253,126,127,77,39,38,42,22,20,13,4,9,58,33,25,6,3,3,3,3,0,26,12,14,28,10,18
C5120ST,28,549,District-Prakasam,Rural,70-79,130,80,50,38,22,16,18,10,8,4,3,1,36,27,9,0,0,0,2,0,2,11,6,5,21,12,9
C5120ST,28,549,District-Prakasam,Rural,80-89,34,13,21,12,6,6,1,0,1,0,0,0,10,4,6,1,0,1,1,0,1,0,0,0,9,3,6
C5120ST,28,549,District-Prakasam,Rural,90+,4,3,1,0,0,0,0,0,0,0,0,0,4,3,1,0,0,0,0,0,0,0,0,0,0,0,0
C5120ST,28,549,District-Prakasam,Rural,Age Not Stated,12,8,4,3,1,2,0,0,0,0,0,0,3,1,2,3,3,0,0,0,0,1,1,0,2,2,0
C5120ST,28,549,District-Prakasam,Urban,Total,470,248,222,59,26,33,59,34,25,58,33,25,134,75,59,27,14,13,5,0,5,89,43,46,39,23,16
C5120ST,28,549,District-Prakasam,Urban,0-4,24,19,5,0,0,0,1,1,0,0,0,0,5,5,0,2,1,1,0,0,0,13,9,4,3,3,0
C5120ST,28,549,District-Prakasam,Urban,5-9,32,17,15,4,3,1,3,2,1,7,6,1,7,1,6,4,2,2,0,0,0,4,1,3,3,2,1
C5120ST,28,549,District-Prakasam,Urban,10-19,93,49,44,10,2,8,10,7,3,14,7,7,17,10,7,8,7,1,1,0,1,22,9,13,11,7,4
C5120ST,28,549,District-Prakasam,Urban,20-29,88,49,39,8,4,4,11,7,4,13,7,6,33,21,12,6,2,4,1,0,1,13,6,7,3,2,1
C5120ST,28,549,District-Prakasam,Urban,30-39,87,44,43,7,3,4,8,3,5,14,6,8,32,20,12,5,1,4,1,0,1,13,8,5,7,3,4
C5120ST,28,549,District-Prakasam,Urban,40-49,35,18,17,8,4,4,6,4,2,3,2,1,7,4,3,1,1,0,2,0,2,7,2,5,1,1,0
C5120ST,28,549,District-Prakasam,Urban,50-59,44,19,25,8,3,5,11,3,8,7,5,2,9,3,6,1,0,1,0,0,0,5,4,1,3,1,2
C5120ST,28,549,District-Prakasam,Urban,60-69,44,21,23,11,5,6,7,6,1,0,0,0,15,7,8,0,0,0,0,0,0,7,1,6,4,2,2
C5120ST,28,549,District-Prakasam,Urban,70-79,14,7,7,2,2,0,1,0,1,0,0,0,8,4,4,0,0,0,0,0,0,1,0,1,2,1,1
C5120ST,28,549,District-Prakasam,Urban,80-89,6,3,3,1,0,1,1,1,0,0,0,0,0,0,0,0,0,0,0,0,0,2,1,1,2,1,1
C5120ST,28,549,District-Prakasam,Urban,90+,1,0,1,0,0,0,0,0,0,0,0,0,1,0,1,0,0,0,0,0,0,0,0,0,0,0,0
C5120ST,28,549,District-Prakasam,Urban,Age Not Stated,2,2,0,0,0,0,0,0,0,0,0,0,0,0,0,0,0,0,0,0,0,2,2,0,0,0,0
C5120ST,28,550,District-Sri Potti Sriramulu Nellore,Total,Total,5640,3025,2615,1212,610,602,859,400,459,382,205,177,1534,899,635,368,206,162,129,70,59,620,344,276,536,291,245
C5120ST,28,550,District-Sri Potti Sriramulu Nellore,Total,0-4,154,97,57,19,12,7,26,12,14,12,7,5,34,21,13,5,4,1,2,2,0,33,21,12,23,18,5
C5120ST,28,550,District-Sri Potti Sriramulu Nellore,Total,5-9,428,255,173,45,21,24,56,30,26,71,46,25,69,36,33,52,31,21,9,7,2,55,40,15,71,44,27
C5120ST,28,550,District-Sri Potti Sriramulu Nellore,Total,10-19,917,488,429,112,62,50,108,53,55,100,51,49,182,96,86,133,81,52,27,16,11,116,59,57,139,70,69
C5120ST,28,550,District-Sri Potti Sriramulu Nellore,Total,20-29,890,493,397,87,56,31,121,55,66,80,40,40,323,191,132,83,51,32,29,18,11,101,47,54,66,35,31
C5120ST,28,550,District-Sri Potti Sriramulu Nellore,Total,30-39,754,384,370,93,45,48,146,59,87,46,19,27,266,159,107,58,22,36,30,14,16,75,46,29,40,20,20
C5120ST,28,550,District-Sri Potti Sriramulu Nellore,Total,40-49,650,350,300,133,73,60,115,55,60,35,20,15,224,134,90,18,7,11,17,5,12,80,38,42,28,18,10
C5120ST,28,550,District-Sri Potti Sriramulu Nellore,Total,50-59,566,293,273,170,80,90,111,56,55,21,10,11,156,89,67,8,4,4,5,1,4,66,41,25,29,12,17
C5120ST,28,550,District-Sri Potti Sriramulu Nellore,Total,60-69,806,407,399,358,167,191,107,46,61,14,11,3,180,112,68,7,3,4,6,3,3,69,35,34,65,30,35
C5120ST,28,550,District-Sri Potti Sriramulu Nellore,Total,70-79,368,209,159,155,75,80,52,26,26,2,0,2,75,51,24,4,3,1,4,4,0,21,15,6,55,35,20
C5120ST,28,550,District-Sri Potti Sriramulu Nellore,Total,80-89,86,42,44,33,17,16,13,6,7,1,1,0,22,10,12,0,0,0,0,0,0,3,2,1,14,6,8
C5120ST,28,550,District-Sri Potti Sriramulu Nellore,Total,90+,19,7,12,7,2,5,4,2,2,0,0,0,3,0,3,0,0,0,0,0,0,0,0,0,5,3,2
C5120ST,28,550,District-Sri Potti Sriramulu Nellore,Total,Age Not Stated,2,0,2,0,0,0,0,0,0,0,0,0,0,0,0,0,0,0,0,0,0,1,0,1,1,0,1
C5120ST,28,550,District-Sri Potti Sriramulu Nellore,Rural,Total,4872,2595,2277,1065,531,534,741,340,401,322,169,153,1318,771,547,317,174,143,119,64,55,507,280,227,483,266,217
C5120ST,28,550,District-Sri Potti Sriramulu Nellore,Rural,0-4,126,78,48,16,10,6,21,10,11,10,5,5,29,18,11,3,2,1,2,2,0,27,17,10,18,14,4
C5120ST,28,550,District-Sri Potti Sriramulu Nellore,Rural,5-9,376,221,155,39,18,21,46,25,21,60,38,22,61,30,31,49,30,19,9,7,2,42,29,13,70,44,26
C5120ST,28,550,District-Sri Potti Sriramulu Nellore,Rural,10-19,737,382,355,68,32,36,83,39,44,85,43,42,159,86,73,116,66,50,25,14,11,76,39,37,125,63,62
C5120ST,28,550,District-Sri Potti Sriramulu Nellore,Rural,20-29,747,415,332,79,50,29,105,46,59,69,35,34,260,156,104,71,43,28,26,17,9,84,39,45,53,29,24
C5120ST,28,550,District-Sri Potti Sriramulu Nellore,Rural,30-39,645,329,316,74,37,37,131,54,77,35,12,23,233,139,94,46,18,28,27,12,15,62,39,23,37,18,19
C5120ST,28,550,District-Sri Potti Sriramulu Nellore,Rural,40-49,571,305,266,119,66,53,101,47,54,30,17,13,194,114,80,15,5,10,16,5,11,71,35,36,25,16,9
C5120ST,28,550,District-Sri Potti Sriramulu Nellore,Rural,50-59,489,253,236,150,72,78,94,47,47,17,8,9,131,75,56,8,4,4,5,1,4,59,35,24,25,11,14
C5120ST,28,550,District-Sri Potti Sriramulu Nellore,Rural,60-69,744,371,373,338,155,183,98,41,57,13,10,3,160,98,62,5,3,2,6,3,3,63,32,31,61,29,32
C5120ST,28,550,District-Sri Potti Sriramulu Nellore,Rural,70-79,336,194,142,144,73,71,47,24,23,2,0,2,68,45,23,4,3,1,3,3,0,19,13,6,49,33,16
C5120ST,28,550,District-Sri Potti Sriramulu Nellore,Rural,80-89,82,40,42,32,16,16,11,5,6,1,1,0,21,10,11,0,0,0,0,0,0,3,2,1,14,6,8
C5120ST,28,550,District-Sri Potti Sriramulu Nellore,Rural,90+,17,7,10,6,2,4,4,2,2,0,0,0,2,0,2,0,0,0,0,0,0,0,0,0,5,3,2
C5120ST,28,550,District-Sri Potti Sriramulu Nellore,Rural,Age Not Stated,2,0,2,0,0,0,0,0,0,0,0,0,0,0,0,0,0,0,0,0,0,1,0,1,1,0,1
C5120ST,28,550,District-Sri Potti Sriramulu Nellore,Urban,Total,768,430,338,147,79,68,118,60,58,60,36,24,216,128,88,51,32,19,10,6,4,113,64,49,53,25,28
C5120ST,28,550,District-Sri Potti Sriramulu Nellore,Urban,0-4,28,19,9,3,2,1,5,2,3,2,2,0,5,3,2,2,2,0,0,0,0,6,4,2,5,4,1
C5120ST,28,550,District-Sri Potti Sriramulu Nellore,Urban,5-9,52,34,18,6,3,3,10,5,5,11,8,3,8,6,2,3,1,2,0,0,0,13,11,2,1,0,1
C5120ST,28,550,District-Sri Potti Sriramulu Nellore,Urban,10-19,180,106,74,44,30,14,25,14,11,15,8,7,23,10,13,17,15,2,2,2,0,40,20,20,14,7,7
C5120ST,28,550,District-Sri Potti Sriramulu Nellore,Urban,20-29,143,78,65,8,6,2,16,9,7,11,5,6,63,35,28,12,8,4,3,1,2,17,8,9,13,6,7
C5120ST,28,550,District-Sri Potti Sriramulu Nellore,Urban,30-39,109,55,54,19,8,11,15,5,10,11,7,4,33,20,13,12,4,8,3,2,1,13,7,6,3,2,1
C5120ST,28,550,District-Sri Potti Sriramulu Nellore,Urban,40-49,79,45,34,14,7,7,14,8,6,5,3,2,30,20,10,3,2,1,1,0,1,9,3,6,3,2,1
C5120ST,28,550,District-Sri Potti Sriramulu Nellore,Urban,50-59,77,40,37,20,8,12,17,9,8,4,2,2,25,14,11,0,0,0,0,0,0,7,6,1,4,1,3
C5120ST,28,550,District-Sri Potti Sriramulu Nellore,Urban,60-69,62,36,26,20,12,8,9,5,4,1,1,0,20,14,6,2,0,2,0,0,0,6,3,3,4,1,3
C5120ST,28,550,District-Sri Potti Sriramulu Nellore,Urban,70-79,32,15,17,11,2,9,5,2,3,0,0,0,7,6,1,0,0,0,1,1,0,2,2,0,6,2,4
C5120ST,28,550,District-Sri Potti Sriramulu Nellore,Urban,80-89,4,2,2,1,1,0,2,1,1,0,0,0,1,0,1,0,0,0,0,0,0,0,0,0,0,0,0
C5120ST,28,550,District-Sri Potti Sriramulu Nellore,Urban,90+,2,0,2,1,0,1,0,0,0,0,0,0,1,0,1,0,0,0,0,0,0,0,0,0,0,0,0
C5120ST,28,550,District-Sri Potti Sriramulu Nellore,Urban,Age Not Stated,0,0,0,0,0,0,0,0,0,0,0,0,0,0,0,0,0,0,0,0,0,0,0,0,0,0,0
C5120ST,28,551,District-Y.S.R.,Total,Total,1629,944,685,265,145,120,267,145,122,107,56,51,450,303,147,119,65,54,29,17,12,231,126,105,161,87,74
C5120ST,28,551,District-Y.S.R.,Total,0-4,65,33,32,8,4,4,7,5,2,4,0,4,11,7,4,5,1,4,2,1,1,17,10,7,11,5,6
C5120ST,28,551,District-Y.S.R.,Total,5-9,119,66,53,11,4,7,14,7,7,10,7,3,21,13,8,25,15,10,3,1,2,15,8,7,20,11,9
C5120ST,28,551,District-Y.S.R.,Total,10-19,248,146,102,26,16,10,30,19,11,22,16,6,58,36,22,32,15,17,5,2,3,45,25,20,30,17,13
C5120ST,28,551,District-Y.S.R.,Total,20-29,235,136,99,18,8,10,39,21,18,25,9,16,81,59,22,14,7,7,7,5,2,38,19,19,13,8,5
C5120ST,28,551,District-Y.S.R.,Total,30-39,186,116,70,18,11,7,29,17,12,14,8,6,65,41,24,14,9,5,4,3,1,27,18,9,15,9,6
C5120ST,28,551,District-Y.S.R.,Total,40-49,175,105,70,32,19,13,40,23,17,8,4,4,43,31,12,12,4,8,2,2,0,26,14,12,12,8,4
C5120ST,28,551,District-Y.S.R.,Total,50-59,159,91,68,36,17,19,27,15,12,14,7,7,44,28,16,8,6,2,1,0,1,22,14,8,7,4,3
C5120ST,28,551,District-Y.S.R.,Total,60-69,264,157,107,70,40,30,46,22,24,9,4,5,82,62,20,6,5,1,1,1,0,24,11,13,26,12,14
C5120ST,28,551,District-Y.S.R.,Total,70-79,126,69,57,36,21,15,24,10,14,1,1,0,33,19,14,3,3,0,2,2,0,11,5,6,16,8,8
C5120ST,28,551,District-Y.S.R.,Total,80-89,44,22,22,10,5,5,8,5,3,0,0,0,11,6,5,0,0,0,1,0,1,4,1,3,10,5,5
C5120ST,28,551,District-Y.S.R.,Total,90+,7,2,5,0,0,0,3,1,2,0,0,0,1,1,0,0,0,0,1,0,1,1,0,1,1,0,1
C5120ST,28,551,District-Y.S.R.,Total,Age Not Stated,1,1,0,0,0,0,0,0,0,0,0,0,0,0,0,0,0,0,0,0,0,1,1,0,0,0,0
C5120ST,28,551,District-Y.S.R.,Rural,Total,1334,763,571,223,121,102,233,127,106,76,42,34,368,246,122,99,52,47,21,12,9,182,96,86,132,67,65
C5120ST,28,551,District-Y.S.R.,Rural,0-4,46,21,25,6,3,3,3,2,1,3,0,3,8,5,3,3,0,3,2,1,1,11,6,5,10,4,6
C5120ST,28,551,District-Y.S.R.,Rural,5-9,93,46,47,9,3,6,12,5,7,6,4,2,14,8,6,22,13,9,3,1,2,11,4,7,16,8,8
C5120ST,28,551,District-Y.S.R.,Rural,10-19,195,110,85,19,10,9,25,16,9,16,13,3,45,27,18,29,13,16,4,1,3,32,17,15,25,13,12
C5120ST,28,551,District-Y.S.R.,Rural,20-29,191,112,79,14,5,9,34,20,14,15,4,11,70,51,19,11,5,6,5,5,0,33,17,16,9,5,4
C5120ST,28,551,District-Y.S.R.,Rural,30-39,151,93,58,17,11,6,28,16,12,11,8,3,49,31,18,10,6,4,2,1,1,24,15,9,10,5,5
C5120ST,28,551,District-Y.S.R.,Rural,40-49,144,85,59,25,15,10,37,21,16,6,3,3,34,25,9,10,4,6,0,0,0,21,10,11,11,7,4
C5120ST,28,551,District-Y.S.R.,Rural,50-59,133,76,57,29,13,16,24,15,9,11,6,5,36,22,14,7,5,2,0,0,0,19,11,8,7,4,3
C5120ST,28,551,District-Y.S.R.,Rural,60-69,228,140,88,60,36,24,42,20,22,7,3,4,73,56,17,5,4,1,1,1,0,18,10,8,22,10,12
C5120ST,28,551,District-Y.S.R.,Rural,70-79,111,61,50,34,20,14,20,8,12,1,1,0,31,17,14,2,2,0,2,2,0,8,4,4,13,7,6
C5120ST,28,551,District-Y.S.R.,Rural,80-89,36,17,19,10,5,5,5,3,2,0,0,0,8,4,4,0,0,0,1,0,1,4,1,3,8,4,4
C5120ST,28,551,District-Y.S.R.,Rural,90+,5,1,4,0,0,0,3,1,2,0,0,0,0,0,0,0,0,0,1,0,1,0,0,0,1,0,1
C5120ST,28,551,District-Y.S.R.,Rural,Age Not Stated,1,1,0,0,0,0,0,0,0,0,0,0,0,0,0,0,0,0,0,0,0,1,1,0,0,0,0
C5120ST,28,551,District-Y.S.R.,Urban,Total,295,181,114,42,24,18,34,18,16,31,14,17,82,57,25,20,13,7,8,5,3,49,30,19,29,20,9
C5120ST,28,551,District-Y.S.R.,Urban,0-4,19,12,7,2,1,1,4,3,1,1,0,1,3,2,1,2,1,1,0,0,0,6,4,2,1,1,0
C5120ST,28,551,District-Y.S.R.,Urban,5-9,26,20,6,2,1,1,2,2,0,4,3,1,7,5,2,3,2,1,0,0,0,4,4,0,4,3,1
C5120ST,28,551,District-Y.S.R.,Urban,10-19,53,36,17,7,6,1,5,3,2,6,3,3,13,9,4,3,2,1,1,1,0,13,8,5,5,4,1
C5120ST,28,551,District-Y.S.R.,Urban,20-29,44,24,20,4,3,1,5,1,4,10,5,5,11,8,3,3,2,1,2,0,2,5,2,3,4,3,1
C5120ST,28,551,District-Y.S.R.,Urban,30-39,35,23,12,1,0,1,1,1,0,3,0,3,16,10,6,4,3,1,2,2,0,3,3,0,5,4,1
C5120ST,28,551,District-Y.S.R.,Urban,40-49,31,20,11,7,4,3,3,2,1,2,1,1,9,6,3,2,0,2,2,2,0,5,4,1,1,1,0
C5120ST,28,551,District-Y.S.R.,Urban,50-59,26,15,11,7,4,3,3,0,3,3,1,2,8,6,2,1,1,0,1,0,1,3,3,0,0,0,0
C5120ST,28,551,District-Y.S.R.,Urban,60-69,36,17,19,10,4,6,4,2,2,2,1,1,9,6,3,1,1,0,0,0,0,6,1,5,4,2,2
C5120ST,28,551,District-Y.S.R.,Urban,70-79,15,8,7,2,1,1,4,2,2,0,0,0,2,2,0,1,1,0,0,0,0,3,1,2,3,1,2
C5120ST,28,551,District-Y.S.R.,Urban,80-89,8,5,3,0,0,0,3,2,1,0,0,0,3,2,1,0,0,0,0,0,0,0,0,0,2,1,1
C5120ST,28,551,District-Y.S.R.,Urban,90+,2,1,1,0,0,0,0,0,0,0,0,0,1,1,0,0,0,0,0,0,0,1,0,1,0,0,0
C5120ST,28,551,District-Y.S.R.,Urban,Age Not Stated,0,0,0,0,0,0,0,0,0,0,0,0,0,0,0,0,0,0,0,0,0,0,0,0,0,0,0
C5120ST,28,552,District-Kurnool,Total,Total,2208,1203,1005,318,165,153,638,326,312,177,101,76,484,302,182,112,66,46,29,12,17,281,153,128,169,78,91
C5120ST,28,552,District-Kurnool,Total,0-4,98,54,44,7,3,4,47,24,23,4,3,1,12,6,6,3,3,0,2,0,2,18,12,6,5,3,2
C5120ST,28,552,District-Kurnool,Total,5-9,222,125,97,25,12,13,75,43,32,37,26,11,26,14,12,15,8,7,1,0,1,21,12,9,22,10,12
C5120ST,28,552,District-Kurnool,Total,10-19,447,254,193,63,46,17,115,60,55,42,20,22,66,38,28,41,27,14,8,4,4,60,32,28,52,27,25
C5120ST,28,552,District-Kurnool,Total,20-29,427,228,199,36,19,17,144,69,75,30,17,13,111,72,39,20,7,13,7,2,5,61,32,29,18,10,8
C5120ST,28,552,District-Kurnool,Total,30-39,326,188,138,25,11,14,97,48,49,31,18,13,81,59,22,17,12,5,6,4,2,51,26,25,18,10,8
C5120ST,28,552,District-Kurnool,Total,40-49,211,129,82,29,12,17,54,33,21,19,10,9,64,46,18,12,7,5,1,0,1,27,19,8,5,2,3
C5120ST,28,552,District-Kurnool,Total,50-59,167,86,81,43,22,21,40,21,19,6,4,2,51,25,26,3,1,2,1,1,0,12,6,6,11,6,5
C5120ST,28,552,District-Kurnool,Total,60-69,174,77,97,48,19,29,38,16,22,7,2,5,49,27,22,0,0,0,1,0,1,19,8,11,12,5,7
C5120ST,28,552,District-Kurnool,Total,70-79,83,45,38,28,16,12,17,9,8,1,1,0,17,11,6,1,1,0,1,1,0,4,3,1,14,3,11
C5120ST,28,552,District-Kurnool,Total,80-89,39,12,27,13,5,8,10,2,8,0,0,0,6,4,2,0,0,0,0,0,0,1,0,1,9,1,8
C5120ST,28,552,District-Kurnool,Total,90+,5,2,3,1,0,1,1,1,0,0,0,0,0,0,0,0,0,0,0,0,0,0,0,0,3,1,2
C5120ST,28,552,District-Kurnool,Total,Age Not Stated,9,3,6,0,0,0,0,0,0,0,0,0,1,0,1,0,0,0,1,0,1,7,3,4,0,0,0
C5120ST,28,552,District-Kurnool,Rural,Total,1482,818,664,241,124,117,232,120,112,130,76,54,392,242,150,91,55,36,21,9,12,225,122,103,150,70,80
C5120ST,28,552,District-Kurnool,Rural,0-4,52,31,21,4,1,3,14,8,6,3,2,1,10,6,4,1,1,0,1,0,1,14,10,4,5,3,2
C5120ST,28,552,District-Kurnool,Rural,5-9,142,78,64,20,9,11,24,14,10,26,17,9,25,13,12,11,6,5,0,0,0,17,11,6,19,8,11
C5120ST,28,552,District-Kurnool,Rural,10-19,313,176,137,42,33,9,51,24,27,32,16,16,53,28,25,37,26,11,7,3,4,47,23,24,44,23,21
C5120ST,28,552,District-Kurnool,Rural,20-29,257,147,110,24,15,9,46,24,22,21,13,8,82,53,29,15,5,10,6,2,4,47,25,22,16,10,6
C5120ST,28,552,District-Kurnool,Rural,30-39,213,121,92,19,6,13,31,15,16,26,17,9,64,44,20,13,8,5,3,2,1,41,20,21,16,9,7
C5120ST,28,552,District-Kurnool,Rural,40-49,145,93,52,24,10,14,21,14,7,11,6,5,53,39,14,10,7,3,0,0,0,22,15,7,4,2,2
C5120ST,28,552,District-Kurnool,Rural,50-59,121,61,60,33,16,17,15,9,6,5,3,2,42,19,23,3,1,2,1,1,0,12,6,6,10,6,4
C5120ST,28,552,District-Kurnool,Rural,60-69,131,61,70,40,17,23,15,6,9,5,1,4,43,26,17,0,0,0,1,0,1,17,7,10,10,4,6
C5120ST,28,552,District-Kurnool,Rural,70-79,66,35,31,23,12,11,10,5,5,1,1,0,14,10,4,1,1,0,1,1,0,2,2,0,14,3,11
C5120ST,28,552,District-Kurnool,Rural,80-89,33,11,22,12,5,7,5,1,4,0,0,0,6,4,2,0,0,0,0,0,0,1,0,1,9,1,8
C5120ST,28,552,District-Kurnool,Rural,90+,3,1,2,0,0,0,0,0,0,0,0,0,0,0,0,0,0,0,0,0,0,0,0,0,3,1,2
C5120ST,28,552,District-Kurnool,Rural,Age Not Stated,6,3,3,0,0,0,0,0,0,0,0,0,0,0,0,0,0,0,1,0,1,5,3,2,0,0,0
C5120ST,28,552,District-Kurnool,Urban,Total,726,385,341,77,41,36,406,206,200,47,25,22,92,60,32,21,11,10,8,3,5,56,31,25,19,8,11
C5120ST,28,552,District-Kurnool,Urban,0-4,46,23,23,3,2,1,33,16,17,1,1,0,2,0,2,2,2,0,1,0,1,4,2,2,0,0,0
C5120ST,28,552,District-Kurnool,Urban,5-9,80,47,33,5,3,2,51,29,22,11,9,2,1,1,0,4,2,2,1,0,1,4,1,3,3,2,1
C5120ST,28,552,District-Kurnool,Urban,10-19,134,78,56,21,13,8,64,36,28,10,4,6,13,10,3,4,1,3,1,1,0,13,9,4,8,4,4
C5120ST,28,552,District-Kurnool,Urban,20-29,170,81,89,12,4,8,98,45,53,9,4,5,29,19,10,5,2,3,1,0,1,14,7,7,2,0,2
C5120ST,28,552,District-Kurnool,Urban,30-39,113,67,46,6,5,1,66,33,33,5,1,4,17,15,2,4,4,0,3,2,1,10,6,4,2,1,1
C5120ST,28,552,District-Kurnool,Urban,40-49,66,36,30,5,2,3,33,19,14,8,4,4,11,7,4,2,0,2,1,0,1,5,4,1,1,0,1
C5120ST,28,552,District-Kurnool,Urban,50-59,46,25,21,10,6,4,25,12,13,1,1,0,9,6,3,0,0,0,0,0,0,0,0,0,1,0,1
C5120ST,28,552,District-Kurnool,Urban,60-69,43,16,27,8,2,6,23,10,13,2,1,1,6,1,5,0,0,0,0,0,0,2,1,1,2,1,1
C5120ST,28,552,District-Kurnool,Urban,70-79,17,10,7,5,4,1,7,4,3,0,0,0,3,1,2,0,0,0,0,0,0,2,1,1,0,0,0
C5120ST,28,552,District-Kurnool,Urban,80-89,6,1,5,1,0,1,5,1,4,0,0,0,0,0,0,0,0,0,0,0,0,0,0,0,0,0,0
C5120ST,28,552,District-Kurnool,Urban,90+,2,1,1,1,0,1,1,1,0,0,0,0,0,0,0,0,0,0,0,0,0,0,0,0,0,0,0
C5120ST,28,552,District-Kurnool,Urban,Age Not Stated,3,0,3,0,0,0,0,0,0,0,0,0,1,0,1,0,0,0,0,0,0,2,0,2,0,0,0
C5120ST,28,553,District-Anantapur,Total,Total,4961,2710,2251,707,346,361,810,382,428,428,251,177,1382,888,494,271,130,141,70,39,31,937,493,444,356,181,175
C5120ST,28,553,District-Anantapur,Total,0-4,209,112,97,18,6,12,44,19,25,10,3,7,26,21,5,7,3,4,0,0,0,83,53,30,21,7,14
C5120ST,28,553,District-Anantapur,Total,5-9,334,184,150,28,12,16,60,28,32,54,36,18,46,31,15,37,16,21,6,4,2,61,33,28,42,24,18
C5120ST,28,553,District-Anantapur,Total,10-19,838,449,389,75,34,41,171,92,79,106,64,42,161,96,65,88,39,49,13,7,6,145,79,66,79,38,41
C5120ST,28,553,District-Anantapur,Total,20-29,784,451,333,72,43,29,121,51,70,90,49,41,237,162,75,53,24,29,22,10,12,139,83,56,50,29,21
C5120ST,28,553,District-Anantapur,Total,30-39,652,375,277,65,39,26,121,57,64,56,34,22,186,132,54,40,22,18,10,7,3,141,68,73,33,16,17
C5120ST,28,553,District-Anantapur,Total,40-49,558,307,251,85,45,40,70,31,39,40,25,15,184,120,64,28,17,11,4,3,1,127,54,73,20,12,8
C5120ST,28,553,District-Anantapur,Total,50-59,432,223,209,72,33,39,62,27,35,25,11,14,165,105,60,7,4,3,4,2,2,81,34,47,16,7,9
C5120ST,28,553,District-Anantapur,Total,60-69,611,334,277,149,69,80,98,46,52,25,16,9,212,135,77,7,3,4,7,3,4,83,45,38,30,17,13
C5120ST,28,553,District-Anantapur,Total,70-79,342,183,159,97,45,52,49,27,22,12,6,6,107,61,46,2,2,0,2,2,0,36,22,14,37,18,19
C5120ST,28,553,District-Anantapur,Total,80-89,101,43,58,28,13,15,7,1,6,4,3,1,34,17,17,0,0,0,0,0,0,11,3,8,17,6,11
C5120ST,28,553,District-Anantapur,Total,90+,30,13,17,8,3,5,4,1,3,0,0,0,7,1,6,0,0,0,0,0,0,4,2,2,7,6,1
C5120ST,28,553,District-Anantapur,Total,Age Not Stated,70,36,34,10,4,6,3,2,1,6,4,2,17,7,10,2,0,2,2,1,1,26,17,9,4,1,3
C5120ST,28,553,District-Anantapur,Rural,Total,4325,2366,1959,630,312,318,740,348,392,297,183,114,1234,795,439,240,118,122,64,37,27,813,421,392,307,152,155
C5120ST,28,553,District-Anantapur,Rural,0-4,180,94,86,17,6,11,43,19,24,5,1,4,24,19,5,7,3,4,0,0,0,64,40,24,20,6,14
C5120ST,28,553,District-Anantapur,Rural,5-9,275,151,124,25,11,14,53,26,27,39,28,11,40,27,13,33,15,18,5,3,2,48,25,23,32,16,16
C5120ST,28,553,District-Anantapur,Rural,10-19,698,379,319,61,28,33,159,87,72,78,49,29,132,78,54,72,31,41,11,6,5,121,70,51,64,30,34
C5120ST,28,553,District-Anantapur,Rural,20-29,677,395,282,65,38,27,115,49,66,63,39,24,204,140,64,46,22,24,21,10,11,119,71,48,44,26,18
C5120ST,28,553,District-Anantapur,Rural,30-39,568,329,239,62,37,25,108,49,59,35,23,12,166,121,45,37,21,16,8,7,1,121,55,66,31,16,15
C5120ST,28,553,District-Anantapur,Rural,40-49,482,264,218,69,38,31,63,29,34,26,14,12,162,105,57,28,17,11,4,3,1,112,48,64,18,10,8
C5120ST,28,553,District-Anantapur,Rural,50-59,390,200,190,63,29,34,54,23,31,16,7,9,156,99,57,7,4,3,4,2,2,75,29,46,15,7,8
C5120ST,28,553,District-Anantapur,Rural,60-69,559,302,257,137,65,72,90,41,49,16,11,5,199,126,73,6,3,3,7,3,4,78,40,38,26,13,13
C5120ST,28,553,District-Anantapur,Rural,70-79,308,164,144,88,41,47,41,21,20,10,5,5,97,56,41,2,2,0,2,2,0,34,21,13,34,16,18
C5120ST,28,553,District-Anantapur,Rural,80-89,97,42,55,26,13,13,7,1,6,4,3,1,32,16,16,0,0,0,0,0,0,11,3,8,17,6,11
C5120ST,28,553,District-Anantapur,Rural,90+,26,12,14,8,3,5,4,1,3,0,0,0,5,1,4,0,0,0,0,0,0,4,2,2,5,5,0
C5120ST,28,553,District-Anantapur,Rural,Age Not Stated,65,34,31,9,3,6,3,2,1,5,3,2,17,7,10,2,0,2,2,1,1,26,17,9,1,1,0
C5120ST,28,553,District-Anantapur,Urban,Total,636,344,292,77,34,43,70,34,36,131,68,63,148,93,55,31,12,19,6,2,4,124,72,52,49,29,20
C5120ST,28,553,District-Anantapur,Urban,0-4,29,18,11,1,0,1,1,0,1,5,2,3,2,2,0,0,0,0,0,0,0,19,13,6,1,1,0
C5120ST,28,553,District-Anantapur,Urban,5-9,59,33,26,3,1,2,7,2,5,15,8,7,6,4,2,4,1,3,1,1,0,13,8,5,10,8,2
C5120ST,28,553,District-Anantapur,Urban,10-19,140,70,70,14,6,8,12,5,7,28,15,13,29,18,11,16,8,8,2,1,1,24,9,15,15,8,7
C5120ST,28,553,District-Anantapur,Urban,20-29,107,56,51,7,5,2,6,2,4,27,10,17,33,22,11,7,2,5,1,0,1,20,12,8,6,3,3
C5120ST,28,553,District-Anantapur,Urban,30-39,84,46,38,3,2,1,13,8,5,21,11,10,20,11,9,3,1,2,2,0,2,20,13,7,2,0,2
C5120ST,28,553,District-Anantapur,Urban,40-49,76,43,33,16,7,9,7,2,5,14,11,3,22,15,7,0,0,0,0,0,0,15,6,9,2,2,0
C5120ST,28,553,District-Anantapur,Urban,50-59,42,23,19,9,4,5,8,4,4,9,4,5,9,6,3,0,0,0,0,0,0,6,5,1,1,0,1
C5120ST,28,553,District-Anantapur,Urban,60-69,52,32,20,12,4,8,8,5,3,9,5,4,13,9,4,1,0,1,0,0,0,5,5,0,4,4,0
C5120ST,28,553,District-Anantapur,Urban,70-79,34,19,15,9,4,5,8,6,2,2,1,1,10,5,5,0,0,0,0,0,0,2,1,1,3,2,1
C5120ST,28,553,District-Anantapur,Urban,80-89,4,1,3,2,0,2,0,0,0,0,0,0,2,1,1,0,0,0,0,0,0,0,0,0,0,0,0
C5120ST,28,553,District-Anantapur,Urban,90+,4,1,3,0,0,0,0,0,0,0,0,0,2,0,2,0,0,0,0,0,0,0,0,0,2,1,1
C5120ST,28,553,District-Anantapur,Urban,Age Not Stated,5,2,3,1,1,0,0,0,0,1,1,0,0,0,0,0,0,0,0,0,0,0,0,0,3,0,3
C5120ST,28,554,District-Chittoor,Total,Total,3498,1888,1610,547,285,262,568,280,288,333,170,163,735,485,250,199,113,86,61,33,28,788,378,410,267,144,123
C5120ST,28,554,District-Chittoor,Total,0-4,142,65,77,13,5,8,25,9,16,4,3,1,19,13,6,7,3,4,0,0,0,57,23,34,17,9,8
C5120ST,28,554,District-Chittoor,Total,5-9,283,162,121,34,20,14,35,20,15,45,17,28,44,31,13,32,21,11,10,7,3,51,28,23,32,18,14
C5120ST,28,554,District-Chittoor,Total,10-19,509,277,232,57,30,27,77,38,39,74,41,33,82,56,26,49,26,23,6,5,1,105,50,55,59,31,28
C5120ST,28,554,District-Chittoor,Total,20-29,524,267,257,61,33,28,71,35,36,62,29,33,122,75,47,36,20,16,14,7,7,129,53,76,29,15,14
C5120ST,28,554,District-Chittoor,Total,30-39,508,299,209,59,35,24,94,49,45,54,25,29,109,78,31,27,19,8,13,8,5,124,67,57,28,18,10
C5120ST,28,554,District-Chittoor,Total,40-49,423,229,194,52,28,24,74,35,39,36,24,12,107,73,34,21,11,10,7,1,6,111,49,62,15,8,7
C5120ST,28,554,District-Chittoor,Total,50-59,359,204,155,72,36,36,63,34,29,24,14,10,97,65,32,10,5,5,5,2,3,77,41,36,11,7,4
C5120ST,28,554,District-Chittoor,Total,60-69,391,203,188,100,53,47,82,38,44,21,10,11,84,54,30,8,3,5,3,2,1,64,29,35,29,14,15
C5120ST,28,554,District-Chittoor,Total,70-79,213,118,95,67,34,33,33,16,17,4,4,0,47,27,20,3,2,1,2,1,1,31,20,11,26,14,12
C5120ST,28,554,District-Chittoor,Total,80-89,64,27,37,25,9,16,7,3,4,1,0,1,15,8,7,0,0,0,1,0,1,7,3,4,8,4,4
C5120ST,28,554,District-Chittoor,Total,90+,23,7,16,5,1,4,2,0,2,1,1,0,2,1,1,2,0,2,0,0,0,6,2,4,5,2,3
C5120ST,28,554,District-Chittoor,Total,Age Not Stated,59,30,29,2,1,1,5,3,2,7,2,5,7,4,3,4,3,1,0,0,0,26,13,13,8,4,4
C5120ST,28,554,District-Chittoor,Rural,Total,2853,1525,1328,480,249,231,451,207,244,241,123,118,615,397,218,168,96,72,52,29,23,643,310,333,203,114,89
C5120ST,28,554,District-Chittoor,Rural,0-4,106,49,57,10,3,7,17,4,13,2,2,0,17,12,5,6,3,3,0,0,0,41,17,24,13,8,5
C5120ST,28,554,District-Chittoor,Rural,5-9,228,130,98,25,14,11,25,13,12,37,13,24,37,25,12,30,19,11,10,7,3,41,25,16,23,14,9
C5120ST,28,554,District-Chittoor,Rural,10-19,383,202,181,44,23,21,62,27,35,45,24,21,61,39,22,38,21,17,6,5,1,87,42,45,40,21,19
C5120ST,28,554,District-Chittoor,Rural,20-29,418,224,194,49,30,19,55,25,30,45,24,21,103,62,41,28,18,10,13,7,6,103,46,57,22,12,10
C5120ST,28,554,District-Chittoor,Rural,30-39,414,240,174,53,31,22,76,37,39,39,16,23,91,65,26,24,16,8,10,6,4,101,55,46,20,14,6
C5120ST,28,554,District-Chittoor,Rural,40-49,348,184,164,46,24,22,56,27,29,27,17,10,89,59,30,18,8,10,5,1,4,93,40,53,14,8,6
C5120ST,28,554,District-Chittoor,Rural,50-59,295,159,136,67,33,34,49,24,25,19,11,8,83,55,28,7,3,4,2,0,2,62,30,32,6,3,3
C5120ST,28,554,District-Chittoor,Rural,60-69,347,180,167,94,50,44,70,30,40,16,9,7,71,46,25,8,3,5,3,2,1,59,26,33,26,14,12
C5120ST,28,554,District-Chittoor,Rural,70-79,186,101,85,63,31,32,29,15,14,4,4,0,41,22,19,3,2,1,2,1,1,25,15,10,19,11,8
C5120ST,28,554,District-Chittoor,Rural,80-89,59,26,33,24,9,15,6,3,3,0,0,0,14,8,6,0,0,0,1,0,1,7,3,4,7,3,4
C5120ST,28,554,District-Chittoor,Rural,90+,20,6,14,3,0,3,2,0,2,1,1,0,2,1,1,2,0,2,0,0,0,5,2,3,5,2,3
C5120ST,28,554,District-Chittoor,Rural,Age Not Stated,49,24,25,2,1,1,4,2,2,6,2,4,6,3,3,4,3,1,0,0,0,19,9,10,8,4,4
C5120ST,28,554,District-Chittoor,Urban,Total,645,363,282,67,36,31,117,73,44,92,47,45,120,88,32,31,17,14,9,4,5,145,68,77,64,30,34
C5120ST,28,554,District-Chittoor,Urban,0-4,36,16,20,3,2,1,8,5,3,2,1,1,2,1,1,1,0,1,0,0,0,16,6,10,4,1,3
C5120ST,28,554,District-Chittoor,Urban,5-9,55,32,23,9,6,3,10,7,3,8,4,4,7,6,1,2,2,0,0,0,0,10,3,7,9,4,5
C5120ST,28,554,District-Chittoor,Urban,10-19,126,75,51,13,7,6,15,11,4,29,17,12,21,17,4,11,5,6,0,0,0,18,8,10,19,10,9
C5120ST,28,554,District-Chittoor,Urban,20-29,106,43,63,12,3,9,16,10,6,17,5,12,19,13,6,8,2,6,1,0,1,26,7,19,7,3,4
C5120ST,28,554,District-Chittoor,Urban,30-39,94,59,35,6,4,2,18,12,6,15,9,6,18,13,5,3,3,0,3,2,1,23,12,11,8,4,4
C5120ST,28,554,District-Chittoor,Urban,40-49,75,45,30,6,4,2,18,8,10,9,7,2,18,14,4,3,3,0,2,0,2,18,9,9,1,0,1
C5120ST,28,554,District-Chittoor,Urban,50-59,64,45,19,5,3,2,14,10,4,5,3,2,14,10,4,3,2,1,3,2,1,15,11,4,5,4,1
C5120ST,28,554,District-Chittoor,Urban,60-69,44,23,21,6,3,3,12,8,4,5,1,4,13,8,5,0,0,0,0,0,0,5,3,2,3,0,3
C5120ST,28,554,District-Chittoor,Urban,70-79,27,17,10,4,3,1,4,1,3,0,0,0,6,5,1,0,0,0,0,0,0,6,5,1,7,3,4
C5120ST,28,554,District-Chittoor,Urban,80-89,5,1,4,1,0,1,1,0,1,1,0,1,1,0,1,0,0,0,0,0,0,0,0,0,1,1,0
C5120ST,28,554,District-Chittoor,Urban,90+,3,1,2,2,1,1,0,0,0,0,0,0,0,0,0,0,0,0,0,0,0,1,0,1,0,0,0
C5120ST,28,554,District-Chittoor,Urban,Age Not Stated,10,6,4,0,0,0,1,1,0,1,0,1,1,1,0,0,0,0,0,0,0,7,4,3,0,0,0
C5120ST,29,0,State-KARNATAKA,Total,Total,93102,50386,42716,17139,8316,8823,16451,8502,7949,8552,4575,3977,21025,13100,7925,5751,2975,2776,1272,636,636,15543,8234,7309,7369,4048,3321
C5120ST,29,0,State-KARNATAKA,Total,0-4,4456,2363,2093,797,389,408,999,516,483,134,75,59,562,338,224,246,135,111,20,13,7,1331,697,634,367,200,167
C5120ST,29,0,State-KARNATAKA,Total,5-9,7582,4243,3339,1054,550,504,1318,724,594,1094,605,489,1091,650,441,688,401,287,29,13,16,1361,719,642,947,581,366
C5120ST,29,0,State-KARNATAKA,Total,10-19,19272,10446,8826,2862,1549,1313,3143,1678,1465,2401,1320,1081,3730,2107,1623,1839,969,870,205,110,95,3170,1649,1521,1922,1064,858
C5120ST,29,0,State-KARNATAKA,Total,20-29,16789,9182,7607,2215,1167,1048,2750,1437,1313,1748,922,826,4725,2859,1866,1187,594,593,231,120,111,2834,1503,1331,1099,580,519
C5120ST,29,0,State-KARNATAKA,Total,30-39,12172,6750,5422,1771,919,852,2173,1122,1051,1180,572,608,3198,2104,1094,733,364,369,262,123,139,2141,1138,1003,714,408,306
C5120ST,29,0,State-KARNATAKA,Total,40-49,9725,5662,4063,1594,848,746,1869,1007,862,863,458,405,2451,1678,773,497,258,239,226,120,106,1708,973,735,517,320,197
C5120ST,29,0,State-KARNATAKA,Total,50-59,7424,4191,3233,1502,682,820,1390,732,658,507,290,217,1960,1337,623,290,135,155,156,72,84,1217,690,527,402,253,149
C5120ST,29,0,State-KARNATAKA,Total,60-69,8017,4137,3880,2414,1044,1370,1411,676,735,381,208,173,1944,1287,657,197,90,107,96,46,50,1059,524,535,515,262,253
C5120ST,29,0,State-KARNATAKA,Total,70-79,5026,2348,2678,1938,786,1152,904,405,499,165,88,77,961,567,394,50,18,32,27,10,17,493,239,254,488,235,253
C5120ST,29,0,State-KARNATAKA,Total,80-89,1969,790,1179,781,300,481,355,149,206,59,27,32,304,135,169,15,6,9,14,5,9,164,71,93,277,97,180
C5120ST,29,0,State-KARNATAKA,Total,90+,584,220,364,195,72,123,114,42,72,12,6,6,91,33,58,6,2,4,4,3,1,50,20,30,112,42,70
C5120ST,29,0,State-KARNATAKA,Total,Age Not Stated,86,54,32,16,10,6,25,14,11,8,4,4,8,5,3,3,3,0,2,1,1,15,11,4,9,6,3
C5120ST,29,0,State-KARNATAKA,Rural,Total,73004,39604,33400,13484,6503,6981,12269,6323,5946,5757,3125,2632,17871,11136,6735,4681,2427,2254,1061,520,541,11616,6155,5461,6265,3415,2850
C5120ST,29,0,State-KARNATAKA,Rural,0-4,3311,1797,1514,558,284,274,722,370,352,87,52,35,485,297,188,186,102,84,18,12,6,942,509,433,313,171,142
C5120ST,29,0,State-KARNATAKA,Rural,5-9,5943,3329,2614,777,407,370,978,526,452,819,451,368,933,563,370,565,333,232,24,10,14,1039,543,496,808,496,312
C5120ST,29,0,State-KARNATAKA,Rural,10-19,15315,8330,6985,2190,1200,990,2353,1269,1084,1768,970,798,3214,1807,1407,1517,798,719,167,93,74,2475,1294,1181,1631,899,732
C5120ST,29,0,State-KARNATAKA,Rural,20-29,12449,6890,5559,1485,802,683,1833,967,866,1117,602,515,3937,2391,1546,967,489,478,193,94,99,2005,1066,939,912,479,433
C5120ST,29,0,State-KARNATAKA,Rural,30-39,8964,5022,3942,1214,625,589,1529,771,758,687,336,351,2652,1769,883,587,293,294,212,97,115,1514,807,707,569,324,245
C5120ST,29,0,State-KARNATAKA,Rural,40-49,7534,4410,3124,1214,651,563,1408,761,647,555,310,245,2057,1397,660,409,209,200,191,99,92,1262,717,545,438,266,172
C5120ST,29,0,State-KARNATAKA,Rural,50-59,5870,3295,2575,1233,552,681,1056,560,496,330,183,147,1663,1131,532,228,105,123,132,61,71,899,497,402,329,206,123
C5120ST,29,0,State-KARNATAKA,Rural,60-69,6877,3542,3335,2136,919,1217,1212,584,628,258,151,107,1700,1114,586,161,74,87,84,38,46,872,437,435,454,225,229
C5120ST,29,0,State-KARNATAKA,Rural,70-79,4443,2076,2367,1772,722,1050,769,351,418,99,52,47,875,512,363,41,16,25,21,7,14,421,201,220,445,215,230
C5120ST,29,0,State-KARNATAKA,Rural,80-89,1742,692,1050,722,276,446,309,125,184,28,12,16,266,121,145,12,4,8,13,5,8,138,58,80,254,91,163
C5120ST,29,0,State-KARNATAKA,Rural,90+,511,193,318,175,62,113,95,37,58,7,5,2,82,29,53,6,2,4,4,3,1,39,18,21,103,37,66
C5120ST,29,0,State-KARNATAKA,Rural,Age Not Stated,45,28,17,8,3,5,5,2,3,2,1,1,7,5,2,2,2,0,2,1,1,10,8,2,9,6,3
C5120ST,29,0,State-KARNATAKA,Urban,Total,20098,10782,9316,3655,1813,1842,4182,2179,2003,2795,1450,1345,3154,1964,1190,1070,548,522,211,116,95,3927,2079,1848,1104,633,471
C5120ST,29,0,State-KARNATAKA,Urban,0-4,1145,566,579,239,105,134,277,146,131,47,23,24,77,41,36,60,33,27,2,1,1,389,188,201,54,29,25
C5120ST,29,0,State-KARNATAKA,Urban,5-9,1639,914,725,277,143,134,340,198,142,275,154,121,158,87,71,123,68,55,5,3,2,322,176,146,139,85,54
C5120ST,29,0,State-KARNATAKA,Urban,10-19,3957,2116,1841,672,349,323,790,409,381,633,350,283,516,300,216,322,171,151,38,17,21,695,355,340,291,165,126
C5120ST,29,0,State-KARNATAKA,Urban,20-29,4340,2292,2048,730,365,365,917,470,447,631,320,311,788,468,320,220,105,115,38,26,12,829,437,392,187,101,86
C5120ST,29,0,State-KARNATAKA,Urban,30-39,3208,1728,1480,557,294,263,644,351,293,493,236,257,546,335,211,146,71,75,50,26,24,627,331,296,145,84,61
C5120ST,29,0,State-KARNATAKA,Urban,40-49,2191,1252,939,380,197,183,461,246,215,308,148,160,394,281,113,88,49,39,35,21,14,446,256,190,79,54,25
C5120ST,29,0,State-KARNATAKA,Urban,50-59,1554,896,658,269,130,139,334,172,162,177,107,70,297,206,91,62,30,32,24,11,13,318,193,125,73,47,26
C5120ST,29,0,State-KARNATAKA,Urban,60-69,1140,595,545,278,125,153,199,92,107,123,57,66,244,173,71,36,16,20,12,8,4,187,87,100,61,37,24
C5120ST,29,0,State-KARNATAKA,Urban,70-79,583,272,311,166,64,102,135,54,81,66,36,30,86,55,31,9,2,7,6,3,3,72,38,34,43,20,23
C5120ST,29,0,State-KARNATAKA,Urban,80-89,227,98,129,59,24,35,46,24,22,31,15,16,38,14,24,3,2,1,1,0,1,26,13,13,23,6,17
C5120ST,29,0,State-KARNATAKA,Urban,90+,73,27,46,20,10,10,19,5,14,5,1,4,9,4,5,0,0,0,0,0,0,11,2,9,9,5,4
C5120ST,29,0,State-KARNATAKA,Urban,Age Not Stated,41,26,15,8,7,1,20,12,8,6,3,3,1,0,1,1,1,0,0,0,0,5,3,2,0,0,0
C5120ST,29,555,District-Belgaum,Total,Total,5784,3213,2571,982,503,479,707,384,323,570,293,277,1710,1035,675,380,201,179,83,43,40,918,498,420,434,256,178
C5120ST,29,555,District-Belgaum,Total,0-4,281,142,139,56,22,34,38,17,21,9,4,5,65,40,25,17,7,10,0,0,0,78,45,33,18,7,11
C5120ST,29,555,District-Belgaum,Total,5-9,454,260,194,61,38,23,49,26,23,70,34,36,82,50,32,50,31,19,1,1,0,74,37,37,67,43,24
C5120ST,29,555,District-Belgaum,Total,10-19,1221,691,530,169,102,67,114,66,48,167,92,75,326,179,147,117,71,46,11,7,4,201,109,92,116,65,51
C5120ST,29,555,District-Belgaum,Total,20-29,1028,562,466,112,71,41,91,47,44,109,55,54,391,225,166,83,41,42,21,8,13,159,83,76,62,32,30
C5120ST,29,555,District-Belgaum,Total,30-39,734,417,317,82,48,34,90,44,46,91,47,44,235,151,84,48,20,28,18,8,10,130,66,64,40,33,7
C5120ST,29,555,District-Belgaum,Total,40-49,617,374,243,81,49,32,100,61,39,59,28,31,184,119,65,38,18,20,13,8,5,113,72,41,29,19,10
C5120ST,29,555,District-Belgaum,Total,50-59,443,265,178,96,48,48,60,37,23,28,15,13,143,98,45,17,7,10,11,8,3,67,36,31,21,16,5
C5120ST,29,555,District-Belgaum,Total,60-69,525,287,238,136,53,83,77,43,34,25,13,12,177,114,63,10,6,4,5,2,3,63,37,26,32,19,13
C5120ST,29,555,District-Belgaum,Total,70-79,338,157,181,123,47,76,59,28,31,11,5,6,89,54,35,0,0,0,2,1,1,24,8,16,30,14,16
C5120ST,29,555,District-Belgaum,Total,80-89,110,45,65,52,18,34,22,12,10,1,0,1,15,5,10,0,0,0,1,0,1,6,4,2,13,6,7
C5120ST,29,555,District-Belgaum,Total,90+,33,13,20,14,7,7,7,3,4,0,0,0,3,0,3,0,0,0,0,0,0,3,1,2,6,2,4
C5120ST,29,555,District-Belgaum,Total,Age Not Stated,0,0,0,0,0,0,0,0,0,0,0,0,0,0,0,0,0,0,0,0,0,0,0,0,0,0,0
C5120ST,29,555,District-Belgaum,Rural,Total,4974,2748,2226,905,465,440,641,352,289,422,214,208,1498,912,586,345,178,167,71,33,38,731,391,340,361,203,158
C5120ST,29,555,District-Belgaum,Rural,0-4,250,128,122,50,20,30,34,16,18,5,3,2,61,38,23,17,7,10,0,0,0,68,39,29,15,5,10
C5120ST,29,555,District-Belgaum,Rural,5-9,392,219,173,51,31,20,48,25,23,55,26,29,73,44,29,45,26,19,0,0,0,63,32,31,57,35,22
C5120ST,29,555,District-Belgaum,Rural,10-19,1066,607,459,155,95,60,104,61,43,135,77,58,297,165,132,102,61,41,10,6,4,168,91,77,95,51,44
C5120ST,29,555,District-Belgaum,Rural,20-29,857,463,394,102,65,37,81,44,37,85,39,46,323,190,133,74,36,38,18,5,13,123,61,62,51,23,28
C5120ST,29,555,District-Belgaum,Rural,30-39,602,343,259,72,41,31,77,39,38,63,31,32,199,131,68,46,19,27,16,7,9,97,48,49,32,27,5
C5120ST,29,555,District-Belgaum,Rural,40-49,515,311,204,74,47,27,90,53,37,41,21,20,159,101,58,35,16,19,13,8,5,80,52,28,23,13,10
C5120ST,29,555,District-Belgaum,Rural,50-59,388,229,159,91,46,45,55,33,22,18,8,10,127,89,38,16,7,9,9,6,3,54,27,27,18,13,5
C5120ST,29,555,District-Belgaum,Rural,60-69,472,254,218,132,52,80,73,41,32,15,7,8,160,100,60,10,6,4,2,0,2,52,31,21,28,17,11
C5120ST,29,555,District-Belgaum,Rural,70-79,306,143,163,116,45,71,53,26,27,4,2,2,83,49,34,0,0,0,2,1,1,20,6,14,28,14,14
C5120ST,29,555,District-Belgaum,Rural,80-89,99,40,59,49,16,33,19,11,8,1,0,1,14,5,9,0,0,0,1,0,1,4,3,1,11,5,6
C5120ST,29,555,District-Belgaum,Rural,90+,27,11,16,13,7,6,7,3,4,0,0,0,2,0,2,0,0,0,0,0,0,2,1,1,3,0,3
C5120ST,29,555,District-Belgaum,Rural,Age Not Stated,0,0,0,0,0,0,0,0,0,0,0,0,0,0,0,0,0,0,0,0,0,0,0,0,0,0,0
C5120ST,29,555,District-Belgaum,Urban,Total,810,465,345,77,38,39,66,32,34,148,79,69,212,123,89,35,23,12,12,10,2,187,107,80,73,53,20
C5120ST,29,555,District-Belgaum,Urban,0-4,31,14,17,6,2,4,4,1,3,4,1,3,4,2,2,0,0,0,0,0,0,10,6,4,3,2,1
C5120ST,29,555,District-Belgaum,Urban,5-9,62,41,21,10,7,3,1,1,0,15,8,7,9,6,3,5,5,0,1,1,0,11,5,6,10,8,2
C5120ST,29,555,District-Belgaum,Urban,10-19,155,84,71,14,7,7,10,5,5,32,15,17,29,14,15,15,10,5,1,1,0,33,18,15,21,14,7
C5120ST,29,555,District-Belgaum,Urban,20-29,171,99,72,10,6,4,10,3,7,24,16,8,68,35,33,9,5,4,3,3,0,36,22,14,11,9,2
C5120ST,29,555,District-Belgaum,Urban,30-39,132,74,58,10,7,3,13,5,8,28,16,12,36,20,16,2,1,1,2,1,1,33,18,15,8,6,2
C5120ST,29,555,District-Belgaum,Urban,40-49,102,63,39,7,2,5,10,8,2,18,7,11,25,18,7,3,2,1,0,0,0,33,20,13,6,6,0
C5120ST,29,555,District-Belgaum,Urban,50-59,55,36,19,5,2,3,5,4,1,10,7,3,16,9,7,1,0,1,2,2,0,13,9,4,3,3,0
C5120ST,29,555,District-Belgaum,Urban,60-69,53,33,20,4,1,3,4,2,2,10,6,4,17,14,3,0,0,0,3,2,1,11,6,5,4,2,2
C5120ST,29,555,District-Belgaum,Urban,70-79,32,14,18,7,2,5,6,2,4,7,3,4,6,5,1,0,0,0,0,0,0,4,2,2,2,0,2
C5120ST,29,555,District-Belgaum,Urban,80-89,11,5,6,3,2,1,3,1,2,0,0,0,1,0,1,0,0,0,0,0,0,2,1,1,2,1,1
C5120ST,29,555,District-Belgaum,Urban,90+,6,2,4,1,0,1,0,0,0,0,0,0,1,0,1,0,0,0,0,0,0,1,0,1,3,2,1
C5120ST,29,555,District-Belgaum,Urban,Age Not Stated,0,0,0,0,0,0,0,0,0,0,0,0,0,0,0,0,0,0,0,0,0,0,0,0,0,0,0
C5120ST,29,556,District-Bagalkot ,Total,Total,2465,1339,1126,362,168,194,374,201,173,224,124,100,742,443,299,163,82,81,19,8,11,372,201,171,209,112,97
C5120ST,29,556,District-Bagalkot ,Total,0-4,130,67,63,16,6,10,19,12,7,5,1,4,24,14,10,11,7,4,0,0,0,42,19,23,13,8,5
C5120ST,29,556,District-Bagalkot ,Total,5-9,197,108,89,12,6,6,32,21,11,33,18,15,35,18,17,14,9,5,1,0,1,38,18,20,32,18,14
C5120ST,29,556,District-Bagalkot ,Total,10-19,540,314,226,46,26,20,73,42,31,70,41,29,157,95,62,69,36,33,3,1,2,79,46,33,43,27,16
C5120ST,29,556,District-Bagalkot ,Total,20-29,476,264,212,26,14,12,61,30,31,38,19,19,204,122,82,34,14,20,4,2,2,73,44,29,36,19,17
C5120ST,29,556,District-Bagalkot ,Total,30-39,326,193,133,35,18,17,42,24,18,33,18,15,121,74,47,18,9,9,3,1,2,50,35,15,24,14,10
C5120ST,29,556,District-Bagalkot ,Total,40-49,216,115,101,41,16,25,42,20,22,18,12,6,71,47,24,9,2,7,4,2,2,26,14,12,5,2,3
C5120ST,29,556,District-Bagalkot ,Total,50-59,174,87,87,41,21,20,34,16,18,9,6,3,52,27,25,2,1,1,3,2,1,23,10,13,10,4,6
C5120ST,29,556,District-Bagalkot ,Total,60-69,225,115,110,70,34,36,42,20,22,11,4,7,46,31,15,5,3,2,1,0,1,30,13,17,20,10,10
C5120ST,29,556,District-Bagalkot ,Total,70-79,128,56,72,59,22,37,22,11,11,3,3,0,24,12,12,0,0,0,0,0,0,6,1,5,14,7,7
C5120ST,29,556,District-Bagalkot ,Total,80-89,39,18,21,12,5,7,7,5,2,4,2,2,6,2,4,1,1,0,0,0,0,4,1,3,5,2,3
C5120ST,29,556,District-Bagalkot ,Total,90+,13,1,12,4,0,4,0,0,0,0,0,0,2,1,1,0,0,0,0,0,0,1,0,1,6,0,6
C5120ST,29,556,District-Bagalkot ,Total,Age Not Stated,1,1,0,0,0,0,0,0,0,0,0,0,0,0,0,0,0,0,0,0,0,0,0,0,1,1,0
C5120ST,29,556,District-Bagalkot ,Rural,Total,1978,1068,910,285,134,151,303,164,139,148,84,64,630,369,261,137,69,68,17,6,11,285,152,133,173,90,83
C5120ST,29,556,District-Bagalkot ,Rural,0-4,101,58,43,12,5,7,18,11,7,3,1,2,22,13,9,11,7,4,0,0,0,23,13,10,12,8,4
C5120ST,29,556,District-Bagalkot ,Rural,5-9,161,81,80,11,6,5,28,17,11,22,11,11,30,15,15,12,7,5,1,0,1,32,12,20,25,13,12
C5120ST,29,556,District-Bagalkot ,Rural,10-19,430,251,179,38,22,16,57,33,24,47,29,18,136,80,56,54,29,25,2,0,2,62,36,26,34,22,12
C5120ST,29,556,District-Bagalkot ,Rural,20-29,388,219,169,24,14,10,47,25,22,26,12,14,171,105,66,29,12,17,4,2,2,57,33,24,30,16,14
C5120ST,29,556,District-Bagalkot ,Rural,30-39,256,148,108,27,13,14,38,23,15,17,9,8,100,61,39,16,7,9,3,1,2,36,24,12,19,10,9
C5120ST,29,556,District-Bagalkot ,Rural,40-49,184,102,82,32,14,18,31,15,16,16,11,5,65,43,22,8,2,6,3,1,2,24,14,10,5,2,3
C5120ST,29,556,District-Bagalkot ,Rural,50-59,138,65,73,30,15,15,28,12,16,7,4,3,46,22,24,1,1,0,3,2,1,16,7,9,7,2,5
C5120ST,29,556,District-Bagalkot ,Rural,60-69,173,85,88,51,24,27,34,16,18,7,4,3,34,20,14,5,3,2,1,0,1,24,11,13,17,7,10
C5120ST,29,556,District-Bagalkot ,Rural,70-79,104,44,60,46,17,29,17,9,8,2,2,0,20,8,12,0,0,0,0,0,0,6,1,5,13,7,6
C5120ST,29,556,District-Bagalkot ,Rural,80-89,30,13,17,11,4,7,5,3,2,1,1,0,4,1,3,1,1,0,0,0,0,4,1,3,4,2,2
C5120ST,29,556,District-Bagalkot ,Rural,90+,12,1,11,3,0,3,0,0,0,0,0,0,2,1,1,0,0,0,0,0,0,1,0,1,6,0,6
C5120ST,29,556,District-Bagalkot ,Rural,Age Not Stated,1,1,0,0,0,0,0,0,0,0,0,0,0,0,0,0,0,0,0,0,0,0,0,0,1,1,0
C5120ST,29,556,District-Bagalkot ,Urban,Total,487,271,216,77,34,43,71,37,34,76,40,36,112,74,38,26,13,13,2,2,0,87,49,38,36,22,14
C5120ST,29,556,District-Bagalkot ,Urban,0-4,29,9,20,4,1,3,1,1,0,2,0,2,2,1,1,0,0,0,0,0,0,19,6,13,1,0,1
C5120ST,29,556,District-Bagalkot ,Urban,5-9,36,27,9,1,0,1,4,4,0,11,7,4,5,3,2,2,2,0,0,0,0,6,6,0,7,5,2
C5120ST,29,556,District-Bagalkot ,Urban,10-19,110,63,47,8,4,4,16,9,7,23,12,11,21,15,6,15,7,8,1,1,0,17,10,7,9,5,4
C5120ST,29,556,District-Bagalkot ,Urban,20-29,88,45,43,2,0,2,14,5,9,12,7,5,33,17,16,5,2,3,0,0,0,16,11,5,6,3,3
C5120ST,29,556,District-Bagalkot ,Urban,30-39,70,45,25,8,5,3,4,1,3,16,9,7,21,13,8,2,2,0,0,0,0,14,11,3,5,4,1
C5120ST,29,556,District-Bagalkot ,Urban,40-49,32,13,19,9,2,7,11,5,6,2,1,1,6,4,2,1,0,1,1,1,0,2,0,2,0,0,0
C5120ST,29,556,District-Bagalkot ,Urban,50-59,36,22,14,11,6,5,6,4,2,2,2,0,6,5,1,1,0,1,0,0,0,7,3,4,3,2,1
C5120ST,29,556,District-Bagalkot ,Urban,60-69,52,30,22,19,10,9,8,4,4,4,0,4,12,11,1,0,0,0,0,0,0,6,2,4,3,3,0
C5120ST,29,556,District-Bagalkot ,Urban,70-79,24,12,12,13,5,8,5,2,3,1,1,0,4,4,0,0,0,0,0,0,0,0,0,0,1,0,1
C5120ST,29,556,District-Bagalkot ,Urban,80-89,9,5,4,1,1,0,2,2,0,3,1,2,2,1,1,0,0,0,0,0,0,0,0,0,1,0,1
C5120ST,29,556,District-Bagalkot ,Urban,90+,1,0,1,1,0,1,0,0,0,0,0,0,0,0,0,0,0,0,0,0,0,0,0,0,0,0,0
C5120ST,29,556,District-Bagalkot ,Urban,Age Not Stated,0,0,0,0,0,0,0,0,0,0,0,0,0,0,0,0,0,0,0,0,0,0,0,0,0,0,0
C5120ST,29,557,District-Bijapur,Total,Total,1109,574,535,146,65,81,255,138,117,189,94,95,197,121,76,61,23,38,7,2,5,167,88,79,87,43,44
C5120ST,29,557,District-Bijapur,Total,0-4,76,33,43,5,1,4,19,13,6,3,1,2,4,0,4,3,2,1,0,0,0,36,14,22,6,2,4
C5120ST,29,557,District-Bijapur,Total,5-9,112,54,58,15,4,11,27,13,14,19,11,8,16,8,8,4,0,4,1,0,1,13,6,7,17,12,5
C5120ST,29,557,District-Bijapur,Total,10-19,226,107,119,20,11,9,52,28,24,47,21,26,44,25,19,18,5,13,0,0,0,22,8,14,23,9,14
C5120ST,29,557,District-Bijapur,Total,20-29,230,121,109,25,12,13,50,28,22,43,20,23,46,25,21,13,6,7,3,2,1,33,21,12,17,7,10
C5120ST,29,557,District-Bijapur,Total,30-39,144,88,56,17,10,7,34,21,13,32,20,12,32,22,10,8,4,4,2,0,2,17,9,8,2,2,0
C5120ST,29,557,District-Bijapur,Total,40-49,102,60,42,12,5,7,28,14,14,23,11,12,15,13,2,4,2,2,0,0,0,18,13,5,2,2,0
C5120ST,29,557,District-Bijapur,Total,50-59,82,51,31,12,5,7,14,8,6,14,7,7,23,18,5,4,2,2,0,0,0,11,8,3,4,3,1
C5120ST,29,557,District-Bijapur,Total,60-69,73,40,33,18,11,7,13,7,6,5,1,4,14,10,4,4,2,2,1,0,1,9,5,4,9,4,5
C5120ST,29,557,District-Bijapur,Total,70-79,44,15,29,13,4,9,15,5,10,3,2,1,2,0,2,2,0,2,0,0,0,4,2,2,5,2,3
C5120ST,29,557,District-Bijapur,Total,80-89,10,2,8,8,2,6,0,0,0,0,0,0,0,0,0,1,0,1,0,0,0,1,0,1,0,0,0
C5120ST,29,557,District-Bijapur,Total,90+,9,3,6,1,0,1,2,1,1,0,0,0,1,0,1,0,0,0,0,0,0,3,2,1,2,0,2
C5120ST,29,557,District-Bijapur,Total,Age Not Stated,1,0,1,0,0,0,1,0,1,0,0,0,0,0,0,0,0,0,0,0,0,0,0,0,0,0,0
C5120ST,29,557,District-Bijapur,Rural,Total,754,394,360,112,55,57,109,57,52,105,51,54,179,110,69,49,19,30,6,2,4,116,62,54,78,38,40
C5120ST,29,557,District-Bijapur,Rural,0-4,40,17,23,2,1,1,4,3,1,1,1,0,4,0,4,2,2,0,0,0,0,21,8,13,6,2,4
C5120ST,29,557,District-Bijapur,Rural,5-9,71,33,38,8,3,5,10,4,6,11,5,6,12,7,5,4,0,4,1,0,1,9,3,6,16,11,5
C5120ST,29,557,District-Bijapur,Rural,10-19,162,80,82,16,9,7,23,13,10,29,14,15,41,25,16,16,5,11,0,0,0,18,6,12,19,8,11
C5120ST,29,557,District-Bijapur,Rural,20-29,151,82,69,17,10,7,17,9,8,25,13,12,44,23,21,9,5,4,3,2,1,22,15,7,14,5,9
C5120ST,29,557,District-Bijapur,Rural,30-39,89,56,33,13,8,5,14,10,4,13,8,5,29,19,10,6,3,3,1,0,1,11,6,5,2,2,0
C5120ST,29,557,District-Bijapur,Rural,40-49,66,38,28,7,2,5,16,7,9,10,4,6,13,11,2,4,2,2,0,0,0,15,11,4,1,1,0
C5120ST,29,557,District-Bijapur,Rural,50-59,63,36,27,12,5,7,6,2,4,10,4,6,22,17,5,3,1,2,0,0,0,6,4,2,4,3,1
C5120ST,29,557,District-Bijapur,Rural,60-69,62,35,27,17,11,6,8,5,3,4,1,3,12,8,4,3,1,2,1,0,1,8,5,3,9,4,5
C5120ST,29,557,District-Bijapur,Rural,70-79,33,12,21,12,4,8,8,3,5,2,1,1,1,0,1,2,0,2,0,0,0,3,2,1,5,2,3
C5120ST,29,557,District-Bijapur,Rural,80-89,9,2,7,8,2,6,0,0,0,0,0,0,0,0,0,0,0,0,0,0,0,1,0,1,0,0,0
C5120ST,29,557,District-Bijapur,Rural,90+,7,3,4,0,0,0,2,1,1,0,0,0,1,0,1,0,0,0,0,0,0,2,2,0,2,0,2
C5120ST,29,557,District-Bijapur,Rural,Age Not Stated,1,0,1,0,0,0,1,0,1,0,0,0,0,0,0,0,0,0,0,0,0,0,0,0,0,0,0
C5120ST,29,557,District-Bijapur,Urban,Total,355,180,175,34,10,24,146,81,65,84,43,41,18,11,7,12,4,8,1,0,1,51,26,25,9,5,4
C5120ST,29,557,District-Bijapur,Urban,0-4,36,16,20,3,0,3,15,10,5,2,0,2,0,0,0,1,0,1,0,0,0,15,6,9,0,0,0
C5120ST,29,557,District-Bijapur,Urban,5-9,41,21,20,7,1,6,17,9,8,8,6,2,4,1,3,0,0,0,0,0,0,4,3,1,1,1,0
C5120ST,29,557,District-Bijapur,Urban,10-19,64,27,37,4,2,2,29,15,14,18,7,11,3,0,3,2,0,2,0,0,0,4,2,2,4,1,3
C5120ST,29,557,District-Bijapur,Urban,20-29,79,39,40,8,2,6,33,19,14,18,7,11,2,2,0,4,1,3,0,0,0,11,6,5,3,2,1
C5120ST,29,557,District-Bijapur,Urban,30-39,55,32,23,4,2,2,20,11,9,19,12,7,3,3,0,2,1,1,1,0,1,6,3,3,0,0,0
C5120ST,29,557,District-Bijapur,Urban,40-49,36,22,14,5,3,2,12,7,5,13,7,6,2,2,0,0,0,0,0,0,0,3,2,1,1,1,0
C5120ST,29,557,District-Bijapur,Urban,50-59,19,15,4,0,0,0,8,6,2,4,3,1,1,1,0,1,1,0,0,0,0,5,4,1,0,0,0
C5120ST,29,557,District-Bijapur,Urban,60-69,11,5,6,1,0,1,5,2,3,1,0,1,2,2,0,1,1,0,0,0,0,1,0,1,0,0,0
C5120ST,29,557,District-Bijapur,Urban,70-79,11,3,8,1,0,1,7,2,5,1,1,0,1,0,1,0,0,0,0,0,0,1,0,1,0,0,0
C5120ST,29,557,District-Bijapur,Urban,80-89,1,0,1,0,0,0,0,0,0,0,0,0,0,0,0,1,0,1,0,0,0,0,0,0,0,0,0
C5120ST,29,557,District-Bijapur,Urban,90+,2,0,2,1,0,1,0,0,0,0,0,0,0,0,0,0,0,0,0,0,0,1,0,1,0,0,0
C5120ST,29,557,District-Bijapur,Urban,Age Not Stated,0,0,0,0,0,0,0,0,0,0,0,0,0,0,0,0,0,0,0,0,0,0,0,0,0,0,0
C5120ST,29,558,District-Bidar,Total,Total,6004,3304,2700,1119,568,551,1039,539,500,489,244,245,1547,978,569,307,163,144,69,42,27,943,510,433,491,260,231
C5120ST,29,558,District-Bidar,Total,0-4,285,155,130,53,26,27,49,27,22,7,4,3,44,30,14,12,5,7,2,1,1,84,45,39,34,17,17
C5120ST,29,558,District-Bidar,Total,5-9,474,248,226,73,41,32,86,46,40,70,36,34,66,35,31,36,18,18,4,3,1,86,43,43,53,26,27
C5120ST,29,558,District-Bidar,Total,10-19,1199,619,580,180,100,80,206,108,98,164,71,93,253,135,118,84,47,37,9,3,6,197,104,93,106,51,55
C5120ST,29,558,District-Bidar,Total,20-29,933,548,385,114,69,45,137,75,62,74,40,34,314,198,116,73,39,34,13,10,3,143,82,61,65,35,30
C5120ST,29,558,District-Bidar,Total,30-39,725,435,290,102,62,40,128,64,64,46,22,24,249,172,77,34,17,17,13,8,5,112,65,47,41,25,16
C5120ST,29,558,District-Bidar,Total,40-49,611,364,247,93,51,42,114,64,50,56,22,34,174,129,45,28,16,12,10,7,3,103,57,46,33,18,15
C5120ST,29,558,District-Bidar,Total,50-59,490,278,212,90,41,49,83,37,46,32,23,9,151,102,49,23,14,9,8,4,4,72,39,33,31,18,13
C5120ST,29,558,District-Bidar,Total,60-69,654,328,326,181,75,106,123,59,64,26,16,10,172,104,68,11,5,6,9,5,4,86,45,41,46,19,27
C5120ST,29,558,District-Bidar,Total,70-79,409,218,191,151,65,86,64,34,30,9,7,2,85,57,28,4,1,3,1,1,0,42,21,21,53,32,21
C5120ST,29,558,District-Bidar,Total,80-89,169,90,79,67,36,31,33,17,16,5,3,2,30,14,16,2,1,1,0,0,0,13,6,7,19,13,6
C5120ST,29,558,District-Bidar,Total,90+,54,20,34,15,2,13,16,8,8,0,0,0,9,2,7,0,0,0,0,0,0,4,2,2,10,6,4
C5120ST,29,558,District-Bidar,Total,Age Not Stated,1,1,0,0,0,0,0,0,0,0,0,0,0,0,0,0,0,0,0,0,0,1,1,0,0,0,0
C5120ST,29,558,District-Bidar,Rural,Total,5513,3023,2490,1019,518,501,949,492,457,442,215,227,1440,905,535,279,151,128,66,40,26,856,460,396,462,242,220
C5120ST,29,558,District-Bidar,Rural,0-4,260,142,118,49,23,26,45,24,21,6,4,2,41,28,13,9,5,4,2,1,1,75,40,35,33,17,16
C5120ST,29,558,District-Bidar,Rural,5-9,426,214,212,68,37,31,74,37,37,61,29,32,60,31,29,30,15,15,3,2,1,78,37,41,52,26,26
C5120ST,29,558,District-Bidar,Rural,10-19,1117,575,542,162,93,69,194,101,93,149,60,89,243,130,113,79,43,36,8,3,5,185,97,88,97,48,49
C5120ST,29,558,District-Bidar,Rural,20-29,840,502,338,90,54,36,118,68,50,63,37,26,295,187,108,68,37,31,13,10,3,132,77,55,61,32,29
C5120ST,29,558,District-Bidar,Rural,30-39,647,389,258,91,57,34,113,57,56,44,21,23,225,154,71,32,17,15,13,8,5,94,56,38,35,19,16
C5120ST,29,558,District-Bidar,Rural,40-49,549,322,227,82,45,37,108,61,47,52,19,33,152,111,41,26,15,11,10,7,3,89,47,42,30,17,13
C5120ST,29,558,District-Bidar,Rural,50-59,453,257,196,83,40,43,75,34,41,30,21,9,141,94,47,21,13,8,8,4,4,65,34,31,30,17,13
C5120ST,29,558,District-Bidar,Rural,60-69,621,313,308,172,72,100,116,57,59,25,16,9,163,98,65,9,4,5,9,5,4,82,43,39,45,18,27
C5120ST,29,558,District-Bidar,Rural,70-79,385,203,182,140,59,81,59,30,29,8,6,2,84,56,28,3,1,2,0,0,0,40,21,19,51,30,21
C5120ST,29,558,District-Bidar,Rural,80-89,164,87,77,67,36,31,31,15,16,4,2,2,29,14,15,2,1,1,0,0,0,12,6,6,19,13,6
C5120ST,29,558,District-Bidar,Rural,90+,51,19,32,15,2,13,16,8,8,0,0,0,7,2,5,0,0,0,0,0,0,4,2,2,9,5,4
C5120ST,29,558,District-Bidar,Rural,Age Not Stated,0,0,0,0,0,0,0,0,0,0,0,0,0,0,0,0,0,0,0,0,0,0,0,0,0,0,0
C5120ST,29,558,District-Bidar,Urban,Total,491,281,210,100,50,50,90,47,43,47,29,18,107,73,34,28,12,16,3,2,1,87,50,37,29,18,11
C5120ST,29,558,District-Bidar,Urban,0-4,25,13,12,4,3,1,4,3,1,1,0,1,3,2,1,3,0,3,0,0,0,9,5,4,1,0,1
C5120ST,29,558,District-Bidar,Urban,5-9,48,34,14,5,4,1,12,9,3,9,7,2,6,4,2,6,3,3,1,1,0,8,6,2,1,0,1
C5120ST,29,558,District-Bidar,Urban,10-19,82,44,38,18,7,11,12,7,5,15,11,4,10,5,5,5,4,1,1,0,1,12,7,5,9,3,6
C5120ST,29,558,District-Bidar,Urban,20-29,93,46,47,24,15,9,19,7,12,11,3,8,19,11,8,5,2,3,0,0,0,11,5,6,4,3,1
C5120ST,29,558,District-Bidar,Urban,30-39,78,46,32,11,5,6,15,7,8,2,1,1,24,18,6,2,0,2,0,0,0,18,9,9,6,6,0
C5120ST,29,558,District-Bidar,Urban,40-49,62,42,20,11,6,5,6,3,3,4,3,1,22,18,4,2,1,1,0,0,0,14,10,4,3,1,2
C5120ST,29,558,District-Bidar,Urban,50-59,37,21,16,7,1,6,8,3,5,2,2,0,10,8,2,2,1,1,0,0,0,7,5,2,1,1,0
C5120ST,29,558,District-Bidar,Urban,60-69,33,15,18,9,3,6,7,2,5,1,0,1,9,6,3,2,1,1,0,0,0,4,2,2,1,1,0
C5120ST,29,558,District-Bidar,Urban,70-79,24,15,9,11,6,5,5,4,1,1,1,0,1,1,0,1,0,1,1,1,0,2,0,2,2,2,0
C5120ST,29,558,District-Bidar,Urban,80-89,5,3,2,0,0,0,2,2,0,1,1,0,1,0,1,0,0,0,0,0,0,1,0,1,0,0,0
C5120ST,29,558,District-Bidar,Urban,90+,3,1,2,0,0,0,0,0,0,0,0,0,2,0,2,0,0,0,0,0,0,0,0,0,1,1,0
C5120ST,29,558,District-Bidar,Urban,Age Not Stated,1,1,0,0,0,0,0,0,0,0,0,0,0,0,0,0,0,0,0,0,0,1,1,0,0,0,0
C5120ST,29,559,District-Raichur,Total,Total,7521,3852,3669,1714,749,965,1312,668,644,494,292,202,1548,913,635,445,230,215,87,42,45,1274,637,637,647,321,326
C5120ST,29,559,District-Raichur,Total,0-4,441,238,203,99,55,44,94,51,43,7,4,3,48,27,21,27,16,11,4,1,3,123,61,62,39,23,16
C5120ST,29,559,District-Raichur,Total,5-9,727,412,315,124,69,55,118,65,53,95,58,37,85,50,35,63,39,24,3,1,2,139,72,67,100,58,42
C5120ST,29,559,District-Raichur,Total,10-19,1759,966,793,260,135,125,297,175,122,182,109,73,403,225,178,149,80,69,15,8,7,296,148,148,157,86,71
C5120ST,29,559,District-Raichur,Total,20-29,1165,612,553,167,76,91,180,88,92,89,54,35,344,206,138,76,36,40,16,10,6,229,108,121,64,34,30
C5120ST,29,559,District-Raichur,Total,30-39,780,420,360,138,69,69,142,72,70,44,20,24,194,126,68,49,22,27,15,7,8,160,87,73,38,17,21
C5120ST,29,559,District-Raichur,Total,40-49,617,346,271,122,57,65,135,78,57,29,22,7,137,83,54,35,18,17,17,7,10,108,62,46,34,19,15
C5120ST,29,559,District-Raichur,Total,50-59,570,293,277,150,57,93,104,54,50,28,17,11,127,78,49,25,11,14,7,2,5,93,54,39,36,20,16
C5120ST,29,559,District-Raichur,Total,60-69,709,313,396,295,106,189,126,54,72,10,5,5,110,73,37,15,6,9,7,4,3,80,34,46,66,31,35
C5120ST,29,559,District-Raichur,Total,70-79,509,174,335,249,86,163,71,22,49,9,3,6,76,34,42,2,0,2,2,1,1,31,5,26,69,23,46
C5120ST,29,559,District-Raichur,Total,80-89,179,58,121,83,29,54,31,7,24,1,0,1,16,7,9,3,1,2,1,1,0,11,5,6,33,8,25
C5120ST,29,559,District-Raichur,Total,90+,62,18,44,26,9,17,13,1,12,0,0,0,8,4,4,1,1,0,0,0,0,3,1,2,11,2,9
C5120ST,29,559,District-Raichur,Total,Age Not Stated,3,2,1,1,1,0,1,1,0,0,0,0,0,0,0,0,0,0,0,0,0,1,0,1,0,0,0
C5120ST,29,559,District-Raichur,Rural,Total,6926,3541,3385,1608,700,908,1216,621,595,438,264,174,1421,838,583,403,207,196,77,34,43,1148,580,568,615,297,318
C5120ST,29,559,District-Raichur,Rural,0-4,410,222,188,93,50,43,86,46,40,7,4,3,45,26,19,27,16,11,3,1,2,113,58,55,36,21,15
C5120ST,29,559,District-Raichur,Rural,5-9,672,385,287,114,65,49,112,61,51,86,53,33,81,48,33,55,36,19,3,1,2,127,67,60,94,54,40
C5120ST,29,559,District-Raichur,Rural,10-19,1596,875,721,231,120,111,271,160,111,159,96,63,367,204,163,138,73,65,15,8,7,264,132,132,151,82,69
C5120ST,29,559,District-Raichur,Rural,20-29,1063,558,505,153,69,84,164,83,81,86,53,33,315,188,127,70,32,38,13,7,6,204,98,106,58,28,30
C5120ST,29,559,District-Raichur,Rural,30-39,700,379,321,122,63,59,133,66,67,31,16,15,173,113,60,41,18,23,12,5,7,151,82,69,37,16,21
C5120ST,29,559,District-Raichur,Rural,40-49,562,312,250,119,56,63,123,71,52,26,19,7,120,74,46,33,17,16,15,5,10,96,55,41,30,15,15
C5120ST,29,559,District-Raichur,Rural,50-59,526,272,254,145,55,90,98,52,46,26,16,10,119,74,45,21,9,12,7,2,5,76,45,31,34,19,15
C5120ST,29,559,District-Raichur,Rural,60-69,677,297,380,282,99,183,121,53,68,7,4,3,106,69,37,14,5,9,7,4,3,74,32,42,66,31,35
C5120ST,29,559,District-Raichur,Rural,70-79,488,168,320,242,85,157,66,21,45,9,3,6,73,32,41,1,0,1,1,0,1,29,5,24,67,22,45
C5120ST,29,559,District-Raichur,Rural,80-89,170,54,116,81,28,53,29,6,23,1,0,1,14,6,8,2,0,2,1,1,0,10,5,5,32,8,24
C5120ST,29,559,District-Raichur,Rural,90+,59,17,42,25,9,16,12,1,11,0,0,0,8,4,4,1,1,0,0,0,0,3,1,2,10,1,9
C5120ST,29,559,District-Raichur,Rural,Age Not Stated,3,2,1,1,1,0,1,1,0,0,0,0,0,0,0,0,0,0,0,0,0,1,0,1,0,0,0
C5120ST,29,559,District-Raichur,Urban,Total,595,311,284,106,49,57,96,47,49,56,28,28,127,75,52,42,23,19,10,8,2,126,57,69,32,24,8
C5120ST,29,559,District-Raichur,Urban,0-4,31,16,15,6,5,1,8,5,3,0,0,0,3,1,2,0,0,0,1,0,1,10,3,7,3,2,1
C5120ST,29,559,District-Raichur,Urban,5-9,55,27,28,10,4,6,6,4,2,9,5,4,4,2,2,8,3,5,0,0,0,12,5,7,6,4,2
C5120ST,29,559,District-Raichur,Urban,10-19,163,91,72,29,15,14,26,15,11,23,13,10,36,21,15,11,7,4,0,0,0,32,16,16,6,4,2
C5120ST,29,559,District-Raichur,Urban,20-29,102,54,48,14,7,7,16,5,11,3,1,2,29,18,11,6,4,2,3,3,0,25,10,15,6,6,0
C5120ST,29,559,District-Raichur,Urban,30-39,80,41,39,16,6,10,9,6,3,13,4,9,21,13,8,8,4,4,3,2,1,9,5,4,1,1,0
C5120ST,29,559,District-Raichur,Urban,40-49,55,34,21,3,1,2,12,7,5,3,3,0,17,9,8,2,1,1,2,2,0,12,7,5,4,4,0
C5120ST,29,559,District-Raichur,Urban,50-59,44,21,23,5,2,3,6,2,4,2,1,1,8,4,4,4,2,2,0,0,0,17,9,8,2,1,1
C5120ST,29,559,District-Raichur,Urban,60-69,32,16,16,13,7,6,5,1,4,3,1,2,4,4,0,1,1,0,0,0,0,6,2,4,0,0,0
C5120ST,29,559,District-Raichur,Urban,70-79,21,6,15,7,1,6,5,1,4,0,0,0,3,2,1,1,0,1,1,1,0,2,0,2,2,1,1
C5120ST,29,559,District-Raichur,Urban,80-89,9,4,5,2,1,1,2,1,1,0,0,0,2,1,1,1,1,0,0,0,0,1,0,1,1,0,1
C5120ST,29,559,District-Raichur,Urban,90+,3,1,2,1,0,1,1,0,1,0,0,0,0,0,0,0,0,0,0,0,0,0,0,0,1,1,0
C5120ST,29,559,District-Raichur,Urban,Age Not Stated,0,0,0,0,0,0,0,0,0,0,0,0,0,0,0,0,0,0,0,0,0,0,0,0,0,0,0
C5120ST,29,560,District-Koppal,Total,Total,4813,2576,2237,732,334,398,938,490,448,276,156,120,1141,702,439,235,124,111,64,36,28,1112,552,560,315,182,133
C5120ST,29,560,District-Koppal,Total,0-4,295,152,143,24,11,13,84,43,41,5,5,0,34,20,14,8,3,5,1,1,0,123,58,65,16,11,5
C5120ST,29,560,District-Koppal,Total,5-9,485,264,221,50,27,23,105,59,46,56,34,22,65,33,32,25,13,12,1,1,0,131,60,71,52,37,15
C5120ST,29,560,District-Koppal,Total,10-19,1250,706,544,155,83,72,234,141,93,93,58,35,274,158,116,95,51,44,17,13,4,296,150,146,86,52,34
C5120ST,29,560,District-Koppal,Total,20-29,778,430,348,72,42,30,120,66,54,54,21,33,270,164,106,43,26,17,7,2,5,175,86,89,37,23,14
C5120ST,29,560,District-Koppal,Total,30-39,514,276,238,39,15,24,109,46,63,29,18,11,150,98,52,22,12,10,13,7,6,127,65,62,25,15,10
C5120ST,29,560,District-Koppal,Total,40-49,393,227,166,39,20,19,100,56,44,9,3,6,108,74,34,21,9,12,9,4,5,88,52,36,19,9,10
C5120ST,29,560,District-Koppal,Total,50-59,290,172,118,59,30,29,61,30,31,8,5,3,76,54,22,7,3,4,8,5,3,59,34,25,12,11,1
C5120ST,29,560,District-Koppal,Total,60-69,458,214,244,153,55,98,72,34,38,14,8,6,109,69,40,8,5,3,8,3,5,66,27,39,28,13,15
C5120ST,29,560,District-Koppal,Total,70-79,237,101,136,99,38,61,36,13,23,6,3,3,39,24,15,4,1,3,0,0,0,32,12,20,21,10,11
C5120ST,29,560,District-Koppal,Total,80-89,86,26,60,37,11,26,10,2,8,1,1,0,14,7,7,0,0,0,0,0,0,10,4,6,14,1,13
C5120ST,29,560,District-Koppal,Total,90+,20,3,17,3,1,2,6,0,6,1,0,1,2,1,1,1,0,1,0,0,0,2,1,1,5,0,5
C5120ST,29,560,District-Koppal,Total,Age Not Stated,7,5,2,2,1,1,1,0,1,0,0,0,0,0,0,1,1,0,0,0,0,3,3,0,0,0,0
C5120ST,29,560,District-Koppal,Rural,Total,4576,2449,2127,706,323,383,909,475,434,243,136,107,1057,653,404,220,116,104,59,32,27,1077,537,540,305,177,128
C5120ST,29,560,District-Koppal,Rural,0-4,286,146,140,24,11,13,81,41,40,5,5,0,32,18,14,8,3,5,1,1,0,119,56,63,16,11,5
C5120ST,29,560,District-Koppal,Rural,5-9,467,251,216,48,26,22,101,55,46,50,29,21,63,33,30,23,12,11,1,1,0,130,59,71,51,36,15
C5120ST,29,560,District-Koppal,Rural,10-19,1186,682,504,151,82,69,225,139,86,82,52,30,253,151,102,88,49,39,15,11,4,289,148,141,83,50,33
C5120ST,29,560,District-Koppal,Rural,20-29,727,405,322,66,40,26,116,63,53,45,17,28,252,154,98,41,25,16,5,1,4,166,83,83,36,22,14
C5120ST,29,560,District-Koppal,Rural,30-39,494,259,235,39,15,24,108,45,63,28,17,11,141,90,51,20,10,10,12,6,6,124,62,62,22,14,8
C5120ST,29,560,District-Koppal,Rural,40-49,372,213,159,38,20,18,98,55,43,8,2,6,97,66,31,20,8,12,9,4,5,84,49,35,18,9,9
C5120ST,29,560,District-Koppal,Rural,50-59,275,165,110,58,30,28,58,29,29,7,4,3,71,50,21,6,2,4,8,5,3,55,34,21,12,11,1
C5120ST,29,560,District-Koppal,Rural,60-69,433,199,234,145,50,95,70,33,37,13,8,5,98,61,37,8,5,3,8,3,5,64,26,38,27,13,14
C5120ST,29,560,District-Koppal,Rural,70-79,227,97,130,96,37,59,36,13,23,4,1,3,35,23,12,4,1,3,0,0,0,31,12,19,21,10,11
C5120ST,29,560,District-Koppal,Rural,80-89,84,24,60,36,10,26,10,2,8,1,1,0,13,6,7,0,0,0,0,0,0,10,4,6,14,1,13
C5120ST,29,560,District-Koppal,Rural,90+,18,3,15,3,1,2,5,0,5,0,0,0,2,1,1,1,0,1,0,0,0,2,1,1,5,0,5
C5120ST,29,560,District-Koppal,Rural,Age Not Stated,7,5,2,2,1,1,1,0,1,0,0,0,0,0,0,1,1,0,0,0,0,3,3,0,0,0,0
C5120ST,29,560,District-Koppal,Urban,Total,237,127,110,26,11,15,29,15,14,33,20,13,84,49,35,15,8,7,5,4,1,35,15,20,10,5,5
C5120ST,29,560,District-Koppal,Urban,0-4,9,6,3,0,0,0,3,2,1,0,0,0,2,2,0,0,0,0,0,0,0,4,2,2,0,0,0
C5120ST,29,560,District-Koppal,Urban,5-9,18,13,5,2,1,1,4,4,0,6,5,1,2,0,2,2,1,1,0,0,0,1,1,0,1,1,0
C5120ST,29,560,District-Koppal,Urban,10-19,64,24,40,4,1,3,9,2,7,11,6,5,21,7,14,7,2,5,2,2,0,7,2,5,3,2,1
C5120ST,29,560,District-Koppal,Urban,20-29,51,25,26,6,2,4,4,3,1,9,4,5,18,10,8,2,1,1,2,1,1,9,3,6,1,1,0
C5120ST,29,560,District-Koppal,Urban,30-39,20,17,3,0,0,0,1,1,0,1,1,0,9,8,1,2,2,0,1,1,0,3,3,0,3,1,2
C5120ST,29,560,District-Koppal,Urban,40-49,21,14,7,1,0,1,2,1,1,1,1,0,11,8,3,1,1,0,0,0,0,4,3,1,1,0,1
C5120ST,29,560,District-Koppal,Urban,50-59,15,7,8,1,0,1,3,1,2,1,1,0,5,4,1,1,1,0,0,0,0,4,0,4,0,0,0
C5120ST,29,560,District-Koppal,Urban,60-69,25,15,10,8,5,3,2,1,1,1,0,1,11,8,3,0,0,0,0,0,0,2,1,1,1,0,1
C5120ST,29,560,District-Koppal,Urban,70-79,10,4,6,3,1,2,0,0,0,2,2,0,4,1,3,0,0,0,0,0,0,1,0,1,0,0,0
C5120ST,29,560,District-Koppal,Urban,80-89,2,2,0,1,1,0,0,0,0,0,0,0,1,1,0,0,0,0,0,0,0,0,0,0,0,0,0
C5120ST,29,560,District-Koppal,Urban,90+,2,0,2,0,0,0,1,0,1,1,0,1,0,0,0,0,0,0,0,0,0,0,0,0,0,0,0
C5120ST,29,560,District-Koppal,Urban,Age Not Stated,0,0,0,0,0,0,0,0,0,0,0,0,0,0,0,0,0,0,0,0,0,0,0,0,0,0,0
C5120ST,29,561,District-Gadag,Total,Total,1446,816,630,238,130,108,176,93,83,149,79,70,439,272,167,88,50,38,13,3,10,227,125,102,116,64,52
C5120ST,29,561,District-Gadag,Total,0-4,59,31,28,13,9,4,7,4,3,3,1,2,13,7,6,2,1,1,0,0,0,14,7,7,7,2,5
C5120ST,29,561,District-Gadag,Total,5-9,104,56,48,8,4,4,12,5,7,19,10,9,22,12,10,11,7,4,0,0,0,17,8,9,15,10,5
C5120ST,29,561,District-Gadag,Total,10-19,301,178,123,33,22,11,29,14,15,42,29,13,68,40,28,36,23,13,3,0,3,58,30,28,32,20,12
C5120ST,29,561,District-Gadag,Total,20-29,261,158,103,19,13,6,27,18,9,29,15,14,113,73,40,19,10,9,2,1,1,32,17,15,20,11,9
C5120ST,29,561,District-Gadag,Total,30-39,180,91,89,24,16,8,24,12,12,16,2,14,72,40,32,8,5,3,3,1,2,27,14,13,6,1,5
C5120ST,29,561,District-Gadag,Total,40-49,165,97,68,24,13,11,22,13,9,17,9,8,51,36,15,8,2,6,4,1,3,29,17,12,10,6,4
C5120ST,29,561,District-Gadag,Total,50-59,126,83,43,30,18,12,14,8,6,10,7,3,41,30,11,3,2,1,1,0,1,21,14,7,6,4,2
C5120ST,29,561,District-Gadag,Total,60-69,136,77,59,43,21,22,18,10,8,8,3,5,37,23,14,0,0,0,0,0,0,21,15,6,9,5,4
C5120ST,29,561,District-Gadag,Total,70-79,77,33,44,27,9,18,20,7,13,2,1,1,15,10,5,1,0,1,0,0,0,6,3,3,6,3,3
C5120ST,29,561,District-Gadag,Total,80-89,29,9,20,14,4,10,3,2,1,1,1,0,4,0,4,0,0,0,0,0,0,2,0,2,5,2,3
C5120ST,29,561,District-Gadag,Total,90+,8,3,5,3,1,2,0,0,0,2,1,1,3,1,2,0,0,0,0,0,0,0,0,0,0,0,0
C5120ST,29,561,District-Gadag,Total,Age Not Stated,0,0,0,0,0,0,0,0,0,0,0,0,0,0,0,0,0,0,0,0,0,0,0,0,0,0,0
C5120ST,29,561,District-Gadag,Rural,Total,1204,685,519,193,99,94,159,83,76,110,58,52,372,233,139,74,44,30,11,3,8,185,110,75,100,55,45
C5120ST,29,561,District-Gadag,Rural,0-4,46,25,21,9,7,2,6,3,3,1,1,0,13,7,6,2,1,1,0,0,0,8,4,4,7,2,5
C5120ST,29,561,District-Gadag,Rural,5-9,82,45,37,8,4,4,12,5,7,12,6,6,16,9,7,7,5,2,0,0,0,15,8,7,12,8,4
C5120ST,29,561,District-Gadag,Rural,10-19,246,142,104,22,13,9,28,13,15,35,23,12,53,30,23,31,22,9,3,0,3,45,24,21,29,17,12
C5120ST,29,561,District-Gadag,Rural,20-29,211,131,80,12,7,5,24,16,8,21,10,11,95,63,32,17,10,7,2,1,1,24,14,10,16,10,6
C5120ST,29,561,District-Gadag,Rural,30-39,145,78,67,18,12,6,21,10,11,11,2,9,60,35,25,7,4,3,2,1,1,21,13,8,5,1,4
C5120ST,29,561,District-Gadag,Rural,40-49,141,80,61,21,11,10,18,10,8,14,7,7,45,30,15,6,0,6,3,1,2,24,15,9,10,6,4
C5120ST,29,561,District-Gadag,Rural,50-59,111,75,36,26,16,10,11,7,4,8,5,3,39,29,10,3,2,1,1,0,1,20,14,6,3,2,1
C5120ST,29,561,District-Gadag,Rural,60-69,121,69,52,37,17,20,18,10,8,6,2,4,31,20,11,0,0,0,0,0,0,21,15,6,8,5,3
C5120ST,29,561,District-Gadag,Rural,70-79,68,30,38,25,8,17,18,7,11,1,1,0,13,9,4,1,0,1,0,0,0,5,3,2,5,2,3
C5120ST,29,561,District-Gadag,Rural,80-89,26,7,19,12,3,9,3,2,1,0,0,0,4,0,4,0,0,0,0,0,0,2,0,2,5,2,3
C5120ST,29,561,District-Gadag,Rural,90+,7,3,4,3,1,2,0,0,0,1,1,0,3,1,2,0,0,0,0,0,0,0,0,0,0,0,0
C5120ST,29,561,District-Gadag,Rural,Age Not Stated,0,0,0,0,0,0,0,0,0,0,0,0,0,0,0,0,0,0,0,0,0,0,0,0,0,0,0
C5120ST,29,561,District-Gadag,Urban,Total,242,131,111,45,31,14,17,10,7,39,21,18,67,39,28,14,6,8,2,0,2,42,15,27,16,9,7
C5120ST,29,561,District-Gadag,Urban,0-4,13,6,7,4,2,2,1,1,0,2,0,2,0,0,0,0,0,0,0,0,0,6,3,3,0,0,0
C5120ST,29,561,District-Gadag,Urban,5-9,22,11,11,0,0,0,0,0,0,7,4,3,6,3,3,4,2,2,0,0,0,2,0,2,3,2,1
C5120ST,29,561,District-Gadag,Urban,10-19,55,36,19,11,9,2,1,1,0,7,6,1,15,10,5,5,1,4,0,0,0,13,6,7,3,3,0
C5120ST,29,561,District-Gadag,Urban,20-29,50,27,23,7,6,1,3,2,1,8,5,3,18,10,8,2,0,2,0,0,0,8,3,5,4,1,3
C5120ST,29,561,District-Gadag,Urban,30-39,35,13,22,6,4,2,3,2,1,5,0,5,12,5,7,1,1,0,1,0,1,6,1,5,1,0,1
C5120ST,29,561,District-Gadag,Urban,40-49,24,17,7,3,2,1,4,3,1,3,2,1,6,6,0,2,2,0,1,0,1,5,2,3,0,0,0
C5120ST,29,561,District-Gadag,Urban,50-59,15,8,7,4,2,2,3,1,2,2,2,0,2,1,1,0,0,0,0,0,0,1,0,1,3,2,1
C5120ST,29,561,District-Gadag,Urban,60-69,15,8,7,6,4,2,0,0,0,2,1,1,6,3,3,0,0,0,0,0,0,0,0,0,1,0,1
C5120ST,29,561,District-Gadag,Urban,70-79,9,3,6,2,1,1,2,0,2,1,0,1,2,1,1,0,0,0,0,0,0,1,0,1,1,1,0
C5120ST,29,561,District-Gadag,Urban,80-89,3,2,1,2,1,1,0,0,0,1,1,0,0,0,0,0,0,0,0,0,0,0,0,0,0,0,0
C5120ST,29,561,District-Gadag,Urban,90+,1,0,1,0,0,0,0,0,0,1,0,1,0,0,0,0,0,0,0,0,0,0,0,0,0,0,0
C5120ST,29,561,District-Gadag,Urban,Age Not Stated,0,0,0,0,0,0,0,0,0,0,0,0,0,0,0,0,0,0,0,0,0,0,0,0,0,0,0
C5120ST,29,562,District-Dharwad,Total,Total,1992,1092,900,320,153,167,264,136,128,262,128,134,552,333,219,131,71,60,36,24,12,271,158,113,156,89,67
C5120ST,29,562,District-Dharwad,Total,0-4,87,44,43,16,8,8,13,5,8,5,3,2,15,8,7,4,2,2,1,1,0,25,14,11,8,3,5
C5120ST,29,562,District-Dharwad,Total,5-9,140,89,51,13,6,7,15,9,6,30,21,9,22,13,9,19,12,7,0,0,0,21,16,5,20,12,8
C5120ST,29,562,District-Dharwad,Total,10-19,411,234,177,58,33,25,43,23,20,68,30,38,90,58,32,37,22,15,6,5,1,55,31,24,54,32,22
C5120ST,29,562,District-Dharwad,Total,20-29,384,212,172,42,26,16,36,22,14,45,21,24,152,84,68,22,12,10,10,6,4,57,30,27,20,11,9
C5120ST,29,562,District-Dharwad,Total,30-39,286,147,139,35,21,14,43,20,23,50,22,28,85,45,40,14,6,8,6,4,2,38,17,21,15,12,3
C5120ST,29,562,District-Dharwad,Total,40-49,220,136,84,30,20,10,35,24,11,30,15,15,75,48,27,14,7,7,5,3,2,26,17,9,5,2,3
C5120ST,29,562,District-Dharwad,Total,50-59,168,91,77,33,14,19,28,12,16,15,7,8,43,26,17,13,7,6,7,5,2,20,15,5,9,5,4
C5120ST,29,562,District-Dharwad,Total,60-69,159,80,79,42,12,30,29,13,16,11,6,5,40,32,8,8,3,5,1,0,1,18,10,8,10,4,6
C5120ST,29,562,District-Dharwad,Total,70-79,83,40,43,31,10,21,15,5,10,2,1,1,20,13,7,0,0,0,0,0,0,8,7,1,7,4,3
C5120ST,29,562,District-Dharwad,Total,80-89,43,15,28,15,2,13,7,3,4,5,2,3,8,5,3,0,0,0,0,0,0,2,0,2,6,3,3
C5120ST,29,562,District-Dharwad,Total,90+,10,3,7,5,1,4,0,0,0,1,0,1,2,1,1,0,0,0,0,0,0,0,0,0,2,1,1
C5120ST,29,562,District-Dharwad,Total,Age Not Stated,1,1,0,0,0,0,0,0,0,0,0,0,0,0,0,0,0,0,0,0,0,1,1,0,0,0,0
C5120ST,29,562,District-Dharwad,Rural,Total,1140,627,513,233,111,122,124,61,63,99,50,49,339,201,138,87,50,37,23,15,8,144,87,57,91,52,39
C5120ST,29,562,District-Dharwad,Rural,0-4,41,17,24,9,3,6,3,1,2,1,0,1,9,6,3,3,1,2,1,1,0,9,4,5,6,1,5
C5120ST,29,562,District-Dharwad,Rural,5-9,70,49,21,8,5,3,4,3,1,13,8,5,13,9,4,15,10,5,0,0,0,7,6,1,10,8,2
C5120ST,29,562,District-Dharwad,Rural,10-19,229,131,98,39,24,15,14,6,8,25,10,15,56,36,20,25,15,10,5,4,1,32,19,13,33,17,16
C5120ST,29,562,District-Dharwad,Rural,20-29,196,115,81,26,17,9,16,11,5,17,10,7,81,41,40,11,8,3,5,3,2,30,18,12,10,7,3
C5120ST,29,562,District-Dharwad,Rural,30-39,154,81,73,28,17,11,21,6,15,16,8,8,49,27,22,9,5,4,3,1,2,19,9,10,9,8,1
C5120ST,29,562,District-Dharwad,Rural,40-49,127,79,48,21,15,6,16,12,4,12,7,5,44,27,17,12,6,6,3,2,1,17,10,7,2,0,2
C5120ST,29,562,District-Dharwad,Rural,50-59,112,54,58,26,8,18,14,5,9,9,3,6,35,19,16,9,5,4,5,4,1,11,8,3,3,2,1
C5120ST,29,562,District-Dharwad,Rural,60-69,109,56,53,36,11,25,19,10,9,5,3,2,30,24,6,3,0,3,1,0,1,10,6,4,5,2,3
C5120ST,29,562,District-Dharwad,Rural,70-79,61,30,31,23,9,14,11,4,7,0,0,0,13,7,6,0,0,0,0,0,0,7,6,1,7,4,3
C5120ST,29,562,District-Dharwad,Rural,80-89,33,12,21,14,2,12,6,3,3,1,1,0,7,4,3,0,0,0,0,0,0,1,0,1,4,2,2
C5120ST,29,562,District-Dharwad,Rural,90+,7,2,5,3,0,3,0,0,0,0,0,0,2,1,1,0,0,0,0,0,0,0,0,0,2,1,1
C5120ST,29,562,District-Dharwad,Rural,Age Not Stated,1,1,0,0,0,0,0,0,0,0,0,0,0,0,0,0,0,0,0,0,0,1,1,0,0,0,0
C5120ST,29,562,District-Dharwad,Urban,Total,852,465,387,87,42,45,140,75,65,163,78,85,213,132,81,44,21,23,13,9,4,127,71,56,65,37,28
C5120ST,29,562,District-Dharwad,Urban,0-4,46,27,19,7,5,2,10,4,6,4,3,1,6,2,4,1,1,0,0,0,0,16,10,6,2,2,0
C5120ST,29,562,District-Dharwad,Urban,5-9,70,40,30,5,1,4,11,6,5,17,13,4,9,4,5,4,2,2,0,0,0,14,10,4,10,4,6
C5120ST,29,562,District-Dharwad,Urban,10-19,182,103,79,19,9,10,29,17,12,43,20,23,34,22,12,12,7,5,1,1,0,23,12,11,21,15,6
C5120ST,29,562,District-Dharwad,Urban,20-29,188,97,91,16,9,7,20,11,9,28,11,17,71,43,28,11,4,7,5,3,2,27,12,15,10,4,6
C5120ST,29,562,District-Dharwad,Urban,30-39,132,66,66,7,4,3,22,14,8,34,14,20,36,18,18,5,1,4,3,3,0,19,8,11,6,4,2
C5120ST,29,562,District-Dharwad,Urban,40-49,93,57,36,9,5,4,19,12,7,18,8,10,31,21,10,2,1,1,2,1,1,9,7,2,3,2,1
C5120ST,29,562,District-Dharwad,Urban,50-59,56,37,19,7,6,1,14,7,7,6,4,2,8,7,1,4,2,2,2,1,1,9,7,2,6,3,3
C5120ST,29,562,District-Dharwad,Urban,60-69,50,24,26,6,1,5,10,3,7,6,3,3,10,8,2,5,3,2,0,0,0,8,4,4,5,2,3
C5120ST,29,562,District-Dharwad,Urban,70-79,22,10,12,8,1,7,4,1,3,2,1,1,7,6,1,0,0,0,0,0,0,1,1,0,0,0,0
C5120ST,29,562,District-Dharwad,Urban,80-89,10,3,7,1,0,1,1,0,1,4,1,3,1,1,0,0,0,0,0,0,0,1,0,1,2,1,1
C5120ST,29,562,District-Dharwad,Urban,90+,3,1,2,2,1,1,0,0,0,1,0,1,0,0,0,0,0,0,0,0,0,0,0,0,0,0,0
C5120ST,29,562,District-Dharwad,Urban,Age Not Stated,0,0,0,0,0,0,0,0,0,0,0,0,0,0,0,0,0,0,0,0,0,0,0,0,0,0,0
C5120ST,29,563,District-Uttara Kannada,Total,Total,659,363,296,115,55,60,70,30,40,93,52,41,171,106,65,53,35,18,18,5,13,80,41,39,59,39,20
C5120ST,29,563,District-Uttara Kannada,Total,0-4,24,14,10,0,0,0,1,1,0,0,0,0,8,6,2,2,1,1,0,0,0,8,3,5,5,3,2
C5120ST,29,563,District-Uttara Kannada,Total,5-9,56,36,20,11,4,7,5,4,1,10,6,4,10,7,3,8,6,2,0,0,0,4,3,1,8,6,2
C5120ST,29,563,District-Uttara Kannada,Total,10-19,142,87,55,14,7,7,12,8,4,31,18,13,23,12,11,21,16,5,1,1,0,15,7,8,25,18,7
C5120ST,29,563,District-Uttara Kannada,Total,20-29,102,61,41,11,7,4,9,5,4,16,9,7,34,22,12,7,3,4,1,1,0,14,9,5,10,5,5
C5120ST,29,563,District-Uttara Kannada,Total,30-39,74,45,29,8,6,2,1,1,0,14,7,7,22,16,6,9,6,3,5,1,4,12,5,7,3,3,0
C5120ST,29,563,District-Uttara Kannada,Total,40-49,71,33,38,13,5,8,13,4,9,12,8,4,15,9,6,3,1,2,4,2,2,9,3,6,2,1,1
C5120ST,29,563,District-Uttara Kannada,Total,50-59,76,37,39,18,7,11,7,2,5,6,1,5,30,19,11,3,2,1,4,0,4,7,5,2,1,1,0
C5120ST,29,563,District-Uttara Kannada,Total,60-69,69,32,37,22,11,11,11,3,8,4,3,1,22,13,9,0,0,0,3,0,3,5,2,3,2,0,2
C5120ST,29,563,District-Uttara Kannada,Total,70-79,28,12,16,9,3,6,8,2,6,0,0,0,5,2,3,0,0,0,0,0,0,5,4,1,1,1,0
C5120ST,29,563,District-Uttara Kannada,Total,80-89,15,6,9,7,5,2,3,0,3,0,0,0,2,0,2,0,0,0,0,0,0,1,0,1,2,1,1
C5120ST,29,563,District-Uttara Kannada,Total,90+,2,0,2,2,0,2,0,0,0,0,0,0,0,0,0,0,0,0,0,0,0,0,0,0,0,0,0
C5120ST,29,563,District-Uttara Kannada,Total,Age Not Stated,0,0,0,0,0,0,0,0,0,0,0,0,0,0,0,0,0,0,0,0,0,0,0,0,0,0,0
C5120ST,29,563,District-Uttara Kannada,Rural,Total,545,295,250,101,48,53,53,19,34,61,34,27,154,94,60,45,30,15,17,5,12,64,32,32,50,33,17
C5120ST,29,563,District-Uttara Kannada,Rural,0-4,20,12,8,0,0,0,1,1,0,0,0,0,8,6,2,2,1,1,0,0,0,5,1,4,4,3,1
C5120ST,29,563,District-Uttara Kannada,Rural,5-9,49,30,19,9,3,6,3,2,1,9,5,4,10,7,3,8,6,2,0,0,0,3,2,1,7,5,2
C5120ST,29,563,District-Uttara Kannada,Rural,10-19,108,67,41,10,6,4,7,4,3,22,12,10,18,9,9,17,13,4,1,1,0,13,7,6,20,15,5
C5120ST,29,563,District-Uttara Kannada,Rural,20-29,77,46,31,9,6,3,5,2,3,10,6,4,31,19,12,4,2,2,1,1,0,8,6,2,9,4,5
C5120ST,29,563,District-Uttara Kannada,Rural,30-39,56,33,23,5,3,2,0,0,0,6,3,3,19,14,5,8,5,3,4,1,3,11,4,7,3,3,0
C5120ST,29,563,District-Uttara Kannada,Rural,40-49,62,29,33,13,5,8,8,3,5,9,6,3,14,8,6,3,1,2,4,2,2,9,3,6,2,1,1
C5120ST,29,563,District-Uttara Kannada,Rural,50-59,66,31,35,16,6,10,7,2,5,2,0,2,27,16,11,3,2,1,4,0,4,7,5,2,0,0,0
C5120ST,29,563,District-Uttara Kannada,Rural,60-69,64,30,34,21,11,10,11,3,8,3,2,1,21,13,8,0,0,0,3,0,3,3,1,2,2,0,2
C5120ST,29,563,District-Uttara Kannada,Rural,70-79,26,11,15,9,3,6,8,2,6,0,0,0,4,2,2,0,0,0,0,0,0,4,3,1,1,1,0
C5120ST,29,563,District-Uttara Kannada,Rural,80-89,15,6,9,7,5,2,3,0,3,0,0,0,2,0,2,0,0,0,0,0,0,1,0,1,2,1,1
C5120ST,29,563,District-Uttara Kannada,Rural,90+,2,0,2,2,0,2,0,0,0,0,0,0,0,0,0,0,0,0,0,0,0,0,0,0,0,0,0
C5120ST,29,563,District-Uttara Kannada,Rural,Age Not Stated,0,0,0,0,0,0,0,0,0,0,0,0,0,0,0,0,0,0,0,0,0,0,0,0,0,0,0
C5120ST,29,563,District-Uttara Kannada,Urban,Total,114,68,46,14,7,7,17,11,6,32,18,14,17,12,5,8,5,3,1,0,1,16,9,7,9,6,3
C5120ST,29,563,District-Uttara Kannada,Urban,0-4,4,2,2,0,0,0,0,0,0,0,0,0,0,0,0,0,0,0,0,0,0,3,2,1,1,0,1
C5120ST,29,563,District-Uttara Kannada,Urban,5-9,7,6,1,2,1,1,2,2,0,1,1,0,0,0,0,0,0,0,0,0,0,1,1,0,1,1,0
C5120ST,29,563,District-Uttara Kannada,Urban,10-19,34,20,14,4,1,3,5,4,1,9,6,3,5,3,2,4,3,1,0,0,0,2,0,2,5,3,2
C5120ST,29,563,District-Uttara Kannada,Urban,20-29,25,15,10,2,1,1,4,3,1,6,3,3,3,3,0,3,1,2,0,0,0,6,3,3,1,1,0
C5120ST,29,563,District-Uttara Kannada,Urban,30-39,18,12,6,3,3,0,1,1,0,8,4,4,3,2,1,1,1,0,1,0,1,1,1,0,0,0,0
C5120ST,29,563,District-Uttara Kannada,Urban,40-49,9,4,5,0,0,0,5,1,4,3,2,1,1,1,0,0,0,0,0,0,0,0,0,0,0,0,0
C5120ST,29,563,District-Uttara Kannada,Urban,50-59,10,6,4,2,1,1,0,0,0,4,1,3,3,3,0,0,0,0,0,0,0,0,0,0,1,1,0
C5120ST,29,563,District-Uttara Kannada,Urban,60-69,5,2,3,1,0,1,0,0,0,1,1,0,1,0,1,0,0,0,0,0,0,2,1,1,0,0,0
C5120ST,29,563,District-Uttara Kannada,Urban,70-79,2,1,1,0,0,0,0,0,0,0,0,0,1,0,1,0,0,0,0,0,0,1,1,0,0,0,0
C5120ST,29,563,District-Uttara Kannada,Urban,80-89,0,0,0,0,0,0,0,0,0,0,0,0,0,0,0,0,0,0,0,0,0,0,0,0,0,0,0
C5120ST,29,563,District-Uttara Kannada,Urban,90+,0,0,0,0,0,0,0,0,0,0,0,0,0,0,0,0,0,0,0,0,0,0,0,0,0,0,0
C5120ST,29,563,District-Uttara Kannada,Urban,Age Not Stated,0,0,0,0,0,0,0,0,0,0,0,0,0,0,0,0,0,0,0,0,0,0,0,0,0,0,0
C5120ST,29,564,District-Haveri,Total,Total,3483,1973,1510,573,298,275,397,225,172,322,172,150,1043,658,385,230,111,119,57,31,26,543,302,241,318,176,142
C5120ST,29,564,District-Haveri,Total,0-4,143,80,63,13,8,5,19,10,9,11,5,6,24,13,11,7,4,3,2,2,0,51,31,20,16,7,9
C5120ST,29,564,District-Haveri,Total,5-9,254,128,126,22,14,8,29,17,12,43,16,27,44,22,22,30,14,16,0,0,0,40,20,20,46,25,21
C5120ST,29,564,District-Haveri,Total,10-19,677,381,296,77,46,31,83,51,32,79,47,32,139,85,54,102,48,54,10,8,2,100,57,43,87,39,48
C5120ST,29,564,District-Haveri,Total,20-29,621,355,266,71,40,31,49,30,19,70,41,29,252,144,108,38,17,21,5,2,3,93,56,37,43,25,18
C5120ST,29,564,District-Haveri,Total,30-39,420,252,168,52,31,21,50,30,20,34,16,18,154,104,50,17,7,10,7,3,4,79,44,35,27,17,10
C5120ST,29,564,District-Haveri,Total,40-49,373,227,146,67,37,30,46,24,22,25,14,11,128,85,43,16,12,4,16,9,7,51,27,24,24,19,5
C5120ST,29,564,District-Haveri,Total,50-59,345,198,147,62,26,36,35,21,14,30,16,14,123,86,37,9,4,5,11,4,7,56,29,27,19,12,7
C5120ST,29,564,District-Haveri,Total,60-69,364,210,154,109,55,54,51,24,27,15,8,7,103,76,27,9,4,5,5,2,3,46,24,22,26,17,9
C5120ST,29,564,District-Haveri,Total,70-79,210,112,98,74,30,44,21,14,7,12,7,5,56,34,22,1,1,0,0,0,0,22,12,10,24,14,10
C5120ST,29,564,District-Haveri,Total,80-89,60,23,37,23,9,14,11,3,8,1,1,0,16,8,8,1,0,1,0,0,0,4,2,2,4,0,4
C5120ST,29,564,District-Haveri,Total,90+,15,6,9,3,2,1,3,1,2,1,0,1,4,1,3,0,0,0,1,1,0,1,0,1,2,1,1
C5120ST,29,564,District-Haveri,Total,Age Not Stated,1,1,0,0,0,0,0,0,0,1,1,0,0,0,0,0,0,0,0,0,0,0,0,0,0,0,0
C5120ST,29,564,District-Haveri,Rural,Total,3099,1741,1358,520,270,250,363,203,160,250,132,118,947,592,355,204,96,108,52,28,24,482,264,218,281,156,125
C5120ST,29,564,District-Haveri,Rural,0-4,125,73,52,12,7,5,18,10,8,10,5,5,19,11,8,5,4,1,2,2,0,44,27,17,15,7,8
C5120ST,29,564,District-Haveri,Rural,5-9,218,104,114,19,11,8,24,13,11,38,13,25,39,19,20,29,13,16,0,0,0,34,17,17,35,18,17
C5120ST,29,564,District-Haveri,Rural,10-19,588,325,263,67,41,26,71,45,26,66,39,27,128,76,52,86,37,49,10,8,2,87,48,39,73,31,42
C5120ST,29,564,District-Haveri,Rural,20-29,542,310,232,59,34,25,45,26,19,50,29,21,224,128,96,35,16,19,5,2,3,83,50,33,41,25,16
C5120ST,29,564,District-Haveri,Rural,30-39,371,224,147,48,27,21,48,29,19,23,10,13,137,95,42,16,6,10,5,3,2,68,38,30,26,16,10
C5120ST,29,564,District-Haveri,Rural,40-49,335,202,133,62,35,27,43,22,21,16,12,4,119,77,42,14,11,3,13,6,7,47,23,24,21,16,5
C5120ST,29,564,District-Haveri,Rural,50-59,311,173,138,60,24,36,31,19,12,21,10,11,113,77,36,8,4,4,11,4,7,48,23,25,19,12,7
C5120ST,29,564,District-Haveri,Rural,60-69,337,195,142,98,52,46,49,22,27,13,7,6,94,68,26,9,4,5,5,2,3,44,24,20,25,16,9
C5120ST,29,564,District-Haveri,Rural,70-79,201,107,94,70,28,42,20,13,7,11,6,5,55,33,22,1,1,0,0,0,0,22,12,10,22,14,8
C5120ST,29,564,District-Haveri,Rural,80-89,56,22,34,22,9,13,11,3,8,0,0,0,16,8,8,1,0,1,0,0,0,4,2,2,2,0,2
C5120ST,29,564,District-Haveri,Rural,90+,14,5,9,3,2,1,3,1,2,1,0,1,3,0,3,0,0,0,1,1,0,1,0,1,2,1,1
C5120ST,29,564,District-Haveri,Rural,Age Not Stated,1,1,0,0,0,0,0,0,0,1,1,0,0,0,0,0,0,0,0,0,0,0,0,0,0,0,0
C5120ST,29,564,District-Haveri,Urban,Total,384,232,152,53,28,25,34,22,12,72,40,32,96,66,30,26,15,11,5,3,2,61,38,23,37,20,17
C5120ST,29,564,District-Haveri,Urban,0-4,18,7,11,1,1,0,1,0,1,1,0,1,5,2,3,2,0,2,0,0,0,7,4,3,1,0,1
C5120ST,29,564,District-Haveri,Urban,5-9,36,24,12,3,3,0,5,4,1,5,3,2,5,3,2,1,1,0,0,0,0,6,3,3,11,7,4
C5120ST,29,564,District-Haveri,Urban,10-19,89,56,33,10,5,5,12,6,6,13,8,5,11,9,2,16,11,5,0,0,0,13,9,4,14,8,6
C5120ST,29,564,District-Haveri,Urban,20-29,79,45,34,12,6,6,4,4,0,20,12,8,28,16,12,3,1,2,0,0,0,10,6,4,2,0,2
C5120ST,29,564,District-Haveri,Urban,30-39,49,28,21,4,4,0,2,1,1,11,6,5,17,9,8,1,1,0,2,0,2,11,6,5,1,1,0
C5120ST,29,564,District-Haveri,Urban,40-49,38,25,13,5,2,3,3,2,1,9,2,7,9,8,1,2,1,1,3,3,0,4,4,0,3,3,0
C5120ST,29,564,District-Haveri,Urban,50-59,34,25,9,2,2,0,4,2,2,9,6,3,10,9,1,1,0,1,0,0,0,8,6,2,0,0,0
C5120ST,29,564,District-Haveri,Urban,60-69,27,15,12,11,3,8,2,2,0,2,1,1,9,8,1,0,0,0,0,0,0,2,0,2,1,1,0
C5120ST,29,564,District-Haveri,Urban,70-79,9,5,4,4,2,2,1,1,0,1,1,0,1,1,0,0,0,0,0,0,0,0,0,0,2,0,2
C5120ST,29,564,District-Haveri,Urban,80-89,4,1,3,1,0,1,0,0,0,1,1,0,0,0,0,0,0,0,0,0,0,0,0,0,2,0,2
C5120ST,29,564,District-Haveri,Urban,90+,1,1,0,0,0,0,0,0,0,0,0,0,1,1,0,0,0,0,0,0,0,0,0,0,0,0,0
C5120ST,29,564,District-Haveri,Urban,Age Not Stated,0,0,0,0,0,0,0,0,0,0,0,0,0,0,0,0,0,0,0,0,0,0,0,0,0,0,0
C5120ST,29,565,District-Bellary,Total,Total,9299,4975,4324,1604,793,811,1995,1018,977,694,376,318,2191,1304,887,652,325,327,109,53,56,1468,773,695,586,333,253
C5120ST,29,565,District-Bellary,Total,0-4,562,313,249,102,54,48,182,96,86,13,10,3,67,44,23,36,22,14,3,2,1,126,67,59,33,18,15
C5120ST,29,565,District-Bellary,Total,5-9,872,491,381,123,63,60,181,103,78,108,64,44,137,80,57,94,56,38,5,1,4,149,75,74,75,49,26
C5120ST,29,565,District-Bellary,Total,10-19,2249,1197,1052,328,181,147,427,221,206,238,128,110,514,275,239,204,100,104,22,11,11,339,182,157,177,99,78
C5120ST,29,565,District-Bellary,Total,20-29,1812,978,834,210,116,94,355,174,181,142,78,64,582,347,235,125,57,68,22,11,11,282,139,143,94,56,38
C5120ST,29,565,District-Bellary,Total,30-39,1136,633,503,158,78,80,256,132,124,69,33,36,317,207,110,73,32,41,28,14,14,181,99,82,54,38,16
C5120ST,29,565,District-Bellary,Total,40-49,844,484,360,134,72,62,196,106,90,61,33,28,193,125,68,51,27,24,16,7,9,152,86,66,41,28,13
C5120ST,29,565,District-Bellary,Total,50-59,611,323,288,116,53,63,146,76,70,22,12,10,138,86,52,33,15,18,7,5,2,118,64,54,31,12,19
C5120ST,29,565,District-Bellary,Total,60-69,582,308,274,196,92,104,116,53,63,21,10,11,124,88,36,25,13,12,3,1,2,66,36,30,31,15,16
C5120ST,29,565,District-Bellary,Total,70-79,414,171,243,161,64,97,90,37,53,13,4,9,78,36,42,9,3,6,1,0,1,40,18,22,22,9,13
C5120ST,29,565,District-Bellary,Total,80-89,160,57,103,60,16,44,32,17,15,7,4,3,30,11,19,1,0,1,1,0,1,11,5,6,18,4,14
C5120ST,29,565,District-Bellary,Total,90+,55,19,36,16,4,12,14,3,11,0,0,0,9,4,5,1,0,1,1,1,0,4,2,2,10,5,5
C5120ST,29,565,District-Bellary,Total,Age Not Stated,2,1,1,0,0,0,0,0,0,0,0,0,2,1,1,0,0,0,0,0,0,0,0,0,0,0,0
C5120ST,29,565,District-Bellary,Rural,Total,7116,3788,3328,1309,645,664,1582,798,784,472,260,212,1749,1029,720,492,247,245,83,41,42,985,520,465,444,248,196
C5120ST,29,565,District-Bellary,Rural,0-4,406,232,174,73,42,31,151,78,73,9,7,2,49,34,15,25,14,11,3,2,1,76,44,32,20,11,9
C5120ST,29,565,District-Bellary,Rural,5-9,664,368,296,99,48,51,146,82,64,76,44,32,114,66,48,72,43,29,5,1,4,100,49,51,52,35,17
C5120ST,29,565,District-Bellary,Rural,10-19,1765,927,838,274,151,123,343,178,165,182,96,86,416,215,201,152,75,77,15,8,7,243,126,117,140,78,62
C5120ST,29,565,District-Bellary,Rural,20-29,1351,740,611,155,91,64,278,139,139,83,44,39,453,269,184,100,47,53,17,10,7,192,98,94,73,42,31
C5120ST,29,565,District-Bellary,Rural,30-39,822,455,367,117,58,59,194,94,100,42,22,20,249,163,86,51,25,26,23,10,13,109,58,51,37,25,12
C5120ST,29,565,District-Bellary,Rural,40-49,631,353,278,99,49,50,153,78,75,40,25,15,150,97,53,36,18,18,11,4,7,109,60,49,33,22,11
C5120ST,29,565,District-Bellary,Rural,50-59,458,239,219,101,47,54,103,56,47,15,9,6,109,64,45,26,10,16,5,4,1,75,39,36,24,10,14
C5120ST,29,565,District-Bellary,Rural,60-69,489,261,228,178,82,96,100,44,56,14,8,6,107,75,32,21,12,9,2,1,1,44,28,16,23,11,12
C5120ST,29,565,District-Bellary,Rural,70-79,340,145,195,141,59,82,73,32,41,9,3,6,65,30,35,7,3,4,0,0,0,27,12,15,18,6,12
C5120ST,29,565,District-Bellary,Rural,80-89,140,49,91,58,14,44,27,14,13,2,2,0,28,11,17,1,0,1,1,0,1,7,4,3,16,4,12
C5120ST,29,565,District-Bellary,Rural,90+,48,18,30,14,4,10,14,3,11,0,0,0,7,4,3,1,0,1,1,1,0,3,2,1,8,4,4
C5120ST,29,565,District-Bellary,Rural,Age Not Stated,2,1,1,0,0,0,0,0,0,0,0,0,2,1,1,0,0,0,0,0,0,0,0,0,0,0,0
C5120ST,29,565,District-Bellary,Urban,Total,2183,1187,996,295,148,147,413,220,193,222,116,106,442,275,167,160,78,82,26,12,14,483,253,230,142,85,57
C5120ST,29,565,District-Bellary,Urban,0-4,156,81,75,29,12,17,31,18,13,4,3,1,18,10,8,11,8,3,0,0,0,50,23,27,13,7,6
C5120ST,29,565,District-Bellary,Urban,5-9,208,123,85,24,15,9,35,21,14,32,20,12,23,14,9,22,13,9,0,0,0,49,26,23,23,14,9
C5120ST,29,565,District-Bellary,Urban,10-19,484,270,214,54,30,24,84,43,41,56,32,24,98,60,38,52,25,27,7,3,4,96,56,40,37,21,16
C5120ST,29,565,District-Bellary,Urban,20-29,461,238,223,55,25,30,77,35,42,59,34,25,129,78,51,25,10,15,5,1,4,90,41,49,21,14,7
C5120ST,29,565,District-Bellary,Urban,30-39,314,178,136,41,20,21,62,38,24,27,11,16,68,44,24,22,7,15,5,4,1,72,41,31,17,13,4
C5120ST,29,565,District-Bellary,Urban,40-49,213,131,82,35,23,12,43,28,15,21,8,13,43,28,15,15,9,6,5,3,2,43,26,17,8,6,2
C5120ST,29,565,District-Bellary,Urban,50-59,153,84,69,15,6,9,43,20,23,7,3,4,29,22,7,7,5,2,2,1,1,43,25,18,7,2,5
C5120ST,29,565,District-Bellary,Urban,60-69,93,47,46,18,10,8,16,9,7,7,2,5,17,13,4,4,1,3,1,0,1,22,8,14,8,4,4
C5120ST,29,565,District-Bellary,Urban,70-79,74,26,48,20,5,15,17,5,12,4,1,3,13,6,7,2,0,2,1,0,1,13,6,7,4,3,1
C5120ST,29,565,District-Bellary,Urban,80-89,20,8,12,2,2,0,5,3,2,5,2,3,2,0,2,0,0,0,0,0,0,4,1,3,2,0,2
C5120ST,29,565,District-Bellary,Urban,90+,7,1,6,2,0,2,0,0,0,0,0,0,2,0,2,0,0,0,0,0,0,1,0,1,2,1,1
C5120ST,29,565,District-Bellary,Urban,Age Not Stated,0,0,0,0,0,0,0,0,0,0,0,0,0,0,0,0,0,0,0,0,0,0,0,0,0,0,0
C5120ST,29,566,District-Chitradurga,Total,Total,6034,3325,2709,1044,502,542,981,512,469,514,287,227,1530,967,563,399,197,202,71,36,35,978,546,432,517,278,239
C5120ST,29,566,District-Chitradurga,Total,0-4,255,142,113,38,20,18,51,21,30,6,5,1,45,25,20,14,9,5,1,1,0,74,45,29,26,16,10
C5120ST,29,566,District-Chitradurga,Total,5-9,454,268,186,72,37,35,56,31,25,69,33,36,85,68,17,38,18,20,0,0,0,74,42,32,60,39,21
C5120ST,29,566,District-Chitradurga,Total,10-19,1256,682,574,215,118,97,196,98,98,174,100,74,230,130,100,127,68,59,15,7,8,177,96,81,122,65,57
C5120ST,29,566,District-Chitradurga,Total,20-29,1077,564,513,133,69,64,150,74,76,101,53,48,342,201,141,92,42,50,7,2,5,178,97,81,74,26,48
C5120ST,29,566,District-Chitradurga,Total,30-39,777,451,326,100,51,49,123,70,53,55,33,22,229,149,80,48,22,26,16,7,9,150,88,62,56,31,25
C5120ST,29,566,District-Chitradurga,Total,40-49,672,402,270,91,46,45,111,67,44,43,27,16,201,129,72,41,20,21,16,11,5,126,71,55,43,31,12
C5120ST,29,566,District-Chitradurga,Total,50-59,512,305,207,86,35,51,111,60,51,27,14,13,154,107,47,22,13,9,8,7,1,73,45,28,31,24,7
C5120ST,29,566,District-Chitradurga,Total,60-69,527,268,259,133,50,83,93,47,46,29,16,13,154,104,50,13,5,8,6,1,5,68,33,35,31,12,19
C5120ST,29,566,District-Chitradurga,Total,70-79,330,166,164,117,52,65,54,27,27,7,4,3,65,42,23,4,0,4,1,0,1,34,16,18,48,25,23
C5120ST,29,566,District-Chitradurga,Total,80-89,129,54,75,48,19,29,30,14,16,2,1,1,18,9,9,0,0,0,0,0,0,15,7,8,16,4,12
C5120ST,29,566,District-Chitradurga,Total,90+,34,16,18,11,5,6,4,3,1,1,1,0,6,2,4,0,0,0,0,0,0,4,1,3,8,4,4
C5120ST,29,566,District-Chitradurga,Total,Age Not Stated,11,7,4,0,0,0,2,0,2,0,0,0,1,1,0,0,0,0,1,0,1,5,5,0,2,1,1
C5120ST,29,566,District-Chitradurga,Rural,Total,5276,2889,2387,944,444,500,832,429,403,461,264,197,1345,850,495,352,171,181,65,31,34,805,446,359,472,254,218
C5120ST,29,566,District-Chitradurga,Rural,0-4,220,120,100,36,18,18,46,19,27,6,5,1,40,20,20,12,9,3,1,1,0,56,34,22,23,14,9
C5120ST,29,566,District-Chitradurga,Rural,5-9,387,227,160,61,32,29,41,20,21,66,32,34,75,61,14,32,14,18,0,0,0,58,32,26,54,36,18
C5120ST,29,566,District-Chitradurga,Rural,10-19,1118,612,506,188,102,86,165,78,87,158,94,64,213,126,87,114,60,54,15,7,8,154,82,72,111,63,48
C5120ST,29,566,District-Chitradurga,Rural,20-29,925,484,441,117,60,57,123,60,63,82,46,36,300,175,125,80,33,47,7,2,5,148,86,62,68,22,46
C5120ST,29,566,District-Chitradurga,Rural,30-39,652,383,269,87,44,43,105,59,46,52,30,22,192,133,59,43,20,23,14,5,9,111,66,45,48,26,22
C5120ST,29,566,District-Chitradurga,Rural,40-49,574,333,241,81,40,41,93,56,37,36,23,13,170,102,68,36,19,17,15,10,5,103,54,49,40,29,11
C5120ST,29,566,District-Chitradurga,Rural,50-59,436,260,176,80,31,49,93,54,39,25,14,11,125,86,39,20,12,8,6,5,1,59,36,23,28,22,6
C5120ST,29,566,District-Chitradurga,Rural,60-69,489,245,244,123,45,78,86,42,44,27,15,12,141,94,47,11,4,7,5,1,4,65,32,33,31,12,19
C5120ST,29,566,District-Chitradurga,Rural,70-79,312,154,158,113,49,64,49,24,25,6,3,3,64,41,23,4,0,4,1,0,1,31,15,16,44,22,22
C5120ST,29,566,District-Chitradurga,Rural,80-89,124,51,73,48,19,29,28,14,14,2,1,1,18,9,9,0,0,0,0,0,0,13,5,8,15,3,12
C5120ST,29,566,District-Chitradurga,Rural,90+,32,15,17,10,4,6,3,3,0,1,1,0,6,2,4,0,0,0,0,0,0,4,1,3,8,4,4
C5120ST,29,566,District-Chitradurga,Rural,Age Not Stated,7,5,2,0,0,0,0,0,0,0,0,0,1,1,0,0,0,0,1,0,1,3,3,0,2,1,1
C5120ST,29,566,District-Chitradurga,Urban,Total,758,436,322,100,58,42,149,83,66,53,23,30,185,117,68,47,26,21,6,5,1,173,100,73,45,24,21
C5120ST,29,566,District-Chitradurga,Urban,0-4,35,22,13,2,2,0,5,2,3,0,0,0,5,5,0,2,0,2,0,0,0,18,11,7,3,2,1
C5120ST,29,566,District-Chitradurga,Urban,5-9,67,41,26,11,5,6,15,11,4,3,1,2,10,7,3,6,4,2,0,0,0,16,10,6,6,3,3
C5120ST,29,566,District-Chitradurga,Urban,10-19,138,70,68,27,16,11,31,20,11,16,6,10,17,4,13,13,8,5,0,0,0,23,14,9,11,2,9
C5120ST,29,566,District-Chitradurga,Urban,20-29,152,80,72,16,9,7,27,14,13,19,7,12,42,26,16,12,9,3,0,0,0,30,11,19,6,4,2
C5120ST,29,566,District-Chitradurga,Urban,30-39,125,68,57,13,7,6,18,11,7,3,3,0,37,16,21,5,2,3,2,2,0,39,22,17,8,5,3
C5120ST,29,566,District-Chitradurga,Urban,40-49,98,69,29,10,6,4,18,11,7,7,4,3,31,27,4,5,1,4,1,1,0,23,17,6,3,2,1
C5120ST,29,566,District-Chitradurga,Urban,50-59,76,45,31,6,4,2,18,6,12,2,0,2,29,21,8,2,1,1,2,2,0,14,9,5,3,2,1
C5120ST,29,566,District-Chitradurga,Urban,60-69,38,23,15,10,5,5,7,5,2,2,1,1,13,10,3,2,1,1,1,0,1,3,1,2,0,0,0
C5120ST,29,566,District-Chitradurga,Urban,70-79,18,12,6,4,3,1,5,3,2,1,1,0,1,1,0,0,0,0,0,0,0,3,1,2,4,3,1
C5120ST,29,566,District-Chitradurga,Urban,80-89,5,3,2,0,0,0,2,0,2,0,0,0,0,0,0,0,0,0,0,0,0,2,2,0,1,1,0
C5120ST,29,566,District-Chitradurga,Urban,90+,2,1,1,1,1,0,1,0,1,0,0,0,0,0,0,0,0,0,0,0,0,0,0,0,0,0,0
C5120ST,29,566,District-Chitradurga,Urban,Age Not Stated,4,2,2,0,0,0,2,0,2,0,0,0,0,0,0,0,0,0,0,0,0,2,2,0,0,0,0
C5120ST,29,567,District-Davanagere,Total,Total,4503,2476,2027,810,407,403,713,371,342,477,266,211,1021,628,393,327,183,144,45,23,22,756,397,359,354,201,153
C5120ST,29,567,District-Davanagere,Total,0-4,177,91,86,33,13,20,39,20,19,5,2,3,19,10,9,11,7,4,0,0,0,58,31,27,12,8,4
C5120ST,29,567,District-Davanagere,Total,5-9,385,229,156,58,34,24,52,34,18,61,32,29,62,37,25,43,25,18,1,0,1,54,31,23,54,36,18
C5120ST,29,567,District-Davanagere,Total,10-19,984,519,465,174,82,92,130,67,63,155,88,67,181,99,82,92,53,39,10,5,5,136,70,66,106,55,51
C5120ST,29,567,District-Davanagere,Total,20-29,916,517,399,121,68,53,146,78,68,96,56,40,247,158,89,75,38,37,6,4,2,170,88,82,55,27,28
C5120ST,29,567,District-Davanagere,Total,30-39,597,347,250,98,49,49,84,44,40,45,23,22,172,120,52,49,24,25,12,8,4,109,58,51,28,21,7
C5120ST,29,567,District-Davanagere,Total,40-49,472,279,193,81,47,34,83,46,37,54,33,21,120,75,45,28,20,8,6,2,4,73,41,32,27,15,12
C5120ST,29,567,District-Davanagere,Total,50-59,348,199,149,64,35,29,57,29,28,28,18,10,87,59,28,16,10,6,6,1,5,69,34,35,21,13,8
C5120ST,29,567,District-Davanagere,Total,60-69,340,182,158,89,48,41,67,31,36,16,6,10,79,42,37,9,4,5,2,1,1,61,36,25,17,14,3
C5120ST,29,567,District-Davanagere,Total,70-79,171,76,95,47,19,28,38,16,22,8,5,3,37,20,17,3,2,1,1,1,0,19,6,13,18,7,11
C5120ST,29,567,District-Davanagere,Total,80-89,75,28,47,32,10,22,12,5,7,7,3,4,8,4,4,0,0,0,1,1,0,4,1,3,11,4,7
C5120ST,29,567,District-Davanagere,Total,90+,35,8,27,13,2,11,5,1,4,0,0,0,8,3,5,1,0,1,0,0,0,3,1,2,5,1,4
C5120ST,29,567,District-Davanagere,Total,Age Not Stated,3,1,2,0,0,0,0,0,0,2,0,2,1,1,0,0,0,0,0,0,0,0,0,0,0,0,0
C5120ST,29,567,District-Davanagere,Rural,Total,3661,2016,1645,697,351,346,596,307,289,281,163,118,874,537,337,273,155,118,40,19,21,595,310,285,305,174,131
C5120ST,29,567,District-Davanagere,Rural,0-4,138,68,70,27,10,17,29,15,14,4,1,3,16,8,8,9,5,4,0,0,0,43,22,21,10,7,3
C5120ST,29,567,District-Davanagere,Rural,5-9,303,186,117,51,30,21,43,27,16,38,22,16,51,31,20,35,23,12,0,0,0,38,24,14,47,29,18
C5120ST,29,567,District-Davanagere,Rural,10-19,772,392,380,146,69,77,110,58,52,79,43,36,154,79,75,76,41,35,10,5,5,104,50,54,93,47,46
C5120ST,29,567,District-Davanagere,Rural,20-29,747,427,320,106,58,48,117,65,52,61,38,23,209,134,75,66,35,31,6,4,2,140,70,70,42,23,19
C5120ST,29,567,District-Davanagere,Rural,30-39,484,286,198,81,41,40,71,37,34,29,14,15,150,105,45,40,20,20,8,4,4,80,45,35,25,20,5
C5120ST,29,567,District-Davanagere,Rural,40-49,393,239,154,71,41,30,70,37,33,35,24,11,107,70,37,25,19,6,6,2,4,57,35,22,22,11,11
C5120ST,29,567,District-Davanagere,Rural,50-59,271,150,121,48,24,24,44,20,24,16,12,4,69,47,22,10,6,4,6,1,5,59,27,32,19,13,6
C5120ST,29,567,District-Davanagere,Rural,60-69,300,166,134,81,48,33,61,27,34,11,5,6,68,37,31,8,4,4,2,1,1,53,31,22,16,13,3
C5120ST,29,567,District-Davanagere,Rural,70-79,152,69,83,44,19,25,35,15,20,2,2,0,35,18,17,3,2,1,1,1,0,16,5,11,16,7,9
C5120ST,29,567,District-Davanagere,Rural,80-89,66,24,42,29,9,20,12,5,7,5,2,3,6,4,2,0,0,0,1,1,0,3,0,3,10,3,7
C5120ST,29,567,District-Davanagere,Rural,90+,33,8,25,13,2,11,4,1,3,0,0,0,8,3,5,1,0,1,0,0,0,2,1,1,5,1,4
C5120ST,29,567,District-Davanagere,Rural,Age Not Stated,2,1,1,0,0,0,0,0,0,1,0,1,1,1,0,0,0,0,0,0,0,0,0,0,0,0,0
C5120ST,29,567,District-Davanagere,Urban,Total,842,460,382,113,56,57,117,64,53,196,103,93,147,91,56,54,28,26,5,4,1,161,87,74,49,27,22
C5120ST,29,567,District-Davanagere,Urban,0-4,39,23,16,6,3,3,10,5,5,1,1,0,3,2,1,2,2,0,0,0,0,15,9,6,2,1,1
C5120ST,29,567,District-Davanagere,Urban,5-9,82,43,39,7,4,3,9,7,2,23,10,13,11,6,5,8,2,6,1,0,1,16,7,9,7,7,0
C5120ST,29,567,District-Davanagere,Urban,10-19,212,127,85,28,13,15,20,9,11,76,45,31,27,20,7,16,12,4,0,0,0,32,20,12,13,8,5
C5120ST,29,567,District-Davanagere,Urban,20-29,169,90,79,15,10,5,29,13,16,35,18,17,38,24,14,9,3,6,0,0,0,30,18,12,13,4,9
C5120ST,29,567,District-Davanagere,Urban,30-39,113,61,52,17,8,9,13,7,6,16,9,7,22,15,7,9,4,5,4,4,0,29,13,16,3,1,2
C5120ST,29,567,District-Davanagere,Urban,40-49,79,40,39,10,6,4,13,9,4,19,9,10,13,5,8,3,1,2,0,0,0,16,6,10,5,4,1
C5120ST,29,567,District-Davanagere,Urban,50-59,77,49,28,16,11,5,13,9,4,12,6,6,18,12,6,6,4,2,0,0,0,10,7,3,2,0,2
C5120ST,29,567,District-Davanagere,Urban,60-69,40,16,24,8,0,8,6,4,2,5,1,4,11,5,6,1,0,1,0,0,0,8,5,3,1,1,0
C5120ST,29,567,District-Davanagere,Urban,70-79,19,7,12,3,0,3,3,1,2,6,3,3,2,2,0,0,0,0,0,0,0,3,1,2,2,0,2
C5120ST,29,567,District-Davanagere,Urban,80-89,9,4,5,3,1,2,0,0,0,2,1,1,2,0,2,0,0,0,0,0,0,1,1,0,1,1,0
C5120ST,29,567,District-Davanagere,Urban,90+,2,0,2,0,0,0,1,0,1,0,0,0,0,0,0,0,0,0,0,0,0,1,0,1,0,0,0
C5120ST,29,567,District-Davanagere,Urban,Age Not Stated,1,0,1,0,0,0,0,0,0,1,0,1,0,0,0,0,0,0,0,0,0,0,0,0,0,0,0
C5120ST,29,568,District-Shimoga,Total,Total,1205,685,520,180,94,86,149,69,80,144,77,67,288,183,105,88,45,43,14,10,4,229,138,91,113,69,44
C5120ST,29,568,District-Shimoga,Total,0-4,40,19,21,4,1,3,4,1,3,1,0,1,5,5,0,3,1,2,0,0,0,15,7,8,8,4,4
C5120ST,29,568,District-Shimoga,Total,5-9,109,64,45,14,4,10,10,3,7,19,14,5,19,11,8,10,6,4,0,0,0,13,8,5,24,18,6
C5120ST,29,568,District-Shimoga,Total,10-19,240,125,115,24,17,7,36,13,23,29,16,13,43,27,16,31,14,17,2,2,0,45,21,24,30,15,15
C5120ST,29,568,District-Shimoga,Total,20-29,206,120,86,17,8,9,27,11,16,27,12,15,57,41,16,24,14,10,2,1,1,39,23,16,13,10,3
C5120ST,29,568,District-Shimoga,Total,30-39,168,102,66,18,9,9,12,7,5,20,11,9,55,35,20,10,7,3,4,3,1,41,25,16,8,5,3
C5120ST,29,568,District-Shimoga,Total,40-49,149,89,60,26,19,7,20,11,9,21,11,10,36,18,18,3,1,2,4,4,0,30,20,10,9,5,4
C5120ST,29,568,District-Shimoga,Total,50-59,111,76,35,16,9,7,22,16,6,16,9,7,30,23,7,4,1,3,0,0,0,20,15,5,3,3,0
C5120ST,29,568,District-Shimoga,Total,60-69,101,50,51,21,7,14,10,5,5,8,4,4,28,15,13,3,1,2,1,0,1,19,12,7,11,6,5
C5120ST,29,568,District-Shimoga,Total,70-79,56,28,28,29,13,16,7,2,5,2,0,2,8,5,3,0,0,0,0,0,0,6,6,0,4,2,2
C5120ST,29,568,District-Shimoga,Total,80-89,21,9,12,10,6,4,1,0,1,1,0,1,5,2,3,0,0,0,1,0,1,1,1,0,2,0,2
C5120ST,29,568,District-Shimoga,Total,90+,4,3,1,1,1,0,0,0,0,0,0,0,2,1,1,0,0,0,0,0,0,0,0,0,1,1,0
C5120ST,29,568,District-Shimoga,Total,Age Not Stated,0,0,0,0,0,0,0,0,0,0,0,0,0,0,0,0,0,0,0,0,0,0,0,0,0,0,0
C5120ST,29,568,District-Shimoga,Rural,Total,919,528,391,143,74,69,103,47,56,98,52,46,234,147,87,64,35,29,12,8,4,172,105,67,93,60,33
C5120ST,29,568,District-Shimoga,Rural,0-4,30,16,14,3,1,2,1,0,1,1,0,1,4,4,0,2,1,1,0,0,0,11,6,5,8,4,4
C5120ST,29,568,District-Shimoga,Rural,5-9,86,49,37,11,3,8,8,3,5,11,7,4,18,10,8,6,4,2,0,0,0,11,6,5,21,16,5
C5120ST,29,568,District-Shimoga,Rural,10-19,180,95,85,16,10,6,29,9,20,19,11,8,34,23,11,24,11,13,2,2,0,31,15,16,25,14,11
C5120ST,29,568,District-Shimoga,Rural,20-29,146,90,56,13,6,7,15,7,8,19,10,9,42,30,12,18,12,6,2,1,1,28,16,12,9,8,1
C5120ST,29,568,District-Shimoga,Rural,30-39,126,79,47,13,6,7,8,4,4,14,8,6,44,29,15,6,5,1,3,2,1,31,20,11,7,5,2
C5120ST,29,568,District-Shimoga,Rural,40-49,118,69,49,21,17,4,15,7,8,15,9,6,32,14,18,2,0,2,3,3,0,22,14,8,8,5,3
C5120ST,29,568,District-Shimoga,Rural,50-59,84,58,26,9,5,4,16,12,4,12,5,7,25,20,5,3,1,2,0,0,0,16,12,4,3,3,0
C5120ST,29,568,District-Shimoga,Rural,60-69,83,41,42,20,7,13,7,4,3,4,2,2,25,13,12,3,1,2,1,0,1,17,11,6,6,3,3
C5120ST,29,568,District-Shimoga,Rural,70-79,49,23,26,28,12,16,4,1,3,2,0,2,7,4,3,0,0,0,0,0,0,5,5,0,3,1,2
C5120ST,29,568,District-Shimoga,Rural,80-89,14,6,8,8,6,2,0,0,0,1,0,1,2,0,2,0,0,0,1,0,1,0,0,0,2,0,2
C5120ST,29,568,District-Shimoga,Rural,90+,3,2,1,1,1,0,0,0,0,0,0,0,1,0,1,0,0,0,0,0,0,0,0,0,1,1,0
C5120ST,29,568,District-Shimoga,Rural,Age Not Stated,0,0,0,0,0,0,0,0,0,0,0,0,0,0,0,0,0,0,0,0,0,0,0,0,0,0,0
C5120ST,29,568,District-Shimoga,Urban,Total,286,157,129,37,20,17,46,22,24,46,25,21,54,36,18,24,10,14,2,2,0,57,33,24,20,9,11
C5120ST,29,568,District-Shimoga,Urban,0-4,10,3,7,1,0,1,3,1,2,0,0,0,1,1,0,1,0,1,0,0,0,4,1,3,0,0,0
C5120ST,29,568,District-Shimoga,Urban,5-9,23,15,8,3,1,2,2,0,2,8,7,1,1,1,0,4,2,2,0,0,0,2,2,0,3,2,1
C5120ST,29,568,District-Shimoga,Urban,10-19,60,30,30,8,7,1,7,4,3,10,5,5,9,4,5,7,3,4,0,0,0,14,6,8,5,1,4
C5120ST,29,568,District-Shimoga,Urban,20-29,60,30,30,4,2,2,12,4,8,8,2,6,15,11,4,6,2,4,0,0,0,11,7,4,4,2,2
C5120ST,29,568,District-Shimoga,Urban,30-39,42,23,19,5,3,2,4,3,1,6,3,3,11,6,5,4,2,2,1,1,0,10,5,5,1,0,1
C5120ST,29,568,District-Shimoga,Urban,40-49,31,20,11,5,2,3,5,4,1,6,2,4,4,4,0,1,1,0,1,1,0,8,6,2,1,0,1
C5120ST,29,568,District-Shimoga,Urban,50-59,27,18,9,7,4,3,6,4,2,4,4,0,5,3,2,1,0,1,0,0,0,4,3,1,0,0,0
C5120ST,29,568,District-Shimoga,Urban,60-69,18,9,9,1,0,1,3,1,2,4,2,2,3,2,1,0,0,0,0,0,0,2,1,1,5,3,2
C5120ST,29,568,District-Shimoga,Urban,70-79,7,5,2,1,1,0,3,1,2,0,0,0,1,1,0,0,0,0,0,0,0,1,1,0,1,1,0
C5120ST,29,568,District-Shimoga,Urban,80-89,7,3,4,2,0,2,1,0,1,0,0,0,3,2,1,0,0,0,0,0,0,1,1,0,0,0,0
C5120ST,29,568,District-Shimoga,Urban,90+,1,1,0,0,0,0,0,0,0,0,0,0,1,1,0,0,0,0,0,0,0,0,0,0,0,0,0
C5120ST,29,568,District-Shimoga,Urban,Age Not Stated,0,0,0,0,0,0,0,0,0,0,0,0,0,0,0,0,0,0,0,0,0,0,0,0,0,0,0
C5120ST,29,569,District-Udupi,Total,Total,781,420,361,131,62,69,125,65,60,75,45,30,134,87,47,71,44,27,46,16,30,118,58,60,81,43,38
C5120ST,29,569,District-Udupi,Total,0-4,20,12,8,4,1,3,5,4,1,2,0,2,1,1,0,0,0,0,0,0,0,6,5,1,2,1,1
C5120ST,29,569,District-Udupi,Total,5-9,45,28,17,9,5,4,7,2,5,4,4,0,5,3,2,9,8,1,0,0,0,8,4,4,3,2,1
C5120ST,29,569,District-Udupi,Total,10-19,105,58,47,9,4,5,16,9,7,16,11,5,9,6,3,22,13,9,2,2,0,18,6,12,13,7,6
C5120ST,29,569,District-Udupi,Total,20-29,150,84,66,4,3,1,24,13,11,18,10,8,30,19,11,18,11,7,11,4,7,25,11,14,20,13,7
C5120ST,29,569,District-Udupi,Total,30-39,134,69,65,14,6,8,21,9,12,15,8,7,22,14,8,16,9,7,9,3,6,25,12,13,12,8,4
C5120ST,29,569,District-Udupi,Total,40-49,93,51,42,10,8,2,14,7,7,11,6,5,23,14,9,6,3,3,9,2,7,17,10,7,3,1,2
C5120ST,29,569,District-Udupi,Total,50-59,80,39,41,22,7,15,13,6,7,6,3,3,18,13,5,0,0,0,9,3,6,5,3,2,7,4,3
C5120ST,29,569,District-Udupi,Total,60-69,69,35,34,23,10,13,12,8,4,1,1,0,14,10,4,0,0,0,5,2,3,6,2,4,8,2,6
C5120ST,29,569,District-Udupi,Total,70-79,62,33,29,31,16,15,8,4,4,1,1,0,8,5,3,0,0,0,1,0,1,6,4,2,7,3,4
C5120ST,29,569,District-Udupi,Total,80-89,16,8,8,5,2,3,2,2,0,1,1,0,2,1,1,0,0,0,0,0,0,2,1,1,4,1,3
C5120ST,29,569,District-Udupi,Total,90+,7,3,4,0,0,0,3,1,2,0,0,0,2,1,1,0,0,0,0,0,0,0,0,0,2,1,1
C5120ST,29,569,District-Udupi,Total,Age Not Stated,0,0,0,0,0,0,0,0,0,0,0,0,0,0,0,0,0,0,0,0,0,0,0,0,0,0,0
C5120ST,29,569,District-Udupi,Rural,Total,597,316,281,106,47,59,90,45,45,48,30,18,105,69,36,52,31,21,41,14,27,90,47,43,65,33,32
C5120ST,29,569,District-Udupi,Rural,0-4,13,8,5,2,0,2,3,2,1,1,0,1,1,1,0,0,0,0,0,0,0,4,4,0,2,1,1
C5120ST,29,569,District-Udupi,Rural,5-9,36,23,13,7,3,4,3,2,1,3,3,0,5,3,2,8,7,1,0,0,0,7,3,4,3,2,1
C5120ST,29,569,District-Udupi,Rural,10-19,73,40,33,9,4,5,13,6,7,10,8,2,7,5,2,11,6,5,2,2,0,11,4,7,10,5,5
C5120ST,29,569,District-Udupi,Rural,20-29,113,62,51,4,3,1,18,9,9,11,5,6,22,15,7,14,8,6,9,2,7,17,8,9,18,12,6
C5120ST,29,569,District-Udupi,Rural,30-39,101,51,50,8,3,5,14,4,10,10,6,4,19,12,7,13,7,6,7,3,4,22,11,11,8,5,3
C5120ST,29,569,District-Udupi,Rural,40-49,73,40,33,7,6,1,9,4,5,8,5,3,20,11,9,6,3,3,8,2,6,13,8,5,2,1,1
C5120ST,29,569,District-Udupi,Rural,50-59,62,29,33,18,5,13,11,5,6,4,2,2,13,9,4,0,0,0,9,3,6,4,3,1,3,2,1
C5120ST,29,569,District-Udupi,Rural,60-69,57,29,28,18,8,10,9,6,3,1,1,0,10,8,2,0,0,0,5,2,3,6,2,4,8,2,6
C5120ST,29,569,District-Udupi,Rural,70-79,50,25,25,28,13,15,6,4,2,0,0,0,6,4,2,0,0,0,1,0,1,4,3,1,5,1,4
C5120ST,29,569,District-Udupi,Rural,80-89,14,7,7,5,2,3,2,2,0,0,0,0,1,1,0,0,0,0,0,0,0,2,1,1,4,1,3
C5120ST,29,569,District-Udupi,Rural,90+,5,2,3,0,0,0,2,1,1,0,0,0,1,0,1,0,0,0,0,0,0,0,0,0,2,1,1
C5120ST,29,569,District-Udupi,Rural,Age Not Stated,0,0,0,0,0,0,0,0,0,0,0,0,0,0,0,0,0,0,0,0,0,0,0,0,0,0,0
C5120ST,29,569,District-Udupi,Urban,Total,184,104,80,25,15,10,35,20,15,27,15,12,29,18,11,19,13,6,5,2,3,28,11,17,16,10,6
C5120ST,29,569,District-Udupi,Urban,0-4,7,4,3,2,1,1,2,2,0,1,0,1,0,0,0,0,0,0,0,0,0,2,1,1,0,0,0
C5120ST,29,569,District-Udupi,Urban,5-9,9,5,4,2,2,0,4,0,4,1,1,0,0,0,0,1,1,0,0,0,0,1,1,0,0,0,0
C5120ST,29,569,District-Udupi,Urban,10-19,32,18,14,0,0,0,3,3,0,6,3,3,2,1,1,11,7,4,0,0,0,7,2,5,3,2,1
C5120ST,29,569,District-Udupi,Urban,20-29,37,22,15,0,0,0,6,4,2,7,5,2,8,4,4,4,3,1,2,2,0,8,3,5,2,1,1
C5120ST,29,569,District-Udupi,Urban,30-39,33,18,15,6,3,3,7,5,2,5,2,3,3,2,1,3,2,1,2,0,2,3,1,2,4,3,1
C5120ST,29,569,District-Udupi,Urban,40-49,20,11,9,3,2,1,5,3,2,3,1,2,3,3,0,0,0,0,1,0,1,4,2,2,1,0,1
C5120ST,29,569,District-Udupi,Urban,50-59,18,10,8,4,2,2,2,1,1,2,1,1,5,4,1,0,0,0,0,0,0,1,0,1,4,2,2
C5120ST,29,569,District-Udupi,Urban,60-69,12,6,6,5,2,3,3,2,1,0,0,0,4,2,2,0,0,0,0,0,0,0,0,0,0,0,0
C5120ST,29,569,District-Udupi,Urban,70-79,12,8,4,3,3,0,2,0,2,1,1,0,2,1,1,0,0,0,0,0,0,2,1,1,2,2,0
C5120ST,29,569,District-Udupi,Urban,80-89,2,1,1,0,0,0,0,0,0,1,1,0,1,0,1,0,0,0,0,0,0,0,0,0,0,0,0
C5120ST,29,569,District-Udupi,Urban,90+,2,1,1,0,0,0,1,0,1,0,0,0,1,1,0,0,0,0,0,0,0,0,0,0,0,0,0
C5120ST,29,569,District-Udupi,Urban,Age Not Stated,0,0,0,0,0,0,0,0,0,0,0,0,0,0,0,0,0,0,0,0,0,0,0,0,0,0,0
C5120ST,29,570,District-Chikmagalur,Total,Total,806,441,365,214,112,102,85,49,36,84,41,43,164,103,61,52,28,24,18,8,10,103,54,49,86,46,40
C5120ST,29,570,District-Chikmagalur,Total,0-4,15,7,8,3,1,2,1,1,0,2,1,1,1,1,0,1,0,1,0,0,0,5,3,2,2,0,2
C5120ST,29,570,District-Chikmagalur,Total,5-9,47,25,22,8,4,4,6,4,2,10,5,5,6,2,4,2,1,1,0,0,0,8,5,3,7,4,3
C5120ST,29,570,District-Chikmagalur,Total,10-19,138,77,61,31,20,11,9,6,3,16,6,10,24,14,10,22,12,10,3,2,1,19,8,11,14,9,5
C5120ST,29,570,District-Chikmagalur,Total,20-29,116,68,48,16,8,8,7,5,2,20,14,6,32,20,12,11,7,4,2,2,0,14,7,7,14,5,9
C5120ST,29,570,District-Chikmagalur,Total,30-39,113,68,45,20,15,5,13,8,5,14,6,8,27,22,5,7,3,4,5,1,4,14,8,6,13,5,8
C5120ST,29,570,District-Chikmagalur,Total,40-49,92,54,38,18,8,10,10,7,3,7,3,4,27,18,9,3,2,1,3,1,2,16,8,8,8,7,1
C5120ST,29,570,District-Chikmagalur,Total,50-59,83,43,40,27,12,15,9,4,5,5,3,2,18,12,6,4,2,2,3,1,2,13,5,8,4,4,0
C5120ST,29,570,District-Chikmagalur,Total,60-69,107,51,56,53,29,24,18,7,11,6,1,5,12,5,7,2,1,1,1,0,1,7,5,2,8,3,5
C5120ST,29,570,District-Chikmagalur,Total,70-79,60,31,29,25,9,16,8,5,3,2,2,0,12,7,5,0,0,0,0,0,0,5,4,1,8,4,4
C5120ST,29,570,District-Chikmagalur,Total,80-89,28,16,12,10,6,4,3,2,1,2,0,2,4,2,2,0,0,0,0,0,0,1,1,0,8,5,3
C5120ST,29,570,District-Chikmagalur,Total,90+,7,1,6,3,0,3,1,0,1,0,0,0,1,0,1,0,0,0,1,1,0,1,0,1,0,0,0
C5120ST,29,570,District-Chikmagalur,Total,Age Not Stated,0,0,0,0,0,0,0,0,0,0,0,0,0,0,0,0,0,0,0,0,0,0,0,0,0,0,0
C5120ST,29,570,District-Chikmagalur,Rural,Total,688,372,316,185,98,87,71,37,34,67,31,36,144,89,55,44,23,21,17,8,9,89,47,42,71,39,32
C5120ST,29,570,District-Chikmagalur,Rural,0-4,11,5,6,3,1,2,0,0,0,1,0,1,1,1,0,0,0,0,0,0,0,4,3,1,2,0,2
C5120ST,29,570,District-Chikmagalur,Rural,5-9,37,22,15,4,2,2,6,4,2,7,4,3,6,2,4,1,1,0,0,0,0,7,5,2,6,4,2
C5120ST,29,570,District-Chikmagalur,Rural,10-19,115,63,52,21,14,7,8,5,3,15,5,10,20,11,9,19,10,9,3,2,1,16,8,8,13,8,5
C5120ST,29,570,District-Chikmagalur,Rural,20-29,93,53,40,12,7,5,3,2,1,14,10,4,30,18,12,9,5,4,2,2,0,12,5,7,11,4,7
C5120ST,29,570,District-Chikmagalur,Rural,30-39,98,58,40,15,12,3,13,8,5,13,5,8,24,19,5,6,2,4,4,1,3,12,6,6,11,5,6
C5120ST,29,570,District-Chikmagalur,Rural,40-49,82,49,33,18,8,10,7,5,2,7,3,4,22,16,6,3,2,1,3,1,2,14,7,7,8,7,1
C5120ST,29,570,District-Chikmagalur,Rural,50-59,73,36,37,25,11,14,9,4,5,2,1,1,16,11,5,4,2,2,3,1,2,12,4,8,2,2,0
C5120ST,29,570,District-Chikmagalur,Rural,60-69,98,47,51,53,29,24,17,6,11,4,1,3,10,4,6,2,1,1,1,0,1,6,4,2,5,2,3
C5120ST,29,570,District-Chikmagalur,Rural,70-79,54,26,28,23,8,15,5,2,3,2,2,0,11,6,5,0,0,0,0,0,0,5,4,1,8,4,4
C5120ST,29,570,District-Chikmagalur,Rural,80-89,22,12,10,9,6,3,2,1,1,2,0,2,3,1,2,0,0,0,0,0,0,1,1,0,5,3,2
C5120ST,29,570,District-Chikmagalur,Rural,90+,5,1,4,2,0,2,1,0,1,0,0,0,1,0,1,0,0,0,1,1,0,0,0,0,0,0,0
C5120ST,29,570,District-Chikmagalur,Rural,Age Not Stated,0,0,0,0,0,0,0,0,0,0,0,0,0,0,0,0,0,0,0,0,0,0,0,0,0,0,0
C5120ST,29,570,District-Chikmagalur,Urban,Total,118,69,49,29,14,15,14,12,2,17,10,7,20,14,6,8,5,3,1,0,1,14,7,7,15,7,8
C5120ST,29,570,District-Chikmagalur,Urban,0-4,4,2,2,0,0,0,1,1,0,1,1,0,0,0,0,1,0,1,0,0,0,1,0,1,0,0,0
C5120ST,29,570,District-Chikmagalur,Urban,5-9,10,3,7,4,2,2,0,0,0,3,1,2,0,0,0,1,0,1,0,0,0,1,0,1,1,0,1
C5120ST,29,570,District-Chikmagalur,Urban,10-19,23,14,9,10,6,4,1,1,0,1,1,0,4,3,1,3,2,1,0,0,0,3,0,3,1,1,0
C5120ST,29,570,District-Chikmagalur,Urban,20-29,23,15,8,4,1,3,4,3,1,6,4,2,2,2,0,2,2,0,0,0,0,2,2,0,3,1,2
C5120ST,29,570,District-Chikmagalur,Urban,30-39,15,10,5,5,3,2,0,0,0,1,1,0,3,3,0,1,1,0,1,0,1,2,2,0,2,0,2
C5120ST,29,570,District-Chikmagalur,Urban,40-49,10,5,5,0,0,0,3,2,1,0,0,0,5,2,3,0,0,0,0,0,0,2,1,1,0,0,0
C5120ST,29,570,District-Chikmagalur,Urban,50-59,10,7,3,2,1,1,0,0,0,3,2,1,2,1,1,0,0,0,0,0,0,1,1,0,2,2,0
C5120ST,29,570,District-Chikmagalur,Urban,60-69,9,4,5,0,0,0,1,1,0,2,0,2,2,1,1,0,0,0,0,0,0,1,1,0,3,1,2
C5120ST,29,570,District-Chikmagalur,Urban,70-79,6,5,1,2,1,1,3,3,0,0,0,0,1,1,0,0,0,0,0,0,0,0,0,0,0,0,0
C5120ST,29,570,District-Chikmagalur,Urban,80-89,6,4,2,1,0,1,1,1,0,0,0,0,1,1,0,0,0,0,0,0,0,0,0,0,3,2,1
C5120ST,29,570,District-Chikmagalur,Urban,90+,2,0,2,1,0,1,0,0,0,0,0,0,0,0,0,0,0,0,0,0,0,1,0,1,0,0,0
C5120ST,29,570,District-Chikmagalur,Urban,Age Not Stated,0,0,0,0,0,0,0,0,0,0,0,0,0,0,0,0,0,0,0,0,0,0,0,0,0,0,0
C5120ST,29,571,District-Tumkur,Total,Total,4870,2708,2162,809,407,402,773,393,380,448,228,220,1271,831,440,261,148,113,72,39,33,823,432,391,413,230,183
C5120ST,29,571,District-Tumkur,Total,0-4,177,94,83,18,11,7,32,10,22,6,3,3,32,17,15,6,3,3,1,1,0,64,39,25,18,10,8
C5120ST,29,571,District-Tumkur,Total,5-9,366,213,153,39,19,20,49,29,20,59,29,30,68,47,21,29,20,9,0,0,0,69,38,31,53,31,22
C5120ST,29,571,District-Tumkur,Total,10-19,826,454,372,130,69,61,126,63,63,106,53,53,145,92,53,76,41,35,7,6,1,134,75,59,102,55,47
C5120ST,29,571,District-Tumkur,Total,20-29,834,452,382,96,47,49,123,56,67,99,52,47,248,146,102,48,25,23,18,8,10,130,70,60,72,48,24
C5120ST,29,571,District-Tumkur,Total,30-39,666,367,299,84,43,41,110,59,51,63,29,34,182,125,57,52,32,20,14,7,7,112,47,65,49,25,24
C5120ST,29,571,District-Tumkur,Total,40-49,611,367,244,86,47,39,91,41,50,57,29,28,179,140,39,26,16,10,14,9,5,127,68,59,31,17,14
C5120ST,29,571,District-Tumkur,Total,50-59,460,282,178,77,37,40,85,55,30,22,15,7,156,104,52,11,5,6,10,6,4,74,43,31,25,17,8
C5120ST,29,571,District-Tumkur,Total,60-69,461,242,219,124,61,63,76,32,44,23,13,10,147,94,53,9,4,5,3,2,1,58,27,31,21,9,12
C5120ST,29,571,District-Tumkur,Total,70-79,287,151,136,96,42,54,50,30,20,12,5,7,74,45,29,3,2,1,3,0,3,36,20,16,13,7,6
C5120ST,29,571,District-Tumkur,Total,80-89,141,61,80,41,18,23,25,13,12,1,0,1,34,18,16,1,0,1,2,0,2,13,3,10,24,9,15
C5120ST,29,571,District-Tumkur,Total,90+,35,21,14,16,12,4,5,4,1,0,0,0,5,3,2,0,0,0,0,0,0,5,1,4,4,1,3
C5120ST,29,571,District-Tumkur,Total,Age Not Stated,6,4,2,2,1,1,1,1,0,0,0,0,1,0,1,0,0,0,0,0,0,1,1,0,1,1,0
C5120ST,29,571,District-Tumkur,Rural,Total,4286,2390,1896,726,363,363,674,341,333,363,190,173,1141,744,397,226,129,97,69,37,32,710,372,338,377,214,163
C5120ST,29,571,District-Tumkur,Rural,0-4,155,84,71,16,9,7,27,6,21,5,3,2,30,17,13,5,2,3,1,1,0,54,36,18,17,10,7
C5120ST,29,571,District-Tumkur,Rural,5-9,318,184,134,34,17,17,45,26,19,50,23,27,55,38,17,24,17,7,0,0,0,59,32,27,51,31,20
C5120ST,29,571,District-Tumkur,Rural,10-19,734,406,328,116,65,51,110,58,52,87,42,45,130,78,52,66,36,30,7,6,1,121,68,53,97,53,44
C5120ST,29,571,District-Tumkur,Rural,20-29,721,391,330,80,38,42,106,48,58,83,47,36,227,135,92,41,20,21,17,7,10,105,55,50,62,41,21
C5120ST,29,571,District-Tumkur,Rural,30-39,566,319,247,72,38,34,91,48,43,48,25,23,160,109,51,48,32,16,14,7,7,93,39,54,40,21,19
C5120ST,29,571,District-Tumkur,Rural,40-49,534,320,214,73,39,34,82,36,46,42,22,20,162,128,34,22,12,10,14,9,5,109,57,52,30,17,13
C5120ST,29,571,District-Tumkur,Rural,50-59,416,258,158,75,37,38,76,50,26,20,13,7,140,95,45,9,5,4,9,6,3,66,38,28,21,14,7
C5120ST,29,571,District-Tumkur,Rural,60-69,413,212,201,113,52,61,65,28,37,19,11,8,133,83,50,7,3,4,2,1,1,54,25,29,20,9,11
C5120ST,29,571,District-Tumkur,Rural,70-79,262,137,125,90,38,52,46,27,19,8,4,4,69,42,27,3,2,1,3,0,3,32,17,15,11,7,4
C5120ST,29,571,District-Tumkur,Rural,80-89,127,54,73,40,17,23,20,9,11,1,0,1,29,16,13,1,0,1,2,0,2,11,3,8,23,9,14
C5120ST,29,571,District-Tumkur,Rural,90+,34,21,13,15,12,3,5,4,1,0,0,0,5,3,2,0,0,0,0,0,0,5,1,4,4,1,3
C5120ST,29,571,District-Tumkur,Rural,Age Not Stated,6,4,2,2,1,1,1,1,0,0,0,0,1,0,1,0,0,0,0,0,0,1,1,0,1,1,0
C5120ST,29,571,District-Tumkur,Urban,Total,584,318,266,83,44,39,99,52,47,85,38,47,130,87,43,35,19,16,3,2,1,113,60,53,36,16,20
C5120ST,29,571,District-Tumkur,Urban,0-4,22,10,12,2,2,0,5,4,1,1,0,1,2,0,2,1,1,0,0,0,0,10,3,7,1,0,1
C5120ST,29,571,District-Tumkur,Urban,5-9,48,29,19,5,2,3,4,3,1,9,6,3,13,9,4,5,3,2,0,0,0,10,6,4,2,0,2
C5120ST,29,571,District-Tumkur,Urban,10-19,92,48,44,14,4,10,16,5,11,19,11,8,15,14,1,10,5,5,0,0,0,13,7,6,5,2,3
C5120ST,29,571,District-Tumkur,Urban,20-29,113,61,52,16,9,7,17,8,9,16,5,11,21,11,10,7,5,2,1,1,0,25,15,10,10,7,3
C5120ST,29,571,District-Tumkur,Urban,30-39,100,48,52,12,5,7,19,11,8,15,4,11,22,16,6,4,0,4,0,0,0,19,8,11,9,4,5
C5120ST,29,571,District-Tumkur,Urban,40-49,77,47,30,13,8,5,9,5,4,15,7,8,17,12,5,4,4,0,0,0,0,18,11,7,1,0,1
C5120ST,29,571,District-Tumkur,Urban,50-59,44,24,20,2,0,2,9,5,4,2,2,0,16,9,7,2,0,2,1,0,1,8,5,3,4,3,1
C5120ST,29,571,District-Tumkur,Urban,60-69,48,30,18,11,9,2,11,4,7,4,2,2,14,11,3,2,1,1,1,1,0,4,2,2,1,0,1
C5120ST,29,571,District-Tumkur,Urban,70-79,25,14,11,6,4,2,4,3,1,4,1,3,5,3,2,0,0,0,0,0,0,4,3,1,2,0,2
C5120ST,29,571,District-Tumkur,Urban,80-89,14,7,7,1,1,0,5,4,1,0,0,0,5,2,3,0,0,0,0,0,0,2,0,2,1,0,1
C5120ST,29,571,District-Tumkur,Urban,90+,1,0,1,1,0,1,0,0,0,0,0,0,0,0,0,0,0,0,0,0,0,0,0,0,0,0,0
C5120ST,29,571,District-Tumkur,Urban,Age Not Stated,0,0,0,0,0,0,0,0,0,0,0,0,0,0,0,0,0,0,0,0,0,0,0,0,0,0,0
C5120ST,29,572,District-Bangalore,Total,Total,6874,3616,3258,1725,862,863,1625,861,764,943,490,453,449,290,159,302,145,157,63,34,29,1511,796,715,256,138,118
C5120ST,29,572,District-Bangalore,Total,0-4,443,211,232,132,56,76,100,55,45,19,11,8,11,4,7,23,14,9,2,1,1,142,64,78,14,6,8
C5120ST,29,572,District-Bangalore,Total,5-9,478,254,224,134,66,68,106,62,44,65,29,36,12,8,4,29,17,12,2,1,1,108,58,50,22,13,9
C5120ST,29,572,District-Bangalore,Total,10-19,1170,595,575,300,145,155,263,136,127,169,97,72,53,32,21,74,37,37,17,8,9,232,104,128,62,36,26
C5120ST,29,572,District-Bangalore,Total,20-29,1700,925,775,428,217,211,421,230,191,233,130,103,110,71,39,73,30,43,10,7,3,376,213,163,49,27,22
C5120ST,29,572,District-Bangalore,Total,30-39,1223,653,570,307,166,141,295,158,137,201,94,107,87,56,31,44,22,22,8,5,3,238,136,102,43,16,27
C5120ST,29,572,District-Bangalore,Total,40-49,804,415,389,185,91,94,196,94,102,110,55,55,69,51,18,31,13,18,11,6,5,184,95,89,18,10,8
C5120ST,29,572,District-Bangalore,Total,50-59,493,269,224,119,56,63,113,65,48,64,33,31,43,29,14,16,8,8,8,2,6,111,64,47,19,12,7
C5120ST,29,572,District-Bangalore,Total,60-69,329,168,161,69,38,31,65,28,37,40,18,22,46,28,18,11,4,7,3,3,0,80,37,43,15,12,3
C5120ST,29,572,District-Bangalore,Total,70-79,138,77,61,30,16,14,31,13,18,27,15,12,13,9,4,1,0,1,2,1,1,26,18,8,8,5,3
C5120ST,29,572,District-Bangalore,Total,80-89,46,19,27,12,3,9,11,6,5,9,4,5,2,0,2,0,0,0,0,0,0,8,5,3,4,1,3
C5120ST,29,572,District-Bangalore,Total,90+,23,15,8,7,7,0,7,3,4,1,1,0,2,2,0,0,0,0,0,0,0,4,2,2,2,0,2
C5120ST,29,572,District-Bangalore,Total,Age Not Stated,27,15,12,2,1,1,17,11,6,5,3,2,1,0,1,0,0,0,0,0,0,2,0,2,0,0,0
C5120ST,29,572,District-Bangalore,Rural,Total,695,401,294,97,46,51,268,149,119,47,27,20,80,53,27,40,21,19,4,2,2,113,79,34,46,24,22
C5120ST,29,572,District-Bangalore,Rural,0-4,39,19,20,8,4,4,16,8,8,2,1,1,0,0,0,1,1,0,1,0,1,6,4,2,5,1,4
C5120ST,29,572,District-Bangalore,Rural,5-9,50,28,22,9,5,4,20,11,9,3,0,3,0,0,0,7,4,3,0,0,0,7,5,2,4,3,1
C5120ST,29,572,District-Bangalore,Rural,10-19,137,76,61,15,4,11,47,26,21,13,8,5,12,8,4,12,9,3,1,1,0,21,13,8,16,7,9
C5120ST,29,572,District-Bangalore,Rural,20-29,201,117,84,17,9,8,98,59,39,16,11,5,15,8,7,10,1,9,0,0,0,37,24,13,8,5,3
C5120ST,29,572,District-Bangalore,Rural,30-39,95,52,43,18,9,9,32,13,19,6,2,4,13,8,5,5,4,1,0,0,0,16,14,2,5,2,3
C5120ST,29,572,District-Bangalore,Rural,40-49,85,51,34,17,8,9,29,17,12,3,2,1,15,12,3,3,1,2,1,1,0,14,9,5,3,1,2
C5120ST,29,572,District-Bangalore,Rural,50-59,30,16,14,7,3,4,9,5,4,1,1,0,7,3,4,0,0,0,1,0,1,4,3,1,1,1,0
C5120ST,29,572,District-Bangalore,Rural,60-69,41,27,14,4,2,2,13,7,6,2,1,1,13,10,3,2,1,1,0,0,0,4,3,1,3,3,0
C5120ST,29,572,District-Bangalore,Rural,70-79,13,11,2,2,2,0,3,2,1,1,1,0,4,3,1,0,0,0,0,0,0,3,3,0,0,0,0
C5120ST,29,572,District-Bangalore,Rural,80-89,3,3,0,0,0,0,1,1,0,0,0,0,0,0,0,0,0,0,0,0,0,1,1,0,1,1,0
C5120ST,29,572,District-Bangalore,Rural,90+,1,1,0,0,0,0,0,0,0,0,0,0,1,1,0,0,0,0,0,0,0,0,0,0,0,0,0
C5120ST,29,572,District-Bangalore,Rural,Age Not Stated,0,0,0,0,0,0,0,0,0,0,0,0,0,0,0,0,0,0,0,0,0,0,0,0,0,0,0
C5120ST,29,572,District-Bangalore,Urban,Total,6179,3215,2964,1628,816,812,1357,712,645,896,463,433,369,237,132,262,124,138,59,32,27,1398,717,681,210,114,96
C5120ST,29,572,District-Bangalore,Urban,0-4,404,192,212,124,52,72,84,47,37,17,10,7,11,4,7,22,13,9,1,1,0,136,60,76,9,5,4
C5120ST,29,572,District-Bangalore,Urban,5-9,428,226,202,125,61,64,86,51,35,62,29,33,12,8,4,22,13,9,2,1,1,101,53,48,18,10,8
C5120ST,29,572,District-Bangalore,Urban,10-19,1033,519,514,285,141,144,216,110,106,156,89,67,41,24,17,62,28,34,16,7,9,211,91,120,46,29,17
C5120ST,29,572,District-Bangalore,Urban,20-29,1499,808,691,411,208,203,323,171,152,217,119,98,95,63,32,63,29,34,10,7,3,339,189,150,41,22,19
C5120ST,29,572,District-Bangalore,Urban,30-39,1128,601,527,289,157,132,263,145,118,195,92,103,74,48,26,39,18,21,8,5,3,222,122,100,38,14,24
C5120ST,29,572,District-Bangalore,Urban,40-49,719,364,355,168,83,85,167,77,90,107,53,54,54,39,15,28,12,16,10,5,5,170,86,84,15,9,6
C5120ST,29,572,District-Bangalore,Urban,50-59,463,253,210,112,53,59,104,60,44,63,32,31,36,26,10,16,8,8,7,2,5,107,61,46,18,11,7
C5120ST,29,572,District-Bangalore,Urban,60-69,288,141,147,65,36,29,52,21,31,38,17,21,33,18,15,9,3,6,3,3,0,76,34,42,12,9,3
C5120ST,29,572,District-Bangalore,Urban,70-79,125,66,59,28,14,14,28,11,17,26,14,12,9,6,3,1,0,1,2,1,1,23,15,8,8,5,3
C5120ST,29,572,District-Bangalore,Urban,80-89,43,16,27,12,3,9,10,5,5,9,4,5,2,0,2,0,0,0,0,0,0,7,4,3,3,0,3
C5120ST,29,572,District-Bangalore,Urban,90+,22,14,8,7,7,0,7,3,4,1,1,0,1,1,0,0,0,0,0,0,0,4,2,2,2,0,2
C5120ST,29,572,District-Bangalore,Urban,Age Not Stated,27,15,12,2,1,1,17,11,6,5,3,2,1,0,1,0,0,0,0,0,0,2,0,2,0,0,0
C5120ST,29,573,District-Mandya,Total,Total,509,272,237,96,47,49,64,30,34,96,44,52,112,68,44,23,17,6,7,3,4,79,44,35,32,19,13
C5120ST,29,573,District-Mandya,Total,0-4,29,18,11,4,2,2,4,1,3,1,0,1,4,4,0,0,0,0,0,0,0,16,11,5,0,0,0
C5120ST,29,573,District-Mandya,Total,5-9,34,14,20,7,2,5,5,1,4,5,3,2,8,4,4,3,2,1,0,0,0,4,1,3,2,1,1
C5120ST,29,573,District-Mandya,Total,10-19,100,55,45,18,13,5,9,6,3,27,14,13,18,5,13,5,4,1,1,0,1,15,9,6,7,4,3
C5120ST,29,573,District-Mandya,Total,20-29,79,43,36,16,7,9,10,2,8,19,9,10,13,10,3,4,4,0,1,1,0,8,5,3,8,5,3
C5120ST,29,573,District-Mandya,Total,30-39,76,42,34,9,5,4,10,7,3,17,7,10,22,12,10,3,3,0,1,0,1,11,6,5,3,2,1
C5120ST,29,573,District-Mandya,Total,40-49,61,40,21,7,4,3,7,4,3,13,6,7,14,12,2,5,3,2,3,2,1,9,6,3,3,3,0
C5120ST,29,573,District-Mandya,Total,50-59,38,22,16,7,3,4,3,3,0,7,3,4,14,10,4,0,0,0,0,0,0,5,3,2,2,0,2
C5120ST,29,573,District-Mandya,Total,60-69,51,24,27,15,6,9,8,4,4,4,2,2,11,7,4,2,0,2,1,0,1,6,2,4,4,3,1
C5120ST,29,573,District-Mandya,Total,70-79,26,9,17,9,3,6,3,0,3,0,0,0,7,3,4,1,1,0,0,0,0,3,1,2,3,1,2
C5120ST,29,573,District-Mandya,Total,80-89,12,3,9,4,2,2,4,1,3,2,0,2,0,0,0,0,0,0,0,0,0,2,0,2,0,0,0
C5120ST,29,573,District-Mandya,Total,90+,3,2,1,0,0,0,1,1,0,1,0,1,1,1,0,0,0,0,0,0,0,0,0,0,0,0,0
C5120ST,29,573,District-Mandya,Total,Age Not Stated,0,0,0,0,0,0,0,0,0,0,0,0,0,0,0,0,0,0,0,0,0,0,0,0,0,0,0
C5120ST,29,573,District-Mandya,Rural,Total,402,217,185,60,31,29,48,24,24,79,37,42,94,55,39,18,12,6,7,3,4,68,38,30,28,17,11
C5120ST,29,573,District-Mandya,Rural,0-4,21,15,6,1,1,0,2,1,1,1,0,1,3,3,0,0,0,0,0,0,0,14,10,4,0,0,0
C5120ST,29,573,District-Mandya,Rural,5-9,24,11,13,3,0,3,2,1,1,4,3,1,7,4,3,2,1,1,0,0,0,4,1,3,2,1,1
C5120ST,29,573,District-Mandya,Rural,10-19,84,46,38,14,11,3,6,3,3,24,13,11,17,4,13,4,3,1,1,0,1,12,8,4,6,4,2
C5120ST,29,573,District-Mandya,Rural,20-29,57,35,22,8,4,4,7,2,5,13,7,6,11,8,3,3,3,0,1,1,0,7,5,2,7,5,2
C5120ST,29,573,District-Mandya,Rural,30-39,53,26,27,6,4,2,7,5,2,13,4,9,14,7,7,2,2,0,1,0,1,8,3,5,2,1,1
C5120ST,29,573,District-Mandya,Rural,40-49,49,33,16,3,2,1,6,4,2,11,5,6,11,10,1,4,2,2,3,2,1,8,5,3,3,3,0
C5120ST,29,573,District-Mandya,Rural,50-59,36,20,16,6,2,4,3,3,0,7,3,4,13,9,4,0,0,0,0,0,0,5,3,2,2,0,2
C5120ST,29,573,District-Mandya,Rural,60-69,41,18,23,9,3,6,7,3,4,4,2,2,10,6,4,2,0,2,1,0,1,5,2,3,3,2,1
C5120ST,29,573,District-Mandya,Rural,70-79,24,9,15,7,3,4,3,0,3,0,0,0,7,3,4,1,1,0,0,0,0,3,1,2,3,1,2
C5120ST,29,573,District-Mandya,Rural,80-89,10,2,8,3,1,2,4,1,3,1,0,1,0,0,0,0,0,0,0,0,0,2,0,2,0,0,0
C5120ST,29,573,District-Mandya,Rural,90+,3,2,1,0,0,0,1,1,0,1,0,1,1,1,0,0,0,0,0,0,0,0,0,0,0,0,0
C5120ST,29,573,District-Mandya,Rural,Age Not Stated,0,0,0,0,0,0,0,0,0,0,0,0,0,0,0,0,0,0,0,0,0,0,0,0,0,0,0
C5120ST,29,573,District-Mandya,Urban,Total,107,55,52,36,16,20,16,6,10,17,7,10,18,13,5,5,5,0,0,0,0,11,6,5,4,2,2
C5120ST,29,573,District-Mandya,Urban,0-4,8,3,5,3,1,2,2,0,2,0,0,0,1,1,0,0,0,0,0,0,0,2,1,1,0,0,0
C5120ST,29,573,District-Mandya,Urban,5-9,10,3,7,4,2,2,3,0,3,1,0,1,1,0,1,1,1,0,0,0,0,0,0,0,0,0,0
C5120ST,29,573,District-Mandya,Urban,10-19,16,9,7,4,2,2,3,3,0,3,1,2,1,1,0,1,1,0,0,0,0,3,1,2,1,0,1
C5120ST,29,573,District-Mandya,Urban,20-29,22,8,14,8,3,5,3,0,3,6,2,4,2,2,0,1,1,0,0,0,0,1,0,1,1,0,1
C5120ST,29,573,District-Mandya,Urban,30-39,23,16,7,3,1,2,3,2,1,4,3,1,8,5,3,1,1,0,0,0,0,3,3,0,1,1,0
C5120ST,29,573,District-Mandya,Urban,40-49,12,7,5,4,2,2,1,0,1,2,1,1,3,2,1,1,1,0,0,0,0,1,1,0,0,0,0
C5120ST,29,573,District-Mandya,Urban,50-59,2,2,0,1,1,0,0,0,0,0,0,0,1,1,0,0,0,0,0,0,0,0,0,0,0,0,0
C5120ST,29,573,District-Mandya,Urban,60-69,10,6,4,6,3,3,1,1,0,0,0,0,1,1,0,0,0,0,0,0,0,1,0,1,1,1,0
C5120ST,29,573,District-Mandya,Urban,70-79,2,0,2,2,0,2,0,0,0,0,0,0,0,0,0,0,0,0,0,0,0,0,0,0,0,0,0
C5120ST,29,573,District-Mandya,Urban,80-89,2,1,1,1,1,0,0,0,0,1,0,1,0,0,0,0,0,0,0,0,0,0,0,0,0,0,0
C5120ST,29,573,District-Mandya,Urban,90+,0,0,0,0,0,0,0,0,0,0,0,0,0,0,0,0,0,0,0,0,0,0,0,0,0,0,0
C5120ST,29,573,District-Mandya,Urban,Age Not Stated,0,0,0,0,0,0,0,0,0,0,0,0,0,0,0,0,0,0,0,0,0,0,0,0,0,0,0
C5120ST,29,574,District-Hassan,Total,Total,549,283,266,92,42,50,75,34,41,89,45,44,121,76,45,39,18,21,4,2,2,81,33,48,48,33,15
C5120ST,29,574,District-Hassan,Total,0-4,21,11,10,4,2,2,4,2,2,1,1,0,4,2,2,0,0,0,0,0,0,6,2,4,2,2,0
C5120ST,29,574,District-Hassan,Total,5-9,47,29,18,3,2,1,13,8,5,9,5,4,5,3,2,7,3,4,0,0,0,3,2,1,7,6,1
C5120ST,29,574,District-Hassan,Total,10-19,94,49,45,13,6,7,9,3,6,19,12,7,16,7,9,10,5,5,0,0,0,14,5,9,13,11,2
C5120ST,29,574,District-Hassan,Total,20-29,93,43,50,8,5,3,10,2,8,17,7,10,21,15,6,12,6,6,2,2,0,15,3,12,8,3,5
C5120ST,29,574,District-Hassan,Total,30-39,83,43,40,8,4,4,11,5,6,11,5,6,28,20,8,4,2,2,1,0,1,11,3,8,9,4,5
C5120ST,29,574,District-Hassan,Total,40-49,63,35,28,5,3,2,12,6,6,12,4,8,15,10,5,1,0,1,0,0,0,14,9,5,4,3,1
C5120ST,29,574,District-Hassan,Total,50-59,47,22,25,11,3,8,4,3,1,9,5,4,14,8,6,2,1,1,1,0,1,6,2,4,0,0,0
C5120ST,29,574,District-Hassan,Total,60-69,50,22,28,14,4,10,2,1,1,6,3,3,16,9,7,3,1,2,0,0,0,6,2,4,3,2,1
C5120ST,29,574,District-Hassan,Total,70-79,34,20,14,14,8,6,9,3,6,3,2,1,2,2,0,0,0,0,0,0,0,5,4,1,1,1,0
C5120ST,29,574,District-Hassan,Total,80-89,13,8,5,9,4,5,1,1,0,1,1,0,0,0,0,0,0,0,0,0,0,1,1,0,1,1,0
C5120ST,29,574,District-Hassan,Total,90+,4,1,3,3,1,2,0,0,0,1,0,1,0,0,0,0,0,0,0,0,0,0,0,0,0,0,0
C5120ST,29,574,District-Hassan,Total,Age Not Stated,0,0,0,0,0,0,0,0,0,0,0,0,0,0,0,0,0,0,0,0,0,0,0,0,0,0,0
C5120ST,29,574,District-Hassan,Rural,Total,466,232,234,82,35,47,52,23,29,78,39,39,103,63,40,34,15,19,3,1,2,70,26,44,44,30,14
C5120ST,29,574,District-Hassan,Rural,0-4,18,10,8,4,2,2,3,2,1,1,1,0,4,2,2,0,0,0,0,0,0,4,1,3,2,2,0
C5120ST,29,574,District-Hassan,Rural,5-9,36,22,14,2,1,1,6,4,2,7,4,3,5,3,2,7,3,4,0,0,0,2,1,1,7,6,1
C5120ST,29,574,District-Hassan,Rural,10-19,81,41,40,11,5,6,4,0,4,19,12,7,15,6,9,10,5,5,0,0,0,13,5,8,9,8,1
C5120ST,29,574,District-Hassan,Rural,20-29,76,35,41,6,3,3,7,2,5,15,6,9,17,13,4,9,5,4,1,1,0,13,2,11,8,3,5
C5120ST,29,574,District-Hassan,Rural,30-39,70,33,37,8,4,4,7,2,5,10,4,6,23,16,7,2,0,2,1,0,1,10,3,7,9,4,5
C5120ST,29,574,District-Hassan,Rural,40-49,54,28,26,4,2,2,11,6,5,10,3,7,13,8,5,1,0,1,0,0,0,11,6,5,4,3,1
C5120ST,29,574,District-Hassan,Rural,50-59,42,18,24,10,2,8,4,3,1,9,5,4,11,6,5,2,1,1,1,0,1,5,1,4,0,0,0
C5120ST,29,574,District-Hassan,Rural,60-69,44,19,25,13,4,9,1,0,1,5,3,2,13,7,6,3,1,2,0,0,0,6,2,4,3,2,1
C5120ST,29,574,District-Hassan,Rural,70-79,30,18,12,12,7,5,8,3,5,2,1,1,2,2,0,0,0,0,0,0,0,5,4,1,1,1,0
C5120ST,29,574,District-Hassan,Rural,80-89,12,7,5,9,4,5,1,1,0,0,0,0,0,0,0,0,0,0,0,0,0,1,1,0,1,1,0
C5120ST,29,574,District-Hassan,Rural,90+,3,1,2,3,1,2,0,0,0,0,0,0,0,0,0,0,0,0,0,0,0,0,0,0,0,0,0
C5120ST,29,574,District-Hassan,Rural,Age Not Stated,0,0,0,0,0,0,0,0,0,0,0,0,0,0,0,0,0,0,0,0,0,0,0,0,0,0,0
C5120ST,29,574,District-Hassan,Urban,Total,83,51,32,10,7,3,23,11,12,11,6,5,18,13,5,5,3,2,1,1,0,11,7,4,4,3,1
C5120ST,29,574,District-Hassan,Urban,0-4,3,1,2,0,0,0,1,0,1,0,0,0,0,0,0,0,0,0,0,0,0,2,1,1,0,0,0
C5120ST,29,574,District-Hassan,Urban,5-9,11,7,4,1,1,0,7,4,3,2,1,1,0,0,0,0,0,0,0,0,0,1,1,0,0,0,0
C5120ST,29,574,District-Hassan,Urban,10-19,13,8,5,2,1,1,5,3,2,0,0,0,1,1,0,0,0,0,0,0,0,1,0,1,4,3,1
C5120ST,29,574,District-Hassan,Urban,20-29,17,8,9,2,2,0,3,0,3,2,1,1,4,2,2,3,1,2,1,1,0,2,1,1,0,0,0
C5120ST,29,574,District-Hassan,Urban,30-39,13,10,3,0,0,0,4,3,1,1,1,0,5,4,1,2,2,0,0,0,0,1,0,1,0,0,0
C5120ST,29,574,District-Hassan,Urban,40-49,9,7,2,1,1,0,1,0,1,2,1,1,2,2,0,0,0,0,0,0,0,3,3,0,0,0,0
C5120ST,29,574,District-Hassan,Urban,50-59,5,4,1,1,1,0,0,0,0,0,0,0,3,2,1,0,0,0,0,0,0,1,1,0,0,0,0
C5120ST,29,574,District-Hassan,Urban,60-69,6,3,3,1,0,1,1,1,0,1,0,1,3,2,1,0,0,0,0,0,0,0,0,0,0,0,0
C5120ST,29,574,District-Hassan,Urban,70-79,4,2,2,2,1,1,1,0,1,1,1,0,0,0,0,0,0,0,0,0,0,0,0,0,0,0,0
C5120ST,29,574,District-Hassan,Urban,80-89,1,1,0,0,0,0,0,0,0,1,1,0,0,0,0,0,0,0,0,0,0,0,0,0,0,0,0
C5120ST,29,574,District-Hassan,Urban,90+,1,0,1,0,0,0,0,0,0,1,0,1,0,0,0,0,0,0,0,0,0,0,0,0,0,0,0
C5120ST,29,574,District-Hassan,Urban,Age Not Stated,0,0,0,0,0,0,0,0,0,0,0,0,0,0,0,0,0,0,0,0,0,0,0,0,0,0,0
C5120ST,29,575,District-Dakshina Kannada,Total,Total,1263,681,582,199,96,103,149,82,67,149,78,71,276,179,97,97,51,46,72,27,45,160,75,85,161,93,68
C5120ST,29,575,District-Dakshina Kannada,Total,0-4,33,19,14,5,4,1,7,2,5,0,0,0,4,4,0,3,1,2,0,0,0,7,3,4,7,5,2
C5120ST,29,575,District-Dakshina Kannada,Total,5-9,74,46,28,4,1,3,8,4,4,12,7,5,9,6,3,10,9,1,0,0,0,14,10,4,17,9,8
C5120ST,29,575,District-Dakshina Kannada,Total,10-19,182,102,80,16,9,7,19,10,9,32,20,12,32,19,13,20,10,10,4,2,2,15,5,10,44,27,17
C5120ST,29,575,District-Dakshina Kannada,Total,20-29,201,102,99,20,8,12,21,12,9,24,10,14,46,26,20,26,16,10,15,7,8,21,9,12,28,14,14
C5120ST,29,575,District-Dakshina Kannada,Total,30-39,191,93,98,18,7,11,19,11,8,33,17,16,40,21,19,17,8,9,19,6,13,28,13,15,17,10,7
C5120ST,29,575,District-Dakshina Kannada,Total,40-49,192,109,83,38,20,18,23,13,10,22,10,12,42,29,13,10,4,6,13,7,6,27,15,12,17,11,6
C5120ST,29,575,District-Dakshina Kannada,Total,50-59,133,78,55,24,16,8,17,11,6,10,5,5,36,28,8,8,2,6,14,4,10,16,7,9,8,5,3
C5120ST,29,575,District-Dakshina Kannada,Total,60-69,134,70,64,36,13,23,20,11,9,11,8,3,33,23,10,3,1,2,4,1,3,16,4,12,11,9,2
C5120ST,29,575,District-Dakshina Kannada,Total,70-79,79,47,32,24,14,10,11,7,4,3,1,2,22,16,6,0,0,0,2,0,2,13,8,5,4,1,3
C5120ST,29,575,District-Dakshina Kannada,Total,80-89,39,12,27,12,2,10,4,1,3,2,0,2,10,6,4,0,0,0,1,0,1,3,1,2,7,2,5
C5120ST,29,575,District-Dakshina Kannada,Total,90+,5,3,2,2,2,0,0,0,0,0,0,0,2,1,1,0,0,0,0,0,0,0,0,0,1,0,1
C5120ST,29,575,District-Dakshina Kannada,Total,Age Not Stated,0,0,0,0,0,0,0,0,0,0,0,0,0,0,0,0,0,0,0,0,0,0,0,0,0,0,0
C5120ST,29,575,District-Dakshina Kannada,Rural,Total,1029,564,465,163,86,77,119,66,53,111,57,54,227,148,79,86,45,41,58,23,35,129,62,67,136,77,59
C5120ST,29,575,District-Dakshina Kannada,Rural,0-4,24,13,11,3,2,1,7,2,5,0,0,0,4,4,0,2,0,2,0,0,0,5,3,2,3,2,1
C5120ST,29,575,District-Dakshina Kannada,Rural,5-9,62,40,22,4,1,3,6,4,2,9,5,4,9,6,3,9,8,1,0,0,0,10,7,3,15,9,6
C5120ST,29,575,District-Dakshina Kannada,Rural,10-19,152,89,63,15,9,6,13,9,4,25,16,9,24,15,9,18,10,8,4,2,2,13,3,10,40,25,15
C5120ST,29,575,District-Dakshina Kannada,Rural,20-29,157,80,77,13,6,7,15,7,8,17,8,9,36,22,14,25,15,10,12,5,7,17,7,10,22,10,12
C5120ST,29,575,District-Dakshina Kannada,Rural,30-39,151,71,80,14,7,7,13,7,6,25,12,13,33,15,18,17,8,9,15,5,10,21,11,10,13,6,7
C5120ST,29,575,District-Dakshina Kannada,Rural,40-49,162,94,68,30,17,13,19,11,8,16,7,9,41,28,13,7,2,5,11,7,4,23,13,10,15,9,6
C5120ST,29,575,District-Dakshina Kannada,Rural,50-59,107,60,47,20,13,7,15,9,6,6,2,4,26,21,5,6,1,5,11,3,8,15,6,9,8,5,3
C5120ST,29,575,District-Dakshina Kannada,Rural,60-69,110,60,50,31,13,18,18,9,9,10,7,3,27,18,9,2,1,1,3,1,2,9,3,6,10,8,2
C5120ST,29,575,District-Dakshina Kannada,Rural,70-79,69,44,25,23,14,9,10,7,3,1,0,1,18,14,4,0,0,0,1,0,1,13,8,5,3,1,2
C5120ST,29,575,District-Dakshina Kannada,Rural,80-89,30,10,20,8,2,6,3,1,2,2,0,2,7,4,3,0,0,0,1,0,1,3,1,2,6,2,4
C5120ST,29,575,District-Dakshina Kannada,Rural,90+,5,3,2,2,2,0,0,0,0,0,0,0,2,1,1,0,0,0,0,0,0,0,0,0,1,0,1
C5120ST,29,575,District-Dakshina Kannada,Rural,Age Not Stated,0,0,0,0,0,0,0,0,0,0,0,0,0,0,0,0,0,0,0,0,0,0,0,0,0,0,0
C5120ST,29,575,District-Dakshina Kannada,Urban,Total,234,117,117,36,10,26,30,16,14,38,21,17,49,31,18,11,6,5,14,4,10,31,13,18,25,16,9
C5120ST,29,575,District-Dakshina Kannada,Urban,0-4,9,6,3,2,2,0,0,0,0,0,0,0,0,0,0,1,1,0,0,0,0,2,0,2,4,3,1
C5120ST,29,575,District-Dakshina Kannada,Urban,5-9,12,6,6,0,0,0,2,0,2,3,2,1,0,0,0,1,1,0,0,0,0,4,3,1,2,0,2
C5120ST,29,575,District-Dakshina Kannada,Urban,10-19,30,13,17,1,0,1,6,1,5,7,4,3,8,4,4,2,0,2,0,0,0,2,2,0,4,2,2
C5120ST,29,575,District-Dakshina Kannada,Urban,20-29,44,22,22,7,2,5,6,5,1,7,2,5,10,4,6,1,1,0,3,2,1,4,2,2,6,4,2
C5120ST,29,575,District-Dakshina Kannada,Urban,30-39,40,22,18,4,0,4,6,4,2,8,5,3,7,6,1,0,0,0,4,1,3,7,2,5,4,4,0
C5120ST,29,575,District-Dakshina Kannada,Urban,40-49,30,15,15,8,3,5,4,2,2,6,3,3,1,1,0,3,2,1,2,0,2,4,2,2,2,2,0
C5120ST,29,575,District-Dakshina Kannada,Urban,50-59,26,18,8,4,3,1,2,2,0,4,3,1,10,7,3,2,1,1,3,1,2,1,1,0,0,0,0
C5120ST,29,575,District-Dakshina Kannada,Urban,60-69,24,10,14,5,0,5,2,2,0,1,1,0,6,5,1,1,0,1,1,0,1,7,1,6,1,1,0
C5120ST,29,575,District-Dakshina Kannada,Urban,70-79,10,3,7,1,0,1,1,0,1,2,1,1,4,2,2,0,0,0,1,0,1,0,0,0,1,0,1
C5120ST,29,575,District-Dakshina Kannada,Urban,80-89,9,2,7,4,0,4,1,0,1,0,0,0,3,2,1,0,0,0,0,0,0,0,0,0,1,0,1
C5120ST,29,575,District-Dakshina Kannada,Urban,90+,0,0,0,0,0,0,0,0,0,0,0,0,0,0,0,0,0,0,0,0,0,0,0,0,0,0,0
C5120ST,29,575,District-Dakshina Kannada,Urban,Age Not Stated,0,0,0,0,0,0,0,0,0,0,0,0,0,0,0,0,0,0,0,0,0,0,0,0,0,0,0
C5120ST,29,576,District-Kodagu,Total,Total,709,377,332,122,56,66,138,70,68,76,35,41,120,83,37,45,20,25,20,6,14,124,68,56,64,39,25
C5120ST,29,576,District-Kodagu,Total,0-4,28,19,9,5,1,4,6,5,1,1,1,0,6,5,1,1,1,0,0,0,0,8,6,2,1,0,1
C5120ST,29,576,District-Kodagu,Total,5-9,57,29,28,8,5,3,14,6,8,8,4,4,6,2,4,3,2,1,0,0,0,6,5,1,12,5,7
C5120ST,29,576,District-Kodagu,Total,10-19,133,67,66,13,8,5,20,10,10,16,7,9,11,4,7,21,8,13,0,0,0,32,16,16,20,14,6
C5120ST,29,576,District-Kodagu,Total,20-29,100,50,50,14,4,10,23,10,13,17,8,9,15,6,9,6,4,2,1,0,1,16,13,3,8,5,3
C5120ST,29,576,District-Kodagu,Total,30-39,98,49,49,12,5,7,16,8,8,14,3,11,25,19,6,3,1,2,5,2,3,21,9,12,2,2,0
C5120ST,29,576,District-Kodagu,Total,40-49,106,72,34,19,11,8,20,12,8,10,7,3,24,23,1,5,2,3,3,1,2,17,10,7,8,6,2
C5120ST,29,576,District-Kodagu,Total,50-59,63,32,31,12,5,7,15,9,6,3,1,2,14,10,4,1,0,1,3,0,3,10,3,7,5,4,1
C5120ST,29,576,District-Kodagu,Total,60-69,70,35,35,22,7,15,13,7,6,3,2,1,11,8,3,5,2,3,5,3,2,8,5,3,3,1,2
C5120ST,29,576,District-Kodagu,Total,70-79,38,19,19,13,8,5,8,3,5,4,2,2,5,5,0,0,0,0,2,0,2,4,1,3,2,0,2
C5120ST,29,576,District-Kodagu,Total,80-89,10,2,8,2,1,1,3,0,3,0,0,0,3,1,2,0,0,0,0,0,0,2,0,2,0,0,0
C5120ST,29,576,District-Kodagu,Total,90+,5,2,3,2,1,1,0,0,0,0,0,0,0,0,0,0,0,0,1,0,1,0,0,0,2,1,1
C5120ST,29,576,District-Kodagu,Total,Age Not Stated,1,1,0,0,0,0,0,0,0,0,0,0,0,0,0,0,0,0,0,0,0,0,0,0,1,1,0
C5120ST,29,576,District-Kodagu,Rural,Total,689,365,324,121,56,65,134,68,66,76,35,41,116,80,36,42,18,24,20,6,14,118,64,54,62,38,24
C5120ST,29,576,District-Kodagu,Rural,0-4,27,18,9,5,1,4,6,5,1,1,1,0,6,5,1,1,1,0,0,0,0,7,5,2,1,0,1
C5120ST,29,576,District-Kodagu,Rural,5-9,57,29,28,8,5,3,14,6,8,8,4,4,6,2,4,3,2,1,0,0,0,6,5,1,12,5,7
C5120ST,29,576,District-Kodagu,Rural,10-19,130,65,65,13,8,5,19,9,10,16,7,9,11,4,7,20,8,12,0,0,0,31,15,16,20,14,6
C5120ST,29,576,District-Kodagu,Rural,20-29,96,47,49,14,4,10,22,10,12,17,8,9,15,6,9,5,3,2,1,0,1,14,11,3,8,5,3
C5120ST,29,576,District-Kodagu,Rural,30-39,92,46,46,11,5,6,15,7,8,14,3,11,23,17,6,3,1,2,5,2,3,19,9,10,2,2,0
C5120ST,29,576,District-Kodagu,Rural,40-49,104,71,33,19,11,8,19,12,7,10,7,3,24,23,1,4,1,3,3,1,2,17,10,7,8,6,2
C5120ST,29,576,District-Kodagu,Rural,50-59,60,31,29,12,5,7,15,9,6,3,1,2,13,10,3,1,0,1,3,0,3,10,3,7,3,3,0
C5120ST,29,576,District-Kodagu,Rural,60-69,69,34,35,22,7,15,13,7,6,3,2,1,10,7,3,5,2,3,5,3,2,8,5,3,3,1,2
C5120ST,29,576,District-Kodagu,Rural,70-79,38,19,19,13,8,5,8,3,5,4,2,2,5,5,0,0,0,0,2,0,2,4,1,3,2,0,2
C5120ST,29,576,District-Kodagu,Rural,80-89,10,2,8,2,1,1,3,0,3,0,0,0,3,1,2,0,0,0,0,0,0,2,0,2,0,0,0
C5120ST,29,576,District-Kodagu,Rural,90+,5,2,3,2,1,1,0,0,0,0,0,0,0,0,0,0,0,0,1,0,1,0,0,0,2,1,1
C5120ST,29,576,District-Kodagu,Rural,Age Not Stated,1,1,0,0,0,0,0,0,0,0,0,0,0,0,0,0,0,0,0,0,0,0,0,0,1,1,0
C5120ST,29,576,District-Kodagu,Urban,Total,20,12,8,1,0,1,4,2,2,0,0,0,4,3,1,3,2,1,0,0,0,6,4,2,2,1,1
C5120ST,29,576,District-Kodagu,Urban,0-4,1,1,0,0,0,0,0,0,0,0,0,0,0,0,0,0,0,0,0,0,0,1,1,0,0,0,0
C5120ST,29,576,District-Kodagu,Urban,5-9,0,0,0,0,0,0,0,0,0,0,0,0,0,0,0,0,0,0,0,0,0,0,0,0,0,0,0
C5120ST,29,576,District-Kodagu,Urban,10-19,3,2,1,0,0,0,1,1,0,0,0,0,0,0,0,1,0,1,0,0,0,1,1,0,0,0,0
C5120ST,29,576,District-Kodagu,Urban,20-29,4,3,1,0,0,0,1,0,1,0,0,0,0,0,0,1,1,0,0,0,0,2,2,0,0,0,0
C5120ST,29,576,District-Kodagu,Urban,30-39,6,3,3,1,0,1,1,1,0,0,0,0,2,2,0,0,0,0,0,0,0,2,0,2,0,0,0
C5120ST,29,576,District-Kodagu,Urban,40-49,2,1,1,0,0,0,1,0,1,0,0,0,0,0,0,1,1,0,0,0,0,0,0,0,0,0,0
C5120ST,29,576,District-Kodagu,Urban,50-59,3,1,2,0,0,0,0,0,0,0,0,0,1,0,1,0,0,0,0,0,0,0,0,0,2,1,1
C5120ST,29,576,District-Kodagu,Urban,60-69,1,1,0,0,0,0,0,0,0,0,0,0,1,1,0,0,0,0,0,0,0,0,0,0,0,0,0
C5120ST,29,576,District-Kodagu,Urban,70-79,0,0,0,0,0,0,0,0,0,0,0,0,0,0,0,0,0,0,0,0,0,0,0,0,0,0,0
C5120ST,29,576,District-Kodagu,Urban,80-89,0,0,0,0,0,0,0,0,0,0,0,0,0,0,0,0,0,0,0,0,0,0,0,0,0,0,0
C5120ST,29,576,District-Kodagu,Urban,90+,0,0,0,0,0,0,0,0,0,0,0,0,0,0,0,0,0,0,0,0,0,0,0,0,0,0,0
C5120ST,29,576,District-Kodagu,Urban,Age Not Stated,0,0,0,0,0,0,0,0,0,0,0,0,0,0,0,0,0,0,0,0,0,0,0,0,0,0,0
C5120ST,29,577,District-Mysore,Total,Total,6551,3505,3046,1445,677,768,1319,672,647,643,343,300,1187,775,412,401,207,194,86,46,40,982,513,469,488,272,216
C5120ST,29,577,District-Mysore,Total,0-4,241,135,106,46,27,19,54,32,22,5,3,2,25,14,11,15,9,6,0,0,0,73,36,37,23,14,9
C5120ST,29,577,District-Mysore,Total,5-9,452,255,197,50,27,23,81,39,42,74,42,32,55,30,25,43,25,18,3,3,0,85,50,35,61,39,22
C5120ST,29,577,District-Mysore,Total,10-19,1143,579,564,198,99,99,196,102,94,149,75,74,147,77,70,117,56,61,15,4,11,174,96,78,147,70,77
C5120ST,29,577,District-Mysore,Total,20-29,1217,659,558,191,89,102,257,141,116,169,88,81,241,147,94,81,43,38,21,14,7,185,93,92,72,44,28
C5120ST,29,577,District-Mysore,Total,30-39,934,493,441,165,72,93,193,100,93,83,35,48,217,142,75,60,37,23,18,9,9,149,70,79,49,28,21
C5120ST,29,577,District-Mysore,Total,40-49,720,428,292,139,78,61,149,78,71,62,34,28,174,130,44,44,21,23,13,6,7,113,62,51,26,19,7
C5120ST,29,577,District-Mysore,Total,50-59,569,314,255,128,57,71,125,56,69,52,31,21,122,90,32,20,6,14,6,3,3,88,54,34,28,17,11
C5120ST,29,577,District-Mysore,Total,60-69,609,345,264,223,111,112,118,57,61,34,27,7,130,99,31,15,7,8,5,4,1,58,25,33,26,15,11
C5120ST,29,577,District-Mysore,Total,70-79,430,201,229,192,75,117,105,51,54,11,5,6,57,37,20,4,2,2,4,3,1,37,17,20,20,11,9
C5120ST,29,577,District-Mysore,Total,80-89,177,72,105,90,32,58,30,13,17,3,2,1,15,8,7,1,0,1,1,0,1,15,9,6,22,8,14
C5120ST,29,577,District-Mysore,Total,90+,55,22,33,20,8,12,11,3,8,1,1,0,4,1,3,1,1,0,0,0,0,4,1,3,14,7,7
C5120ST,29,577,District-Mysore,Total,Age Not Stated,4,2,2,3,2,1,0,0,0,0,0,0,0,0,0,0,0,0,0,0,0,1,0,1,0,0,0
C5120ST,29,577,District-Mysore,Rural,Total,4790,2564,2226,1103,529,574,873,431,442,381,203,178,958,638,320,326,163,163,72,39,33,686,345,341,391,216,175
C5120ST,29,577,District-Mysore,Rural,0-4,164,94,70,27,19,8,37,25,12,5,3,2,21,12,9,10,5,5,0,0,0,45,18,27,19,12,7
C5120ST,29,577,District-Mysore,Rural,5-9,324,193,131,28,17,11,55,30,25,51,30,21,42,25,17,35,21,14,3,3,0,59,35,24,51,32,19
C5120ST,29,577,District-Mysore,Rural,10-19,837,417,420,141,71,70,128,64,64,102,49,53,122,64,58,95,42,53,10,3,7,119,67,52,120,57,63
C5120ST,29,577,District-Mysore,Rural,20-29,813,449,364,137,66,71,127,67,60,96,52,44,192,120,72,65,35,30,20,13,7,123,61,62,53,35,18
C5120ST,29,577,District-Mysore,Rural,30-39,653,349,304,113,50,63,130,63,67,40,17,23,171,115,56,49,30,19,14,8,6,98,46,52,38,20,18
C5120ST,29,577,District-Mysore,Rural,40-49,529,314,215,105,60,45,98,49,49,34,21,13,141,106,35,39,17,22,11,4,7,81,42,39,20,15,5
C5120ST,29,577,District-Mysore,Rural,50-59,402,214,188,102,47,55,82,35,47,23,9,14,95,73,22,17,5,12,5,2,3,58,34,24,20,9,11
C5120ST,29,577,District-Mysore,Rural,60-69,493,277,216,185,98,87,96,43,53,19,16,3,108,82,26,11,5,6,4,3,1,52,19,33,18,11,7
C5120ST,29,577,District-Mysore,Rural,70-79,370,175,195,168,68,100,85,40,45,9,4,5,50,33,17,3,2,1,4,3,1,34,15,19,17,10,7
C5120ST,29,577,District-Mysore,Rural,80-89,153,61,92,77,26,51,27,12,15,1,1,0,12,7,5,1,0,1,1,0,1,13,7,6,21,8,13
C5120ST,29,577,District-Mysore,Rural,90+,50,21,29,19,7,12,8,3,5,1,1,0,4,1,3,1,1,0,0,0,0,3,1,2,14,7,7
C5120ST,29,577,District-Mysore,Rural,Age Not Stated,2,0,2,1,0,1,0,0,0,0,0,0,0,0,0,0,0,0,0,0,0,1,0,1,0,0,0
C5120ST,29,577,District-Mysore,Urban,Total,1761,941,820,342,148,194,446,241,205,262,140,122,229,137,92,75,44,31,14,7,7,296,168,128,97,56,41
C5120ST,29,577,District-Mysore,Urban,0-4,77,41,36,19,8,11,17,7,10,0,0,0,4,2,2,5,4,1,0,0,0,28,18,10,4,2,2
C5120ST,29,577,District-Mysore,Urban,5-9,128,62,66,22,10,12,26,9,17,23,12,11,13,5,8,8,4,4,0,0,0,26,15,11,10,7,3
C5120ST,29,577,District-Mysore,Urban,10-19,306,162,144,57,28,29,68,38,30,47,26,21,25,13,12,22,14,8,5,1,4,55,29,26,27,13,14
C5120ST,29,577,District-Mysore,Urban,20-29,404,210,194,54,23,31,130,74,56,73,36,37,49,27,22,16,8,8,1,1,0,62,32,30,19,9,10
C5120ST,29,577,District-Mysore,Urban,30-39,281,144,137,52,22,30,63,37,26,43,18,25,46,27,19,11,7,4,4,1,3,51,24,27,11,8,3
C5120ST,29,577,District-Mysore,Urban,40-49,191,114,77,34,18,16,51,29,22,28,13,15,33,24,9,5,4,1,2,2,0,32,20,12,6,4,2
C5120ST,29,577,District-Mysore,Urban,50-59,167,100,67,26,10,16,43,21,22,29,22,7,27,17,10,3,1,2,1,1,0,30,20,10,8,8,0
C5120ST,29,577,District-Mysore,Urban,60-69,116,68,48,38,13,25,22,14,8,15,11,4,22,17,5,4,2,2,1,1,0,6,6,0,8,4,4
C5120ST,29,577,District-Mysore,Urban,70-79,60,26,34,24,7,17,20,11,9,2,1,1,7,4,3,1,0,1,0,0,0,3,2,1,3,1,2
C5120ST,29,577,District-Mysore,Urban,80-89,24,11,13,13,6,7,3,1,2,2,1,1,3,1,2,0,0,0,0,0,0,2,2,0,1,0,1
C5120ST,29,577,District-Mysore,Urban,90+,5,1,4,1,1,0,3,0,3,0,0,0,0,0,0,0,0,0,0,0,0,1,0,1,0,0,0
C5120ST,29,577,District-Mysore,Urban,Age Not Stated,2,2,0,2,2,0,0,0,0,0,0,0,0,0,0,0,0,0,0,0,0,0,0,0,0,0,0
C5120ST,29,578,District-Chamarajanagar,Total,Total,2330,1227,1103,407,188,219,358,170,188,182,102,80,458,285,173,132,66,66,43,25,18,281,146,135,469,245,224
C5120ST,29,578,District-Chamarajanagar,Total,0-4,84,46,38,10,5,5,19,10,9,2,1,1,14,10,4,0,0,0,1,1,0,13,6,7,25,13,12
C5120ST,29,578,District-Chamarajanagar,Total,5-9,143,78,65,12,6,6,22,11,11,16,10,6,17,9,8,15,6,9,1,0,1,25,12,13,35,24,11
C5120ST,29,578,District-Chamarajanagar,Total,10-19,425,233,192,65,33,32,51,25,26,44,27,17,63,39,24,38,17,21,7,5,2,51,20,31,106,67,39
C5120ST,29,578,District-Chamarajanagar,Total,20-29,395,196,199,49,26,23,52,26,26,39,19,20,84,38,46,34,17,17,13,9,4,48,29,19,76,32,44
C5120ST,29,578,District-Chamarajanagar,Total,30-39,328,164,164,38,17,21,59,30,29,31,13,18,65,39,26,20,11,9,7,4,3,40,22,18,68,28,40
C5120ST,29,578,District-Chamarajanagar,Total,40-49,301,172,129,38,20,18,54,30,24,16,10,6,74,53,21,12,7,5,6,2,4,41,20,21,60,30,30
C5120ST,29,578,District-Chamarajanagar,Total,50-59,209,120,89,34,15,19,33,11,22,17,12,5,57,39,18,7,4,3,5,3,2,22,13,9,34,23,11
C5120ST,29,578,District-Chamarajanagar,Total,60-69,219,113,106,75,30,45,30,15,15,14,7,7,48,37,11,5,3,2,1,0,1,20,11,9,26,10,16
C5120ST,29,578,District-Chamarajanagar,Total,70-79,156,79,77,57,26,31,26,10,16,2,2,0,26,17,9,0,0,0,1,0,1,16,10,6,28,14,14
C5120ST,29,578,District-Chamarajanagar,Total,80-89,58,20,38,26,8,18,11,2,9,0,0,0,5,3,2,1,1,0,1,1,0,4,2,2,10,3,7
C5120ST,29,578,District-Chamarajanagar,Total,90+,10,5,5,3,2,1,0,0,0,1,1,0,4,0,4,0,0,0,0,0,0,1,1,0,1,1,0
C5120ST,29,578,District-Chamarajanagar,Total,Age Not Stated,2,1,1,0,0,0,1,0,1,0,0,0,1,1,0,0,0,0,0,0,0,0,0,0,0,0,0
C5120ST,29,578,District-Chamarajanagar,Rural,Total,1985,1049,936,355,165,190,297,139,158,154,87,67,375,237,138,108,55,53,36,22,14,226,118,108,434,226,208
C5120ST,29,578,District-Chamarajanagar,Rural,0-4,73,40,33,8,5,3,15,8,7,1,1,0,11,7,4,0,0,0,1,1,0,12,5,7,25,13,12
C5120ST,29,578,District-Chamarajanagar,Rural,5-9,120,65,55,11,5,6,20,9,11,12,8,4,15,8,7,12,6,6,1,0,1,19,9,10,30,20,10
C5120ST,29,578,District-Chamarajanagar,Rural,10-19,365,198,167,56,29,27,45,23,22,39,23,16,52,32,20,32,13,19,5,4,1,42,15,27,94,59,35
C5120ST,29,578,District-Chamarajanagar,Rural,20-29,326,166,160,43,23,20,34,17,17,36,19,17,68,30,38,27,16,11,12,8,4,32,21,11,74,32,42
C5120ST,29,578,District-Chamarajanagar,Rural,30-39,274,130,144,28,10,18,48,24,24,25,10,15,54,32,22,15,7,8,6,4,2,35,19,16,63,24,39
C5120ST,29,578,District-Chamarajanagar,Rural,40-49,250,146,104,32,17,15,44,25,19,13,7,6,60,44,16,10,6,4,5,2,3,33,17,16,53,28,25
C5120ST,29,578,District-Chamarajanagar,Rural,50-59,173,103,70,27,12,15,28,9,19,15,11,4,43,33,10,6,3,3,3,2,1,18,11,7,33,22,11
C5120ST,29,578,District-Chamarajanagar,Rural,60-69,193,102,91,69,29,40,25,12,13,10,5,5,41,34,7,5,3,2,1,0,1,17,9,8,25,10,15
C5120ST,29,578,District-Chamarajanagar,Rural,70-79,145,75,70,54,26,28,26,10,16,2,2,0,22,14,8,0,0,0,1,0,1,13,9,4,27,14,13
C5120ST,29,578,District-Chamarajanagar,Rural,80-89,54,18,36,24,7,17,11,2,9,0,0,0,4,2,2,1,1,0,1,1,0,4,2,2,9,3,6
C5120ST,29,578,District-Chamarajanagar,Rural,90+,10,5,5,3,2,1,0,0,0,1,1,0,4,0,4,0,0,0,0,0,0,1,1,0,1,1,0
C5120ST,29,578,District-Chamarajanagar,Rural,Age Not Stated,2,1,1,0,0,0,1,0,1,0,0,0,1,1,0,0,0,0,0,0,0,0,0,0,0,0,0
C5120ST,29,578,District-Chamarajanagar,Urban,Total,345,178,167,52,23,29,61,31,30,28,15,13,83,48,35,24,11,13,7,3,4,55,28,27,35,19,16
C5120ST,29,578,District-Chamarajanagar,Urban,0-4,11,6,5,2,0,2,4,2,2,1,0,1,3,3,0,0,0,0,0,0,0,1,1,0,0,0,0
C5120ST,29,578,District-Chamarajanagar,Urban,5-9,23,13,10,1,1,0,2,2,0,4,2,2,2,1,1,3,0,3,0,0,0,6,3,3,5,4,1
C5120ST,29,578,District-Chamarajanagar,Urban,10-19,60,35,25,9,4,5,6,2,4,5,4,1,11,7,4,6,4,2,2,1,1,9,5,4,12,8,4
C5120ST,29,578,District-Chamarajanagar,Urban,20-29,69,30,39,6,3,3,18,9,9,3,0,3,16,8,8,7,1,6,1,1,0,16,8,8,2,0,2
C5120ST,29,578,District-Chamarajanagar,Urban,30-39,54,34,20,10,7,3,11,6,5,6,3,3,11,7,4,5,4,1,1,0,1,5,3,2,5,4,1
C5120ST,29,578,District-Chamarajanagar,Urban,40-49,51,26,25,6,3,3,10,5,5,3,3,0,14,9,5,2,1,1,1,0,1,8,3,5,7,2,5
C5120ST,29,578,District-Chamarajanagar,Urban,50-59,36,17,19,7,3,4,5,2,3,2,1,1,14,6,8,1,1,0,2,1,1,4,2,2,1,1,0
C5120ST,29,578,District-Chamarajanagar,Urban,60-69,26,11,15,6,1,5,5,3,2,4,2,2,7,3,4,0,0,0,0,0,0,3,2,1,1,0,1
C5120ST,29,578,District-Chamarajanagar,Urban,70-79,11,4,7,3,0,3,0,0,0,0,0,0,4,3,1,0,0,0,0,0,0,3,1,2,1,0,1
C5120ST,29,578,District-Chamarajanagar,Urban,80-89,4,2,2,2,1,1,0,0,0,0,0,0,1,1,0,0,0,0,0,0,0,0,0,0,1,0,1
C5120ST,29,578,District-Chamarajanagar,Urban,90+,0,0,0,0,0,0,0,0,0,0,0,0,0,0,0,0,0,0,0,0,0,0,0,0,0,0,0
C5120ST,29,578,District-Chamarajanagar,Urban,Age Not Stated,0,0,0,0,0,0,0,0,0,0,0,0,0,0,0,0,0,0,0,0,0,0,0,0,0,0,0
C5120ST,29,579,District-Gulbarga,Total,Total,1924,991,933,299,146,153,669,324,345,150,77,73,307,189,118,105,49,56,16,11,5,303,160,143,75,35,40
C5120ST,29,579,District-Gulbarga,Total,0-4,134,64,70,27,13,14,67,31,36,5,3,2,6,3,3,5,1,4,0,0,0,23,13,10,1,0,1
C5120ST,29,579,District-Gulbarga,Total,5-9,208,104,104,24,10,14,86,47,39,22,15,7,20,9,11,14,6,8,1,0,1,31,13,18,10,4,6
C5120ST,29,579,District-Gulbarga,Total,10-19,461,236,225,55,31,24,179,88,91,36,17,19,63,31,32,34,19,15,2,2,0,74,37,37,18,11,7
C5120ST,29,579,District-Gulbarga,Total,20-29,384,215,169,46,25,21,135,71,64,40,19,21,75,53,22,20,8,12,3,1,2,51,30,21,14,8,6
C5120ST,29,579,District-Gulbarga,Total,30-39,235,122,113,32,17,15,68,28,40,17,8,9,54,39,15,19,8,11,3,3,0,36,18,18,6,1,5
C5120ST,29,579,District-Gulbarga,Total,40-49,157,88,69,26,16,10,51,25,26,12,7,5,29,14,15,5,5,0,5,3,2,24,14,10,5,4,1
C5120ST,29,579,District-Gulbarga,Total,50-59,111,55,56,15,7,8,32,11,21,8,2,6,24,17,7,3,0,3,1,1,0,21,14,7,7,3,4
C5120ST,29,579,District-Gulbarga,Total,60-69,128,63,65,41,16,25,26,14,12,7,4,3,18,14,4,3,0,3,1,1,0,26,12,14,6,2,4
C5120ST,29,579,District-Gulbarga,Total,70-79,65,29,36,21,6,15,15,5,10,2,2,0,12,7,5,1,1,0,0,0,0,12,7,5,2,1,1
C5120ST,29,579,District-Gulbarga,Total,80-89,30,11,19,10,5,5,5,2,3,1,0,1,5,1,4,1,1,0,0,0,0,4,1,3,4,1,3
C5120ST,29,579,District-Gulbarga,Total,90+,11,4,7,2,0,2,5,2,3,0,0,0,1,1,0,0,0,0,0,0,0,1,1,0,2,0,2
C5120ST,29,579,District-Gulbarga,Total,Age Not Stated,0,0,0,0,0,0,0,0,0,0,0,0,0,0,0,0,0,0,0,0,0,0,0,0,0,0,0
C5120ST,29,579,District-Gulbarga,Rural,Total,1164,626,538,237,110,127,196,101,95,104,55,49,251,159,92,87,42,45,12,8,4,217,119,98,60,32,28
C5120ST,29,579,District-Gulbarga,Rural,0-4,69,36,33,22,11,11,18,10,8,2,1,1,6,3,3,4,0,4,0,0,0,17,11,6,0,0,0
C5120ST,29,579,District-Gulbarga,Rural,5-9,108,52,56,17,7,10,23,10,13,15,12,3,13,4,9,10,5,5,1,0,1,21,10,11,8,4,4
C5120ST,29,579,District-Gulbarga,Rural,10-19,276,146,130,50,27,23,45,23,22,32,15,17,52,26,26,30,18,12,2,2,0,53,26,27,12,9,3
C5120ST,29,579,District-Gulbarga,Rural,20-29,232,140,92,38,21,17,31,19,12,26,13,13,67,49,18,19,8,11,3,1,2,35,21,14,13,8,5
C5120ST,29,579,District-Gulbarga,Rural,30-39,136,76,60,21,8,13,17,8,9,9,4,5,45,33,12,14,6,8,2,2,0,25,15,10,3,0,3
C5120ST,29,579,District-Gulbarga,Rural,40-49,91,54,37,16,9,7,20,10,10,10,6,4,20,11,9,4,4,0,2,1,1,14,9,5,5,4,1
C5120ST,29,579,District-Gulbarga,Rural,50-59,70,36,34,12,6,6,11,3,8,5,1,4,18,13,5,3,0,3,1,1,0,14,9,5,6,3,3
C5120ST,29,579,District-Gulbarga,Rural,60-69,98,52,46,32,13,19,17,12,5,3,2,1,16,13,3,2,0,2,1,1,0,21,9,12,6,2,4
C5120ST,29,579,District-Gulbarga,Rural,70-79,52,22,30,19,4,15,9,4,5,1,1,0,10,5,5,0,0,0,0,0,0,12,7,5,1,1,0
C5120ST,29,579,District-Gulbarga,Rural,80-89,24,9,15,8,4,4,3,1,2,1,0,1,3,1,2,1,1,0,0,0,0,4,1,3,4,1,3
C5120ST,29,579,District-Gulbarga,Rural,90+,8,3,5,2,0,2,2,1,1,0,0,0,1,1,0,0,0,0,0,0,0,1,1,0,2,0,2
C5120ST,29,579,District-Gulbarga,Rural,Age Not Stated,0,0,0,0,0,0,0,0,0,0,0,0,0,0,0,0,0,0,0,0,0,0,0,0,0,0,0
C5120ST,29,579,District-Gulbarga,Urban,Total,760,365,395,62,36,26,473,223,250,46,22,24,56,30,26,18,7,11,4,3,1,86,41,45,15,3,12
C5120ST,29,579,District-Gulbarga,Urban,0-4,65,28,37,5,2,3,49,21,28,3,2,1,0,0,0,1,1,0,0,0,0,6,2,4,1,0,1
C5120ST,29,579,District-Gulbarga,Urban,5-9,100,52,48,7,3,4,63,37,26,7,3,4,7,5,2,4,1,3,0,0,0,10,3,7,2,0,2
C5120ST,29,579,District-Gulbarga,Urban,10-19,185,90,95,5,4,1,134,65,69,4,2,2,11,5,6,4,1,3,0,0,0,21,11,10,6,2,4
C5120ST,29,579,District-Gulbarga,Urban,20-29,152,75,77,8,4,4,104,52,52,14,6,8,8,4,4,1,0,1,0,0,0,16,9,7,1,0,1
C5120ST,29,579,District-Gulbarga,Urban,30-39,99,46,53,11,9,2,51,20,31,8,4,4,9,6,3,5,2,3,1,1,0,11,3,8,3,1,2
C5120ST,29,579,District-Gulbarga,Urban,40-49,66,34,32,10,7,3,31,15,16,2,1,1,9,3,6,1,1,0,3,2,1,10,5,5,0,0,0
C5120ST,29,579,District-Gulbarga,Urban,50-59,41,19,22,3,1,2,21,8,13,3,1,2,6,4,2,0,0,0,0,0,0,7,5,2,1,0,1
C5120ST,29,579,District-Gulbarga,Urban,60-69,30,11,19,9,3,6,9,2,7,4,2,2,2,1,1,1,0,1,0,0,0,5,3,2,0,0,0
C5120ST,29,579,District-Gulbarga,Urban,70-79,13,7,6,2,2,0,6,1,5,1,1,0,2,2,0,1,1,0,0,0,0,0,0,0,1,0,1
C5120ST,29,579,District-Gulbarga,Urban,80-89,6,2,4,2,1,1,2,1,1,0,0,0,2,0,2,0,0,0,0,0,0,0,0,0,0,0,0
C5120ST,29,579,District-Gulbarga,Urban,90+,3,1,2,0,0,0,3,1,2,0,0,0,0,0,0,0,0,0,0,0,0,0,0,0,0,0,0
C5120ST,29,579,District-Gulbarga,Urban,Age Not Stated,0,0,0,0,0,0,0,0,0,0,0,0,0,0,0,0,0,0,0,0,0,0,0,0,0,0,0
C5120ST,29,580,District-Yadgir,Total,Total,3003,1638,1365,525,234,291,566,283,283,209,121,88,721,456,265,217,121,96,20,10,10,552,300,252,193,113,80
C5120ST,29,580,District-Yadgir,Total,0-4,163,91,72,26,15,11,42,20,22,3,1,2,17,10,7,19,11,8,1,0,1,41,23,18,14,11,3
C5120ST,29,580,District-Yadgir,Total,5-9,320,187,133,44,21,23,60,35,25,37,22,15,58,41,17,30,16,14,0,0,0,63,36,27,28,16,12
C5120ST,29,580,District-Yadgir,Total,10-19,754,435,319,84,43,41,119,62,57,75,43,32,209,124,85,78,48,30,3,1,2,137,84,53,49,30,19
C5120ST,29,580,District-Yadgir,Total,20-29,485,279,206,51,25,26,76,39,37,24,15,9,166,110,56,42,23,19,1,1,0,104,55,49,21,11,10
C5120ST,29,580,District-Yadgir,Total,30-39,341,192,149,44,20,24,69,35,34,33,18,15,88,60,28,22,10,12,6,4,2,59,34,25,20,11,9
C5120ST,29,580,District-Yadgir,Total,40-49,264,144,120,43,22,21,53,25,28,19,11,8,66,41,25,11,6,5,5,2,3,56,29,27,11,8,3
C5120ST,29,580,District-Yadgir,Total,50-59,218,118,100,47,21,26,53,28,25,10,5,5,46,34,12,8,3,5,1,0,1,46,22,24,7,5,2
C5120ST,29,580,District-Yadgir,Total,60-69,240,115,125,84,33,51,53,21,32,5,4,1,50,29,21,6,4,2,2,2,0,27,13,14,13,9,4
C5120ST,29,580,District-Yadgir,Total,70-79,147,56,91,77,27,50,25,12,13,3,2,1,16,6,10,1,0,1,0,0,0,10,2,8,15,7,8
C5120ST,29,580,District-Yadgir,Total,80-89,56,14,42,22,7,15,12,3,9,0,0,0,4,0,4,0,0,0,1,0,1,8,1,7,9,3,6
C5120ST,29,580,District-Yadgir,Total,90+,14,6,8,3,0,3,4,3,1,0,0,0,1,1,0,0,0,0,0,0,0,1,1,0,5,1,4
C5120ST,29,580,District-Yadgir,Total,Age Not Stated,1,1,0,0,0,0,0,0,0,0,0,0,0,0,0,0,0,0,0,0,0,0,0,0,1,1,0
C5120ST,29,580,District-Yadgir,Rural,Total,2638,1447,1191,476,213,263,479,248,231,189,110,79,627,398,229,189,107,82,17,9,8,488,261,227,173,101,72
C5120ST,29,580,District-Yadgir,Rural,0-4,137,77,60,24,15,9,30,12,18,3,1,2,16,10,6,14,10,4,1,0,1,38,20,18,11,9,2
C5120ST,29,580,District-Yadgir,Rural,5-9,278,166,112,37,17,20,48,29,19,36,22,14,51,37,14,29,16,13,0,0,0,53,31,22,24,14,10
C5120ST,29,580,District-Yadgir,Rural,10-19,667,386,281,76,39,37,104,56,48,68,39,29,179,106,73,69,43,26,3,1,2,122,74,48,46,28,18
C5120ST,29,580,District-Yadgir,Rural,20-29,428,245,183,46,23,23,68,35,33,20,12,8,145,96,49,38,20,18,1,1,0,90,47,43,20,11,9
C5120ST,29,580,District-Yadgir,Rural,30-39,294,172,122,36,18,18,55,30,25,30,17,13,79,55,24,20,9,11,5,4,1,51,29,22,18,10,8
C5120ST,29,580,District-Yadgir,Rural,40-49,223,119,104,36,18,18,48,23,25,14,8,6,53,32,21,9,5,4,5,2,3,50,26,24,8,5,3
C5120ST,29,580,District-Yadgir,Rural,50-59,191,100,91,42,18,24,48,26,22,10,5,5,40,28,12,4,1,3,1,0,1,39,17,22,7,5,2
C5120ST,29,580,District-Yadgir,Rural,60-69,214,106,108,79,31,48,42,20,22,5,4,1,45,27,18,5,3,2,1,1,0,26,13,13,11,7,4
C5120ST,29,580,District-Yadgir,Rural,70-79,139,56,83,75,27,48,22,12,10,3,2,1,14,6,8,1,0,1,0,0,0,10,2,8,14,7,7
C5120ST,29,580,District-Yadgir,Rural,80-89,52,13,39,22,7,15,10,2,8,0,0,0,4,0,4,0,0,0,0,0,0,8,1,7,8,3,5
C5120ST,29,580,District-Yadgir,Rural,90+,14,6,8,3,0,3,4,3,1,0,0,0,1,1,0,0,0,0,0,0,0,1,1,0,5,1,4
C5120ST,29,580,District-Yadgir,Rural,Age Not Stated,1,1,0,0,0,0,0,0,0,0,0,0,0,0,0,0,0,0,0,0,0,0,0,0,1,1,0
C5120ST,29,580,District-Yadgir,Urban,Total,365,191,174,49,21,28,87,35,52,20,11,9,94,58,36,28,14,14,3,1,2,64,39,25,20,12,8
C5120ST,29,580,District-Yadgir,Urban,0-4,26,14,12,2,0,2,12,8,4,0,0,0,1,0,1,5,1,4,0,0,0,3,3,0,3,2,1
C5120ST,29,580,District-Yadgir,Urban,5-9,42,21,21,7,4,3,12,6,6,1,0,1,7,4,3,1,0,1,0,0,0,10,5,5,4,2,2
C5120ST,29,580,District-Yadgir,Urban,10-19,87,49,38,8,4,4,15,6,9,7,4,3,30,18,12,9,5,4,0,0,0,15,10,5,3,2,1
C5120ST,29,580,District-Yadgir,Urban,20-29,57,34,23,5,2,3,8,4,4,4,3,1,21,14,7,4,3,1,0,0,0,14,8,6,1,0,1
C5120ST,29,580,District-Yadgir,Urban,30-39,47,20,27,8,2,6,14,5,9,3,1,2,9,5,4,2,1,1,1,0,1,8,5,3,2,1,1
C5120ST,29,580,District-Yadgir,Urban,40-49,41,25,16,7,4,3,5,2,3,5,3,2,13,9,4,2,1,1,0,0,0,6,3,3,3,3,0
C5120ST,29,580,District-Yadgir,Urban,50-59,27,18,9,5,3,2,5,2,3,0,0,0,6,6,0,4,2,2,0,0,0,7,5,2,0,0,0
C5120ST,29,580,District-Yadgir,Urban,60-69,26,9,17,5,2,3,11,1,10,0,0,0,5,2,3,1,1,0,1,1,0,1,0,1,2,2,0
C5120ST,29,580,District-Yadgir,Urban,70-79,8,0,8,2,0,2,3,0,3,0,0,0,2,0,2,0,0,0,0,0,0,0,0,0,1,0,1
C5120ST,29,580,District-Yadgir,Urban,80-89,4,1,3,0,0,0,2,1,1,0,0,0,0,0,0,0,0,0,1,0,1,0,0,0,1,0,1
C5120ST,29,580,District-Yadgir,Urban,90+,0,0,0,0,0,0,0,0,0,0,0,0,0,0,0,0,0,0,0,0,0,0,0,0,0,0,0
C5120ST,29,580,District-Yadgir,Urban,Age Not Stated,0,0,0,0,0,0,0,0,0,0,0,0,0,0,0,0,0,0,0,0,0,0,0,0,0,0,0
C5120ST,29,581,District-Kolar,Total,Total,1617,874,743,245,117,128,375,196,179,114,61,53,368,238,130,91,49,42,31,12,19,254,130,124,139,71,68
C5120ST,29,581,District-Kolar,Total,0-4,66,37,29,6,3,3,18,11,7,2,1,1,7,4,3,5,4,1,0,0,0,23,12,11,5,2,3
C5120ST,29,581,District-Kolar,Total,5-9,131,70,61,14,9,5,27,9,18,18,12,6,25,14,11,14,10,4,3,2,1,18,9,9,12,5,7
C5120ST,29,581,District-Kolar,Total,10-19,330,175,155,39,19,20,69,36,33,42,22,20,47,30,17,29,16,13,8,3,5,48,23,25,48,26,22
C5120ST,29,581,District-Kolar,Total,20-29,228,116,112,28,14,14,48,24,24,11,6,5,56,37,19,16,7,9,4,0,4,37,15,22,28,13,15
C5120ST,29,581,District-Kolar,Total,30-39,232,114,118,27,12,15,52,24,28,22,10,12,60,38,22,10,1,9,8,3,5,44,22,22,9,4,5
C5120ST,29,581,District-Kolar,Total,40-49,164,103,61,18,11,7,50,29,21,12,7,5,43,29,14,6,5,1,3,1,2,24,17,7,8,4,4
C5120ST,29,581,District-Kolar,Total,50-59,117,75,42,17,8,9,34,22,12,1,0,1,32,27,5,7,4,3,2,0,2,20,12,8,4,2,2
C5120ST,29,581,District-Kolar,Total,60-69,161,96,65,36,17,19,33,19,14,3,2,1,57,37,20,1,1,0,2,2,0,23,13,10,6,5,1
C5120ST,29,581,District-Kolar,Total,70-79,113,60,53,34,15,19,24,13,11,3,1,2,28,19,9,3,1,2,0,0,0,10,5,5,11,6,5
C5120ST,29,581,District-Kolar,Total,80-89,55,23,32,17,9,8,16,7,9,0,0,0,11,3,8,0,0,0,0,0,0,5,1,4,6,3,3
C5120ST,29,581,District-Kolar,Total,90+,17,4,13,7,0,7,4,2,2,0,0,0,2,0,2,0,0,0,0,0,0,2,1,1,2,1,1
C5120ST,29,581,District-Kolar,Total,Age Not Stated,3,1,2,2,0,2,0,0,0,0,0,0,0,0,0,0,0,0,1,1,0,0,0,0,0,0,0
C5120ST,29,581,District-Kolar,Rural,Total,1457,792,665,210,99,111,357,190,167,95,53,42,337,217,120,81,44,37,26,12,14,219,111,108,132,66,66
C5120ST,29,581,District-Kolar,Rural,0-4,59,34,25,5,3,2,18,11,7,2,1,1,6,4,2,5,4,1,0,0,0,19,10,9,4,1,3
C5120ST,29,581,District-Kolar,Rural,5-9,120,64,56,10,6,4,25,9,16,18,12,6,23,14,9,12,8,4,3,2,1,17,8,9,12,5,7
C5120ST,29,581,District-Kolar,Rural,10-19,285,150,135,28,10,18,64,34,30,34,19,15,41,26,15,29,16,13,7,3,4,39,19,20,43,23,20
C5120ST,29,581,District-Kolar,Rural,20-29,202,103,99,24,12,12,43,21,22,8,4,4,50,33,17,15,6,9,3,0,3,31,14,17,28,13,15
C5120ST,29,581,District-Kolar,Rural,30-39,209,105,104,24,11,13,48,24,24,21,10,11,58,36,22,7,0,7,6,3,3,36,17,19,9,4,5
C5120ST,29,581,District-Kolar,Rural,40-49,153,96,57,17,11,6,49,28,21,9,6,3,40,27,13,5,4,1,3,1,2,23,16,7,7,3,4
C5120ST,29,581,District-Kolar,Rural,50-59,102,70,32,13,8,5,33,22,11,0,0,0,29,24,5,5,4,1,1,0,1,17,10,7,4,2,2
C5120ST,29,581,District-Kolar,Rural,60-69,151,86,65,35,16,19,33,19,14,2,1,1,51,31,20,1,1,0,2,2,0,21,11,10,6,5,1
C5120ST,29,581,District-Kolar,Rural,70-79,106,57,49,30,13,17,24,13,11,1,0,1,28,19,9,2,1,1,0,0,0,10,5,5,11,6,5
C5120ST,29,581,District-Kolar,Rural,80-89,51,22,29,16,9,7,16,7,9,0,0,0,9,3,6,0,0,0,0,0,0,4,0,4,6,3,3
C5120ST,29,581,District-Kolar,Rural,90+,16,4,12,6,0,6,4,2,2,0,0,0,2,0,2,0,0,0,0,0,0,2,1,1,2,1,1
C5120ST,29,581,District-Kolar,Rural,Age Not Stated,3,1,2,2,0,2,0,0,0,0,0,0,0,0,0,0,0,0,1,1,0,0,0,0,0,0,0
C5120ST,29,581,District-Kolar,Urban,Total,160,82,78,35,18,17,18,6,12,19,8,11,31,21,10,10,5,5,5,0,5,35,19,16,7,5,2
C5120ST,29,581,District-Kolar,Urban,0-4,7,3,4,1,0,1,0,0,0,0,0,0,1,0,1,0,0,0,0,0,0,4,2,2,1,1,0
C5120ST,29,581,District-Kolar,Urban,5-9,11,6,5,4,3,1,2,0,2,0,0,0,2,0,2,2,2,0,0,0,0,1,1,0,0,0,0
C5120ST,29,581,District-Kolar,Urban,10-19,45,25,20,11,9,2,5,2,3,8,3,5,6,4,2,0,0,0,1,0,1,9,4,5,5,3,2
C5120ST,29,581,District-Kolar,Urban,20-29,26,13,13,4,2,2,5,3,2,3,2,1,6,4,2,1,1,0,1,0,1,6,1,5,0,0,0
C5120ST,29,581,District-Kolar,Urban,30-39,23,9,14,3,1,2,4,0,4,1,0,1,2,2,0,3,1,2,2,0,2,8,5,3,0,0,0
C5120ST,29,581,District-Kolar,Urban,40-49,11,7,4,1,0,1,1,1,0,3,1,2,3,2,1,1,1,0,0,0,0,1,1,0,1,1,0
C5120ST,29,581,District-Kolar,Urban,50-59,15,5,10,4,0,4,1,0,1,1,0,1,3,3,0,2,0,2,1,0,1,3,2,1,0,0,0
C5120ST,29,581,District-Kolar,Urban,60-69,10,10,0,1,1,0,0,0,0,1,1,0,6,6,0,0,0,0,0,0,0,2,2,0,0,0,0
C5120ST,29,581,District-Kolar,Urban,70-79,7,3,4,4,2,2,0,0,0,2,1,1,0,0,0,1,0,1,0,0,0,0,0,0,0,0,0
C5120ST,29,581,District-Kolar,Urban,80-89,4,1,3,1,0,1,0,0,0,0,0,0,2,0,2,0,0,0,0,0,0,1,1,0,0,0,0
C5120ST,29,581,District-Kolar,Urban,90+,1,0,1,1,0,1,0,0,0,0,0,0,0,0,0,0,0,0,0,0,0,0,0,0,0,0,0
C5120ST,29,581,District-Kolar,Urban,Age Not Stated,0,0,0,0,0,0,0,0,0,0,0,0,0,0,0,0,0,0,0,0,0,0,0,0,0,0,0
C5120ST,29,582,District-Chikkaballapura,Total,Total,3593,2002,1591,679,343,336,537,288,249,239,135,104,898,587,311,269,130,139,66,31,35,574,311,263,331,177,154
C5120ST,29,582,District-Chikkaballapura,Total,0-4,101,54,47,28,11,17,13,8,5,3,2,1,7,4,3,9,3,6,0,0,0,34,21,13,7,5,2
C5120ST,29,582,District-Chikkaballapura,Total,5-9,260,155,105,32,15,17,38,21,17,37,24,13,31,22,9,28,19,9,1,0,1,53,30,23,40,24,16
C5120ST,29,582,District-Chikkaballapura,Total,10-19,658,356,302,100,64,36,86,46,40,69,41,28,114,64,50,80,35,45,9,2,7,123,63,60,77,41,36
C5120ST,29,582,District-Chikkaballapura,Total,20-29,552,299,253,80,44,36,68,40,28,49,19,30,161,101,60,57,29,28,10,2,8,75,40,35,52,24,28
C5120ST,29,582,District-Chikkaballapura,Total,30-39,464,277,187,66,35,31,70,36,34,26,16,10,141,107,34,39,19,20,11,4,7,77,37,40,34,23,11
C5120ST,29,582,District-Chikkaballapura,Total,40-49,408,251,157,83,37,46,67,38,29,26,12,14,116,85,31,22,12,10,11,8,3,60,43,17,23,16,7
C5120ST,29,582,District-Chikkaballapura,Total,50-59,341,195,146,66,26,40,56,30,26,11,10,1,118,81,37,17,7,10,10,5,5,53,29,24,10,7,3
C5120ST,29,582,District-Chikkaballapura,Total,60-69,372,204,168,71,32,39,72,42,30,15,10,5,111,75,36,10,3,7,9,7,2,64,28,36,20,7,13
C5120ST,29,582,District-Chikkaballapura,Total,70-79,273,127,146,98,44,54,44,17,27,2,0,2,62,33,29,3,1,2,2,1,1,25,13,12,37,18,19
C5120ST,29,582,District-Chikkaballapura,Total,80-89,127,64,63,43,28,15,19,7,12,1,1,0,30,13,17,1,0,1,3,2,1,7,6,1,23,7,16
C5120ST,29,582,District-Chikkaballapura,Total,90+,27,12,15,8,3,5,3,2,1,0,0,0,6,1,5,1,0,1,0,0,0,3,1,2,6,5,1
C5120ST,29,582,District-Chikkaballapura,Total,Age Not Stated,10,8,2,4,4,0,1,1,0,0,0,0,1,1,0,2,2,0,0,0,0,0,0,0,2,0,2
C5120ST,29,582,District-Chikkaballapura,Rural,Total,3248,1810,1438,612,299,313,475,259,216,208,120,88,812,538,274,250,119,131,65,31,34,517,279,238,309,165,144
C5120ST,29,582,District-Chikkaballapura,Rural,0-4,89,47,42,26,10,16,10,7,3,2,1,1,6,4,2,9,3,6,0,0,0,29,17,12,7,5,2
C5120ST,29,582,District-Chikkaballapura,Rural,5-9,243,144,99,30,13,17,33,17,16,34,24,10,30,21,9,26,17,9,1,0,1,52,30,22,37,22,15
C5120ST,29,582,District-Chikkaballapura,Rural,10-19,568,306,262,76,46,30,76,42,34,58,35,23,97,57,40,76,33,43,8,2,6,107,54,53,70,37,33
C5120ST,29,582,District-Chikkaballapura,Rural,20-29,489,267,222,72,40,32,55,34,21,44,18,26,145,91,54,51,26,25,10,2,8,65,34,31,47,22,25
C5120ST,29,582,District-Chikkaballapura,Rural,30-39,415,250,165,61,31,30,62,33,29,20,12,8,126,98,28,35,16,19,11,4,7,68,33,35,32,23,9
C5120ST,29,582,District-Chikkaballapura,Rural,40-49,368,226,142,75,34,41,59,35,24,24,11,13,104,75,29,22,12,10,11,8,3,53,38,15,20,13,7
C5120ST,29,582,District-Chikkaballapura,Rural,50-59,316,184,132,61,24,37,53,29,24,10,9,1,106,75,31,16,7,9,10,5,5,50,28,22,10,7,3
C5120ST,29,582,District-Chikkaballapura,Rural,60-69,344,187,157,64,28,36,67,39,28,13,9,4,102,69,33,9,3,6,9,7,2,61,26,35,19,6,13
C5120ST,29,582,District-Chikkaballapura,Rural,70-79,267,125,142,98,44,54,42,16,26,2,0,2,61,33,28,3,1,2,2,1,1,23,12,11,36,18,18
C5120ST,29,582,District-Chikkaballapura,Rural,80-89,120,61,59,41,26,15,16,6,10,1,1,0,28,13,15,1,0,1,3,2,1,7,6,1,23,7,16
C5120ST,29,582,District-Chikkaballapura,Rural,90+,25,11,14,8,3,5,2,1,1,0,0,0,6,1,5,1,0,1,0,0,0,2,1,1,6,5,1
C5120ST,29,582,District-Chikkaballapura,Rural,Age Not Stated,4,2,2,0,0,0,0,0,0,0,0,0,1,1,0,1,1,0,0,0,0,0,0,0,2,0,2
C5120ST,29,582,District-Chikkaballapura,Urban,Total,345,192,153,67,44,23,62,29,33,31,15,16,86,49,37,19,11,8,1,0,1,57,32,25,22,12,10
C5120ST,29,582,District-Chikkaballapura,Urban,0-4,12,7,5,2,1,1,3,1,2,1,1,0,1,0,1,0,0,0,0,0,0,5,4,1,0,0,0
C5120ST,29,582,District-Chikkaballapura,Urban,5-9,17,11,6,2,2,0,5,4,1,3,0,3,1,1,0,2,2,0,0,0,0,1,0,1,3,2,1
C5120ST,29,582,District-Chikkaballapura,Urban,10-19,90,50,40,24,18,6,10,4,6,11,6,5,17,7,10,4,2,2,1,0,1,16,9,7,7,4,3
C5120ST,29,582,District-Chikkaballapura,Urban,20-29,63,32,31,8,4,4,13,6,7,5,1,4,16,10,6,6,3,3,0,0,0,10,6,4,5,2,3
C5120ST,29,582,District-Chikkaballapura,Urban,30-39,49,27,22,5,4,1,8,3,5,6,4,2,15,9,6,4,3,1,0,0,0,9,4,5,2,0,2
C5120ST,29,582,District-Chikkaballapura,Urban,40-49,40,25,15,8,3,5,8,3,5,2,1,1,12,10,2,0,0,0,0,0,0,7,5,2,3,3,0
C5120ST,29,582,District-Chikkaballapura,Urban,50-59,25,11,14,5,2,3,3,1,2,1,1,0,12,6,6,1,0,1,0,0,0,3,1,2,0,0,0
C5120ST,29,582,District-Chikkaballapura,Urban,60-69,28,17,11,7,4,3,5,3,2,2,1,1,9,6,3,1,0,1,0,0,0,3,2,1,1,1,0
C5120ST,29,582,District-Chikkaballapura,Urban,70-79,6,2,4,0,0,0,2,1,1,0,0,0,1,0,1,0,0,0,0,0,0,2,1,1,1,0,1
C5120ST,29,582,District-Chikkaballapura,Urban,80-89,7,3,4,2,2,0,3,1,2,0,0,0,2,0,2,0,0,0,0,0,0,0,0,0,0,0,0
C5120ST,29,582,District-Chikkaballapura,Urban,90+,2,1,1,0,0,0,1,1,0,0,0,0,0,0,0,0,0,0,0,0,0,1,0,1,0,0,0
C5120ST,29,582,District-Chikkaballapura,Urban,Age Not Stated,6,6,0,4,4,0,1,1,0,0,0,0,0,0,0,1,1,0,0,0,0,0,0,0,0,0,0
C5120ST,29,583,District-Bangalore Rural,Total,Total,1034,599,435,143,75,68,153,75,78,100,63,37,251,167,84,59,31,28,8,5,3,217,129,88,103,54,49
C5120ST,29,583,District-Bangalore Rural,Total,0-4,33,16,17,3,1,2,7,2,5,1,1,0,7,5,2,2,1,1,0,0,0,10,5,5,3,1,2
C5120ST,29,583,District-Bangalore Rural,Total,5-9,72,41,31,8,6,2,13,6,7,12,7,5,12,4,8,5,3,2,1,0,1,8,6,2,13,9,4
C5120ST,29,583,District-Bangalore Rural,Total,10-19,214,125,89,22,16,6,27,11,16,31,20,11,24,15,9,21,10,11,3,2,1,58,34,24,28,17,11
C5120ST,29,583,District-Bangalore Rural,Total,20-29,201,113,88,19,7,12,27,15,12,23,15,8,61,40,21,9,6,3,0,0,0,46,26,20,16,4,12
C5120ST,29,583,District-Bangalore Rural,Total,30-39,152,85,67,19,10,9,20,15,5,13,7,6,46,26,20,5,2,3,1,0,1,37,19,18,11,6,5
C5120ST,29,583,District-Bangalore Rural,Total,40-49,126,78,48,18,11,7,21,7,14,10,5,5,38,33,5,9,4,5,2,2,0,22,13,9,6,3,3
C5120ST,29,583,District-Bangalore Rural,Total,50-59,78,53,25,13,7,6,10,8,2,5,3,2,26,19,7,3,1,2,1,1,0,14,11,3,6,3,3
C5120ST,29,583,District-Bangalore Rural,Total,60-69,72,39,33,16,6,10,15,6,9,2,2,0,19,13,6,1,1,0,0,0,0,14,9,5,5,2,3
C5120ST,29,583,District-Bangalore Rural,Total,70-79,57,33,24,18,9,9,10,4,6,2,2,0,12,9,3,3,2,1,0,0,0,5,4,1,7,3,4
C5120ST,29,583,District-Bangalore Rural,Total,80-89,23,12,11,6,1,5,3,1,2,0,0,0,5,3,2,1,1,0,0,0,0,3,2,1,5,4,1
C5120ST,29,583,District-Bangalore Rural,Total,90+,5,3,2,1,1,0,0,0,0,1,1,0,1,0,1,0,0,0,0,0,0,0,0,0,2,1,1
C5120ST,29,583,District-Bangalore Rural,Total,Age Not Stated,1,1,0,0,0,0,0,0,0,0,0,0,0,0,0,0,0,0,0,0,0,0,0,0,1,1,0
C5120ST,29,583,District-Bangalore Rural,Rural,Total,871,506,365,115,59,56,137,65,72,81,53,28,201,139,62,49,26,23,8,5,3,196,115,81,84,44,40
C5120ST,29,583,District-Bangalore Rural,Rural,0-4,28,13,15,2,1,1,6,2,4,0,0,0,6,4,2,1,0,1,0,0,0,10,5,5,3,1,2
C5120ST,29,583,District-Bangalore Rural,Rural,5-9,60,37,23,5,3,2,12,6,6,10,7,3,8,4,4,5,3,2,1,0,1,8,6,2,11,8,3
C5120ST,29,583,District-Bangalore Rural,Rural,10-19,180,106,74,21,15,6,22,8,14,27,18,9,18,12,6,15,8,7,3,2,1,51,30,21,23,13,10
C5120ST,29,583,District-Bangalore Rural,Rural,20-29,167,96,71,14,5,9,23,12,11,19,14,5,45,31,14,9,6,3,0,0,0,45,25,20,12,3,9
C5120ST,29,583,District-Bangalore Rural,Rural,30-39,124,71,53,16,8,8,19,14,5,6,2,4,37,24,13,5,2,3,1,0,1,32,16,16,8,5,3
C5120ST,29,583,District-Bangalore Rural,Rural,40-49,115,70,45,15,9,6,20,6,14,10,5,5,35,30,5,8,4,4,2,2,0,20,11,9,5,3,2
C5120ST,29,583,District-Bangalore Rural,Rural,50-59,67,44,23,10,5,5,10,8,2,5,3,2,22,15,7,3,1,2,1,1,0,12,10,2,4,1,3
C5120ST,29,583,District-Bangalore Rural,Rural,60-69,61,31,30,12,4,8,14,5,9,1,1,0,15,10,5,1,1,0,0,0,0,13,8,5,5,2,3
C5120ST,29,583,District-Bangalore Rural,Rural,70-79,46,25,21,15,7,8,9,4,5,2,2,0,10,7,3,2,1,1,0,0,0,3,2,1,5,2,3
C5120ST,29,583,District-Bangalore Rural,Rural,80-89,17,9,8,4,1,3,2,0,2,0,0,0,4,2,2,0,0,0,0,0,0,2,2,0,5,4,1
C5120ST,29,583,District-Bangalore Rural,Rural,90+,5,3,2,1,1,0,0,0,0,1,1,0,1,0,1,0,0,0,0,0,0,0,0,0,2,1,1
C5120ST,29,583,District-Bangalore Rural,Rural,Age Not Stated,1,1,0,0,0,0,0,0,0,0,0,0,0,0,0,0,0,0,0,0,0,0,0,0,1,1,0
C5120ST,29,583,District-Bangalore Rural,Urban,Total,163,93,70,28,16,12,16,10,6,19,10,9,50,28,22,10,5,5,0,0,0,21,14,7,19,10,9
C5120ST,29,583,District-Bangalore Rural,Urban,0-4,5,3,2,1,0,1,1,0,1,1,1,0,1,1,0,1,1,0,0,0,0,0,0,0,0,0,0
C5120ST,29,583,District-Bangalore Rural,Urban,5-9,12,4,8,3,3,0,1,0,1,2,0,2,4,0,4,0,0,0,0,0,0,0,0,0,2,1,1
C5120ST,29,583,District-Bangalore Rural,Urban,10-19,34,19,15,1,1,0,5,3,2,4,2,2,6,3,3,6,2,4,0,0,0,7,4,3,5,4,1
C5120ST,29,583,District-Bangalore Rural,Urban,20-29,34,17,17,5,2,3,4,3,1,4,1,3,16,9,7,0,0,0,0,0,0,1,1,0,4,1,3
C5120ST,29,583,District-Bangalore Rural,Urban,30-39,28,14,14,3,2,1,1,1,0,7,5,2,9,2,7,0,0,0,0,0,0,5,3,2,3,1,2
C5120ST,29,583,District-Bangalore Rural,Urban,40-49,11,8,3,3,2,1,1,1,0,0,0,0,3,3,0,1,0,1,0,0,0,2,2,0,1,0,1
C5120ST,29,583,District-Bangalore Rural,Urban,50-59,11,9,2,3,2,1,0,0,0,0,0,0,4,4,0,0,0,0,0,0,0,2,1,1,2,2,0
C5120ST,29,583,District-Bangalore Rural,Urban,60-69,11,8,3,4,2,2,1,1,0,1,1,0,4,3,1,0,0,0,0,0,0,1,1,0,0,0,0
C5120ST,29,583,District-Bangalore Rural,Urban,70-79,11,8,3,3,2,1,1,0,1,0,0,0,2,2,0,1,1,0,0,0,0,2,2,0,2,1,1
C5120ST,29,583,District-Bangalore Rural,Urban,80-89,6,3,3,2,0,2,1,1,0,0,0,0,1,1,0,1,1,0,0,0,0,1,0,1,0,0,0
C5120ST,29,583,District-Bangalore Rural,Urban,90+,0,0,0,0,0,0,0,0,0,0,0,0,0,0,0,0,0,0,0,0,0,0,0,0,0,0,0
C5120ST,29,583,District-Bangalore Rural,Urban,Age Not Stated,0,0,0,0,0,0,0,0,0,0,0,0,0,0,0,0,0,0,0,0,0,0,0,0,0,0,0
C5120ST,29,584,District-Ramanagara,Total,Total,372,189,183,69,33,36,70,36,34,58,27,31,68,43,25,28,11,17,8,3,5,43,19,24,28,17,11
C5120ST,29,584,District-Ramanagara,Total,0-4,13,8,5,4,2,2,1,1,0,1,1,0,1,1,0,0,0,0,1,1,0,3,1,2,2,1,1
C5120ST,29,584,District-Ramanagara,Total,5-9,25,8,17,2,1,1,6,4,2,4,0,4,4,2,2,2,0,2,0,0,0,5,1,4,2,0,2
C5120ST,29,584,District-Ramanagara,Total,10-19,84,44,40,16,7,9,13,10,3,15,7,8,10,5,5,10,4,6,0,0,0,10,5,5,10,6,4
C5120ST,29,584,District-Ramanagara,Total,20-29,65,36,29,9,7,2,10,5,5,13,7,6,18,10,8,6,3,3,0,0,0,6,1,5,3,3,0
C5120ST,29,584,District-Ramanagara,Total,30-39,41,22,19,2,2,0,9,2,7,9,4,5,7,5,2,5,3,2,1,0,1,6,5,1,2,1,1
C5120ST,29,584,District-Ramanagara,Total,40-49,41,22,19,7,4,3,6,3,3,7,4,3,10,6,4,2,0,2,1,1,0,5,2,3,3,2,1
C5120ST,29,584,District-Ramanagara,Total,50-59,38,16,22,10,3,7,12,4,8,4,2,2,4,3,1,2,0,2,1,0,1,4,3,1,1,1,0
C5120ST,29,584,District-Ramanagara,Total,60-69,23,11,12,4,1,3,2,1,1,4,1,3,6,5,1,1,1,0,2,0,2,2,0,2,2,2,0
C5120ST,29,584,District-Ramanagara,Total,70-79,27,17,10,10,6,4,7,5,2,1,1,0,6,4,2,0,0,0,2,1,1,1,0,1,0,0,0
C5120ST,29,584,District-Ramanagara,Total,80-89,13,5,8,4,0,4,4,1,3,0,0,0,2,2,0,0,0,0,0,0,0,1,1,0,2,1,1
C5120ST,29,584,District-Ramanagara,Total,90+,2,0,2,1,0,1,0,0,0,0,0,0,0,0,0,0,0,0,0,0,0,0,0,0,1,0,1
C5120ST,29,584,District-Ramanagara,Total,Age Not Stated,0,0,0,0,0,0,0,0,0,0,0,0,0,0,0,0,0,0,0,0,0,0,0,0,0,0,0
C5120ST,29,584,District-Ramanagara,Rural,Total,318,161,157,61,30,31,60,29,31,46,21,25,61,39,22,25,9,16,7,3,4,35,16,19,23,14,9
C5120ST,29,584,District-Ramanagara,Rural,0-4,11,8,3,3,2,1,1,1,0,1,1,0,1,1,0,0,0,0,1,1,0,3,1,2,1,1,0
C5120ST,29,584,District-Ramanagara,Rural,5-9,22,8,14,2,1,1,6,4,2,4,0,4,3,2,1,2,0,2,0,0,0,3,1,2,2,0,2
C5120ST,29,584,District-Ramanagara,Rural,10-19,68,34,34,13,6,7,8,5,3,12,5,7,8,4,4,9,4,5,0,0,0,9,4,5,9,6,3
C5120ST,29,584,District-Ramanagara,Rural,20-29,57,32,25,8,7,1,10,5,5,9,4,5,17,10,7,5,2,3,0,0,0,5,1,4,3,3,0
C5120ST,29,584,District-Ramanagara,Rural,30-39,35,20,15,2,2,0,7,2,5,8,4,4,6,4,2,5,3,2,1,0,1,5,5,0,1,0,1
C5120ST,29,584,District-Ramanagara,Rural,40-49,33,17,16,6,3,3,6,3,3,4,3,1,9,5,4,2,0,2,1,1,0,3,1,2,2,1,1
C5120ST,29,584,District-Ramanagara,Rural,50-59,31,12,19,8,2,6,10,3,7,4,2,2,3,2,1,2,0,2,0,0,0,3,2,1,1,1,0
C5120ST,29,584,District-Ramanagara,Rural,60-69,20,9,11,4,1,3,2,1,1,3,1,2,6,5,1,0,0,0,2,0,2,2,0,2,1,1,0
C5120ST,29,584,District-Ramanagara,Rural,70-79,26,16,10,10,6,4,6,4,2,1,1,0,6,4,2,0,0,0,2,1,1,1,0,1,0,0,0
C5120ST,29,584,District-Ramanagara,Rural,80-89,13,5,8,4,0,4,4,1,3,0,0,0,2,2,0,0,0,0,0,0,0,1,1,0,2,1,1
C5120ST,29,584,District-Ramanagara,Rural,90+,2,0,2,1,0,1,0,0,0,0,0,0,0,0,0,0,0,0,0,0,0,0,0,0,1,0,1
C5120ST,29,584,District-Ramanagara,Rural,Age Not Stated,0,0,0,0,0,0,0,0,0,0,0,0,0,0,0,0,0,0,0,0,0,0,0,0,0,0,0
C5120ST,29,584,District-Ramanagara,Urban,Total,54,28,26,8,3,5,10,7,3,12,6,6,7,4,3,3,2,1,1,0,1,8,3,5,5,3,2
C5120ST,29,584,District-Ramanagara,Urban,0-4,2,0,2,1,0,1,0,0,0,0,0,0,0,0,0,0,0,0,0,0,0,0,0,0,1,0,1
C5120ST,29,584,District-Ramanagara,Urban,5-9,3,0,3,0,0,0,0,0,0,0,0,0,1,0,1,0,0,0,0,0,0,2,0,2,0,0,0
C5120ST,29,584,District-Ramanagara,Urban,10-19,16,10,6,3,1,2,5,5,0,3,2,1,2,1,1,1,0,1,0,0,0,1,1,0,1,0,1
C5120ST,29,584,District-Ramanagara,Urban,20-29,8,4,4,1,0,1,0,0,0,4,3,1,1,0,1,1,1,0,0,0,0,1,0,1,0,0,0
C5120ST,29,584,District-Ramanagara,Urban,30-39,6,2,4,0,0,0,2,0,2,1,0,1,1,1,0,0,0,0,0,0,0,1,0,1,1,1,0
C5120ST,29,584,District-Ramanagara,Urban,40-49,8,5,3,1,1,0,0,0,0,3,1,2,1,1,0,0,0,0,0,0,0,2,1,1,1,1,0
C5120ST,29,584,District-Ramanagara,Urban,50-59,7,4,3,2,1,1,2,1,1,0,0,0,1,1,0,0,0,0,1,0,1,1,1,0,0,0,0
C5120ST,29,584,District-Ramanagara,Urban,60-69,3,2,1,0,0,0,0,0,0,1,0,1,0,0,0,1,1,0,0,0,0,0,0,0,1,1,0
C5120ST,29,584,District-Ramanagara,Urban,70-79,1,1,0,0,0,0,1,1,0,0,0,0,0,0,0,0,0,0,0,0,0,0,0,0,0,0,0
C5120ST,29,584,District-Ramanagara,Urban,80-89,0,0,0,0,0,0,0,0,0,0,0,0,0,0,0,0,0,0,0,0,0,0,0,0,0,0,0
C5120ST,29,584,District-Ramanagara,Urban,90+,0,0,0,0,0,0,0,0,0,0,0,0,0,0,0,0,0,0,0,0,0,0,0,0,0,0,0
C5120ST,29,584,District-Ramanagara,Urban,Age Not Stated,0,0,0,0,0,0,0,0,0,0,0,0,0,0,0,0,0,0,0,0,0,0,0,0,0,0,0
C5120ST,30,0,State-GOA,Total,Total,3546,1795,1751,564,270,294,595,274,321,360,182,178,702,419,283,156,84,72,183,102,81,673,324,349,313,140,173
C5120ST,30,0,State-GOA,Total,0-4,101,44,57,13,6,7,17,6,11,6,3,3,8,3,5,3,1,2,3,2,1,43,21,22,8,2,6
C5120ST,30,0,State-GOA,Total,5-9,146,81,65,8,6,2,23,12,11,34,17,17,15,9,6,11,7,4,3,2,1,37,18,19,15,10,5
C5120ST,30,0,State-GOA,Total,10-19,350,190,160,49,29,20,49,19,30,58,33,25,39,26,13,32,22,10,8,6,2,81,41,40,34,14,20
C5120ST,30,0,State-GOA,Total,20-29,412,214,198,39,20,19,56,32,24,57,25,32,66,35,31,35,20,15,34,15,19,84,43,41,41,24,17
C5120ST,30,0,State-GOA,Total,30-39,615,345,270,63,28,35,98,55,43,76,36,40,139,89,50,30,16,14,45,33,12,122,69,53,42,19,23
C5120ST,30,0,State-GOA,Total,40-49,535,325,210,89,53,36,83,50,33,49,28,21,109,87,22,23,10,13,46,28,18,104,49,55,32,20,12
C5120ST,30,0,State-GOA,Total,50-59,446,244,202,101,49,52,60,32,28,37,23,14,96,65,31,6,4,2,20,8,12,86,41,45,40,22,18
C5120ST,30,0,State-GOA,Total,60-69,522,217,305,124,49,75,115,34,81,32,14,18,117,68,49,9,2,7,15,5,10,72,29,43,38,16,22
C5120ST,30,0,State-GOA,Total,70-79,270,86,184,52,19,33,66,24,42,7,2,5,74,29,45,6,2,4,5,2,3,25,4,21,35,4,31
C5120ST,30,0,State-GOA,Total,80-89,117,35,82,19,8,11,21,7,14,4,1,3,35,8,27,1,0,1,2,0,2,15,6,9,20,5,15
C5120ST,30,0,State-GOA,Total,90+,27,10,17,7,3,4,7,3,4,0,0,0,3,0,3,0,0,0,1,0,1,2,1,1,7,3,4
C5120ST,30,0,State-GOA,Total,Age Not Stated,5,4,1,0,0,0,0,0,0,0,0,0,1,0,1,0,0,0,1,1,0,2,2,0,1,1,0
C5120ST,30,0,State-GOA,Rural,Total,2217,1144,1073,350,169,181,398,190,208,211,113,98,409,250,159,94,53,41,102,56,46,444,222,222,209,91,118
C5120ST,30,0,State-GOA,Rural,0-4,63,27,36,4,3,1,16,5,11,3,1,2,5,3,2,2,1,1,0,0,0,25,12,13,8,2,6
C5120ST,30,0,State-GOA,Rural,5-9,94,56,38,4,3,1,18,10,8,18,9,9,10,8,2,6,4,2,1,0,1,27,15,12,10,7,3
C5120ST,30,0,State-GOA,Rural,10-19,223,125,98,31,19,12,30,10,20,35,22,13,26,20,6,19,13,6,4,3,1,58,32,26,20,6,14
C5120ST,30,0,State-GOA,Rural,20-29,240,124,116,23,9,14,36,21,15,31,15,16,43,25,18,20,13,7,19,7,12,48,25,23,20,9,11
C5120ST,30,0,State-GOA,Rural,30-39,377,217,160,39,17,22,72,39,33,46,25,21,75,48,27,20,10,10,24,20,4,77,46,31,24,12,12
C5120ST,30,0,State-GOA,Rural,40-49,342,206,136,59,35,24,52,34,18,32,18,14,56,46,10,17,7,10,28,16,12,69,32,37,29,18,11
C5120ST,30,0,State-GOA,Rural,50-59,269,143,126,62,29,33,38,22,16,16,11,5,54,34,20,1,1,0,14,4,10,57,28,29,27,14,13
C5120ST,30,0,State-GOA,Rural,60-69,340,146,194,76,31,45,76,24,52,22,11,11,73,41,32,6,2,4,6,4,2,52,22,30,29,11,18
C5120ST,30,0,State-GOA,Rural,70-79,167,60,107,31,14,17,43,17,26,5,1,4,43,18,25,3,2,1,3,1,2,16,3,13,23,4,19
C5120ST,30,0,State-GOA,Rural,80-89,78,28,50,15,7,8,11,5,6,3,0,3,23,7,16,0,0,0,1,0,1,12,4,8,13,5,8
C5120ST,30,0,State-GOA,Rural,90+,20,8,12,6,2,4,6,3,3,0,0,0,1,0,1,0,0,0,1,0,1,1,1,0,5,2,3
C5120ST,30,0,State-GOA,Rural,Age Not Stated,4,4,0,0,0,0,0,0,0,0,0,0,0,0,0,0,0,0,1,1,0,2,2,0,1,1,0
C5120ST,30,0,State-GOA,Urban,Total,1329,651,678,214,101,113,197,84,113,149,69,80,293,169,124,62,31,31,81,46,35,229,102,127,104,49,55
C5120ST,30,0,State-GOA,Urban,0-4,38,17,21,9,3,6,1,1,0,3,2,1,3,0,3,1,0,1,3,2,1,18,9,9,0,0,0
C5120ST,30,0,State-GOA,Urban,5-9,52,25,27,4,3,1,5,2,3,16,8,8,5,1,4,5,3,2,2,2,0,10,3,7,5,3,2
C5120ST,30,0,State-GOA,Urban,10-19,127,65,62,18,10,8,19,9,10,23,11,12,13,6,7,13,9,4,4,3,1,23,9,14,14,8,6
C5120ST,30,0,State-GOA,Urban,20-29,172,90,82,16,11,5,20,11,9,26,10,16,23,10,13,15,7,8,15,8,7,36,18,18,21,15,6
C5120ST,30,0,State-GOA,Urban,30-39,238,128,110,24,11,13,26,16,10,30,11,19,64,41,23,10,6,4,21,13,8,45,23,22,18,7,11
C5120ST,30,0,State-GOA,Urban,40-49,193,119,74,30,18,12,31,16,15,17,10,7,53,41,12,6,3,3,18,12,6,35,17,18,3,2,1
C5120ST,30,0,State-GOA,Urban,50-59,177,101,76,39,20,19,22,10,12,21,12,9,42,31,11,5,3,2,6,4,2,29,13,16,13,8,5
C5120ST,30,0,State-GOA,Urban,60-69,182,71,111,48,18,30,39,10,29,10,3,7,44,27,17,3,0,3,9,1,8,20,7,13,9,5,4
C5120ST,30,0,State-GOA,Urban,70-79,103,26,77,21,5,16,23,7,16,2,1,1,31,11,20,3,0,3,2,1,1,9,1,8,12,0,12
C5120ST,30,0,State-GOA,Urban,80-89,39,7,32,4,1,3,10,2,8,1,1,0,12,1,11,1,0,1,1,0,1,3,2,1,7,0,7
C5120ST,30,0,State-GOA,Urban,90+,7,2,5,1,1,0,1,0,1,0,0,0,2,0,2,0,0,0,0,0,0,1,0,1,2,1,1
C5120ST,30,0,State-GOA,Urban,Age Not Stated,1,0,1,0,0,0,0,0,0,0,0,0,1,0,1,0,0,0,0,0,0,0,0,0,0,0,0
C5120ST,30,585,District-North Goa,Total,Total,1293,673,620,221,101,120,272,126,146,165,90,75,191,124,67,61,33,28,76,47,29,237,116,121,70,36,34
C5120ST,30,585,District-North Goa,Total,0-4,38,16,22,4,1,3,7,2,5,4,2,2,1,0,1,1,1,0,2,2,0,18,8,10,1,0,1
C5120ST,30,585,District-North Goa,Total,5-9,54,27,27,2,2,0,7,4,3,17,8,9,3,1,2,7,4,3,2,1,1,13,7,6,3,0,3
C5120ST,30,585,District-North Goa,Total,10-19,124,63,61,18,9,9,26,12,14,23,12,11,13,8,5,8,5,3,3,1,2,25,11,14,8,5,3
C5120ST,30,585,District-North Goa,Total,20-29,167,92,75,17,9,8,32,18,14,22,12,10,20,11,9,14,9,5,16,10,6,39,19,20,7,4,3
C5120ST,30,585,District-North Goa,Total,30-39,246,143,103,28,11,17,54,28,26,39,21,18,28,23,5,13,9,4,15,13,2,57,30,27,12,8,4
C5120ST,30,585,District-North Goa,Total,40-49,203,117,86,38,20,18,40,23,17,24,12,12,33,25,8,8,3,5,19,13,6,34,17,17,7,4,3
C5120ST,30,585,District-North Goa,Total,50-59,148,92,56,30,17,13,18,12,6,19,14,5,31,22,9,3,2,1,10,5,5,29,15,14,8,5,3
C5120ST,30,585,District-North Goa,Total,60-69,175,84,91,54,24,30,48,14,34,11,7,4,33,27,6,4,0,4,5,1,4,14,6,8,6,5,1
C5120ST,30,585,District-North Goa,Total,70-79,74,21,53,19,5,14,29,9,20,2,1,1,12,4,8,2,0,2,2,1,1,4,1,3,4,0,4
C5120ST,30,585,District-North Goa,Total,80-89,52,14,38,9,2,7,11,4,7,4,1,3,14,3,11,1,0,1,1,0,1,3,1,2,9,3,6
C5120ST,30,585,District-North Goa,Total,90+,10,3,7,2,1,1,0,0,0,0,0,0,2,0,2,0,0,0,1,0,1,0,0,0,5,2,3
C5120ST,30,585,District-North Goa,Total,Age Not Stated,2,1,1,0,0,0,0,0,0,0,0,0,1,0,1,0,0,0,0,0,0,1,1,0,0,0,0
C5120ST,30,585,District-North Goa,Rural,Total,690,352,338,106,46,60,167,75,92,100,54,46,88,60,28,30,15,15,40,22,18,115,56,59,44,24,20
C5120ST,30,585,District-North Goa,Rural,0-4,16,6,10,0,0,0,7,2,5,1,0,1,0,0,0,1,1,0,0,0,0,6,3,3,1,0,1
C5120ST,30,585,District-North Goa,Rural,5-9,29,17,12,1,1,0,5,3,2,8,5,3,1,1,0,3,2,1,1,0,1,8,5,3,2,0,2
C5120ST,30,585,District-North Goa,Rural,10-19,68,33,35,5,2,3,17,6,11,15,7,8,6,6,0,4,2,2,2,1,1,15,7,8,4,2,2
C5120ST,30,585,District-North Goa,Rural,20-29,86,45,41,8,3,5,19,11,8,13,7,6,11,6,5,5,4,1,8,4,4,18,9,9,4,1,3
C5120ST,30,585,District-North Goa,Rural,30-39,136,76,60,15,4,11,40,20,20,22,13,9,11,8,3,8,5,3,8,7,1,26,14,12,6,5,1
C5120ST,30,585,District-North Goa,Rural,40-49,113,64,49,20,10,10,19,14,5,16,7,9,16,12,4,5,1,4,10,6,4,21,10,11,6,4,2
C5120ST,30,585,District-North Goa,Rural,50-59,78,46,32,16,9,7,9,4,5,12,9,3,16,12,4,0,0,0,7,2,5,12,6,6,6,4,2
C5120ST,30,585,District-North Goa,Rural,60-69,97,47,50,29,15,14,29,9,20,9,6,3,14,11,3,3,0,3,2,1,1,6,1,5,5,4,1
C5120ST,30,585,District-North Goa,Rural,70-79,30,7,23,5,1,4,17,4,13,1,0,1,3,1,2,1,0,1,1,1,0,0,0,0,2,0,2
C5120ST,30,585,District-North Goa,Rural,80-89,31,9,22,6,1,5,5,2,3,3,0,3,10,3,7,0,0,0,0,0,0,2,0,2,5,3,2
C5120ST,30,585,District-North Goa,Rural,90+,5,1,4,1,0,1,0,0,0,0,0,0,0,0,0,0,0,0,1,0,1,0,0,0,3,1,2
C5120ST,30,585,District-North Goa,Rural,Age Not Stated,1,1,0,0,0,0,0,0,0,0,0,0,0,0,0,0,0,0,0,0,0,1,1,0,0,0,0
C5120ST,30,585,District-North Goa,Urban,Total,603,321,282,115,55,60,105,51,54,65,36,29,103,64,39,31,18,13,36,25,11,122,60,62,26,12,14
C5120ST,30,585,District-North Goa,Urban,0-4,22,10,12,4,1,3,0,0,0,3,2,1,1,0,1,0,0,0,2,2,0,12,5,7,0,0,0
C5120ST,30,585,District-North Goa,Urban,5-9,25,10,15,1,1,0,2,1,1,9,3,6,2,0,2,4,2,2,1,1,0,5,2,3,1,0,1
C5120ST,30,585,District-North Goa,Urban,10-19,56,30,26,13,7,6,9,6,3,8,5,3,7,2,5,4,3,1,1,0,1,10,4,6,4,3,1
C5120ST,30,585,District-North Goa,Urban,20-29,81,47,34,9,6,3,13,7,6,9,5,4,9,5,4,9,5,4,8,6,2,21,10,11,3,3,0
C5120ST,30,585,District-North Goa,Urban,30-39,110,67,43,13,7,6,14,8,6,17,8,9,17,15,2,5,4,1,7,6,1,31,16,15,6,3,3
C5120ST,30,585,District-North Goa,Urban,40-49,90,53,37,18,10,8,21,9,12,8,5,3,17,13,4,3,2,1,9,7,2,13,7,6,1,0,1
C5120ST,30,585,District-North Goa,Urban,50-59,70,46,24,14,8,6,9,8,1,7,5,2,15,10,5,3,2,1,3,3,0,17,9,8,2,1,1
C5120ST,30,585,District-North Goa,Urban,60-69,78,37,41,25,9,16,19,5,14,2,1,1,19,16,3,1,0,1,3,0,3,8,5,3,1,1,0
C5120ST,30,585,District-North Goa,Urban,70-79,44,14,30,14,4,10,12,5,7,1,1,0,9,3,6,1,0,1,1,0,1,4,1,3,2,0,2
C5120ST,30,585,District-North Goa,Urban,80-89,21,5,16,3,1,2,6,2,4,1,1,0,4,0,4,1,0,1,1,0,1,1,1,0,4,0,4
C5120ST,30,585,District-North Goa,Urban,90+,5,2,3,1,1,0,0,0,0,0,0,0,2,0,2,0,0,0,0,0,0,0,0,0,2,1,1
C5120ST,30,585,District-North Goa,Urban,Age Not Stated,1,0,1,0,0,0,0,0,0,0,0,0,1,0,1,0,0,0,0,0,0,0,0,0,0,0,0
C5120ST,30,586,District-South Goa,Total,Total,2253,1122,1131,343,169,174,323,148,175,195,92,103,511,295,216,95,51,44,107,55,52,436,208,228,243,104,139
C5120ST,30,586,District-South Goa,Total,0-4,63,28,35,9,5,4,10,4,6,2,1,1,7,3,4,2,0,2,1,0,1,25,13,12,7,2,5
C5120ST,30,586,District-South Goa,Total,5-9,92,54,38,6,4,2,16,8,8,17,9,8,12,8,4,4,3,1,1,1,0,24,11,13,12,10,2
C5120ST,30,586,District-South Goa,Total,10-19,226,127,99,31,20,11,23,7,16,35,21,14,26,18,8,24,17,7,5,5,0,56,30,26,26,9,17
C5120ST,30,586,District-South Goa,Total,20-29,245,122,123,22,11,11,24,14,10,35,13,22,46,24,22,21,11,10,18,5,13,45,24,21,34,20,14
C5120ST,30,586,District-South Goa,Total,30-39,369,202,167,35,17,18,44,27,17,37,15,22,111,66,45,17,7,10,30,20,10,65,39,26,30,11,19
C5120ST,30,586,District-South Goa,Total,40-49,332,208,124,51,33,18,43,27,16,25,16,9,76,62,14,15,7,8,27,15,12,70,32,38,25,16,9
C5120ST,30,586,District-South Goa,Total,50-59,298,152,146,71,32,39,42,20,22,18,9,9,65,43,22,3,2,1,10,3,7,57,26,31,32,17,15
C5120ST,30,586,District-South Goa,Total,60-69,347,133,214,70,25,45,67,20,47,21,7,14,84,41,43,5,2,3,10,4,6,58,23,35,32,11,21
C5120ST,30,586,District-South Goa,Total,70-79,196,65,131,33,14,19,37,15,22,5,1,4,62,25,37,4,2,2,3,1,2,21,3,18,31,4,27
C5120ST,30,586,District-South Goa,Total,80-89,65,21,44,10,6,4,10,3,7,0,0,0,21,5,16,0,0,0,1,0,1,12,5,7,11,2,9
C5120ST,30,586,District-South Goa,Total,90+,17,7,10,5,2,3,7,3,4,0,0,0,1,0,1,0,0,0,0,0,0,2,1,1,2,1,1
C5120ST,30,586,District-South Goa,Total,Age Not Stated,3,3,0,0,0,0,0,0,0,0,0,0,0,0,0,0,0,0,1,1,0,1,1,0,1,1,0
C5120ST,30,586,District-South Goa,Rural,Total,1527,792,735,244,123,121,231,115,116,111,59,52,321,190,131,64,38,26,62,34,28,329,166,163,165,67,98
C5120ST,30,586,District-South Goa,Rural,0-4,47,21,26,4,3,1,9,3,6,2,1,1,5,3,2,1,0,1,0,0,0,19,9,10,7,2,5
C5120ST,30,586,District-South Goa,Rural,5-9,65,39,26,3,2,1,13,7,6,10,4,6,9,7,2,3,2,1,0,0,0,19,10,9,8,7,1
C5120ST,30,586,District-South Goa,Rural,10-19,155,92,63,26,17,9,13,4,9,20,15,5,20,14,6,15,11,4,2,2,0,43,25,18,16,4,12
C5120ST,30,586,District-South Goa,Rural,20-29,154,79,75,15,6,9,17,10,7,18,8,10,32,19,13,15,9,6,11,3,8,30,16,14,16,8,8
C5120ST,30,586,District-South Goa,Rural,30-39,241,141,100,24,13,11,32,19,13,24,12,12,64,40,24,12,5,7,16,13,3,51,32,19,18,7,11
C5120ST,30,586,District-South Goa,Rural,40-49,229,142,87,39,25,14,33,20,13,16,11,5,40,34,6,12,6,6,18,10,8,48,22,26,23,14,9
C5120ST,30,586,District-South Goa,Rural,50-59,191,97,94,46,20,26,29,18,11,4,2,2,38,22,16,1,1,0,7,2,5,45,22,23,21,10,11
C5120ST,30,586,District-South Goa,Rural,60-69,243,99,144,47,16,31,47,15,32,13,5,8,59,30,29,3,2,1,4,3,1,46,21,25,24,7,17
C5120ST,30,586,District-South Goa,Rural,70-79,137,53,84,26,13,13,26,13,13,4,1,3,40,17,23,2,2,0,2,0,2,16,3,13,21,4,17
C5120ST,30,586,District-South Goa,Rural,80-89,47,19,28,9,6,3,6,3,3,0,0,0,13,4,9,0,0,0,1,0,1,10,4,6,8,2,6
C5120ST,30,586,District-South Goa,Rural,90+,15,7,8,5,2,3,6,3,3,0,0,0,1,0,1,0,0,0,0,0,0,1,1,0,2,1,1
C5120ST,30,586,District-South Goa,Rural,Age Not Stated,3,3,0,0,0,0,0,0,0,0,0,0,0,0,0,0,0,0,1,1,0,1,1,0,1,1,0
C5120ST,30,586,District-South Goa,Urban,Total,726,330,396,99,46,53,92,33,59,84,33,51,190,105,85,31,13,18,45,21,24,107,42,65,78,37,41
C5120ST,30,586,District-South Goa,Urban,0-4,16,7,9,5,2,3,1,1,0,0,0,0,2,0,2,1,0,1,1,0,1,6,4,2,0,0,0
C5120ST,30,586,District-South Goa,Urban,5-9,27,15,12,3,2,1,3,1,2,7,5,2,3,1,2,1,1,0,1,1,0,5,1,4,4,3,1
C5120ST,30,586,District-South Goa,Urban,10-19,71,35,36,5,3,2,10,3,7,15,6,9,6,4,2,9,6,3,3,3,0,13,5,8,10,5,5
C5120ST,30,586,District-South Goa,Urban,20-29,91,43,48,7,5,2,7,4,3,17,5,12,14,5,9,6,2,4,7,2,5,15,8,7,18,12,6
C5120ST,30,586,District-South Goa,Urban,30-39,128,61,67,11,4,7,12,8,4,13,3,10,47,26,21,5,2,3,14,7,7,14,7,7,12,4,8
C5120ST,30,586,District-South Goa,Urban,40-49,103,66,37,12,8,4,10,7,3,9,5,4,36,28,8,3,1,2,9,5,4,22,10,12,2,2,0
C5120ST,30,586,District-South Goa,Urban,50-59,107,55,52,25,12,13,13,2,11,14,7,7,27,21,6,2,1,1,3,1,2,12,4,8,11,7,4
C5120ST,30,586,District-South Goa,Urban,60-69,104,34,70,23,9,14,20,5,15,8,2,6,25,11,14,2,0,2,6,1,5,12,2,10,8,4,4
C5120ST,30,586,District-South Goa,Urban,70-79,59,12,47,7,1,6,11,2,9,1,0,1,22,8,14,2,0,2,1,1,0,5,0,5,10,0,10
C5120ST,30,586,District-South Goa,Urban,80-89,18,2,16,1,0,1,4,0,4,0,0,0,8,1,7,0,0,0,0,0,0,2,1,1,3,0,3
C5120ST,30,586,District-South Goa,Urban,90+,2,0,2,0,0,0,1,0,1,0,0,0,0,0,0,0,0,0,0,0,0,1,0,1,0,0,0
C5120ST,30,586,District-South Goa,Urban,Age Not Stated,0,0,0,0,0,0,0,0,0,0,0,0,0,0,0,0,0,0,0,0,0,0,0,0,0,0,0
C5120ST,31,0,State-LAKSHADWEEP,Total,Total,1569,810,759,328,145,183,216,101,115,71,46,25,345,200,145,112,75,37,95,34,61,174,92,82,228,117,111
C5120ST,31,0,State-LAKSHADWEEP,Total,0-4,43,25,18,2,2,0,8,4,4,2,1,1,11,5,6,1,1,0,0,0,0,12,8,4,7,4,3
C5120ST,31,0,State-LAKSHADWEEP,Total,5-9,99,50,49,15,6,9,11,3,8,4,4,0,13,7,6,13,10,3,0,0,0,20,11,9,23,9,14
C5120ST,31,0,State-LAKSHADWEEP,Total,10-19,231,120,111,50,28,22,38,19,19,13,7,6,24,11,13,34,18,16,0,0,0,26,13,13,46,24,22
C5120ST,31,0,State-LAKSHADWEEP,Total,20-29,246,135,111,40,19,21,42,19,23,18,10,8,40,27,13,28,21,7,10,3,7,29,14,15,39,22,17
C5120ST,31,0,State-LAKSHADWEEP,Total,30-39,239,127,112,30,8,22,27,13,14,14,10,4,74,45,29,19,15,4,23,9,14,18,8,10,34,19,15
C5120ST,31,0,State-LAKSHADWEEP,Total,40-49,204,99,105,43,16,27,30,16,14,9,7,2,41,26,15,8,4,4,28,8,20,22,13,9,23,9,14
C5120ST,31,0,State-LAKSHADWEEP,Total,50-59,194,103,91,56,24,32,18,9,9,4,2,2,46,28,18,6,5,1,22,9,13,27,16,11,15,10,5
C5120ST,31,0,State-LAKSHADWEEP,Total,60-69,170,84,86,50,23,27,20,9,11,6,4,2,55,28,27,2,0,2,11,5,6,10,5,5,16,10,6
C5120ST,31,0,State-LAKSHADWEEP,Total,70-79,92,45,47,29,12,17,13,5,8,1,1,0,24,15,9,1,1,0,1,0,1,10,4,6,13,7,6
C5120ST,31,0,State-LAKSHADWEEP,Total,80-89,41,21,20,12,7,5,8,4,4,0,0,0,15,8,7,0,0,0,0,0,0,0,0,0,6,2,4
C5120ST,31,0,State-LAKSHADWEEP,Total,90+,10,1,9,1,0,1,1,0,1,0,0,0,2,0,2,0,0,0,0,0,0,0,0,0,6,1,5
C5120ST,31,0,State-LAKSHADWEEP,Total,Age Not Stated,0,0,0,0,0,0,0,0,0,0,0,0,0,0,0,0,0,0,0,0,0,0,0,0,0,0,0
C5120ST,31,0,State-LAKSHADWEEP,Rural,Total,387,184,203,102,45,57,45,21,24,10,7,3,76,42,34,24,13,11,38,12,26,34,15,19,58,29,29
C5120ST,31,0,State-LAKSHADWEEP,Rural,0-4,6,3,3,0,0,0,2,1,1,0,0,0,3,1,2,0,0,0,0,0,0,0,0,0,1,1,0
C5120ST,31,0,State-LAKSHADWEEP,Rural,5-9,20,7,13,1,0,1,4,2,2,1,1,0,4,1,3,1,1,0,0,0,0,0,0,0,9,2,7
C5120ST,31,0,State-LAKSHADWEEP,Rural,10-19,50,22,28,15,4,11,8,5,3,1,0,1,5,2,3,10,4,6,0,0,0,3,2,1,8,5,3
C5120ST,31,0,State-LAKSHADWEEP,Rural,20-29,49,24,25,10,7,3,8,2,6,1,0,1,4,3,1,7,4,3,5,1,4,6,2,4,8,5,3
C5120ST,31,0,State-LAKSHADWEEP,Rural,30-39,55,26,29,7,1,6,6,3,3,2,1,1,13,8,5,3,2,1,11,5,6,7,3,4,6,3,3
C5120ST,31,0,State-LAKSHADWEEP,Rural,40-49,53,23,30,20,5,15,4,3,1,2,2,0,6,3,3,2,1,1,10,3,7,7,4,3,2,2,0
C5120ST,31,0,State-LAKSHADWEEP,Rural,50-59,51,26,25,18,12,6,5,2,3,1,1,0,7,3,4,1,1,0,7,1,6,7,3,4,5,3,2
C5120ST,31,0,State-LAKSHADWEEP,Rural,60-69,58,28,30,17,8,9,4,1,3,1,1,0,22,11,11,0,0,0,5,2,3,2,1,1,7,4,3
C5120ST,31,0,State-LAKSHADWEEP,Rural,70-79,29,13,16,10,5,5,2,0,2,1,1,0,8,6,2,0,0,0,0,0,0,2,0,2,6,1,5
C5120ST,31,0,State-LAKSHADWEEP,Rural,80-89,14,11,3,4,3,1,2,2,0,0,0,0,4,4,0,0,0,0,0,0,0,0,0,0,4,2,2
C5120ST,31,0,State-LAKSHADWEEP,Rural,90+,2,1,1,0,0,0,0,0,0,0,0,0,0,0,0,0,0,0,0,0,0,0,0,0,2,1,1
C5120ST,31,0,State-LAKSHADWEEP,Rural,Age Not Stated,0,0,0,0,0,0,0,0,0,0,0,0,0,0,0,0,0,0,0,0,0,0,0,0,0,0,0
C5120ST,31,0,State-LAKSHADWEEP,Urban,Total,1182,626,556,226,100,126,171,80,91,61,39,22,269,158,111,88,62,26,57,22,35,140,77,63,170,88,82
C5120ST,31,0,State-LAKSHADWEEP,Urban,0-4,37,22,15,2,2,0,6,3,3,2,1,1,8,4,4,1,1,0,0,0,0,12,8,4,6,3,3
C5120ST,31,0,State-LAKSHADWEEP,Urban,5-9,79,43,36,14,6,8,7,1,6,3,3,0,9,6,3,12,9,3,0,0,0,20,11,9,14,7,7
C5120ST,31,0,State-LAKSHADWEEP,Urban,10-19,181,98,83,35,24,11,30,14,16,12,7,5,19,9,10,24,14,10,0,0,0,23,11,12,38,19,19
C5120ST,31,0,State-LAKSHADWEEP,Urban,20-29,197,111,86,30,12,18,34,17,17,17,10,7,36,24,12,21,17,4,5,2,3,23,12,11,31,17,14
C5120ST,31,0,State-LAKSHADWEEP,Urban,30-39,184,101,83,23,7,16,21,10,11,12,9,3,61,37,24,16,13,3,12,4,8,11,5,6,28,16,12
C5120ST,31,0,State-LAKSHADWEEP,Urban,40-49,151,76,75,23,11,12,26,13,13,7,5,2,35,23,12,6,3,3,18,5,13,15,9,6,21,7,14
C5120ST,31,0,State-LAKSHADWEEP,Urban,50-59,143,77,66,38,12,26,13,7,6,3,1,2,39,25,14,5,4,1,15,8,7,20,13,7,10,7,3
C5120ST,31,0,State-LAKSHADWEEP,Urban,60-69,112,56,56,33,15,18,16,8,8,5,3,2,33,17,16,2,0,2,6,3,3,8,4,4,9,6,3
C5120ST,31,0,State-LAKSHADWEEP,Urban,70-79,63,32,31,19,7,12,11,5,6,0,0,0,16,9,7,1,1,0,1,0,1,8,4,4,7,6,1
C5120ST,31,0,State-LAKSHADWEEP,Urban,80-89,27,10,17,8,4,4,6,2,4,0,0,0,11,4,7,0,0,0,0,0,0,0,0,0,2,0,2
C5120ST,31,0,State-LAKSHADWEEP,Urban,90+,8,0,8,1,0,1,1,0,1,0,0,0,2,0,2,0,0,0,0,0,0,0,0,0,4,0,4
C5120ST,31,0,State-LAKSHADWEEP,Urban,Age Not Stated,0,0,0,0,0,0,0,0,0,0,0,0,0,0,0,0,0,0,0,0,0,0,0,0,0,0,0
C5120ST,31,587,District-Lakshadweep,Total,Total,1569,810,759,328,145,183,216,101,115,71,46,25,345,200,145,112,75,37,95,34,61,174,92,82,228,117,111
C5120ST,31,587,District-Lakshadweep,Total,0-4,43,25,18,2,2,0,8,4,4,2,1,1,11,5,6,1,1,0,0,0,0,12,8,4,7,4,3
C5120ST,31,587,District-Lakshadweep,Total,5-9,99,50,49,15,6,9,11,3,8,4,4,0,13,7,6,13,10,3,0,0,0,20,11,9,23,9,14
C5120ST,31,587,District-Lakshadweep,Total,10-19,231,120,111,50,28,22,38,19,19,13,7,6,24,11,13,34,18,16,0,0,0,26,13,13,46,24,22
C5120ST,31,587,District-Lakshadweep,Total,20-29,246,135,111,40,19,21,42,19,23,18,10,8,40,27,13,28,21,7,10,3,7,29,14,15,39,22,17
C5120ST,31,587,District-Lakshadweep,Total,30-39,239,127,112,30,8,22,27,13,14,14,10,4,74,45,29,19,15,4,23,9,14,18,8,10,34,19,15
C5120ST,31,587,District-Lakshadweep,Total,40-49,204,99,105,43,16,27,30,16,14,9,7,2,41,26,15,8,4,4,28,8,20,22,13,9,23,9,14
C5120ST,31,587,District-Lakshadweep,Total,50-59,194,103,91,56,24,32,18,9,9,4,2,2,46,28,18,6,5,1,22,9,13,27,16,11,15,10,5
C5120ST,31,587,District-Lakshadweep,Total,60-69,170,84,86,50,23,27,20,9,11,6,4,2,55,28,27,2,0,2,11,5,6,10,5,5,16,10,6
C5120ST,31,587,District-Lakshadweep,Total,70-79,92,45,47,29,12,17,13,5,8,1,1,0,24,15,9,1,1,0,1,0,1,10,4,6,13,7,6
C5120ST,31,587,District-Lakshadweep,Total,80-89,41,21,20,12,7,5,8,4,4,0,0,0,15,8,7,0,0,0,0,0,0,0,0,0,6,2,4
C5120ST,31,587,District-Lakshadweep,Total,90+,10,1,9,1,0,1,1,0,1,0,0,0,2,0,2,0,0,0,0,0,0,0,0,0,6,1,5
C5120ST,31,587,District-Lakshadweep,Total,Age Not Stated,0,0,0,0,0,0,0,0,0,0,0,0,0,0,0,0,0,0,0,0,0,0,0,0,0,0,0
C5120ST,31,587,District-Lakshadweep,Rural,Total,387,184,203,102,45,57,45,21,24,10,7,3,76,42,34,24,13,11,38,12,26,34,15,19,58,29,29
C5120ST,31,587,District-Lakshadweep,Rural,0-4,6,3,3,0,0,0,2,1,1,0,0,0,3,1,2,0,0,0,0,0,0,0,0,0,1,1,0
C5120ST,31,587,District-Lakshadweep,Rural,5-9,20,7,13,1,0,1,4,2,2,1,1,0,4,1,3,1,1,0,0,0,0,0,0,0,9,2,7
C5120ST,31,587,District-Lakshadweep,Rural,10-19,50,22,28,15,4,11,8,5,3,1,0,1,5,2,3,10,4,6,0,0,0,3,2,1,8,5,3
C5120ST,31,587,District-Lakshadweep,Rural,20-29,49,24,25,10,7,3,8,2,6,1,0,1,4,3,1,7,4,3,5,1,4,6,2,4,8,5,3
C5120ST,31,587,District-Lakshadweep,Rural,30-39,55,26,29,7,1,6,6,3,3,2,1,1,13,8,5,3,2,1,11,5,6,7,3,4,6,3,3
C5120ST,31,587,District-Lakshadweep,Rural,40-49,53,23,30,20,5,15,4,3,1,2,2,0,6,3,3,2,1,1,10,3,7,7,4,3,2,2,0
C5120ST,31,587,District-Lakshadweep,Rural,50-59,51,26,25,18,12,6,5,2,3,1,1,0,7,3,4,1,1,0,7,1,6,7,3,4,5,3,2
C5120ST,31,587,District-Lakshadweep,Rural,60-69,58,28,30,17,8,9,4,1,3,1,1,0,22,11,11,0,0,0,5,2,3,2,1,1,7,4,3
C5120ST,31,587,District-Lakshadweep,Rural,70-79,29,13,16,10,5,5,2,0,2,1,1,0,8,6,2,0,0,0,0,0,0,2,0,2,6,1,5
C5120ST,31,587,District-Lakshadweep,Rural,80-89,14,11,3,4,3,1,2,2,0,0,0,0,4,4,0,0,0,0,0,0,0,0,0,0,4,2,2
C5120ST,31,587,District-Lakshadweep,Rural,90+,2,1,1,0,0,0,0,0,0,0,0,0,0,0,0,0,0,0,0,0,0,0,0,0,2,1,1
C5120ST,31,587,District-Lakshadweep,Rural,Age Not Stated,0,0,0,0,0,0,0,0,0,0,0,0,0,0,0,0,0,0,0,0,0,0,0,0,0,0,0
C5120ST,31,587,District-Lakshadweep,Urban,Total,1182,626,556,226,100,126,171,80,91,61,39,22,269,158,111,88,62,26,57,22,35,140,77,63,170,88,82
C5120ST,31,587,District-Lakshadweep,Urban,0-4,37,22,15,2,2,0,6,3,3,2,1,1,8,4,4,1,1,0,0,0,0,12,8,4,6,3,3
C5120ST,31,587,District-Lakshadweep,Urban,5-9,79,43,36,14,6,8,7,1,6,3,3,0,9,6,3,12,9,3,0,0,0,20,11,9,14,7,7
C5120ST,31,587,District-Lakshadweep,Urban,10-19,181,98,83,35,24,11,30,14,16,12,7,5,19,9,10,24,14,10,0,0,0,23,11,12,38,19,19
C5120ST,31,587,District-Lakshadweep,Urban,20-29,197,111,86,30,12,18,34,17,17,17,10,7,36,24,12,21,17,4,5,2,3,23,12,11,31,17,14
C5120ST,31,587,District-Lakshadweep,Urban,30-39,184,101,83,23,7,16,21,10,11,12,9,3,61,37,24,16,13,3,12,4,8,11,5,6,28,16,12
C5120ST,31,587,District-Lakshadweep,Urban,40-49,151,76,75,23,11,12,26,13,13,7,5,2,35,23,12,6,3,3,18,5,13,15,9,6,21,7,14
C5120ST,31,587,District-Lakshadweep,Urban,50-59,143,77,66,38,12,26,13,7,6,3,1,2,39,25,14,5,4,1,15,8,7,20,13,7,10,7,3
C5120ST,31,587,District-Lakshadweep,Urban,60-69,112,56,56,33,15,18,16,8,8,5,3,2,33,17,16,2,0,2,6,3,3,8,4,4,9,6,3
C5120ST,31,587,District-Lakshadweep,Urban,70-79,63,32,31,19,7,12,11,5,6,0,0,0,16,9,7,1,1,0,1,0,1,8,4,4,7,6,1
C5120ST,31,587,District-Lakshadweep,Urban,80-89,27,10,17,8,4,4,6,2,4,0,0,0,11,4,7,0,0,0,0,0,0,0,0,0,2,0,2
C5120ST,31,587,District-Lakshadweep,Urban,90+,8,0,8,1,0,1,1,0,1,0,0,0,2,0,2,0,0,0,0,0,0,0,0,0,4,0,4
C5120ST,31,587,District-Lakshadweep,Urban,Age Not Stated,0,0,0,0,0,0,0,0,0,0,0,0,0,0,0,0,0,0,0,0,0,0,0,0,0,0,0
C5120ST,32,0,State-KERALA,Total,Total,12857,6757,6100,1994,933,1061,2046,972,1074,1263,657,606,2575,1598,977,650,372,278,1131,556,575,1751,910,841,1447,759,688
C5120ST,32,0,State-KERALA,Total,0-4,342,194,148,31,16,15,67,31,36,24,15,9,70,43,27,8,6,2,1,1,0,120,72,48,21,10,11
C5120ST,32,0,State-KERALA,Total,5-9,653,374,279,75,45,30,115,57,58,134,79,55,67,33,34,38,25,13,5,4,1,122,77,45,97,54,43
C5120ST,32,0,State-KERALA,Total,10-19,1436,776,660,186,95,91,250,130,120,217,121,96,165,85,80,156,95,61,19,11,8,230,119,111,213,120,93
C5120ST,32,0,State-KERALA,Total,20-29,1685,870,815,153,84,69,243,112,131,223,107,116,296,172,124,176,96,80,165,86,79,238,119,119,191,94,97
C5120ST,32,0,State-KERALA,Total,30-39,1847,969,878,168,85,83,246,107,139,206,94,112,401,260,141,119,66,53,288,148,140,258,129,129,161,80,81
C5120ST,32,0,State-KERALA,Total,40-49,1937,1033,904,274,134,140,268,115,153,178,92,86,441,297,144,78,39,39,308,151,157,246,123,123,144,82,62
C5120ST,32,0,State-KERALA,Total,50-59,1668,915,753,281,118,163,247,129,118,128,72,56,436,287,149,47,30,17,180,88,92,215,111,104,134,80,54
C5120ST,32,0,State-KERALA,Total,60-69,1559,800,759,390,162,228,257,135,122,92,49,43,383,247,136,18,7,11,102,42,60,168,85,83,149,73,76
C5120ST,32,0,State-KERALA,Total,70-79,1010,489,521,277,124,153,192,85,107,44,21,23,189,106,83,4,3,1,41,13,28,96,50,46,167,87,80
C5120ST,32,0,State-KERALA,Total,80-89,554,262,292,131,59,72,123,60,63,15,6,9,103,54,49,4,4,0,18,9,9,44,18,26,116,52,64
C5120ST,32,0,State-KERALA,Total,90+,152,66,86,27,10,17,36,9,27,1,1,0,22,13,9,1,0,1,3,2,1,8,4,4,54,27,27
C5120ST,32,0,State-KERALA,Total,Age Not Stated,14,9,5,1,1,0,2,2,0,1,0,1,2,1,1,1,1,0,1,1,0,6,3,3,0,0,0
C5120ST,32,0,State-KERALA,Rural,Total,11152,5895,5257,1821,856,965,1787,840,947,849,468,381,2272,1416,856,569,328,241,1025,500,525,1524,796,728,1305,691,614
C5120ST,32,0,State-KERALA,Rural,0-4,276,157,119,29,15,14,54,23,31,13,6,7,63,39,24,8,6,2,0,0,0,90,58,32,19,10,9
C5120ST,32,0,State-KERALA,Rural,5-9,560,320,240,69,43,26,98,45,53,97,60,37,61,30,31,35,23,12,5,4,1,109,69,40,86,46,40
C5120ST,32,0,State-KERALA,Rural,10-19,1219,666,553,171,89,82,206,104,102,153,87,66,151,75,76,138,88,50,18,10,8,189,103,86,193,110,83
C5120ST,32,0,State-KERALA,Rural,20-29,1473,775,698,141,78,63,210,101,109,144,75,69,267,156,111,165,87,78,153,80,73,218,110,108,175,88,87
C5120ST,32,0,State-KERALA,Rural,30-39,1589,842,747,159,80,79,220,96,124,141,68,73,353,232,121,93,53,40,252,128,124,232,114,118,139,71,68
C5120ST,32,0,State-KERALA,Rural,40-49,1678,895,783,251,120,131,232,102,130,112,62,50,384,262,122,66,34,32,290,139,151,215,105,110,128,71,57
C5120ST,32,0,State-KERALA,Rural,50-59,1432,779,653,252,103,149,213,105,108,84,49,35,377,248,129,38,24,14,161,78,83,188,98,90,119,74,45
C5120ST,32,0,State-KERALA,Rural,60-69,1369,707,662,345,144,201,226,119,107,63,38,25,341,220,121,17,6,11,91,38,53,150,75,75,136,67,69
C5120ST,32,0,State-KERALA,Rural,70-79,897,445,452,252,117,135,179,79,100,28,16,12,168,95,73,4,3,1,34,11,23,81,43,38,151,81,70
C5120ST,32,0,State-KERALA,Rural,80-89,504,238,266,124,56,68,113,56,57,12,6,6,87,46,41,3,3,0,17,9,8,40,15,25,108,47,61
C5120ST,32,0,State-KERALA,Rural,90+,142,63,79,27,10,17,34,8,26,1,1,0,18,12,6,1,0,1,3,2,1,7,4,3,51,26,25
C5120ST,32,0,State-KERALA,Rural,Age Not Stated,13,8,5,1,1,0,2,2,0,1,0,1,2,1,1,1,1,0,1,1,0,5,2,3,0,0,0
C5120ST,32,0,State-KERALA,Urban,Total,1705,862,843,173,77,96,259,132,127,414,189,225,303,182,121,81,44,37,106,56,50,227,114,113,142,68,74
C5120ST,32,0,State-KERALA,Urban,0-4,66,37,29,2,1,1,13,8,5,11,9,2,7,4,3,0,0,0,1,1,0,30,14,16,2,0,2
C5120ST,32,0,State-KERALA,Urban,5-9,93,54,39,6,2,4,17,12,5,37,19,18,6,3,3,3,2,1,0,0,0,13,8,5,11,8,3
C5120ST,32,0,State-KERALA,Urban,10-19,217,110,107,15,6,9,44,26,18,64,34,30,14,10,4,18,7,11,1,1,0,41,16,25,20,10,10
C5120ST,32,0,State-KERALA,Urban,20-29,212,95,117,12,6,6,33,11,22,79,32,47,29,16,13,11,9,2,12,6,6,20,9,11,16,6,10
C5120ST,32,0,State-KERALA,Urban,30-39,258,127,131,9,5,4,26,11,15,65,26,39,48,28,20,26,13,13,36,20,16,26,15,11,22,9,13
C5120ST,32,0,State-KERALA,Urban,40-49,259,138,121,23,14,9,36,13,23,66,30,36,57,35,22,12,5,7,18,12,6,31,18,13,16,11,5
C5120ST,32,0,State-KERALA,Urban,50-59,236,136,100,29,15,14,34,24,10,44,23,21,59,39,20,9,6,3,19,10,9,27,13,14,15,6,9
C5120ST,32,0,State-KERALA,Urban,60-69,190,93,97,45,18,27,31,16,15,29,11,18,42,27,15,1,1,0,11,4,7,18,10,8,13,6,7
C5120ST,32,0,State-KERALA,Urban,70-79,113,44,69,25,7,18,13,6,7,16,5,11,21,11,10,0,0,0,7,2,5,15,7,8,16,6,10
C5120ST,32,0,State-KERALA,Urban,80-89,50,24,26,7,3,4,10,4,6,3,0,3,16,8,8,1,1,0,1,0,1,4,3,1,8,5,3
C5120ST,32,0,State-KERALA,Urban,90+,10,3,7,0,0,0,2,1,1,0,0,0,4,1,3,0,0,0,0,0,0,1,0,1,3,1,2
C5120ST,32,0,State-KERALA,Urban,Age Not Stated,1,1,0,0,0,0,0,0,0,0,0,0,0,0,0,0,0,0,0,0,0,1,1,0,0,0,0
C5120ST,32,588,District-Kasaragod,Total,Total,1417,743,674,257,112,145,226,102,124,137,79,58,233,146,87,79,44,35,106,52,54,207,119,88,172,89,83
C5120ST,32,588,District-Kasaragod,Total,0-4,37,23,14,6,2,4,4,2,2,3,2,1,7,5,2,0,0,0,0,0,0,14,9,5,3,3,0
C5120ST,32,588,District-Kasaragod,Total,5-9,60,33,27,7,4,3,9,3,6,10,5,5,8,5,3,3,2,1,1,1,0,15,8,7,7,5,2
C5120ST,32,588,District-Kasaragod,Total,10-19,192,101,91,28,18,10,23,9,14,28,16,12,15,10,5,24,12,12,4,2,2,38,22,16,32,12,20
C5120ST,32,588,District-Kasaragod,Total,20-29,197,110,87,21,9,12,35,19,16,35,20,15,22,11,11,20,13,7,11,6,5,31,17,14,22,15,7
C5120ST,32,588,District-Kasaragod,Total,30-39,213,120,93,26,12,14,29,13,16,20,13,7,42,31,11,13,6,7,29,15,14,32,19,13,22,11,11
C5120ST,32,588,District-Kasaragod,Total,40-49,206,113,93,29,12,17,36,20,16,20,10,10,44,24,20,8,6,2,28,13,15,24,17,7,17,11,6
C5120ST,32,588,District-Kasaragod,Total,50-59,162,90,72,33,15,18,33,16,17,10,8,2,29,23,6,7,3,4,17,8,9,24,9,15,9,8,1
C5120ST,32,588,District-Kasaragod,Total,60-69,168,77,91,54,19,35,24,10,14,2,1,1,48,26,22,2,0,2,8,4,4,13,9,4,17,8,9
C5120ST,32,588,District-Kasaragod,Total,70-79,102,41,61,33,12,21,13,5,8,7,2,5,14,7,7,0,0,0,6,2,4,5,4,1,24,9,15
C5120ST,32,588,District-Kasaragod,Total,80-89,60,27,33,16,8,8,17,5,12,2,2,0,2,2,0,2,2,0,2,1,1,9,4,5,10,3,7
C5120ST,32,588,District-Kasaragod,Total,90+,19,8,11,4,1,3,3,0,3,0,0,0,2,2,0,0,0,0,0,0,0,1,1,0,9,4,5
C5120ST,32,588,District-Kasaragod,Total,Age Not Stated,1,0,1,0,0,0,0,0,0,0,0,0,0,0,0,0,0,0,0,0,0,1,0,1,0,0,0
C5120ST,32,588,District-Kasaragod,Rural,Total,1324,698,626,243,108,135,217,97,120,109,63,46,226,142,84,74,42,32,101,50,51,191,112,79,163,84,79
C5120ST,32,588,District-Kasaragod,Rural,0-4,29,18,11,6,2,4,3,1,2,1,0,1,6,4,2,0,0,0,0,0,0,10,8,2,3,3,0
C5120ST,32,588,District-Kasaragod,Rural,5-9,53,29,24,6,3,3,8,2,6,6,3,3,8,5,3,3,2,1,1,1,0,14,8,6,7,5,2
C5120ST,32,588,District-Kasaragod,Rural,10-19,182,97,85,26,18,8,23,9,14,24,13,11,15,10,5,24,12,12,4,2,2,34,21,13,32,12,20
C5120ST,32,588,District-Kasaragod,Rural,20-29,185,103,82,21,9,12,33,18,15,28,17,11,22,11,11,19,12,7,11,6,5,29,15,14,22,15,7
C5120ST,32,588,District-Kasaragod,Rural,30-39,196,111,85,26,12,14,28,12,16,17,11,6,41,30,11,11,5,6,26,15,11,29,17,12,18,9,9
C5120ST,32,588,District-Kasaragod,Rural,40-49,196,107,89,28,12,16,34,19,15,16,8,8,43,23,20,8,6,2,28,13,15,24,17,7,15,9,6
C5120ST,32,588,District-Kasaragod,Rural,50-59,149,82,67,31,14,17,32,16,16,8,6,2,28,22,6,5,3,2,15,6,9,22,8,14,8,7,1
C5120ST,32,588,District-Kasaragod,Rural,60-69,156,76,80,47,18,29,23,10,13,1,1,0,45,26,19,2,0,2,8,4,4,13,9,4,17,8,9
C5120ST,32,588,District-Kasaragod,Rural,70-79,99,41,58,33,12,21,13,5,8,6,2,4,14,7,7,0,0,0,6,2,4,5,4,1,22,9,13
C5120ST,32,588,District-Kasaragod,Rural,80-89,59,26,33,15,7,8,17,5,12,2,2,0,2,2,0,2,2,0,2,1,1,9,4,5,10,3,7
C5120ST,32,588,District-Kasaragod,Rural,90+,19,8,11,4,1,3,3,0,3,0,0,0,2,2,0,0,0,0,0,0,0,1,1,0,9,4,5
C5120ST,32,588,District-Kasaragod,Rural,Age Not Stated,1,0,1,0,0,0,0,0,0,0,0,0,0,0,0,0,0,0,0,0,0,1,0,1,0,0,0
C5120ST,32,588,District-Kasaragod,Urban,Total,93,45,48,14,4,10,9,5,4,28,16,12,7,4,3,5,2,3,5,2,3,16,7,9,9,5,4
C5120ST,32,588,District-Kasaragod,Urban,0-4,8,5,3,0,0,0,1,1,0,2,2,0,1,1,0,0,0,0,0,0,0,4,1,3,0,0,0
C5120ST,32,588,District-Kasaragod,Urban,5-9,7,4,3,1,1,0,1,1,0,4,2,2,0,0,0,0,0,0,0,0,0,1,0,1,0,0,0
C5120ST,32,588,District-Kasaragod,Urban,10-19,10,4,6,2,0,2,0,0,0,4,3,1,0,0,0,0,0,0,0,0,0,4,1,3,0,0,0
C5120ST,32,588,District-Kasaragod,Urban,20-29,12,7,5,0,0,0,2,1,1,7,3,4,0,0,0,1,1,0,0,0,0,2,2,0,0,0,0
C5120ST,32,588,District-Kasaragod,Urban,30-39,17,9,8,0,0,0,1,1,0,3,2,1,1,1,0,2,1,1,3,0,3,3,2,1,4,2,2
C5120ST,32,588,District-Kasaragod,Urban,40-49,10,6,4,1,0,1,2,1,1,4,2,2,1,1,0,0,0,0,0,0,0,0,0,0,2,2,0
C5120ST,32,588,District-Kasaragod,Urban,50-59,13,8,5,2,1,1,1,0,1,2,2,0,1,1,0,2,0,2,2,2,0,2,1,1,1,1,0
C5120ST,32,588,District-Kasaragod,Urban,60-69,12,1,11,7,1,6,1,0,1,1,0,1,3,0,3,0,0,0,0,0,0,0,0,0,0,0,0
C5120ST,32,588,District-Kasaragod,Urban,70-79,3,0,3,0,0,0,0,0,0,1,0,1,0,0,0,0,0,0,0,0,0,0,0,0,2,0,2
C5120ST,32,588,District-Kasaragod,Urban,80-89,1,1,0,1,1,0,0,0,0,0,0,0,0,0,0,0,0,0,0,0,0,0,0,0,0,0,0
C5120ST,32,588,District-Kasaragod,Urban,90+,0,0,0,0,0,0,0,0,0,0,0,0,0,0,0,0,0,0,0,0,0,0,0,0,0,0,0
C5120ST,32,588,District-Kasaragod,Urban,Age Not Stated,0,0,0,0,0,0,0,0,0,0,0,0,0,0,0,0,0,0,0,0,0,0,0,0,0,0,0
C5120ST,32,589,District-Kannur,Total,Total,1176,605,571,205,93,112,239,124,115,100,49,51,206,123,83,49,31,18,91,42,49,170,93,77,116,50,66
C5120ST,32,589,District-Kannur,Total,0-4,43,22,21,3,2,1,9,2,7,2,1,1,9,6,3,0,0,0,0,0,0,17,10,7,3,1,2
C5120ST,32,589,District-Kannur,Total,5-9,70,42,28,7,6,1,15,10,5,11,8,3,5,2,3,4,1,3,2,1,1,14,8,6,12,6,6
C5120ST,32,589,District-Kannur,Total,10-19,124,67,57,16,8,8,21,10,11,19,13,6,16,6,10,13,8,5,0,0,0,27,17,10,12,5,7
C5120ST,32,589,District-Kannur,Total,20-29,134,69,65,15,8,7,12,6,6,15,7,8,34,20,14,9,7,2,13,7,6,20,11,9,16,3,13
C5120ST,32,589,District-Kannur,Total,30-39,155,80,75,15,7,8,32,14,18,18,8,10,26,18,8,10,6,4,21,12,9,20,9,11,13,6,7
C5120ST,32,589,District-Kannur,Total,40-49,165,78,87,26,10,16,24,11,13,10,3,7,32,21,11,9,5,4,29,12,17,25,11,14,10,5,5
C5120ST,32,589,District-Kannur,Total,50-59,161,82,79,33,11,22,41,23,18,14,6,8,39,23,16,3,3,0,12,3,9,18,12,6,1,1,0
C5120ST,32,589,District-Kannur,Total,60-69,140,79,61,34,16,18,37,25,12,8,2,6,22,15,7,1,1,0,7,5,2,17,9,8,14,6,8
C5120ST,32,589,District-Kannur,Total,70-79,100,50,50,34,16,18,25,12,13,1,0,1,13,6,7,0,0,0,6,2,4,7,4,3,14,10,4
C5120ST,32,589,District-Kannur,Total,80-89,65,31,34,20,7,13,17,10,7,2,1,1,10,6,4,0,0,0,1,0,1,2,1,1,13,6,7
C5120ST,32,589,District-Kannur,Total,90+,18,4,14,2,2,0,6,1,5,0,0,0,0,0,0,0,0,0,0,0,0,2,0,2,8,1,7
C5120ST,32,589,District-Kannur,Total,Age Not Stated,1,1,0,0,0,0,0,0,0,0,0,0,0,0,0,0,0,0,0,0,0,1,1,0,0,0,0
C5120ST,32,589,District-Kannur,Rural,Total,977,501,476,188,87,101,213,109,104,38,22,16,179,106,73,41,28,13,82,38,44,129,66,63,107,45,62
C5120ST,32,589,District-Kannur,Rural,0-4,29,15,14,2,2,0,7,1,6,1,0,1,8,6,2,0,0,0,0,0,0,8,5,3,3,1,2
C5120ST,32,589,District-Kannur,Rural,5-9,53,30,23,7,6,1,12,8,4,4,2,2,4,1,3,3,1,2,2,1,1,10,5,5,11,6,5
C5120ST,32,589,District-Kannur,Rural,10-19,89,46,43,14,7,7,15,7,8,9,8,1,11,2,9,11,7,4,0,0,0,17,10,7,12,5,7
C5120ST,32,589,District-Kannur,Rural,20-29,114,59,55,14,7,7,11,6,5,5,3,2,30,17,13,9,7,2,13,7,6,17,9,8,15,3,12
C5120ST,32,589,District-Kannur,Rural,30-39,126,65,61,14,7,7,29,13,16,8,4,4,23,16,7,7,4,3,19,11,8,16,7,9,10,3,7
C5120ST,32,589,District-Kannur,Rural,40-49,142,69,73,22,8,14,23,10,13,3,1,2,30,21,9,7,5,2,27,11,16,21,8,13,9,5,4
C5120ST,32,589,District-Kannur,Rural,50-59,135,68,67,30,11,19,37,19,18,4,2,2,33,19,14,3,3,0,11,3,8,16,10,6,1,1,0
C5120ST,32,589,District-Kannur,Rural,60-69,121,70,51,32,15,17,35,24,11,3,1,2,19,13,6,1,1,0,4,3,1,14,7,7,13,6,7
C5120ST,32,589,District-Kannur,Rural,70-79,91,46,45,33,16,17,22,10,12,0,0,0,12,6,6,0,0,0,5,2,3,6,3,3,13,9,4
C5120ST,32,589,District-Kannur,Rural,80-89,59,28,31,18,6,12,16,10,6,1,1,0,9,5,4,0,0,0,1,0,1,2,1,1,12,5,7
C5120ST,32,589,District-Kannur,Rural,90+,17,4,13,2,2,0,6,1,5,0,0,0,0,0,0,0,0,0,0,0,0,1,0,1,8,1,7
C5120ST,32,589,District-Kannur,Rural,Age Not Stated,1,1,0,0,0,0,0,0,0,0,0,0,0,0,0,0,0,0,0,0,0,1,1,0,0,0,0
C5120ST,32,589,District-Kannur,Urban,Total,199,104,95,17,6,11,26,15,11,62,27,35,27,17,10,8,3,5,9,4,5,41,27,14,9,5,4
C5120ST,32,589,District-Kannur,Urban,0-4,14,7,7,1,0,1,2,1,1,1,1,0,1,0,1,0,0,0,0,0,0,9,5,4,0,0,0
C5120ST,32,589,District-Kannur,Urban,5-9,17,12,5,0,0,0,3,2,1,7,6,1,1,1,0,1,0,1,0,0,0,4,3,1,1,0,1
C5120ST,32,589,District-Kannur,Urban,10-19,35,21,14,2,1,1,6,3,3,10,5,5,5,4,1,2,1,1,0,0,0,10,7,3,0,0,0
C5120ST,32,589,District-Kannur,Urban,20-29,20,10,10,1,1,0,1,0,1,10,4,6,4,3,1,0,0,0,0,0,0,3,2,1,1,0,1
C5120ST,32,589,District-Kannur,Urban,30-39,29,15,14,1,0,1,3,1,2,10,4,6,3,2,1,3,2,1,2,1,1,4,2,2,3,3,0
C5120ST,32,589,District-Kannur,Urban,40-49,23,9,14,4,2,2,1,1,0,7,2,5,2,0,2,2,0,2,2,1,1,4,3,1,1,0,1
C5120ST,32,589,District-Kannur,Urban,50-59,26,14,12,3,0,3,4,4,0,10,4,6,6,4,2,0,0,0,1,0,1,2,2,0,0,0,0
C5120ST,32,589,District-Kannur,Urban,60-69,19,9,10,2,1,1,2,1,1,5,1,4,3,2,1,0,0,0,3,2,1,3,2,1,1,0,1
C5120ST,32,589,District-Kannur,Urban,70-79,9,4,5,1,0,1,3,2,1,1,0,1,1,0,1,0,0,0,1,0,1,1,1,0,1,1,0
C5120ST,32,589,District-Kannur,Urban,80-89,6,3,3,2,1,1,1,0,1,1,0,1,1,1,0,0,0,0,0,0,0,0,0,0,1,1,0
C5120ST,32,589,District-Kannur,Urban,90+,1,0,1,0,0,0,0,0,0,0,0,0,0,0,0,0,0,0,0,0,0,1,0,1,0,0,0
C5120ST,32,589,District-Kannur,Urban,Age Not Stated,0,0,0,0,0,0,0,0,0,0,0,0,0,0,0,0,0,0,0,0,0,0,0,0,0,0,0
C5120ST,32,590,District-Wayanad,Total,Total,3724,1943,1781,726,347,379,602,292,310,246,132,114,720,457,263,147,71,76,332,153,179,490,243,247,461,248,213
C5120ST,32,590,District-Wayanad,Total,0-4,96,52,44,6,2,4,20,11,9,6,3,3,19,11,8,3,2,1,0,0,0,34,20,14,8,3,5
C5120ST,32,590,District-Wayanad,Total,5-9,202,113,89,23,15,8,36,13,23,32,22,10,24,12,12,13,7,6,0,0,0,41,27,14,33,17,16
C5120ST,32,590,District-Wayanad,Total,10-19,413,212,201,67,28,39,90,47,43,46,23,23,47,19,28,33,20,13,6,4,2,56,28,28,68,43,25
C5120ST,32,590,District-Wayanad,Total,20-29,515,265,250,52,28,24,73,38,35,46,24,22,94,59,35,42,16,26,67,33,34,76,36,40,65,31,34
C5120ST,32,590,District-Wayanad,Total,30-39,515,243,272,69,34,35,62,28,34,40,14,26,106,63,43,29,13,16,94,41,53,73,31,42,42,19,23
C5120ST,32,590,District-Wayanad,Total,40-49,537,303,234,113,57,56,81,36,45,33,20,13,127,97,30,15,7,8,71,35,36,58,28,30,39,23,16
C5120ST,32,590,District-Wayanad,Total,50-59,436,229,207,89,35,54,56,27,29,21,12,9,104,76,28,4,2,2,54,23,31,55,28,27,53,26,27
C5120ST,32,590,District-Wayanad,Total,60-69,487,257,230,152,75,77,70,40,30,15,10,5,111,71,40,6,2,4,26,10,16,53,24,29,54,25,29
C5120ST,32,590,District-Wayanad,Total,70-79,298,155,143,97,48,49,69,29,40,6,4,2,46,26,20,2,2,0,8,2,6,25,12,13,45,32,13
C5120ST,32,590,District-Wayanad,Total,80-89,178,89,89,49,23,26,36,20,16,1,0,1,34,19,15,0,0,0,4,3,1,14,6,8,40,18,22
C5120ST,32,590,District-Wayanad,Total,90+,42,22,20,9,2,7,7,1,6,0,0,0,7,4,3,0,0,0,2,2,0,3,2,1,14,11,3
C5120ST,32,590,District-Wayanad,Total,Age Not Stated,5,3,2,0,0,0,2,2,0,0,0,0,1,0,1,0,0,0,0,0,0,2,1,1,0,0,0
C5120ST,32,590,District-Wayanad,Rural,Total,3641,1906,1735,705,338,367,596,291,305,241,130,111,704,445,259,144,71,73,319,148,171,483,240,243,449,243,206
C5120ST,32,590,District-Wayanad,Rural,0-4,92,50,42,6,2,4,20,11,9,5,2,3,18,11,7,3,2,1,0,0,0,33,19,14,7,3,4
C5120ST,32,590,District-Wayanad,Rural,5-9,202,113,89,23,15,8,36,13,23,32,22,10,24,12,12,13,7,6,0,0,0,41,27,14,33,17,16
C5120ST,32,590,District-Wayanad,Rural,10-19,407,210,197,67,28,39,89,47,42,46,23,23,46,18,28,31,20,11,6,4,2,54,27,27,68,43,25
C5120ST,32,590,District-Wayanad,Rural,20-29,504,261,243,51,28,23,72,38,34,43,23,20,92,58,34,42,16,26,64,32,32,76,36,40,64,30,34
C5120ST,32,590,District-Wayanad,Rural,30-39,502,239,263,68,34,34,61,28,33,40,14,26,104,62,42,29,13,16,87,38,49,73,31,42,40,19,21
C5120ST,32,590,District-Wayanad,Rural,40-49,528,296,232,112,56,56,81,36,45,33,20,13,122,92,30,15,7,8,70,34,36,56,28,28,39,23,16
C5120ST,32,590,District-Wayanad,Rural,50-59,424,225,199,85,33,52,56,27,29,20,12,8,103,75,28,3,2,1,52,23,29,53,27,26,52,26,26
C5120ST,32,590,District-Wayanad,Rural,60-69,471,251,220,142,71,71,68,39,29,15,10,5,109,70,39,6,2,4,26,10,16,53,24,29,52,25,27
C5120ST,32,590,District-Wayanad,Rural,70-79,293,152,141,94,47,47,69,29,40,6,4,2,46,26,20,2,2,0,8,2,6,25,12,13,43,30,13
C5120ST,32,590,District-Wayanad,Rural,80-89,171,84,87,48,22,26,35,20,15,1,0,1,32,17,15,0,0,0,4,3,1,14,6,8,37,16,21
C5120ST,32,590,District-Wayanad,Rural,90+,42,22,20,9,2,7,7,1,6,0,0,0,7,4,3,0,0,0,2,2,0,3,2,1,14,11,3
C5120ST,32,590,District-Wayanad,Rural,Age Not Stated,5,3,2,0,0,0,2,2,0,0,0,0,1,0,1,0,0,0,0,0,0,2,1,1,0,0,0
C5120ST,32,590,District-Wayanad,Urban,Total,83,37,46,21,9,12,6,1,5,5,2,3,16,12,4,3,0,3,13,5,8,7,3,4,12,5,7
C5120ST,32,590,District-Wayanad,Urban,0-4,4,2,2,0,0,0,0,0,0,1,1,0,1,0,1,0,0,0,0,0,0,1,1,0,1,0,1
C5120ST,32,590,District-Wayanad,Urban,5-9,0,0,0,0,0,0,0,0,0,0,0,0,0,0,0,0,0,0,0,0,0,0,0,0,0,0,0
C5120ST,32,590,District-Wayanad,Urban,10-19,6,2,4,0,0,0,1,0,1,0,0,0,1,1,0,2,0,2,0,0,0,2,1,1,0,0,0
C5120ST,32,590,District-Wayanad,Urban,20-29,11,4,7,1,0,1,1,0,1,3,1,2,2,1,1,0,0,0,3,1,2,0,0,0,1,1,0
C5120ST,32,590,District-Wayanad,Urban,30-39,13,4,9,1,0,1,1,0,1,0,0,0,2,1,1,0,0,0,7,3,4,0,0,0,2,0,2
C5120ST,32,590,District-Wayanad,Urban,40-49,9,7,2,1,1,0,0,0,0,0,0,0,5,5,0,0,0,0,1,1,0,2,0,2,0,0,0
C5120ST,32,590,District-Wayanad,Urban,50-59,12,4,8,4,2,2,0,0,0,1,0,1,1,1,0,1,0,1,2,0,2,2,1,1,1,0,1
C5120ST,32,590,District-Wayanad,Urban,60-69,16,6,10,10,4,6,2,1,1,0,0,0,2,1,1,0,0,0,0,0,0,0,0,0,2,0,2
C5120ST,32,590,District-Wayanad,Urban,70-79,5,3,2,3,1,2,0,0,0,0,0,0,0,0,0,0,0,0,0,0,0,0,0,0,2,2,0
C5120ST,32,590,District-Wayanad,Urban,80-89,7,5,2,1,1,0,1,0,1,0,0,0,2,2,0,0,0,0,0,0,0,0,0,0,3,2,1
C5120ST,32,590,District-Wayanad,Urban,90+,0,0,0,0,0,0,0,0,0,0,0,0,0,0,0,0,0,0,0,0,0,0,0,0,0,0,0
C5120ST,32,590,District-Wayanad,Urban,Age Not Stated,0,0,0,0,0,0,0,0,0,0,0,0,0,0,0,0,0,0,0,0,0,0,0,0,0,0,0
C5120ST,32,591,District-Kozhikode,Total,Total,498,258,240,70,31,39,72,33,39,71,41,30,88,55,33,28,16,12,40,18,22,64,32,32,65,32,33
C5120ST,32,591,District-Kozhikode,Total,0-4,6,2,4,1,1,0,2,1,1,1,0,1,0,0,0,0,0,0,0,0,0,2,0,2,0,0,0
C5120ST,32,591,District-Kozhikode,Total,5-9,34,22,12,4,3,1,8,4,4,12,8,4,2,1,1,0,0,0,0,0,0,4,3,1,4,3,1
C5120ST,32,591,District-Kozhikode,Total,10-19,51,27,24,5,2,3,6,5,1,10,6,4,4,4,0,7,4,3,0,0,0,10,2,8,9,4,5
C5120ST,32,591,District-Kozhikode,Total,20-29,73,35,38,3,2,1,12,3,9,12,6,6,12,6,6,7,5,2,7,3,4,9,6,3,11,4,7
C5120ST,32,591,District-Kozhikode,Total,30-39,82,41,41,7,3,4,5,1,4,13,8,5,16,11,5,6,2,4,10,5,5,17,9,8,8,2,6
C5120ST,32,591,District-Kozhikode,Total,40-49,66,36,30,11,7,4,8,4,4,6,4,2,15,10,5,4,1,3,9,3,6,7,3,4,6,4,2
C5120ST,32,591,District-Kozhikode,Total,50-59,66,33,33,13,3,10,9,4,5,7,3,4,14,7,7,3,3,0,6,6,0,6,2,4,8,5,3
C5120ST,32,591,District-Kozhikode,Total,60-69,61,33,28,13,5,8,13,5,8,7,5,2,12,8,4,0,0,0,5,1,4,6,5,1,5,4,1
C5120ST,32,591,District-Kozhikode,Total,70-79,36,18,18,5,1,4,5,4,1,3,1,2,9,6,3,0,0,0,3,0,3,3,2,1,8,4,4
C5120ST,32,591,District-Kozhikode,Total,80-89,15,7,8,5,3,2,3,2,1,0,0,0,4,2,2,0,0,0,0,0,0,0,0,0,3,0,3
C5120ST,32,591,District-Kozhikode,Total,90+,7,3,4,3,1,2,1,0,1,0,0,0,0,0,0,0,0,0,0,0,0,0,0,0,3,2,1
C5120ST,32,591,District-Kozhikode,Total,Age Not Stated,1,1,0,0,0,0,0,0,0,0,0,0,0,0,0,1,1,0,0,0,0,0,0,0,0,0,0
C5120ST,32,591,District-Kozhikode,Rural,Total,291,153,138,39,17,22,43,16,27,34,21,13,49,31,18,17,11,6,27,12,15,36,21,15,46,24,22
C5120ST,32,591,District-Kozhikode,Rural,0-4,2,1,1,1,1,0,1,0,1,0,0,0,0,0,0,0,0,0,0,0,0,0,0,0,0,0,0
C5120ST,32,591,District-Kozhikode,Rural,5-9,17,12,5,2,2,0,3,2,1,7,5,2,0,0,0,0,0,0,0,0,0,3,2,1,2,1,1
C5120ST,32,591,District-Kozhikode,Rural,10-19,24,15,9,1,0,1,1,1,0,8,5,3,1,1,0,5,4,1,0,0,0,2,1,1,6,3,3
C5120ST,32,591,District-Kozhikode,Rural,20-29,48,20,28,2,1,1,12,3,9,5,2,3,9,4,5,4,3,1,5,2,3,5,4,1,6,1,5
C5120ST,32,591,District-Kozhikode,Rural,30-39,54,27,27,4,2,2,4,0,4,8,5,3,12,8,4,2,0,2,7,4,3,12,6,6,5,2,3
C5120ST,32,591,District-Kozhikode,Rural,40-49,34,16,18,4,2,2,3,2,1,1,1,0,8,5,3,2,0,2,6,1,5,5,2,3,5,3,2
C5120ST,32,591,District-Kozhikode,Rural,50-59,39,23,16,8,2,6,6,3,3,1,0,1,7,5,2,3,3,0,4,4,0,3,1,2,7,5,2
C5120ST,32,591,District-Kozhikode,Rural,60-69,35,18,17,7,2,5,7,1,6,3,3,0,6,4,2,0,0,0,4,1,3,5,4,1,3,3,0
C5120ST,32,591,District-Kozhikode,Rural,70-79,21,13,8,2,1,1,3,3,0,1,0,1,6,4,2,0,0,0,1,0,1,1,1,0,7,4,3
C5120ST,32,591,District-Kozhikode,Rural,80-89,9,4,5,5,3,2,2,1,1,0,0,0,0,0,0,0,0,0,0,0,0,0,0,0,2,0,2
C5120ST,32,591,District-Kozhikode,Rural,90+,7,3,4,3,1,2,1,0,1,0,0,0,0,0,0,0,0,0,0,0,0,0,0,0,3,2,1
C5120ST,32,591,District-Kozhikode,Rural,Age Not Stated,1,1,0,0,0,0,0,0,0,0,0,0,0,0,0,1,1,0,0,0,0,0,0,0,0,0,0
C5120ST,32,591,District-Kozhikode,Urban,Total,207,105,102,31,14,17,29,17,12,37,20,17,39,24,15,11,5,6,13,6,7,28,11,17,19,8,11
C5120ST,32,591,District-Kozhikode,Urban,0-4,4,1,3,0,0,0,1,1,0,1,0,1,0,0,0,0,0,0,0,0,0,2,0,2,0,0,0
C5120ST,32,591,District-Kozhikode,Urban,5-9,17,10,7,2,1,1,5,2,3,5,3,2,2,1,1,0,0,0,0,0,0,1,1,0,2,2,0
C5120ST,32,591,District-Kozhikode,Urban,10-19,27,12,15,4,2,2,5,4,1,2,1,1,3,3,0,2,0,2,0,0,0,8,1,7,3,1,2
C5120ST,32,591,District-Kozhikode,Urban,20-29,25,15,10,1,1,0,0,0,0,7,4,3,3,2,1,3,2,1,2,1,1,4,2,2,5,3,2
C5120ST,32,591,District-Kozhikode,Urban,30-39,28,14,14,3,1,2,1,1,0,5,3,2,4,3,1,4,2,2,3,1,2,5,3,2,3,0,3
C5120ST,32,591,District-Kozhikode,Urban,40-49,32,20,12,7,5,2,5,2,3,5,3,2,7,5,2,2,1,1,3,2,1,2,1,1,1,1,0
C5120ST,32,591,District-Kozhikode,Urban,50-59,27,10,17,5,1,4,3,1,2,6,3,3,7,2,5,0,0,0,2,2,0,3,1,2,1,0,1
C5120ST,32,591,District-Kozhikode,Urban,60-69,26,15,11,6,3,3,6,4,2,4,2,2,6,4,2,0,0,0,1,0,1,1,1,0,2,1,1
C5120ST,32,591,District-Kozhikode,Urban,70-79,15,5,10,3,0,3,2,1,1,2,1,1,3,2,1,0,0,0,2,0,2,2,1,1,1,0,1
C5120ST,32,591,District-Kozhikode,Urban,80-89,6,3,3,0,0,0,1,1,0,0,0,0,4,2,2,0,0,0,0,0,0,0,0,0,1,0,1
C5120ST,32,591,District-Kozhikode,Urban,90+,0,0,0,0,0,0,0,0,0,0,0,0,0,0,0,0,0,0,0,0,0,0,0,0,0,0,0
C5120ST,32,591,District-Kozhikode,Urban,Age Not Stated,0,0,0,0,0,0,0,0,0,0,0,0,0,0,0,0,0,0,0,0,0,0,0,0,0,0,0
C5120ST,32,592,District-Malappuram,Total,Total,562,280,282,90,41,49,92,43,49,43,18,25,121,79,42,28,20,8,57,28,29,83,29,54,48,22,26
C5120ST,32,592,District-Malappuram,Total,0-4,27,14,13,4,4,0,4,2,2,0,0,0,9,6,3,1,1,0,0,0,0,8,1,7,1,0,1
C5120ST,32,592,District-Malappuram,Total,5-9,30,14,16,5,1,4,6,3,3,6,2,4,2,2,0,2,2,0,0,0,0,7,3,4,2,1,1
C5120ST,32,592,District-Malappuram,Total,10-19,76,42,34,4,1,3,12,7,5,14,8,6,7,6,1,11,9,2,1,1,0,17,6,11,10,4,6
C5120ST,32,592,District-Malappuram,Total,20-29,71,38,33,8,6,2,13,7,6,5,2,3,16,11,5,7,4,3,5,2,3,8,2,6,9,4,5
C5120ST,32,592,District-Malappuram,Total,30-39,80,46,34,8,4,4,14,10,4,6,2,4,19,12,7,3,2,1,16,10,6,11,5,6,3,1,2
C5120ST,32,592,District-Malappuram,Total,40-49,89,45,44,10,5,5,14,6,8,5,2,3,22,16,6,1,0,1,18,8,10,11,3,8,8,5,3
C5120ST,32,592,District-Malappuram,Total,50-59,65,33,32,6,4,2,9,2,7,4,2,2,18,10,8,3,2,1,10,5,5,10,3,7,5,5,0
C5120ST,32,592,District-Malappuram,Total,60-69,62,24,38,20,8,12,6,1,5,1,0,1,20,10,10,0,0,0,6,1,5,5,3,2,4,1,3
C5120ST,32,592,District-Malappuram,Total,70-79,45,20,25,17,7,10,12,4,8,2,0,2,6,5,1,0,0,0,1,1,0,5,3,2,2,0,2
C5120ST,32,592,District-Malappuram,Total,80-89,14,3,11,7,1,6,1,1,0,0,0,0,2,1,1,0,0,0,0,0,0,1,0,1,3,0,3
C5120ST,32,592,District-Malappuram,Total,90+,3,1,2,1,0,1,1,0,1,0,0,0,0,0,0,0,0,0,0,0,0,0,0,0,1,1,0
C5120ST,32,592,District-Malappuram,Total,Age Not Stated,0,0,0,0,0,0,0,0,0,0,0,0,0,0,0,0,0,0,0,0,0,0,0,0,0,0,0
C5120ST,32,592,District-Malappuram,Rural,Total,455,230,225,77,34,43,70,34,36,28,14,14,99,67,32,24,16,8,46,20,26,67,24,43,44,21,23
C5120ST,32,592,District-Malappuram,Rural,0-4,21,12,9,4,4,0,3,1,2,0,0,0,8,5,3,1,1,0,0,0,0,5,1,4,0,0,0
C5120ST,32,592,District-Malappuram,Rural,5-9,24,11,13,4,1,3,5,2,3,5,2,3,2,2,0,1,1,0,0,0,0,5,2,3,2,1,1
C5120ST,32,592,District-Malappuram,Rural,10-19,61,34,27,3,0,3,9,6,3,7,5,2,6,5,1,10,8,2,0,0,0,16,6,10,10,4,6
C5120ST,32,592,District-Malappuram,Rural,20-29,56,32,24,5,4,1,10,5,5,4,2,2,13,10,3,6,3,3,4,2,2,6,2,4,8,4,4
C5120ST,32,592,District-Malappuram,Rural,30-39,64,38,26,8,4,4,11,9,2,3,1,2,14,9,5,3,2,1,13,8,5,10,4,6,2,1,1
C5120ST,32,592,District-Malappuram,Rural,40-49,74,37,37,10,5,5,10,4,6,4,2,2,17,14,3,1,0,1,16,6,10,8,1,7,8,5,3
C5120ST,32,592,District-Malappuram,Rural,50-59,52,24,28,4,2,2,8,1,7,3,2,1,16,9,7,2,1,1,6,2,4,9,3,6,4,4,0
C5120ST,32,592,District-Malappuram,Rural,60-69,52,21,31,17,7,10,3,1,2,1,0,1,17,9,8,0,0,0,6,1,5,4,2,2,4,1,3
C5120ST,32,592,District-Malappuram,Rural,70-79,35,18,17,14,6,8,9,4,5,1,0,1,5,4,1,0,0,0,1,1,0,3,3,0,2,0,2
C5120ST,32,592,District-Malappuram,Rural,80-89,13,2,11,7,1,6,1,1,0,0,0,0,1,0,1,0,0,0,0,0,0,1,0,1,3,0,3
C5120ST,32,592,District-Malappuram,Rural,90+,3,1,2,1,0,1,1,0,1,0,0,0,0,0,0,0,0,0,0,0,0,0,0,0,1,1,0
C5120ST,32,592,District-Malappuram,Rural,Age Not Stated,0,0,0,0,0,0,0,0,0,0,0,0,0,0,0,0,0,0,0,0,0,0,0,0,0,0,0
C5120ST,32,592,District-Malappuram,Urban,Total,107,50,57,13,7,6,22,9,13,15,4,11,22,12,10,4,4,0,11,8,3,16,5,11,4,1,3
C5120ST,32,592,District-Malappuram,Urban,0-4,6,2,4,0,0,0,1,1,0,0,0,0,1,1,0,0,0,0,0,0,0,3,0,3,1,0,1
C5120ST,32,592,District-Malappuram,Urban,5-9,6,3,3,1,0,1,1,1,0,1,0,1,0,0,0,1,1,0,0,0,0,2,1,1,0,0,0
C5120ST,32,592,District-Malappuram,Urban,10-19,15,8,7,1,1,0,3,1,2,7,3,4,1,1,0,1,1,0,1,1,0,1,0,1,0,0,0
C5120ST,32,592,District-Malappuram,Urban,20-29,15,6,9,3,2,1,3,2,1,1,0,1,3,1,2,1,1,0,1,0,1,2,0,2,1,0,1
C5120ST,32,592,District-Malappuram,Urban,30-39,16,8,8,0,0,0,3,1,2,3,1,2,5,3,2,0,0,0,3,2,1,1,1,0,1,0,1
C5120ST,32,592,District-Malappuram,Urban,40-49,15,8,7,0,0,0,4,2,2,1,0,1,5,2,3,0,0,0,2,2,0,3,2,1,0,0,0
C5120ST,32,592,District-Malappuram,Urban,50-59,13,9,4,2,2,0,1,1,0,1,0,1,2,1,1,1,1,0,4,3,1,1,0,1,1,1,0
C5120ST,32,592,District-Malappuram,Urban,60-69,10,3,7,3,1,2,3,0,3,0,0,0,3,1,2,0,0,0,0,0,0,1,1,0,0,0,0
C5120ST,32,592,District-Malappuram,Urban,70-79,10,2,8,3,1,2,3,0,3,1,0,1,1,1,0,0,0,0,0,0,0,2,0,2,0,0,0
C5120ST,32,592,District-Malappuram,Urban,80-89,1,1,0,0,0,0,0,0,0,0,0,0,1,1,0,0,0,0,0,0,0,0,0,0,0,0,0
C5120ST,32,592,District-Malappuram,Urban,90+,0,0,0,0,0,0,0,0,0,0,0,0,0,0,0,0,0,0,0,0,0,0,0,0,0,0,0
C5120ST,32,592,District-Malappuram,Urban,Age Not Stated,0,0,0,0,0,0,0,0,0,0,0,0,0,0,0,0,0,0,0,0,0,0,0,0,0,0,0
C5120ST,32,593,District-Palakkad,Total,Total,1106,587,519,155,75,80,158,67,91,83,44,39,230,143,87,64,42,22,150,73,77,166,91,75,100,52,48
C5120ST,32,593,District-Palakkad,Total,0-4,28,15,13,4,3,1,7,2,5,2,0,2,4,2,2,0,0,0,0,0,0,8,7,1,3,1,2
C5120ST,32,593,District-Palakkad,Total,5-9,72,43,29,8,5,3,10,6,4,13,6,7,6,4,2,8,7,1,0,0,0,17,10,7,10,5,5
C5120ST,32,593,District-Palakkad,Total,10-19,115,68,47,14,8,6,19,9,10,12,9,3,18,9,9,11,6,5,4,2,2,22,14,8,15,11,4
C5120ST,32,593,District-Palakkad,Total,20-29,153,74,79,9,3,6,10,3,7,18,6,12,25,15,10,22,13,9,29,17,12,26,11,15,14,6,8
C5120ST,32,593,District-Palakkad,Total,30-39,178,106,72,12,8,4,21,11,10,9,7,2,41,28,13,12,10,2,45,22,23,28,14,14,10,6,4
C5120ST,32,593,District-Palakkad,Total,40-49,153,75,78,17,8,9,19,5,14,10,5,5,41,26,15,7,3,4,34,16,18,19,10,9,6,2,4
C5120ST,32,593,District-Palakkad,Total,50-59,133,70,63,24,10,14,18,6,12,8,3,5,35,25,10,2,2,0,20,6,14,24,16,8,2,2,0
C5120ST,32,593,District-Palakkad,Total,60-69,138,71,67,33,13,20,23,10,13,9,7,2,30,17,13,1,1,0,16,8,8,11,7,4,15,8,7
C5120ST,32,593,District-Palakkad,Total,70-79,81,37,44,23,11,12,19,9,10,0,0,0,17,9,8,0,0,0,0,0,0,8,2,6,14,6,8
C5120ST,32,593,District-Palakkad,Total,80-89,40,20,20,10,6,4,9,5,4,1,0,1,10,5,5,0,0,0,2,2,0,2,0,2,6,2,4
C5120ST,32,593,District-Palakkad,Total,90+,15,8,7,1,0,1,3,1,2,1,1,0,3,3,0,1,0,1,0,0,0,1,0,1,5,3,2
C5120ST,32,593,District-Palakkad,Total,Age Not Stated,0,0,0,0,0,0,0,0,0,0,0,0,0,0,0,0,0,0,0,0,0,0,0,0,0,0,0
C5120ST,32,593,District-Palakkad,Rural,Total,1076,574,502,154,75,79,156,66,90,76,41,35,224,140,84,62,41,21,146,72,74,161,89,72,97,50,47
C5120ST,32,593,District-Palakkad,Rural,0-4,28,15,13,4,3,1,7,2,5,2,0,2,4,2,2,0,0,0,0,0,0,8,7,1,3,1,2
C5120ST,32,593,District-Palakkad,Rural,5-9,70,43,27,8,5,3,10,6,4,11,6,5,6,4,2,8,7,1,0,0,0,17,10,7,10,5,5
C5120ST,32,593,District-Palakkad,Rural,10-19,111,65,46,14,8,6,19,9,10,10,7,3,18,9,9,11,6,5,4,2,2,20,13,7,15,11,4
C5120ST,32,593,District-Palakkad,Rural,20-29,149,72,77,9,3,6,10,3,7,18,6,12,25,15,10,22,13,9,27,16,11,26,11,15,12,5,7
C5120ST,32,593,District-Palakkad,Rural,30-39,171,103,68,12,8,4,20,11,9,8,7,1,40,27,13,10,9,1,44,22,22,27,13,14,10,6,4
C5120ST,32,593,District-Palakkad,Rural,40-49,150,73,77,17,8,9,19,5,14,8,4,4,40,25,15,7,3,4,34,16,18,19,10,9,6,2,4
C5120ST,32,593,District-Palakkad,Rural,50-59,129,68,61,24,10,14,17,5,12,8,3,5,32,24,8,2,2,0,20,6,14,24,16,8,2,2,0
C5120ST,32,593,District-Palakkad,Rural,60-69,135,70,65,33,13,20,23,10,13,9,7,2,29,17,12,1,1,0,15,8,7,11,7,4,14,7,7
C5120ST,32,593,District-Palakkad,Rural,70-79,78,37,41,22,11,11,19,9,10,0,0,0,17,9,8,0,0,0,0,0,0,6,2,4,14,6,8
C5120ST,32,593,District-Palakkad,Rural,80-89,40,20,20,10,6,4,9,5,4,1,0,1,10,5,5,0,0,0,2,2,0,2,0,2,6,2,4
C5120ST,32,593,District-Palakkad,Rural,90+,15,8,7,1,0,1,3,1,2,1,1,0,3,3,0,1,0,1,0,0,0,1,0,1,5,3,2
C5120ST,32,593,District-Palakkad,Rural,Age Not Stated,0,0,0,0,0,0,0,0,0,0,0,0,0,0,0,0,0,0,0,0,0,0,0,0,0,0,0
C5120ST,32,593,District-Palakkad,Urban,Total,30,13,17,1,0,1,2,1,1,7,3,4,6,3,3,2,1,1,4,1,3,5,2,3,3,2,1
C5120ST,32,593,District-Palakkad,Urban,0-4,0,0,0,0,0,0,0,0,0,0,0,0,0,0,0,0,0,0,0,0,0,0,0,0,0,0,0
C5120ST,32,593,District-Palakkad,Urban,5-9,2,0,2,0,0,0,0,0,0,2,0,2,0,0,0,0,0,0,0,0,0,0,0,0,0,0,0
C5120ST,32,593,District-Palakkad,Urban,10-19,4,3,1,0,0,0,0,0,0,2,2,0,0,0,0,0,0,0,0,0,0,2,1,1,0,0,0
C5120ST,32,593,District-Palakkad,Urban,20-29,4,2,2,0,0,0,0,0,0,0,0,0,0,0,0,0,0,0,2,1,1,0,0,0,2,1,1
C5120ST,32,593,District-Palakkad,Urban,30-39,7,3,4,0,0,0,1,0,1,1,0,1,1,1,0,2,1,1,1,0,1,1,1,0,0,0,0
C5120ST,32,593,District-Palakkad,Urban,40-49,3,2,1,0,0,0,0,0,0,2,1,1,1,1,0,0,0,0,0,0,0,0,0,0,0,0,0
C5120ST,32,593,District-Palakkad,Urban,50-59,4,2,2,0,0,0,1,1,0,0,0,0,3,1,2,0,0,0,0,0,0,0,0,0,0,0,0
C5120ST,32,593,District-Palakkad,Urban,60-69,3,1,2,0,0,0,0,0,0,0,0,0,1,0,1,0,0,0,1,0,1,0,0,0,1,1,0
C5120ST,32,593,District-Palakkad,Urban,70-79,3,0,3,1,0,1,0,0,0,0,0,0,0,0,0,0,0,0,0,0,0,2,0,2,0,0,0
C5120ST,32,593,District-Palakkad,Urban,80-89,0,0,0,0,0,0,0,0,0,0,0,0,0,0,0,0,0,0,0,0,0,0,0,0,0,0,0
C5120ST,32,593,District-Palakkad,Urban,90+,0,0,0,0,0,0,0,0,0,0,0,0,0,0,0,0,0,0,0,0,0,0,0,0,0,0,0
C5120ST,32,593,District-Palakkad,Urban,Age Not Stated,0,0,0,0,0,0,0,0,0,0,0,0,0,0,0,0,0,0,0,0,0,0,0,0,0,0,0
C5120ST,32,594,District-Thrissur,Total,Total,271,129,142,42,14,28,44,18,26,28,16,12,69,37,32,10,6,4,23,13,10,23,11,12,32,14,18
C5120ST,32,594,District-Thrissur,Total,0-4,8,6,2,0,0,0,0,0,0,1,1,0,4,2,2,0,0,0,0,0,0,3,3,0,0,0,0
C5120ST,32,594,District-Thrissur,Total,5-9,11,4,7,1,0,1,3,2,1,1,0,1,3,0,3,0,0,0,0,0,0,1,1,0,2,1,1
C5120ST,32,594,District-Thrissur,Total,10-19,32,13,19,5,2,3,4,1,3,5,3,2,4,1,3,2,1,1,0,0,0,7,2,5,5,3,2
C5120ST,32,594,District-Thrissur,Total,20-29,27,12,15,2,1,1,8,2,6,4,4,0,3,2,1,2,1,1,1,0,1,4,1,3,3,1,2
C5120ST,32,594,District-Thrissur,Total,30-39,34,19,15,1,0,1,7,3,4,2,1,1,9,7,2,2,2,0,7,4,3,2,1,1,4,1,3
C5120ST,32,594,District-Thrissur,Total,40-49,50,28,22,6,4,2,3,1,2,9,4,5,17,10,7,1,0,1,8,5,3,0,0,0,6,4,2
C5120ST,32,594,District-Thrissur,Total,50-59,47,25,22,10,2,8,4,2,2,5,3,2,14,9,5,1,1,0,6,4,2,4,2,2,3,2,1
C5120ST,32,594,District-Thrissur,Total,60-69,25,8,17,8,2,6,5,1,4,1,0,1,8,5,3,0,0,0,1,0,1,0,0,0,2,0,2
C5120ST,32,594,District-Thrissur,Total,70-79,25,11,14,8,3,5,5,4,1,0,0,0,6,1,5,1,0,1,0,0,0,2,1,1,3,2,1
C5120ST,32,594,District-Thrissur,Total,80-89,6,2,4,1,0,1,2,1,1,0,0,0,0,0,0,1,1,0,0,0,0,0,0,0,2,0,2
C5120ST,32,594,District-Thrissur,Total,90+,6,1,5,0,0,0,3,1,2,0,0,0,1,0,1,0,0,0,0,0,0,0,0,0,2,0,2
C5120ST,32,594,District-Thrissur,Total,Age Not Stated,0,0,0,0,0,0,0,0,0,0,0,0,0,0,0,0,0,0,0,0,0,0,0,0,0,0,0
C5120ST,32,594,District-Thrissur,Rural,Total,156,70,86,32,11,21,28,10,18,4,3,1,44,21,23,6,3,3,15,8,7,10,6,4,17,8,9
C5120ST,32,594,District-Thrissur,Rural,0-4,4,3,1,0,0,0,0,0,0,0,0,0,2,1,1,0,0,0,0,0,0,2,2,0,0,0,0
C5120ST,32,594,District-Thrissur,Rural,5-9,8,3,5,1,0,1,3,2,1,0,0,0,3,0,3,0,0,0,0,0,0,1,1,0,0,0,0
C5120ST,32,594,District-Thrissur,Rural,10-19,17,6,11,4,2,2,2,0,2,0,0,0,4,1,3,2,1,1,0,0,0,3,1,2,2,1,1
C5120ST,32,594,District-Thrissur,Rural,20-29,14,5,9,1,1,0,6,1,5,0,0,0,2,1,1,2,1,1,1,0,1,1,0,1,1,1,0
C5120ST,32,594,District-Thrissur,Rural,30-39,12,7,5,1,0,1,2,1,1,0,0,0,4,4,0,1,1,0,2,0,2,1,1,0,1,0,1
C5120ST,32,594,District-Thrissur,Rural,40-49,30,18,12,4,2,2,2,0,2,2,2,0,10,6,4,0,0,0,8,5,3,0,0,0,4,3,1
C5120ST,32,594,District-Thrissur,Rural,50-59,27,15,12,9,2,7,3,2,1,1,1,0,9,5,4,0,0,0,3,3,0,1,1,0,1,1,0
C5120ST,32,594,District-Thrissur,Rural,60-69,19,4,15,7,2,5,3,0,3,1,0,1,5,2,3,0,0,0,1,0,1,0,0,0,2,0,2
C5120ST,32,594,District-Thrissur,Rural,70-79,18,8,10,4,2,2,4,3,1,0,0,0,5,1,4,1,0,1,0,0,0,1,0,1,3,2,1
C5120ST,32,594,District-Thrissur,Rural,80-89,4,0,4,1,0,1,1,0,1,0,0,0,0,0,0,0,0,0,0,0,0,0,0,0,2,0,2
C5120ST,32,594,District-Thrissur,Rural,90+,3,1,2,0,0,0,2,1,1,0,0,0,0,0,0,0,0,0,0,0,0,0,0,0,1,0,1
C5120ST,32,594,District-Thrissur,Rural,Age Not Stated,0,0,0,0,0,0,0,0,0,0,0,0,0,0,0,0,0,0,0,0,0,0,0,0,0,0,0
C5120ST,32,594,District-Thrissur,Urban,Total,115,59,56,10,3,7,16,8,8,24,13,11,25,16,9,4,3,1,8,5,3,13,5,8,15,6,9
C5120ST,32,594,District-Thrissur,Urban,0-4,4,3,1,0,0,0,0,0,0,1,1,0,2,1,1,0,0,0,0,0,0,1,1,0,0,0,0
C5120ST,32,594,District-Thrissur,Urban,5-9,3,1,2,0,0,0,0,0,0,1,0,1,0,0,0,0,0,0,0,0,0,0,0,0,2,1,1
C5120ST,32,594,District-Thrissur,Urban,10-19,15,7,8,1,0,1,2,1,1,5,3,2,0,0,0,0,0,0,0,0,0,4,1,3,3,2,1
C5120ST,32,594,District-Thrissur,Urban,20-29,13,7,6,1,0,1,2,1,1,4,4,0,1,1,0,0,0,0,0,0,0,3,1,2,2,0,2
C5120ST,32,594,District-Thrissur,Urban,30-39,22,12,10,0,0,0,5,2,3,2,1,1,5,3,2,1,1,0,5,4,1,1,0,1,3,1,2
C5120ST,32,594,District-Thrissur,Urban,40-49,20,10,10,2,2,0,1,1,0,7,2,5,7,4,3,1,0,1,0,0,0,0,0,0,2,1,1
C5120ST,32,594,District-Thrissur,Urban,50-59,20,10,10,1,0,1,1,0,1,4,2,2,5,4,1,1,1,0,3,1,2,3,1,2,2,1,1
C5120ST,32,594,District-Thrissur,Urban,60-69,6,4,2,1,0,1,2,1,1,0,0,0,3,3,0,0,0,0,0,0,0,0,0,0,0,0,0
C5120ST,32,594,District-Thrissur,Urban,70-79,7,3,4,4,1,3,1,1,0,0,0,0,1,0,1,0,0,0,0,0,0,1,1,0,0,0,0
C5120ST,32,594,District-Thrissur,Urban,80-89,2,2,0,0,0,0,1,1,0,0,0,0,0,0,0,1,1,0,0,0,0,0,0,0,0,0,0
C5120ST,32,594,District-Thrissur,Urban,90+,3,0,3,0,0,0,1,0,1,0,0,0,1,0,1,0,0,0,0,0,0,0,0,0,1,0,1
C5120ST,32,594,District-Thrissur,Urban,Age Not Stated,0,0,0,0,0,0,0,0,0,0,0,0,0,0,0,0,0,0,0,0,0,0,0,0,0,0,0
C5120ST,32,595,District-Ernakulam,Total,Total,416,222,194,52,28,24,74,38,36,50,25,25,90,59,31,19,10,9,47,22,25,49,19,30,35,21,14
C5120ST,32,595,District-Ernakulam,Total,0-4,14,4,10,0,0,0,4,0,4,0,0,0,5,3,2,0,0,0,0,0,0,5,1,4,0,0,0
C5120ST,32,595,District-Ernakulam,Total,5-9,19,11,8,1,1,0,4,2,2,3,2,1,3,1,2,1,0,1,0,0,0,2,1,1,5,4,1
C5120ST,32,595,District-Ernakulam,Total,10-19,35,19,16,4,2,2,14,10,4,5,2,3,5,2,3,3,2,1,0,0,0,3,1,2,1,0,1
C5120ST,32,595,District-Ernakulam,Total,20-29,46,18,28,4,4,0,8,1,7,11,4,7,8,6,2,2,0,2,5,1,4,4,1,3,4,1,3
C5120ST,32,595,District-Ernakulam,Total,30-39,68,35,33,6,4,2,10,5,5,7,4,3,17,12,5,4,2,2,9,3,6,8,1,7,7,4,3
C5120ST,32,595,District-Ernakulam,Total,40-49,73,46,27,7,3,4,10,6,4,6,4,2,17,13,4,4,2,2,16,10,6,9,6,3,4,2,2
C5120ST,32,595,District-Ernakulam,Total,50-59,52,33,19,11,7,4,6,3,3,5,4,1,11,7,4,5,4,1,5,3,2,6,3,3,3,2,1
C5120ST,32,595,District-Ernakulam,Total,60-69,54,26,28,9,3,6,8,4,4,5,1,4,15,10,5,0,0,0,8,3,5,7,3,4,2,2,0
C5120ST,32,595,District-Ernakulam,Total,70-79,39,23,16,8,4,4,6,6,0,7,3,4,5,2,3,0,0,0,2,1,1,3,1,2,8,6,2
C5120ST,32,595,District-Ernakulam,Total,80-89,12,5,7,2,0,2,3,1,2,1,1,0,3,2,1,0,0,0,1,0,1,2,1,1,0,0,0
C5120ST,32,595,District-Ernakulam,Total,90+,3,1,2,0,0,0,1,0,1,0,0,0,1,1,0,0,0,0,0,0,0,0,0,0,1,0,1
C5120ST,32,595,District-Ernakulam,Total,Age Not Stated,1,1,0,0,0,0,0,0,0,0,0,0,0,0,0,0,0,0,1,1,0,0,0,0,0,0,0
C5120ST,32,595,District-Ernakulam,Rural,Total,233,122,111,29,17,12,35,20,15,27,14,13,54,34,20,8,1,7,33,14,19,26,9,17,21,13,8
C5120ST,32,595,District-Ernakulam,Rural,0-4,10,3,7,0,0,0,1,0,1,0,0,0,5,3,2,0,0,0,0,0,0,4,0,4,0,0,0
C5120ST,32,595,District-Ernakulam,Rural,5-9,11,5,6,1,1,0,2,1,1,1,0,1,2,0,2,1,0,1,0,0,0,1,1,0,3,2,1
C5120ST,32,595,District-Ernakulam,Rural,10-19,17,8,9,3,2,1,3,1,2,3,1,2,4,2,2,2,1,1,0,0,0,2,1,1,0,0,0
C5120ST,32,595,District-Ernakulam,Rural,20-29,30,14,16,3,3,0,4,1,3,8,4,4,4,4,0,2,0,2,3,0,3,3,1,2,3,1,2
C5120ST,32,595,District-Ernakulam,Rural,30-39,45,23,22,5,3,2,7,4,3,4,3,1,12,8,4,1,0,1,7,2,5,4,0,4,5,3,2
C5120ST,32,595,District-Ernakulam,Rural,40-49,37,22,15,5,3,2,4,3,1,2,1,1,8,5,3,1,0,1,12,7,5,4,2,2,1,1,0
C5120ST,32,595,District-Ernakulam,Rural,50-59,25,16,9,5,3,2,3,2,1,1,1,0,7,4,3,1,0,1,4,3,1,2,1,1,2,2,0
C5120ST,32,595,District-Ernakulam,Rural,60-69,28,12,16,3,1,2,4,2,2,4,1,3,9,5,4,0,0,0,4,1,3,4,2,2,0,0,0
C5120ST,32,595,District-Ernakulam,Rural,70-79,19,13,6,3,1,2,5,5,0,3,2,1,1,1,0,0,0,0,1,0,1,0,0,0,6,4,2
C5120ST,32,595,District-Ernakulam,Rural,80-89,7,4,3,1,0,1,1,1,0,1,1,0,1,1,0,0,0,0,1,0,1,2,1,1,0,0,0
C5120ST,32,595,District-Ernakulam,Rural,90+,3,1,2,0,0,0,1,0,1,0,0,0,1,1,0,0,0,0,0,0,0,0,0,0,1,0,1
C5120ST,32,595,District-Ernakulam,Rural,Age Not Stated,1,1,0,0,0,0,0,0,0,0,0,0,0,0,0,0,0,0,1,1,0,0,0,0,0,0,0
C5120ST,32,595,District-Ernakulam,Urban,Total,183,100,83,23,11,12,39,18,21,23,11,12,36,25,11,11,9,2,14,8,6,23,10,13,14,8,6
C5120ST,32,595,District-Ernakulam,Urban,0-4,4,1,3,0,0,0,3,0,3,0,0,0,0,0,0,0,0,0,0,0,0,1,1,0,0,0,0
C5120ST,32,595,District-Ernakulam,Urban,5-9,8,6,2,0,0,0,2,1,1,2,2,0,1,1,0,0,0,0,0,0,0,1,0,1,2,2,0
C5120ST,32,595,District-Ernakulam,Urban,10-19,18,11,7,1,0,1,11,9,2,2,1,1,1,0,1,1,1,0,0,0,0,1,0,1,1,0,1
C5120ST,32,595,District-Ernakulam,Urban,20-29,16,4,12,1,1,0,4,0,4,3,0,3,4,2,2,0,0,0,2,1,1,1,0,1,1,0,1
C5120ST,32,595,District-Ernakulam,Urban,30-39,23,12,11,1,1,0,3,1,2,3,1,2,5,4,1,3,2,1,2,1,1,4,1,3,2,1,1
C5120ST,32,595,District-Ernakulam,Urban,40-49,36,24,12,2,0,2,6,3,3,4,3,1,9,8,1,3,2,1,4,3,1,5,4,1,3,1,2
C5120ST,32,595,District-Ernakulam,Urban,50-59,27,17,10,6,4,2,3,1,2,4,3,1,4,3,1,4,4,0,1,0,1,4,2,2,1,0,1
C5120ST,32,595,District-Ernakulam,Urban,60-69,26,14,12,6,2,4,4,2,2,1,0,1,6,5,1,0,0,0,4,2,2,3,1,2,2,2,0
C5120ST,32,595,District-Ernakulam,Urban,70-79,20,10,10,5,3,2,1,1,0,4,1,3,4,1,3,0,0,0,1,1,0,3,1,2,2,2,0
C5120ST,32,595,District-Ernakulam,Urban,80-89,5,1,4,1,0,1,2,0,2,0,0,0,2,1,1,0,0,0,0,0,0,0,0,0,0,0,0
C5120ST,32,595,District-Ernakulam,Urban,90+,0,0,0,0,0,0,0,0,0,0,0,0,0,0,0,0,0,0,0,0,0,0,0,0,0,0,0
C5120ST,32,595,District-Ernakulam,Urban,Age Not Stated,0,0,0,0,0,0,0,0,0,0,0,0,0,0,0,0,0,0,0,0,0,0,0,0,0,0,0
C5120ST,32,596,District-Idukki ,Total,Total,1210,664,546,149,78,71,197,92,105,55,33,22,302,175,127,86,47,39,128,71,57,147,85,62,146,83,63
C5120ST,32,596,District-Idukki ,Total,0-4,18,11,7,1,0,1,3,2,1,1,1,0,3,1,2,3,2,1,0,0,0,5,3,2,2,2,0
C5120ST,32,596,District-Idukki ,Total,5-9,49,27,22,11,7,4,6,2,4,4,1,3,7,2,5,3,3,0,1,1,0,9,7,2,8,4,4
C5120ST,32,596,District-Idukki ,Total,10-19,140,76,64,24,14,10,25,10,15,7,3,4,22,11,11,20,11,9,2,0,2,15,9,6,25,18,7
C5120ST,32,596,District-Idukki ,Total,20-29,146,82,64,16,11,5,23,12,11,6,4,2,28,12,16,18,11,7,12,6,6,23,13,10,20,13,7
C5120ST,32,596,District-Idukki ,Total,30-39,184,102,82,6,3,3,31,12,19,12,5,7,44,26,18,18,10,8,27,16,11,25,19,6,21,11,10
C5120ST,32,596,District-Idukki ,Total,40-49,208,118,90,23,12,11,24,12,12,11,7,4,49,34,15,10,4,6,44,25,19,28,15,13,19,9,10
C5120ST,32,596,District-Idukki ,Total,50-59,175,99,76,21,9,12,21,12,9,10,9,1,61,32,29,9,4,5,23,14,9,14,8,6,16,11,5
C5120ST,32,596,District-Idukki ,Total,60-69,139,79,60,22,7,15,36,20,16,2,1,1,42,30,12,4,1,3,10,6,4,15,8,7,8,6,2
C5120ST,32,596,District-Idukki ,Total,70-79,91,45,46,16,10,6,11,3,8,2,2,0,35,21,14,1,1,0,5,2,3,9,2,7,12,4,8
C5120ST,32,596,District-Idukki ,Total,80-89,52,21,31,6,3,3,15,7,8,0,0,0,11,6,5,0,0,0,4,1,3,4,1,3,12,3,9
C5120ST,32,596,District-Idukki ,Total,90+,8,4,4,3,2,1,2,0,2,0,0,0,0,0,0,0,0,0,0,0,0,0,0,0,3,2,1
C5120ST,32,596,District-Idukki ,Total,Age Not Stated,0,0,0,0,0,0,0,0,0,0,0,0,0,0,0,0,0,0,0,0,0,0,0,0,0,0,0
C5120ST,32,596,District-Idukki ,Rural,Total,1201,658,543,147,76,71,197,92,105,55,33,22,298,172,126,85,47,38,128,71,57,145,84,61,146,83,63
C5120ST,32,596,District-Idukki ,Rural,0-4,18,11,7,1,0,1,3,2,1,1,1,0,3,1,2,3,2,1,0,0,0,5,3,2,2,2,0
C5120ST,32,596,District-Idukki ,Rural,5-9,49,27,22,11,7,4,6,2,4,4,1,3,7,2,5,3,3,0,1,1,0,9,7,2,8,4,4
C5120ST,32,596,District-Idukki ,Rural,10-19,140,76,64,24,14,10,25,10,15,7,3,4,22,11,11,20,11,9,2,0,2,15,9,6,25,18,7
C5120ST,32,596,District-Idukki ,Rural,20-29,143,80,63,15,10,5,23,12,11,6,4,2,28,12,16,18,11,7,12,6,6,21,12,9,20,13,7
C5120ST,32,596,District-Idukki ,Rural,30-39,182,101,81,6,3,3,31,12,19,12,5,7,43,25,18,17,10,7,27,16,11,25,19,6,21,11,10
C5120ST,32,596,District-Idukki ,Rural,40-49,205,116,89,23,12,11,24,12,12,11,7,4,46,32,14,10,4,6,44,25,19,28,15,13,19,9,10
C5120ST,32,596,District-Idukki ,Rural,50-59,175,99,76,21,9,12,21,12,9,10,9,1,61,32,29,9,4,5,23,14,9,14,8,6,16,11,5
C5120ST,32,596,District-Idukki ,Rural,60-69,138,78,60,21,6,15,36,20,16,2,1,1,42,30,12,4,1,3,10,6,4,15,8,7,8,6,2
C5120ST,32,596,District-Idukki ,Rural,70-79,91,45,46,16,10,6,11,3,8,2,2,0,35,21,14,1,1,0,5,2,3,9,2,7,12,4,8
C5120ST,32,596,District-Idukki ,Rural,80-89,52,21,31,6,3,3,15,7,8,0,0,0,11,6,5,0,0,0,4,1,3,4,1,3,12,3,9
C5120ST,32,596,District-Idukki ,Rural,90+,8,4,4,3,2,1,2,0,2,0,0,0,0,0,0,0,0,0,0,0,0,0,0,0,3,2,1
C5120ST,32,596,District-Idukki ,Rural,Age Not Stated,0,0,0,0,0,0,0,0,0,0,0,0,0,0,0,0,0,0,0,0,0,0,0,0,0,0,0
C5120ST,32,596,District-Idukki ,Urban,Total,9,6,3,2,2,0,0,0,0,0,0,0,4,3,1,1,0,1,0,0,0,2,1,1,0,0,0
C5120ST,32,596,District-Idukki ,Urban,0-4,0,0,0,0,0,0,0,0,0,0,0,0,0,0,0,0,0,0,0,0,0,0,0,0,0,0,0
C5120ST,32,596,District-Idukki ,Urban,5-9,0,0,0,0,0,0,0,0,0,0,0,0,0,0,0,0,0,0,0,0,0,0,0,0,0,0,0
C5120ST,32,596,District-Idukki ,Urban,10-19,0,0,0,0,0,0,0,0,0,0,0,0,0,0,0,0,0,0,0,0,0,0,0,0,0,0,0
C5120ST,32,596,District-Idukki ,Urban,20-29,3,2,1,1,1,0,0,0,0,0,0,0,0,0,0,0,0,0,0,0,0,2,1,1,0,0,0
C5120ST,32,596,District-Idukki ,Urban,30-39,2,1,1,0,0,0,0,0,0,0,0,0,1,1,0,1,0,1,0,0,0,0,0,0,0,0,0
C5120ST,32,596,District-Idukki ,Urban,40-49,3,2,1,0,0,0,0,0,0,0,0,0,3,2,1,0,0,0,0,0,0,0,0,0,0,0,0
C5120ST,32,596,District-Idukki ,Urban,50-59,0,0,0,0,0,0,0,0,0,0,0,0,0,0,0,0,0,0,0,0,0,0,0,0,0,0,0
C5120ST,32,596,District-Idukki ,Urban,60-69,1,1,0,1,1,0,0,0,0,0,0,0,0,0,0,0,0,0,0,0,0,0,0,0,0,0,0
C5120ST,32,596,District-Idukki ,Urban,70-79,0,0,0,0,0,0,0,0,0,0,0,0,0,0,0,0,0,0,0,0,0,0,0,0,0,0,0
C5120ST,32,596,District-Idukki ,Urban,80-89,0,0,0,0,0,0,0,0,0,0,0,0,0,0,0,0,0,0,0,0,0,0,0,0,0,0,0
C5120ST,32,596,District-Idukki ,Urban,90+,0,0,0,0,0,0,0,0,0,0,0,0,0,0,0,0,0,0,0,0,0,0,0,0,0,0,0
C5120ST,32,596,District-Idukki ,Urban,Age Not Stated,0,0,0,0,0,0,0,0,0,0,0,0,0,0,0,0,0,0,0,0,0,0,0,0,0,0,0
C5120ST,32,597,District-Kottayam,Total,Total,652,363,289,65,33,32,98,42,56,86,48,38,146,91,55,51,38,13,55,28,27,68,37,31,83,46,37
C5120ST,32,597,District-Kottayam,Total,0-4,9,5,4,1,0,1,1,0,1,2,2,0,2,1,1,0,0,0,0,0,0,3,2,1,0,0,0
C5120ST,32,597,District-Kottayam,Total,5-9,28,18,10,3,2,1,2,2,0,14,9,5,3,3,0,1,0,1,0,0,0,2,1,1,3,1,2
C5120ST,32,597,District-Kottayam,Total,10-19,76,52,24,6,4,2,8,5,3,17,10,7,8,5,3,18,14,4,1,1,0,8,7,1,10,6,4
C5120ST,32,597,District-Kottayam,Total,20-29,81,49,32,5,3,2,9,5,4,6,5,1,12,8,4,16,12,4,5,2,3,14,8,6,14,6,8
C5120ST,32,597,District-Kottayam,Total,30-39,88,47,41,3,1,2,12,3,9,22,8,14,22,17,5,4,4,0,10,5,5,5,2,3,10,7,3
C5120ST,32,597,District-Kottayam,Total,40-49,113,57,56,9,4,5,16,6,10,15,11,4,26,12,14,9,5,4,18,9,9,14,7,7,6,3,3
C5120ST,32,597,District-Kottayam,Total,50-59,100,54,46,17,9,8,16,7,9,2,0,2,26,17,9,2,2,0,12,7,5,10,3,7,15,9,6
C5120ST,32,597,District-Kottayam,Total,60-69,64,34,30,10,5,5,10,4,6,5,2,3,20,14,6,1,1,0,6,3,3,4,2,2,8,3,5
C5120ST,32,597,District-Kottayam,Total,70-79,51,23,28,10,4,6,14,4,10,1,1,0,14,8,6,0,0,0,2,1,1,5,3,2,5,2,3
C5120ST,32,597,District-Kottayam,Total,80-89,30,17,13,1,1,0,5,2,3,2,0,2,10,5,5,0,0,0,0,0,0,2,1,1,10,8,2
C5120ST,32,597,District-Kottayam,Total,90+,11,6,5,0,0,0,5,4,1,0,0,0,3,1,2,0,0,0,1,0,1,0,0,0,2,1,1
C5120ST,32,597,District-Kottayam,Total,Age Not Stated,1,1,0,0,0,0,0,0,0,0,0,0,0,0,0,0,0,0,0,0,0,1,1,0,0,0,0
C5120ST,32,597,District-Kottayam,Rural,Total,568,313,255,62,31,31,86,34,52,67,39,28,121,76,45,46,35,11,53,27,26,59,30,29,74,41,33
C5120ST,32,597,District-Kottayam,Rural,0-4,8,4,4,1,0,1,1,0,1,1,1,0,2,1,1,0,0,0,0,0,0,3,2,1,0,0,0
C5120ST,32,597,District-Kottayam,Rural,5-9,21,14,7,3,2,1,0,0,0,9,7,2,3,3,0,1,0,1,0,0,0,2,1,1,3,1,2
C5120ST,32,597,District-Kottayam,Rural,10-19,61,43,18,6,4,2,5,3,2,15,9,6,6,4,2,15,13,2,1,1,0,6,6,0,7,3,4
C5120ST,32,597,District-Kottayam,Rural,20-29,72,44,28,4,3,1,8,5,3,5,5,0,9,5,4,14,10,4,5,2,3,14,8,6,13,6,7
C5120ST,32,597,District-Kottayam,Rural,30-39,73,41,32,3,1,2,11,3,8,15,6,9,17,14,3,4,4,0,9,5,4,4,1,3,10,7,3
C5120ST,32,597,District-Kottayam,Rural,40-49,97,47,50,9,4,5,15,5,10,12,8,4,20,11,9,9,5,4,17,8,9,9,3,6,6,3,3
C5120ST,32,597,District-Kottayam,Rural,50-59,92,48,44,17,9,8,16,7,9,2,0,2,21,13,8,2,2,0,12,7,5,10,3,7,12,7,5
C5120ST,32,597,District-Kottayam,Rural,60-69,58,29,29,9,4,5,9,3,6,5,2,3,17,11,6,1,1,0,6,3,3,4,2,2,7,3,4
C5120ST,32,597,District-Kottayam,Rural,70-79,49,22,27,9,3,6,14,4,10,1,1,0,14,8,6,0,0,0,2,1,1,5,3,2,4,2,2
C5120ST,32,597,District-Kottayam,Rural,80-89,28,16,12,1,1,0,3,1,2,2,0,2,10,5,5,0,0,0,0,0,0,2,1,1,10,8,2
C5120ST,32,597,District-Kottayam,Rural,90+,9,5,4,0,0,0,4,3,1,0,0,0,2,1,1,0,0,0,1,0,1,0,0,0,2,1,1
C5120ST,32,597,District-Kottayam,Rural,Age Not Stated,0,0,0,0,0,0,0,0,0,0,0,0,0,0,0,0,0,0,0,0,0,0,0,0,0,0,0
C5120ST,32,597,District-Kottayam,Urban,Total,84,50,34,3,2,1,12,8,4,19,9,10,25,15,10,5,3,2,2,1,1,9,7,2,9,5,4
C5120ST,32,597,District-Kottayam,Urban,0-4,1,1,0,0,0,0,0,0,0,1,1,0,0,0,0,0,0,0,0,0,0,0,0,0,0,0,0
C5120ST,32,597,District-Kottayam,Urban,5-9,7,4,3,0,0,0,2,2,0,5,2,3,0,0,0,0,0,0,0,0,0,0,0,0,0,0,0
C5120ST,32,597,District-Kottayam,Urban,10-19,15,9,6,0,0,0,3,2,1,2,1,1,2,1,1,3,1,2,0,0,0,2,1,1,3,3,0
C5120ST,32,597,District-Kottayam,Urban,20-29,9,5,4,1,0,1,1,0,1,1,0,1,3,3,0,2,2,0,0,0,0,0,0,0,1,0,1
C5120ST,32,597,District-Kottayam,Urban,30-39,15,6,9,0,0,0,1,0,1,7,2,5,5,3,2,0,0,0,1,0,1,1,1,0,0,0,0
C5120ST,32,597,District-Kottayam,Urban,40-49,16,10,6,0,0,0,1,1,0,3,3,0,6,1,5,0,0,0,1,1,0,5,4,1,0,0,0
C5120ST,32,597,District-Kottayam,Urban,50-59,8,6,2,0,0,0,0,0,0,0,0,0,5,4,1,0,0,0,0,0,0,0,0,0,3,2,1
C5120ST,32,597,District-Kottayam,Urban,60-69,6,5,1,1,1,0,1,1,0,0,0,0,3,3,0,0,0,0,0,0,0,0,0,0,1,0,1
C5120ST,32,597,District-Kottayam,Urban,70-79,2,1,1,1,1,0,0,0,0,0,0,0,0,0,0,0,0,0,0,0,0,0,0,0,1,0,1
C5120ST,32,597,District-Kottayam,Urban,80-89,2,1,1,0,0,0,2,1,1,0,0,0,0,0,0,0,0,0,0,0,0,0,0,0,0,0,0
C5120ST,32,597,District-Kottayam,Urban,90+,2,1,1,0,0,0,1,1,0,0,0,0,1,0,1,0,0,0,0,0,0,0,0,0,0,0,0
C5120ST,32,597,District-Kottayam,Urban,Age Not Stated,1,1,0,0,0,0,0,0,0,0,0,0,0,0,0,0,0,0,0,0,0,1,1,0,0,0,0
C5120ST,32,598,District-Alappuzha,Total,Total,294,146,148,39,19,20,39,18,21,48,24,24,58,24,34,10,6,4,18,8,10,46,28,18,36,19,17
C5120ST,32,598,District-Alappuzha,Total,0-4,12,9,3,2,1,1,1,0,1,1,1,0,0,0,0,0,0,0,1,1,0,7,6,1,0,0,0
C5120ST,32,598,District-Alappuzha,Total,5-9,15,10,5,1,1,0,3,2,1,5,2,3,1,0,1,0,0,0,0,0,0,2,2,0,3,3,0
C5120ST,32,598,District-Alappuzha,Total,10-19,28,18,10,7,5,2,3,2,1,7,5,2,0,0,0,3,1,2,0,0,0,4,3,1,4,2,2
C5120ST,32,598,District-Alappuzha,Total,20-29,41,15,26,5,3,2,9,4,5,9,3,6,10,0,10,1,0,1,0,0,0,3,2,1,4,3,1
C5120ST,32,598,District-Alappuzha,Total,30-39,34,17,17,2,2,0,3,1,2,6,2,4,7,1,6,3,2,1,3,2,1,5,3,2,5,4,1
C5120ST,32,598,District-Alappuzha,Total,40-49,40,20,20,4,2,2,8,3,5,9,3,6,5,3,2,2,2,0,3,3,0,5,1,4,4,3,1
C5120ST,32,598,District-Alappuzha,Total,50-59,49,27,22,5,2,3,7,6,1,6,3,3,16,11,5,0,0,0,4,1,3,7,3,4,4,1,3
C5120ST,32,598,District-Alappuzha,Total,60-69,27,11,16,5,2,3,2,0,2,3,3,0,8,4,4,0,0,0,3,0,3,5,2,3,1,0,1
C5120ST,32,598,District-Alappuzha,Total,70-79,29,13,16,6,1,5,1,0,1,2,2,0,5,3,2,0,0,0,3,1,2,5,4,1,7,2,5
C5120ST,32,598,District-Alappuzha,Total,80-89,13,6,7,2,0,2,1,0,1,0,0,0,5,2,3,1,1,0,1,0,1,2,2,0,1,1,0
C5120ST,32,598,District-Alappuzha,Total,90+,5,0,5,0,0,0,1,0,1,0,0,0,1,0,1,0,0,0,0,0,0,0,0,0,3,0,3
C5120ST,32,598,District-Alappuzha,Total,Age Not Stated,1,0,1,0,0,0,0,0,0,0,0,0,0,0,0,0,0,0,0,0,0,1,0,1,0,0,0
C5120ST,32,598,District-Alappuzha,Rural,Total,124,65,59,18,9,9,14,6,8,22,12,10,24,11,13,5,4,1,7,3,4,24,14,10,10,6,4
C5120ST,32,598,District-Alappuzha,Rural,0-4,7,5,2,1,0,1,0,0,0,0,0,0,0,0,0,0,0,0,0,0,0,6,5,1,0,0,0
C5120ST,32,598,District-Alappuzha,Rural,5-9,5,3,2,1,1,0,2,1,1,2,1,1,0,0,0,0,0,0,0,0,0,0,0,0,0,0,0
C5120ST,32,598,District-Alappuzha,Rural,10-19,11,8,3,4,3,1,1,1,0,3,3,0,0,0,0,1,1,0,0,0,0,1,0,1,1,0,1
C5120ST,32,598,District-Alappuzha,Rural,20-29,21,10,11,4,3,1,3,2,1,4,1,3,4,0,4,1,0,1,0,0,0,3,2,1,2,2,0
C5120ST,32,598,District-Alappuzha,Rural,30-39,15,8,7,0,0,0,2,0,2,2,1,1,3,1,2,1,1,0,0,0,0,3,2,1,4,3,1
C5120ST,32,598,District-Alappuzha,Rural,40-49,14,8,6,0,0,0,2,1,1,3,1,2,4,3,1,1,1,0,2,2,0,2,0,2,0,0,0
C5120ST,32,598,District-Alappuzha,Rural,50-59,16,8,8,2,0,2,1,1,0,5,2,3,5,4,1,0,0,0,1,0,1,2,1,1,0,0,0
C5120ST,32,598,District-Alappuzha,Rural,60-69,10,4,6,2,1,1,1,0,1,1,1,0,3,1,2,0,0,0,1,0,1,2,1,1,0,0,0
C5120ST,32,598,District-Alappuzha,Rural,70-79,15,8,7,3,1,2,1,0,1,2,2,0,1,0,1,0,0,0,3,1,2,4,3,1,1,1,0
C5120ST,32,598,District-Alappuzha,Rural,80-89,5,3,2,1,0,1,0,0,0,0,0,0,3,2,1,1,1,0,0,0,0,0,0,0,0,0,0
C5120ST,32,598,District-Alappuzha,Rural,90+,4,0,4,0,0,0,1,0,1,0,0,0,1,0,1,0,0,0,0,0,0,0,0,0,2,0,2
C5120ST,32,598,District-Alappuzha,Rural,Age Not Stated,1,0,1,0,0,0,0,0,0,0,0,0,0,0,0,0,0,0,0,0,0,1,0,1,0,0,0
C5120ST,32,598,District-Alappuzha,Urban,Total,170,81,89,21,10,11,25,12,13,26,12,14,34,13,21,5,2,3,11,5,6,22,14,8,26,13,13
C5120ST,32,598,District-Alappuzha,Urban,0-4,5,4,1,1,1,0,1,0,1,1,1,0,0,0,0,0,0,0,1,1,0,1,1,0,0,0,0
C5120ST,32,598,District-Alappuzha,Urban,5-9,10,7,3,0,0,0,1,1,0,3,1,2,1,0,1,0,0,0,0,0,0,2,2,0,3,3,0
C5120ST,32,598,District-Alappuzha,Urban,10-19,17,10,7,3,2,1,2,1,1,4,2,2,0,0,0,2,0,2,0,0,0,3,3,0,3,2,1
C5120ST,32,598,District-Alappuzha,Urban,20-29,20,5,15,1,0,1,6,2,4,5,2,3,6,0,6,0,0,0,0,0,0,0,0,0,2,1,1
C5120ST,32,598,District-Alappuzha,Urban,30-39,19,9,10,2,2,0,1,1,0,4,1,3,4,0,4,2,1,1,3,2,1,2,1,1,1,1,0
C5120ST,32,598,District-Alappuzha,Urban,40-49,26,12,14,4,2,2,6,2,4,6,2,4,1,0,1,1,1,0,1,1,0,3,1,2,4,3,1
C5120ST,32,598,District-Alappuzha,Urban,50-59,33,19,14,3,2,1,6,5,1,1,1,0,11,7,4,0,0,0,3,1,2,5,2,3,4,1,3
C5120ST,32,598,District-Alappuzha,Urban,60-69,17,7,10,3,1,2,1,0,1,2,2,0,5,3,2,0,0,0,2,0,2,3,1,2,1,0,1
C5120ST,32,598,District-Alappuzha,Urban,70-79,14,5,9,3,0,3,0,0,0,0,0,0,4,3,1,0,0,0,0,0,0,1,1,0,6,1,5
C5120ST,32,598,District-Alappuzha,Urban,80-89,8,3,5,1,0,1,1,0,1,0,0,0,2,0,2,0,0,0,1,0,1,2,2,0,1,1,0
C5120ST,32,598,District-Alappuzha,Urban,90+,1,0,1,0,0,0,0,0,0,0,0,0,0,0,0,0,0,0,0,0,0,0,0,0,1,0,1
C5120ST,32,598,District-Alappuzha,Urban,Age Not Stated,0,0,0,0,0,0,0,0,0,0,0,0,0,0,0,0,0,0,0,0,0,0,0,0,0,0,0
C5120ST,32,599,District-Pathanamthitta,Total,Total,274,156,118,27,13,14,35,16,19,39,19,20,63,46,17,19,7,12,22,14,8,50,31,19,19,10,9
C5120ST,32,599,District-Pathanamthitta,Total,0-4,3,2,1,1,0,1,0,0,0,1,1,0,1,1,0,0,0,0,0,0,0,0,0,0,0,0,0
C5120ST,32,599,District-Pathanamthitta,Total,5-9,12,9,3,0,0,0,2,0,2,2,2,0,0,0,0,2,2,0,1,1,0,4,3,1,1,1,0
C5120ST,32,599,District-Pathanamthitta,Total,10-19,29,19,10,0,0,0,6,3,3,8,6,2,3,3,0,4,3,1,0,0,0,5,2,3,3,2,1
C5120ST,32,599,District-Pathanamthitta,Total,20-29,32,16,16,3,2,1,5,4,1,3,0,3,6,4,2,9,1,8,2,2,0,4,3,1,0,0,0
C5120ST,32,599,District-Pathanamthitta,Total,30-39,44,21,23,1,1,0,5,0,5,8,3,5,8,6,2,2,1,1,5,3,2,10,5,5,5,2,3
C5120ST,32,599,District-Pathanamthitta,Total,40-49,41,23,18,6,3,3,2,1,1,4,1,3,8,6,2,2,0,2,8,4,4,8,6,2,3,2,1
C5120ST,32,599,District-Pathanamthitta,Total,50-59,38,24,14,1,0,1,5,5,0,6,3,3,14,8,6,0,0,0,3,3,0,7,5,2,2,0,2
C5120ST,32,599,District-Pathanamthitta,Total,60-69,32,17,15,5,1,4,2,0,2,2,0,2,16,13,3,0,0,0,1,0,1,5,2,3,1,1,0
C5120ST,32,599,District-Pathanamthitta,Total,70-79,19,10,9,3,1,2,3,1,2,2,1,1,2,2,0,0,0,0,1,0,1,6,5,1,2,0,2
C5120ST,32,599,District-Pathanamthitta,Total,80-89,19,12,7,5,4,1,3,1,2,3,2,1,4,2,2,0,0,0,1,1,0,1,0,1,2,2,0
C5120ST,32,599,District-Pathanamthitta,Total,90+,4,2,2,1,0,1,2,1,1,0,0,0,1,1,0,0,0,0,0,0,0,0,0,0,0,0,0
C5120ST,32,599,District-Pathanamthitta,Total,Age Not Stated,1,1,0,1,1,0,0,0,0,0,0,0,0,0,0,0,0,0,0,0,0,0,0,0,0,0,0
C5120ST,32,599,District-Pathanamthitta,Rural,Total,263,149,114,26,12,14,34,15,19,35,18,17,61,45,16,19,7,12,20,12,8,49,30,19,19,10,9
C5120ST,32,599,District-Pathanamthitta,Rural,0-4,3,2,1,1,0,1,0,0,0,1,1,0,1,1,0,0,0,0,0,0,0,0,0,0,0,0,0
C5120ST,32,599,District-Pathanamthitta,Rural,5-9,12,9,3,0,0,0,2,0,2,2,2,0,0,0,0,2,2,0,1,1,0,4,3,1,1,1,0
C5120ST,32,599,District-Pathanamthitta,Rural,10-19,28,18,10,0,0,0,6,3,3,7,5,2,3,3,0,4,3,1,0,0,0,5,2,3,3,2,1
C5120ST,32,599,District-Pathanamthitta,Rural,20-29,31,16,15,3,2,1,5,4,1,2,0,2,6,4,2,9,1,8,2,2,0,4,3,1,0,0,0
C5120ST,32,599,District-Pathanamthitta,Rural,30-39,43,21,22,1,1,0,5,0,5,7,3,4,8,6,2,2,1,1,5,3,2,10,5,5,5,2,3
C5120ST,32,599,District-Pathanamthitta,Rural,40-49,37,20,17,6,3,3,2,1,1,3,1,2,7,5,2,2,0,2,7,3,4,7,5,2,3,2,1
C5120ST,32,599,District-Pathanamthitta,Rural,50-59,36,22,14,1,0,1,4,4,0,6,3,3,14,8,6,0,0,0,2,2,0,7,5,2,2,0,2
C5120ST,32,599,District-Pathanamthitta,Rural,60-69,31,16,15,4,0,4,2,0,2,2,0,2,16,13,3,0,0,0,1,0,1,5,2,3,1,1,0
C5120ST,32,599,District-Pathanamthitta,Rural,70-79,19,10,9,3,1,2,3,1,2,2,1,1,2,2,0,0,0,0,1,0,1,6,5,1,2,0,2
C5120ST,32,599,District-Pathanamthitta,Rural,80-89,18,12,6,5,4,1,3,1,2,3,2,1,3,2,1,0,0,0,1,1,0,1,0,1,2,2,0
C5120ST,32,599,District-Pathanamthitta,Rural,90+,4,2,2,1,0,1,2,1,1,0,0,0,1,1,0,0,0,0,0,0,0,0,0,0,0,0,0
C5120ST,32,599,District-Pathanamthitta,Rural,Age Not Stated,1,1,0,1,1,0,0,0,0,0,0,0,0,0,0,0,0,0,0,0,0,0,0,0,0,0,0
C5120ST,32,599,District-Pathanamthitta,Urban,Total,11,7,4,1,1,0,1,1,0,4,1,3,2,1,1,0,0,0,2,2,0,1,1,0,0,0,0
C5120ST,32,599,District-Pathanamthitta,Urban,0-4,0,0,0,0,0,0,0,0,0,0,0,0,0,0,0,0,0,0,0,0,0,0,0,0,0,0,0
C5120ST,32,599,District-Pathanamthitta,Urban,5-9,0,0,0,0,0,0,0,0,0,0,0,0,0,0,0,0,0,0,0,0,0,0,0,0,0,0,0
C5120ST,32,599,District-Pathanamthitta,Urban,10-19,1,1,0,0,0,0,0,0,0,1,1,0,0,0,0,0,0,0,0,0,0,0,0,0,0,0,0
C5120ST,32,599,District-Pathanamthitta,Urban,20-29,1,0,1,0,0,0,0,0,0,1,0,1,0,0,0,0,0,0,0,0,0,0,0,0,0,0,0
C5120ST,32,599,District-Pathanamthitta,Urban,30-39,1,0,1,0,0,0,0,0,0,1,0,1,0,0,0,0,0,0,0,0,0,0,0,0,0,0,0
C5120ST,32,599,District-Pathanamthitta,Urban,40-49,4,3,1,0,0,0,0,0,0,1,0,1,1,1,0,0,0,0,1,1,0,1,1,0,0,0,0
C5120ST,32,599,District-Pathanamthitta,Urban,50-59,2,2,0,0,0,0,1,1,0,0,0,0,0,0,0,0,0,0,1,1,0,0,0,0,0,0,0
C5120ST,32,599,District-Pathanamthitta,Urban,60-69,1,1,0,1,1,0,0,0,0,0,0,0,0,0,0,0,0,0,0,0,0,0,0,0,0,0,0
C5120ST,32,599,District-Pathanamthitta,Urban,70-79,0,0,0,0,0,0,0,0,0,0,0,0,0,0,0,0,0,0,0,0,0,0,0,0,0,0,0
C5120ST,32,599,District-Pathanamthitta,Urban,80-89,1,0,1,0,0,0,0,0,0,0,0,0,1,0,1,0,0,0,0,0,0,0,0,0,0,0,0
C5120ST,32,599,District-Pathanamthitta,Urban,90+,0,0,0,0,0,0,0,0,0,0,0,0,0,0,0,0,0,0,0,0,0,0,0,0,0,0,0
C5120ST,32,599,District-Pathanamthitta,Urban,Age Not Stated,0,0,0,0,0,0,0,0,0,0,0,0,0,0,0,0,0,0,0,0,0,0,0,0,0,0,0
C5120ST,32,600,District-Kollam,Total,Total,387,207,180,40,17,23,45,21,24,119,49,70,61,43,18,9,6,3,21,13,8,47,28,19,45,30,15
C5120ST,32,600,District-Kollam,Total,0-4,16,12,4,2,1,1,3,2,1,1,1,0,2,2,0,0,0,0,0,0,0,8,6,2,0,0,0
C5120ST,32,600,District-Kollam,Total,5-9,24,13,11,1,0,1,4,3,1,14,8,6,1,0,1,0,0,0,0,0,0,0,0,0,4,2,2
C5120ST,32,600,District-Kollam,Total,10-19,39,14,25,3,1,2,2,1,1,17,4,13,3,2,1,1,0,1,0,0,0,4,1,3,9,5,4
C5120ST,32,600,District-Kollam,Total,20-29,49,27,22,4,1,3,6,1,5,20,9,11,5,4,1,3,3,0,3,3,0,5,4,1,3,2,1
C5120ST,32,600,District-Kollam,Total,30-39,57,28,29,5,2,3,6,1,5,20,8,12,10,6,4,2,0,2,5,5,0,6,3,3,3,3,0
C5120ST,32,600,District-Kollam,Total,40-49,61,33,28,4,2,2,6,2,4,14,5,9,10,8,2,2,2,0,8,2,6,10,6,4,7,6,1
C5120ST,32,600,District-Kollam,Total,50-59,54,39,15,8,5,3,6,5,1,16,8,8,11,9,2,1,1,0,2,2,0,5,5,0,5,4,1
C5120ST,32,600,District-Kollam,Total,60-69,49,26,23,7,2,5,7,4,3,12,6,6,10,8,2,0,0,0,2,0,2,5,2,3,6,4,2
C5120ST,32,600,District-Kollam,Total,70-79,23,9,14,3,1,2,3,2,1,3,0,3,5,3,2,0,0,0,0,0,0,3,0,3,6,3,3
C5120ST,32,600,District-Kollam,Total,80-89,11,5,6,2,1,1,1,0,1,2,0,2,3,1,2,0,0,0,1,1,0,1,1,0,1,1,0
C5120ST,32,600,District-Kollam,Total,90+,4,1,3,1,1,0,1,0,1,0,0,0,1,0,1,0,0,0,0,0,0,0,0,0,1,0,1
C5120ST,32,600,District-Kollam,Total,Age Not Stated,0,0,0,0,0,0,0,0,0,0,0,0,0,0,0,0,0,0,0,0,0,0,0,0,0,0,0
C5120ST,32,600,District-Kollam,Rural,Total,270,153,117,36,15,21,29,13,16,67,31,36,44,33,11,5,4,1,15,10,5,39,23,16,35,24,11
C5120ST,32,600,District-Kollam,Rural,0-4,11,9,2,2,1,1,2,1,1,1,1,0,1,1,0,0,0,0,0,0,0,5,5,0,0,0,0
C5120ST,32,600,District-Kollam,Rural,5-9,20,12,8,1,0,1,4,3,1,10,7,3,1,0,1,0,0,0,0,0,0,0,0,0,4,2,2
C5120ST,32,600,District-Kollam,Rural,10-19,26,12,14,3,1,2,0,0,0,9,3,6,3,2,1,0,0,0,0,0,0,4,1,3,7,5,2
C5120ST,32,600,District-Kollam,Rural,20-29,32,18,14,4,1,3,2,0,2,10,4,6,4,3,1,1,1,0,3,3,0,5,4,1,3,2,1
C5120ST,32,600,District-Kollam,Rural,30-39,37,18,19,4,1,3,4,0,4,11,5,6,8,6,2,1,0,1,2,2,0,5,2,3,2,2,0
C5120ST,32,600,District-Kollam,Rural,40-49,44,26,18,4,2,2,5,2,3,7,2,5,8,7,1,2,2,0,5,2,3,9,6,3,4,3,1
C5120ST,32,600,District-Kollam,Rural,50-59,36,27,9,7,4,3,3,3,0,9,5,4,6,4,2,1,1,0,2,2,0,4,4,0,4,4,0
C5120ST,32,600,District-Kollam,Rural,60-69,36,18,18,6,2,4,5,3,2,8,4,4,8,6,2,0,0,0,2,0,2,4,1,3,3,2,1
C5120ST,32,600,District-Kollam,Rural,70-79,18,8,10,3,1,2,2,1,1,1,0,1,3,3,0,0,0,0,0,0,0,3,0,3,6,3,3
C5120ST,32,600,District-Kollam,Rural,80-89,7,4,3,1,1,0,1,0,1,1,0,1,2,1,1,0,0,0,1,1,0,0,0,0,1,1,0
C5120ST,32,600,District-Kollam,Rural,90+,3,1,2,1,1,0,1,0,1,0,0,0,0,0,0,0,0,0,0,0,0,0,0,0,1,0,1
C5120ST,32,600,District-Kollam,Rural,Age Not Stated,0,0,0,0,0,0,0,0,0,0,0,0,0,0,0,0,0,0,0,0,0,0,0,0,0,0,0
C5120ST,32,600,District-Kollam,Urban,Total,117,54,63,4,2,2,16,8,8,52,18,34,17,10,7,4,2,2,6,3,3,8,5,3,10,6,4
C5120ST,32,600,District-Kollam,Urban,0-4,5,3,2,0,0,0,1,1,0,0,0,0,1,1,0,0,0,0,0,0,0,3,1,2,0,0,0
C5120ST,32,600,District-Kollam,Urban,5-9,4,1,3,0,0,0,0,0,0,4,1,3,0,0,0,0,0,0,0,0,0,0,0,0,0,0,0
C5120ST,32,600,District-Kollam,Urban,10-19,13,2,11,0,0,0,2,1,1,8,1,7,0,0,0,1,0,1,0,0,0,0,0,0,2,0,2
C5120ST,32,600,District-Kollam,Urban,20-29,17,9,8,0,0,0,4,1,3,10,5,5,1,1,0,2,2,0,0,0,0,0,0,0,0,0,0
C5120ST,32,600,District-Kollam,Urban,30-39,20,10,10,1,1,0,2,1,1,9,3,6,2,0,2,1,0,1,3,3,0,1,1,0,1,1,0
C5120ST,32,600,District-Kollam,Urban,40-49,17,7,10,0,0,0,1,0,1,7,3,4,2,1,1,0,0,0,3,0,3,1,0,1,3,3,0
C5120ST,32,600,District-Kollam,Urban,50-59,18,12,6,1,1,0,3,2,1,7,3,4,5,5,0,0,0,0,0,0,0,1,1,0,1,0,1
C5120ST,32,600,District-Kollam,Urban,60-69,13,8,5,1,0,1,2,1,1,4,2,2,2,2,0,0,0,0,0,0,0,1,1,0,3,2,1
C5120ST,32,600,District-Kollam,Urban,70-79,5,1,4,0,0,0,1,1,0,2,0,2,2,0,2,0,0,0,0,0,0,0,0,0,0,0,0
C5120ST,32,600,District-Kollam,Urban,80-89,4,1,3,1,0,1,0,0,0,1,0,1,1,0,1,0,0,0,0,0,0,1,1,0,0,0,0
C5120ST,32,600,District-Kollam,Urban,90+,1,0,1,0,0,0,0,0,0,0,0,0,1,0,1,0,0,0,0,0,0,0,0,0,0,0,0
C5120ST,32,600,District-Kollam,Urban,Age Not Stated,0,0,0,0,0,0,0,0,0,0,0,0,0,0,0,0,0,0,0,0,0,0,0,0,0,0,0
C5120ST,32,601,District-Thiruvananthapuram,Total,Total,870,454,416,77,32,45,125,66,59,158,80,78,188,120,68,51,28,23,41,21,20,141,64,77,89,43,46
C5120ST,32,601,District-Thiruvananthapuram,Total,0-4,25,17,8,0,0,0,9,7,2,3,2,1,5,3,2,1,1,0,0,0,0,6,4,2,1,0,1
C5120ST,32,601,District-Thiruvananthapuram,Total,5-9,27,15,12,3,0,3,7,5,2,7,4,3,2,1,1,1,1,0,0,0,0,4,3,1,3,1,2
C5120ST,32,601,District-Thiruvananthapuram,Total,10-19,86,48,38,3,2,1,17,11,6,22,13,9,13,7,6,6,4,2,1,1,0,14,5,9,10,5,5
C5120ST,32,601,District-Thiruvananthapuram,Total,20-29,120,60,60,6,3,3,20,7,13,33,13,20,21,14,7,18,10,8,5,4,1,11,4,7,6,5,1
C5120ST,32,601,District-Thiruvananthapuram,Total,30-39,115,64,51,7,4,3,9,5,4,23,11,12,34,22,12,11,6,5,7,5,2,16,8,8,8,3,5
C5120ST,32,601,District-Thiruvananthapuram,Total,40-49,135,58,77,9,5,4,17,2,15,26,13,13,28,17,11,4,2,2,14,6,8,28,10,18,9,3,6
C5120ST,32,601,District-Thiruvananthapuram,Total,50-59,130,77,53,10,6,4,16,11,5,14,8,6,44,30,14,7,3,4,6,3,3,25,12,13,8,4,4
C5120ST,32,601,District-Thiruvananthapuram,Total,60-69,113,58,55,18,4,14,14,11,3,20,11,9,21,16,5,3,1,2,3,1,2,22,9,13,12,5,7
C5120ST,32,601,District-Thiruvananthapuram,Total,70-79,71,34,37,14,5,9,6,2,4,8,5,3,12,7,5,0,0,0,4,1,3,10,7,3,17,7,10
C5120ST,32,601,District-Thiruvananthapuram,Total,80-89,39,17,22,5,2,3,10,5,5,1,0,1,5,1,4,0,0,0,1,0,1,4,1,3,13,8,5
C5120ST,32,601,District-Thiruvananthapuram,Total,90+,7,5,2,2,1,1,0,0,0,0,0,0,2,1,1,0,0,0,0,0,0,1,1,0,2,2,0
C5120ST,32,601,District-Thiruvananthapuram,Total,Age Not Stated,2,1,1,0,0,0,0,0,0,1,0,1,1,1,0,0,0,0,0,0,0,0,0,0,0,0,0
C5120ST,32,601,District-Thiruvananthapuram,Rural,Total,573,303,270,65,26,39,69,37,32,46,27,19,145,93,52,33,18,15,33,15,18,105,48,57,77,39,38
C5120ST,32,601,District-Thiruvananthapuram,Rural,0-4,14,9,5,0,0,0,6,4,2,0,0,0,5,3,2,1,1,0,0,0,0,1,1,0,1,0,1
C5120ST,32,601,District-Thiruvananthapuram,Rural,5-9,15,9,6,1,0,1,5,3,2,4,2,2,1,1,0,0,0,0,0,0,0,2,2,0,2,1,1
C5120ST,32,601,District-Thiruvananthapuram,Rural,10-19,45,28,17,2,2,0,8,7,1,5,2,3,12,7,5,2,1,1,1,1,0,10,5,5,5,3,2
C5120ST,32,601,District-Thiruvananthapuram,Rural,20-29,74,41,33,5,3,2,11,3,8,6,4,2,19,12,7,16,9,7,3,2,1,8,3,5,6,5,1
C5120ST,32,601,District-Thiruvananthapuram,Rural,30-39,69,40,29,7,4,3,5,3,2,6,3,3,24,16,8,4,3,1,4,2,2,13,6,7,6,3,3
C5120ST,32,601,District-Thiruvananthapuram,Rural,40-49,90,40,50,7,3,4,8,2,6,7,4,3,21,13,8,1,1,0,14,6,8,23,8,15,9,3,6
C5120ST,32,601,District-Thiruvananthapuram,Rural,50-59,97,54,43,8,4,4,6,3,3,6,3,3,35,24,11,7,3,4,6,3,3,21,10,11,8,4,4
C5120ST,32,601,District-Thiruvananthapuram,Rural,60-69,79,40,39,15,2,13,7,6,1,8,7,1,16,13,3,2,0,2,3,1,2,16,6,10,12,5,7
C5120ST,32,601,District-Thiruvananthapuram,Rural,70-79,51,24,27,13,5,8,4,2,2,3,2,1,7,3,4,0,0,0,1,0,1,7,5,2,16,7,9
C5120ST,32,601,District-Thiruvananthapuram,Rural,80-89,32,14,18,5,2,3,9,4,5,0,0,0,3,0,3,0,0,0,1,0,1,3,1,2,11,7,4
C5120ST,32,601,District-Thiruvananthapuram,Rural,90+,5,3,2,2,1,1,0,0,0,0,0,0,1,0,1,0,0,0,0,0,0,1,1,0,1,1,0
C5120ST,32,601,District-Thiruvananthapuram,Rural,Age Not Stated,2,1,1,0,0,0,0,0,0,1,0,1,1,1,0,0,0,0,0,0,0,0,0,0,0,0,0
C5120ST,32,601,District-Thiruvananthapuram,Urban,Total,297,151,146,12,6,6,56,29,27,112,53,59,43,27,16,18,10,8,8,6,2,36,16,20,12,4,8
C5120ST,32,601,District-Thiruvananthapuram,Urban,0-4,11,8,3,0,0,0,3,3,0,3,2,1,0,0,0,0,0,0,0,0,0,5,3,2,0,0,0
C5120ST,32,601,District-Thiruvananthapuram,Urban,5-9,12,6,6,2,0,2,2,2,0,3,2,1,1,0,1,1,1,0,0,0,0,2,1,1,1,0,1
C5120ST,32,601,District-Thiruvananthapuram,Urban,10-19,41,20,21,1,0,1,9,4,5,17,11,6,1,0,1,4,3,1,0,0,0,4,0,4,5,2,3
C5120ST,32,601,District-Thiruvananthapuram,Urban,20-29,46,19,27,1,0,1,9,4,5,27,9,18,2,2,0,2,1,1,2,2,0,3,1,2,0,0,0
C5120ST,32,601,District-Thiruvananthapuram,Urban,30-39,46,24,22,0,0,0,4,2,2,17,8,9,10,6,4,7,3,4,3,3,0,3,2,1,2,0,2
C5120ST,32,601,District-Thiruvananthapuram,Urban,40-49,45,18,27,2,2,0,9,0,9,19,9,10,7,4,3,3,1,2,0,0,0,5,2,3,0,0,0
C5120ST,32,601,District-Thiruvananthapuram,Urban,50-59,33,23,10,2,2,0,10,8,2,8,5,3,9,6,3,0,0,0,0,0,0,4,2,2,0,0,0
C5120ST,32,601,District-Thiruvananthapuram,Urban,60-69,34,18,16,3,2,1,7,5,2,12,4,8,5,3,2,1,1,0,0,0,0,6,3,3,0,0,0
C5120ST,32,601,District-Thiruvananthapuram,Urban,70-79,20,10,10,1,0,1,2,0,2,5,3,2,5,4,1,0,0,0,3,1,2,3,2,1,1,0,1
C5120ST,32,601,District-Thiruvananthapuram,Urban,80-89,7,3,4,0,0,0,1,1,0,1,0,1,2,1,1,0,0,0,0,0,0,1,0,1,2,1,1
C5120ST,32,601,District-Thiruvananthapuram,Urban,90+,2,2,0,0,0,0,0,0,0,0,0,0,1,1,0,0,0,0,0,0,0,0,0,0,1,1,0
C5120ST,32,601,District-Thiruvananthapuram,Urban,Age Not Stated,0,0,0,0,0,0,0,0,0,0,0,0,0,0,0,0,0,0,0,0,0,0,0,0,0,0,0
